================================================================================
=== value network
train_time
8.6230253
2.6422898000000004
5.145178199999997
2.8513778999999957
8.38290280000001
4.506980499999997
4.856804799999992
6.979320799999996
7.1185509000000025
4.446362899999997
6.936612799999978
7.0445205999999985
5.212167100000016
3.5653666999999984
2.1314344000000176
7.266982100000007
7.038117100000022
6.826379900000006
7.278130599999997
5.943139999999971
2.353788799999961
4.679737099999954
1.783201799999972
6.908172199999967
1.79527139999999
2.390902600000004
6.549733899999978
5.0405210000000125
2.7569809000000305
2.1939482000000226
5.634063500000025
7.044571500000018
7.225729600000022
7.487112199999956
5.078316800000039
6.9992661999999655
2.248988499999996
4.194977799999947
2.2524958999999853
3.424796199999946
2.0940272999999934
5.435893899999996
3.4039697000000615
7.009365500000058
2.462309100000084
7.34366579999994
7.127517099999977
8.323824700000046
5.413341399999922
6.9840683999999555
2.532290900000021
2.9046718999999257
1.8757140000000163
3.1787315000000262
7.065819599999941
6.968377799999985
7.122511900000063
7.222150399999919
3.9085130000000845
2.030863599999975
2.4795321000000285
5.429085299999997
4.841973199999984
7.006599299999948
2.256322800000021
7.524114600000075
2.5446316000000024
7.24127969999995
7.254274200000054
7.162379399999963
7.171519999999873
7.089360100000022
4.409602300000188
4.623498000000154
7.106638999999859
7.02156100000002
4.53014979999989
7.110871199999792
7.048480599999948
5.618322300000045
7.138365300000032
4.47164900000007
8.015820500000018
6.980070699999942
7.085407600000053
5.488750600000003
7.267091299999947
3.025841700000001
7.178508899999997
2.3946295999999165
7.232950399999936
2.0677129000000605
7.030403100000058
2.1892275000000154
2.3855009999999766
1.7014626000000135
2.1077257999997983
1.8602430999999342
7.22337309999989
3.531345500000043
7.13901020000003
2.309200400000009
5.73483740000006
7.147499599999946
7.188835200000085
4.473238199999969
7.043899099999862
7.094298299999991
2.9802890000000843
1.6485830999999962
6.1703313000000435
7.278380700000071
7.145183400000178
5.742709800000057
7.278125099999897
7.295663400000194
2.9086187999998856
7.400837599999932
7.074211200000036
7.326844300000175
2.94172350000008
7.205529999999953
3.152026999999862
2.3049106999999367
7.276147499999979
7.0856902999998965
2.089481599999999
3.068703800000094
test_delta_mean_squared_error
0.017346622422337532
0.02832762897014618
0.012031445279717445
0.012688101269304752
0.009781213477253914
0.010160103440284729
0.011714181862771511
0.009393913671374321
0.012389089912176132
0.01335169468075037
0.0090003851801157
0.0049299877136945724
0.009239230304956436
0.013374237343668938
0.02457704208791256
0.009278039447963238
0.014811975881457329
0.015222066082060337
0.009610830806195736
0.012394726276397705
0.021009065210819244
0.010472508147358894
0.019837630912661552
0.011738813482224941
0.017630254849791527
0.011856437660753727
0.014624370262026787
0.006986534222960472
0.01901104301214218
0.01819237880408764
0.012760375626385212
0.020214958116412163
0.018618330359458923
0.014662015251815319
0.00802234560251236
0.011217794381082058
0.006417929194867611
0.016657372936606407
0.012439671903848648
0.009732606820762157
0.018482640385627747
0.01409989595413208
0.020944084972143173
0.00901111587882042
0.0092543326318264
0.012758699245750904
0.019532382488250732
0.01742955856025219
0.006750152446329594
0.02588798478245735
0.007229435723274946
0.013295352458953857
0.024805841967463493
0.012481450103223324
0.01343261543661356
0.01622491329908371
0.011129929684102535
0.010186444967985153
0.015144561417400837
0.016209544613957405
0.03253188729286194
0.010015599429607391
0.026668984442949295
0.021369244903326035
0.012866071425378323
0.010874495841562748
0.015466306358575821
0.009839238598942757
0.012433553114533424
0.012109263800084591
0.005545135121792555
0.025119910016655922
0.007162141613662243
0.012353386729955673
0.017411310225725174
0.020832626149058342
0.016208890825510025
0.013337250798940659
0.007330149412155151
0.0054873996414244175
0.027959346771240234
0.017802875488996506
0.009701180271804333
0.007025064900517464
0.008023427799344063
0.016296768561005592
0.005532487761229277
0.012771781533956528
0.02399885468184948
0.022032080218195915
0.02907966636121273
0.013466586358845234
0.013369247317314148
0.016197005286812782
0.024279849603772163
0.02031312696635723
0.0183041263371706
0.02630782686173916
0.018721338361501694
0.010406180284917355
0.015611500479280949
0.010252595879137516
0.008602697402238846
0.006074674427509308
0.016663551330566406
0.007511047180742025
0.02206098847091198
0.013795582577586174
0.021151047199964523
0.02601545676589012
0.015305831097066402
0.008338582701981068
0.006576471496373415
0.016804330050945282
0.010821191594004631
0.011515467427670956
0.012879596091806889
0.006445806473493576
0.008808002807199955
0.020185379311442375
0.013821757398545742
0.010010939091444016
0.011228869669139385
0.013201733119785786
0.009743512608110905
0.010495182126760483
0.013663256540894508
0.017258167266845703
test_delta_mean_absolute_error
0.01734662428498268
0.02832762897014618
0.012031445279717445
0.012688101269304752
0.009781213477253914
0.010160103440284729
0.011714181862771511
0.009393913671374321
0.012389089912176132
0.013351695612072945
0.0090003851801157
0.0049299877136945724
0.009239230304956436
0.013374238274991512
0.02457704208791256
0.009278039447963238
0.014811976812779903
0.015222066082060337
0.00961083173751831
0.012394726276397705
0.021009065210819244
0.010472508147358894
0.0198376327753067
0.011738813482224941
0.017630254849791527
0.011856438592076302
0.014624371193349361
0.006986534222960472
0.01901104301214218
0.01819237880408764
0.012760375626385212
0.020214958116412163
0.018618330359458923
0.014662015251815319
0.00802234560251236
0.011217794381082058
0.006417929194867611
0.016657374799251556
0.012439671903848648
0.009732606820762157
0.018482640385627747
0.01409989595413208
0.020944084972143173
0.00901111587882042
0.0092543326318264
0.012758699245750904
0.019532382488250732
0.01742955856025219
0.006750152911990881
0.02588798478245735
0.007229435723274946
0.013295353390276432
0.024805843830108643
0.012481450103223324
0.013432616367936134
0.01622491329908371
0.011129929684102535
0.010186444967985153
0.015144562348723412
0.016209544613957405
0.03253188729286194
0.010015599429607391
0.026668984442949295
0.021369244903326035
0.012866071425378323
0.010874495841562748
0.015466306358575821
0.009839238598942757
0.012433553114533424
0.012109264731407166
0.005545135121792555
0.025119910016655922
0.007162141613662243
0.012353386729955673
0.017411310225725174
0.02083262801170349
0.016208892688155174
0.013337250798940659
0.007330149412155151
0.005487400107085705
0.027959346771240234
0.017802875488996506
0.009701180271804333
0.007025065366178751
0.008023427799344063
0.016296768561005592
0.005532487761229277
0.012771781533956528
0.02399885468184948
0.022032082080841064
0.02907966822385788
0.013466587290167809
0.013369247317314148
0.016197005286812782
0.024279849603772163
0.02031312696635723
0.0183041263371706
0.02630782686173916
0.018721340224146843
0.010406180284917355
0.015611500479280949
0.010252595879137516
0.008602697402238846
0.006074674427509308
0.016663551330566406
0.007511047180742025
0.02206098847091198
0.013795582577586174
0.021151047199964523
0.02601545676589012
0.015305831097066402
0.008338582701981068
0.006576471496373415
0.01680433191359043
0.010821191594004631
0.01151546835899353
0.012879596091806889
0.006445806473493576
0.008808002807199955
0.020185379311442375
0.013821757398545742
0.010010939091444016
0.011228869669139385
0.013201733119785786
0.009743512608110905
0.010495182126760483
0.013663256540894508
0.017258167266845703


================================================================================
=== twin network
train_time
10.200636
6.1947209
3.3883070000000046
3.509157099999996
4.1357374999999905
8.099045100000012
3.3034879000000075
8.405970699999997
5.627666199999993
5.467698900000016
8.236223499999994
8.147183900000016
5.726928499999985
3.6676980000000015
2.56472389999999
6.367965999999996
2.185286699999949
9.05871780000001
8.322777099999996
3.3207227999999986
2.6918026999999825
6.042744500000026
8.24455549999999
5.988519999999994
2.232823699999983
5.966143999999986
5.887070800000004
8.233908499999984
5.57156359999999
3.4615289999999845
5.392029600000001
5.226494099999968
5.201366000000007
2.1895913000000746
2.8453135000000884
5.80060739999999
2.943536399999971
9.237358900000004
5.423290100000031
4.067728400000078
2.5157475999999406
6.608804000000077
3.969820200000072
2.7963813000000073
2.801486700000055
2.605086099999994
5.340011900000036
8.242724899999985
6.1337347999999565
3.585796899999991
3.3693700000000035
2.460302200000001
5.480669400000011
7.58087450000005
8.820442899999989
8.369677900000056
8.385101099999929
5.296288200000049
8.44171869999991
5.5362182000000075
2.958971099999985
6.74815250000006
2.567652800000019
5.3762976000000435
2.768645200000037
8.368131400000038
3.154717699999992
2.3929500000000417
3.8125173999999333
2.7967625000001135
3.127042599999868
8.47721260000003
2.842464800000016
4.612017500000093
5.63965230000008
8.427764400000115
3.9499041999999918
3.264943599999924
5.3315904000000955
3.4253097999999227
3.054428400000006
5.226723700000093
3.5098361000000295
8.326285899999903
8.516918600000054
6.064535599999999
6.847042000000101
8.382908699999916
2.316502899999932
8.72699560000001
8.492854699999953
6.057281899999907
8.346062200000006
2.629898599999933
2.9954742999998416
8.386428299999807
8.553345300000046
8.41771719999997
8.386190600000191
8.383453099999997
8.595865100000083
4.065132299999959
3.0303171000000475
5.829532100000051
2.419404600000007
2.7925749999999425
8.319051199999876
6.366650200000095
6.339279600000054
8.488245000000006
8.37888799999996
8.404016299999967
10.097665399999869
3.1377325000000837
8.373993400000018
6.5121266000001015
8.609181000000035
8.588296499999842
3.130503600000111
9.37825829999997
6.213651600000048
2.85050810000007
2.721101100000169
5.754756099999895
3.13527380000005
8.707310000000007
5.287461600000142
8.633502299999918
test_delta_mean_squared_error
0.010254157707095146
0.006239809095859528
0.02274179644882679
0.00906272791326046
0.022500790655612946
0.011802224442362785
0.020143475383520126
0.010513653047382832
0.009848389774560928
0.011149248108267784
0.009234048426151276
0.00932878628373146
0.008419215679168701
0.014603065326809883
0.015293022617697716
0.007587000261992216
0.010907580144703388
0.006551692727953196
0.009594133123755455
0.010871374979615211
0.009425374679267406
0.00590403052046895
0.007704723160713911
0.004580675158649683
0.009785437025129795
0.005085192620754242
0.0061917994171381
0.006022278219461441
0.010649941861629486
0.018778692930936813
0.009759037755429745
0.013739144429564476
0.007327440194785595
0.017399102449417114
0.008478792384266853
0.009873339906334877
0.017451850697398186
0.008094572462141514
0.006668091751635075
0.011801503598690033
0.013680370524525642
0.0058984942734241486
0.01449048426002264
0.022368261590600014
0.011489098891615868
0.012968376278877258
0.008929387666285038
0.011332876048982143
0.00451632309705019
0.019982358440756798
0.008137106895446777
0.018739182502031326
0.012521257624030113
0.012454821728169918
0.010092608630657196
0.009328978136181831
0.0038215797394514084
0.00855049304664135
0.00757168885320425
0.011051059700548649
0.021739136427640915
0.00571484724059701
0.014997861348092556
0.008055780082941055
0.022931966930627823
0.0059691425412893295
0.013667897321283817
0.02092408388853073
0.006604481488466263
0.011861286126077175
0.012105542235076427
0.010657122358679771
0.008364723064005375
0.0209577064961195
0.007655517663806677
0.01003609225153923
0.011799518950283527
0.010891820304095745
0.008984170854091644
0.009001664817333221
0.009577631019055843
0.007316130679100752
0.02201785147190094
0.009169167838990688
0.008250736631453037
0.011312000453472137
0.009457296691834927
0.009997994638979435
0.016448339447379112
0.0090575460344553
0.008826687932014465
0.011556291952729225
0.009549261070787907
0.017667904496192932
0.019313044846057892
0.005222999025136232
0.008121720515191555
0.009337366558611393
0.010686986148357391
0.009581634774804115
0.008043398149311543
0.009102929383516312
0.017489606514573097
0.013171186670660973
0.0242314413189888
0.016416095197200775
0.006579497363418341
0.007144419010728598
0.009838705882430077
0.0112984050065279
0.01426207646727562
0.008296681568026543
0.009811769239604473
0.01724948361515999
0.007351217791438103
0.008838695473968983
0.011246592737734318
0.014623994939029217
0.030562812462449074
0.007223703432828188
0.0044279987923800945
0.008521459996700287
0.014380158856511116
0.01734834350645542
0.015248148702085018
0.004832777194678783
0.009866063483059406
0.012444554828107357
test_delta_mean_absolute_error
0.010254157707095146
0.006239809095859528
0.02274179644882679
0.00906272791326046
0.022500790655612946
0.011802224442362785
0.020143475383520126
0.010513653047382832
0.009848390705883503
0.011149249039590359
0.009234048426151276
0.00932878628373146
0.008419215679168701
0.014603065326809883
0.015293022617697716
0.007587000261992216
0.010907580144703388
0.006551692727953196
0.00959413405507803
0.010871374979615211
0.009425374679267406
0.00590403052046895
0.007704723160713911
0.004580675158649683
0.009785437025129795
0.005085193086415529
0.0061917994171381
0.006022278219461441
0.010649941861629486
0.018778694793581963
0.009759037755429745
0.013739144429564476
0.007327440194785595
0.017399102449417114
0.008478792384266853
0.009873339906334877
0.017451850697398186
0.008094572462141514
0.006668092217296362
0.011801503598690033
0.013680371455848217
0.0058984942734241486
0.01449048426002264
0.022368261590600014
0.011489098891615868
0.012968376278877258
0.008929387666285038
0.011332876048982143
0.00451632309705019
0.019982358440756798
0.008137106895446777
0.018739182502031326
0.012521257624030113
0.012454821728169918
0.010092608630657196
0.009328979067504406
0.0038215797394514084
0.00855049304664135
0.00757168885320425
0.011051059700548649
0.021739136427640915
0.005714847706258297
0.014997861348092556
0.008055780082941055
0.022931966930627823
0.0059691425412893295
0.013667897321283817
0.02092408388853073
0.006604481488466263
0.011861286126077175
0.012105543166399002
0.010657122358679771
0.008364723064005375
0.0209577064961195
0.007655517663806677
0.01003609225153923
0.011799518950283527
0.010891820304095745
0.008984170854091644
0.009001665748655796
0.009577631019055843
0.007316131144762039
0.02201785147190094
0.009169167838990688
0.008250736631453037
0.011312000453472137
0.009457296691834927
0.009997994638979435
0.016448339447379112
0.0090575460344553
0.008826687932014465
0.011556291952729225
0.009549261070787907
0.017667904496192932
0.019313044846057892
0.00522299949079752
0.008121720515191555
0.009337366558611393
0.010686986148357391
0.009581634774804115
0.008043398149311543
0.009102929383516312
0.017489606514573097
0.013171186670660973
0.0242314413189888
0.016416095197200775
0.006579497829079628
0.007144419010728598
0.009838705882430077
0.0112984050065279
0.01426207646727562
0.008296682499349117
0.009811769239604473
0.01724948361515999
0.007351217791438103
0.008838695473968983
0.011246592737734318
0.014623994939029217
0.030562814325094223
0.007223703432828188
0.0044279987923800945
0.008521459996700287
0.014380158856511116
0.01734834350645542
0.015248149633407593
0.004832777194678783
0.009866063483059406
0.012444554828107357


================================================================================
=== delta network
train_time
2.202880199999999
4.854124599999999
5.876508000000001
2.3824570000000023
7.058343399999998
2.5853388999999964
4.568082700000005
5.917330800000002
4.5420105000000035
2.605917099999999
4.295925600000004
1.5515986999999996
1.6056853000000046
1.8672032000000058
1.4456151999999918
1.4547980999999766
5.990230799999949
4.312920099999985
1.7336050000000114
4.28405790000005
1.9919907000000308
1.4072244000000182
2.895926299999985
6.042327499999999
1.6828366999999957
4.580376200000046
6.1459977000000094
4.866283299999964
5.9069196000000375
4.454080099999999
1.8335098000000016
5.911729199999968
4.715005899999994
6.102179100000058
2.069885499999941
2.078010699999936
3.8782459000000244
4.722659700000008
1.5646302999999762
4.266438900000026
6.03954310000006
6.502103499999976
6.477906100000041
1.5258592000000135
2.8965627999999697
7.010750600000051
3.2045428999999785
6.265302799999972
1.3461366999999882
6.14423469999997
1.9091664999999693
5.933803600000033
2.623524400000065
6.418607199999997
1.8141705999998976
6.306926599999997
1.4433137999999417
2.0244728000000123
7.502792200000044
1.5353763999999046
5.9378046000000495
1.5531442999999854
1.5470940000000155
5.993420000000015
2.198306099999968
5.896131600000103
4.670585000000074
6.115155999999956
1.7843692999999803
4.69162510000001
1.510054000000082
6.035770599999978
2.2557480000000396
4.4136211
1.7154921999999715
1.531283700000131
4.571668400000135
2.256964700000026
5.952543399999968
1.813409399999955
3.8435597000000143
1.4491523000001507
1.8202974000000722
2.0007998000000953
1.6807633000000806
4.960904200000186
6.290177099999937
6.450710600000093
5.159290699999929
2.134119900000087
6.09324259999994
1.4742281999999705
6.130524499999865
6.03520750000007
3.6997226000000865
2.0729261999999835
1.5272218000000066
2.0430403999998816
4.158052400000088
4.4359962999999425
3.3975930999999946
1.9509691999999177
4.59567190000007
6.166087399999924
5.924957599999971
3.9895731999999953
1.8613040000000183
5.937064599999985
2.2262934000000314
1.7653398999998444
2.2364536000000044
1.4036025000000336
4.645725200000015
4.353553599999941
2.5194025000000693
1.8015055000000757
6.20427460000019
4.0891416999998
3.9280195999999705
2.726205899999968
3.924751600000036
3.2450384000001122
6.320316199999979
3.8617682000001423
1.488450099999909
3.887950900000078
6.1079481999997824
6.202228100000184
test_delta_mean_squared_error
0.04188571870326996
0.019686192274093628
0.022327350452542305
0.020558420568704605
0.016415702179074287
0.028621848672628403
0.024723393842577934
0.021452639251947403
0.02272058092057705
0.029406607151031494
0.029496705159544945
0.017002927139401436
0.03504108265042305
0.05770363286137581
0.07847248017787933
0.030514001846313477
0.02185988426208496
0.030392400920391083
0.03281245008111
0.016635019332170486
0.05240426957607269
0.1162986159324646
0.02493242546916008
0.014216129668056965
0.05295323207974434
0.018326427787542343
0.017281612381339073
0.011630632914602757
0.021071337163448334
0.022754356265068054
0.021967770531773567
0.03176872432231903
0.024683987721800804
0.019409479573369026
0.010574080981314182
0.05709678307175636
0.014163541607558727
0.019558679312467575
0.046272095292806625
0.019739778712391853
0.01643345132470131
0.025787269696593285
0.025348640978336334
0.02735467255115509
0.0173052866011858
0.02229159325361252
0.05777031555771828
0.024515479803085327
0.01926826499402523
0.02237161621451378
0.018914610147476196
0.01890219748020172
0.03915881738066673
0.019461119547486305
0.02586529776453972
0.023290228098630905
0.015506786294281483
0.040854670107364655
0.020201699808239937
0.031208418309688568
0.021353505551815033
0.027964811772108078
0.09536712616682053
0.018090808764100075
0.02052227593958378
0.01706496812403202
0.020101426169276237
0.029135888442397118
0.0852523148059845
0.015591597184538841
0.027699854224920273
0.02238803170621395
0.023685364052653313
0.034545812755823135
0.065171018242836
0.030499454587697983
0.0200427807867527
0.014617858454585075
0.014200619421899319
0.040280781686306
0.02118333801627159
0.06883940100669861
0.030645262449979782
0.027624845504760742
0.025970401242375374
0.021872248500585556
0.013851744122803211
0.017733139917254448
0.02407006174325943
0.08592603355646133
0.01887567527592182
0.01933945156633854
0.019612321630120277
0.02572314254939556
0.022405264899134636
0.03972785547375679
0.020511213690042496
0.0522204153239727
0.025567319244146347
0.018162958323955536
0.025192415341734886
0.053291331976652145
0.021697811782360077
0.01863332837820053
0.020616674795746803
0.02391296997666359
0.03920920193195343
0.024797450751066208
0.06681976467370987
0.03581713140010834
0.07019201666116714
0.02520369552075863
0.016987042501568794
0.021699005737900734
0.049548935145139694
0.021790307015180588
0.01934504136443138
0.0224232729524374
0.025832243263721466
0.02211991883814335
0.020160499960184097
0.02366759441792965
0.02023923024535179
0.028252214193344116
0.03634953498840332
0.018133172765374184
0.019561579450964928
0.020960481837391853
test_delta_mean_absolute_error
0.04188571870326996
0.019686192274093628
0.022327352315187454
0.020558420568704605
0.016415702179074287
0.028621848672628403
0.024723393842577934
0.021452639251947403
0.02272058092057705
0.029406607151031494
0.029496705159544945
0.017002927139401436
0.03504108265042305
0.05770363286137581
0.07847248017787933
0.030514003708958626
0.02185988612473011
0.030392400920391083
0.03281245008111
0.016635021194815636
0.05240426957607269
0.1162986159324646
0.02493242546916008
0.014216129668056965
0.05295323207974434
0.018326427787542343
0.017281612381339073
0.011630632914602757
0.021071337163448334
0.022754356265068054
0.021967772394418716
0.03176872432231903
0.024683987721800804
0.019409479573369026
0.010574080981314182
0.05709678307175636
0.014163541607558727
0.019558679312467575
0.046272095292806625
0.019739778712391853
0.01643345132470131
0.025787269696593285
0.025348640978336334
0.02735467255115509
0.0173052866011858
0.022291595116257668
0.057770319283008575
0.024515479803085327
0.01926826499402523
0.02237161621451378
0.018914610147476196
0.01890219934284687
0.03915881738066673
0.019461119547486305
0.02586529776453972
0.023290228098630905
0.015506786294281483
0.040854670107364655
0.020201701670885086
0.031208418309688568
0.021353505551815033
0.027964813634753227
0.09536713361740112
0.018090808764100075
0.020522277802228928
0.01706496812403202
0.020101426169276237
0.029135888442397118
0.0852523148059845
0.015591598115861416
0.027699854224920273
0.02238803170621395
0.023685364052653313
0.034545812755823135
0.065171018242836
0.030499454587697983
0.0200427807867527
0.014617858454585075
0.014200619421899319
0.040280781686306
0.02118333801627159
0.06883940100669861
0.030645262449979782
0.027624845504760742
0.025970401242375374
0.021872248500585556
0.013851744122803211
0.017733141779899597
0.02407006174325943
0.08592603355646133
0.01887567527592182
0.01933945156633854
0.019612323492765427
0.02572314254939556
0.022405264899134636
0.03972785547375679
0.020511213690042496
0.0522204153239727
0.025567319244146347
0.018162958323955536
0.025192415341734886
0.053291335701942444
0.021697813645005226
0.01863332837820053
0.020616674795746803
0.02391296997666359
0.03920920193195343
0.024797450751066208
0.06681976467370987
0.03581713140010834
0.07019202411174774
0.025203697383403778
0.016987044364213943
0.021699005737900734
0.049548935145139694
0.021790307015180588
0.01934504136443138
0.0224232729524374
0.025832243263721466
0.02211991883814335
0.020160499960184097
0.0236675962805748
0.02023923024535179
0.028252214193344116
0.03634953498840332
0.018133172765374184
0.019561579450964928
0.020960481837391853


