================================================================================
=== value network
train_time
6.9870556
7.165157499999999
9.187723599999998
7.382137700000001
7.2701213
7.161228400000013
7.2214721
7.335695700000002
7.236981899999989
7.44814869999999
7.253372600000006
7.271532699999966
7.110796099999959
7.809752500000002
7.319984299999987
8.814539799999977
7.180805700000008
4.498105199999998
7.2164434999999685
7.28639430000004
7.668369900000016
7.318899399999964
4.514111999999955
7.198345099999983
7.264927700000044
7.228665799999931
7.194109799999978
4.513273500000082
7.318735100000026
7.319712299999992
7.339760200000001
4.896547300000066
7.309201199999961
7.430106099999989
7.17921739999997
7.1862720999999965
7.3251937
7.212860399999954
7.10840619999999
7.212682000000086
7.250963699999943
7.289302799999973
7.133384500000034
7.231963000000064
7.135963800000127
7.295075100000076
7.149228199999925
8.589924499999825
7.098523699999987
7.135098999999855
7.2511213000000225
7.245407000000114
7.292499299999918
7.173838499999874
7.0408824000001005
7.24902689999999
7.343710299999884
7.333022199999959
7.10958729999993
7.404678399999966
7.054629299999988
7.385251299999936
7.191050800000085
4.763527899999872
7.058781700000054
7.164538799999946
7.282084299999951
7.292998800000078
7.5837598999999045
7.129296300000078
7.141440800000055
7.150995299999977
4.535117599999921
7.271272000000181
7.196600199999921
7.354386900000009
7.222579300000007
7.398398100000122
7.1811896000001525
2.228948000000173
7.148605299999872
8.64012230000003
7.280925899999829
7.397980400000051
7.258302700000058
7.189390300000014
7.097441500000059
4.46226159999992
7.25843789999999
7.157324899999821
7.225799899999856
5.09896579999986
2.379367800000182
4.4318530000000464
7.528759199999968
7.23249799999985
8.473092400000041
7.161618399999952
7.354370500000186
7.242416300000059
7.121382199999971
7.258907700000236
7.311534700000266
7.270045799999934
7.285292399999889
7.412705100000039
7.395446099999845
8.841668500000196
7.1817745000003015
7.314738699999907
7.253455099999883
7.1205918999999085
7.222757700000329
7.171585699999923
7.264049399999749
7.1027540000000045
7.277521900000011
7.199858899999981
7.200557300000128
7.311030200000005
7.2705496999997195
7.121718800000053
7.29443880000008
7.397027200000139
7.281245299999682
7.294243199999983
6.674301000000014
7.39094520000026
test_delta_mean_squared_error
0.02773093432188034
0.024559753015637398
0.025919215753674507
0.023153502494096756
0.02549249492585659
0.022887738421559334
0.029195671901106834
0.023053240031003952
0.027813566848635674
0.029311230406165123
0.024016838520765305
0.022724436596035957
0.021465277299284935
0.028669297695159912
0.02383134886622429
0.030403465032577515
0.023765819147229195
0.0226687453687191
0.02859323099255562
0.026123415678739548
0.028313132002949715
0.02167387679219246
0.022965827956795692
0.027017412707209587
0.02802520990371704
0.030089406296610832
0.0246548093855381
0.029589107260107994
0.02692996896803379
0.026814879849553108
0.02381562441587448
0.029361918568611145
0.026305848732590675
0.025934338569641113
0.024629082530736923
0.01908355951309204
0.027320794761180878
0.023203305900096893
0.02599952556192875
0.024027099832892418
0.030530154705047607
0.028176577761769295
0.02602839656174183
0.022993706166744232
0.025553688406944275
0.026307547464966774
0.028627777472138405
0.026848791167140007
0.022396191954612732
0.03040686435997486
0.02635352313518524
0.026526248082518578
0.02444714494049549
0.025210002437233925
0.020890118554234505
0.028193539008498192
0.026235226541757584
0.024317635223269463
0.020167803391814232
0.02164194919168949
0.023890197277069092
0.02374882437288761
0.02595576085150242
0.02659652940928936
0.02438814379274845
0.025164389982819557
0.024451449513435364
0.023816069588065147
0.02234843745827675
0.02231561951339245
0.02360912598669529
0.02726823091506958
0.028215577825903893
0.02711563929915428
0.023602886125445366
0.02065984345972538
0.024917080998420715
0.026805872097611427
0.022283274680376053
0.024391954764723778
0.023270878940820694
0.024962784722447395
0.024068832397460938
0.020778680220246315
0.024829942733049393
0.02157357521355152
0.027705809101462364
0.018650857731699944
0.02704744040966034
0.03059232234954834
0.025217687711119652
0.02114216424524784
0.0288514643907547
0.028643593192100525
0.023257117718458176
0.021724943071603775
0.029869455844163895
0.024142242968082428
0.026959212496876717
0.025023069232702255
0.024650176987051964
0.026931075379252434
0.024438681080937386
0.024116188287734985
0.025067128241062164
0.02338327467441559
0.025804614648222923
0.027263907715678215
0.02612646296620369
0.027758728712797165
0.025279676541686058
0.025311307981610298
0.02806585468351841
0.03029225952923298
0.02508385293185711
0.02412695437669754
0.022594382986426353
0.02731429599225521
0.021916735917329788
0.02620922587811947
0.024642379954457283
0.026256415992975235
0.022230904549360275
0.024283573031425476
0.02009410411119461
0.026246175169944763
0.026309717446565628
0.027794331312179565
test_delta_mean_absolute_error
0.05577155575156212
0.04993792623281479
0.05159715190529823
0.04716569557785988
0.05169479921460152
0.04593263939023018
0.05960405617952347
0.04604856297373772
0.056843146681785583
0.05853044241666794
0.04883299395442009
0.04612923040986061
0.0437743254005909
0.057950470596551895
0.04778151959180832
0.062408968806266785
0.04807274788618088
0.04560355469584465
0.05690374597907066
0.05236523598432541
0.05682133138179779
0.04332103207707405
0.0456632636487484
0.05478955805301666
0.055975694209337234
0.06029626727104187
0.0503205880522728
0.06010831519961357
0.053485117852687836
0.05450205132365227
0.04764222726225853
0.059673141688108444
0.052297238260507584
0.052339810878038406
0.04876857250928879
0.038977280259132385
0.05516248196363449
0.046038102358579636
0.05309761315584183
0.04840673506259918
0.06100248172879219
0.05590040981769562
0.05220489948987961
0.04605415463447571
0.051611002534627914
0.052852414548397064
0.05824786797165871
0.0542801097035408
0.04558085650205612
0.061251383274793625
0.05253306031227112
0.054558608680963516
0.049073703587055206
0.0506698340177536
0.04229789227247238
0.057295575737953186
0.05384436249732971
0.04875900223851204
0.04073004424571991
0.043222710490226746
0.04768460988998413
0.048323843628168106
0.05218411982059479
0.053490374237298965
0.048306431621313095
0.05071261525154114
0.04935385659337044
0.048326678574085236
0.04481589049100876
0.045121870934963226
0.046728670597076416
0.05498587340116501
0.056414343416690826
0.055371787399053574
0.047729019075632095
0.04203362762928009
0.0500979945063591
0.05315324291586876
0.04481063038110733
0.04958971589803696
0.047074057161808014
0.050236910581588745
0.04743511974811554
0.04163172096014023
0.050149787217378616
0.04337747022509575
0.05644145607948303
0.03787856921553612
0.054358989000320435
0.06211503595113754
0.05165110528469086
0.04281552881002426
0.05950487405061722
0.058219149708747864
0.04662078619003296
0.04420612007379532
0.06042073294520378
0.04837283492088318
0.05392294004559517
0.05001081898808479
0.05055046081542969
0.05382572114467621
0.0499122329056263
0.04926232248544693
0.05057946965098381
0.04674917459487915
0.052166666835546494
0.054944198578596115
0.052895404398441315
0.055578023195266724
0.05069952458143234
0.05144920572638512
0.056337449699640274
0.06116855889558792
0.05055921897292137
0.047756314277648926
0.04563731700181961
0.05495327338576317
0.044522933661937714
0.053053200244903564
0.04964660108089447
0.052381210029125214
0.04575510695576668
0.049455542117357254
0.041014526039361954
0.05216986685991287
0.05435190349817276
0.05572288855910301


================================================================================
=== twin network
train_time
8.2375479
8.432255699999999
8.541430900000002
8.489310099999997
8.415752100000006
8.363566300000002
8.954401500000017
8.424117799999976
8.58202270000001
5.996821799999992
8.424978299999992
8.405078199999991
8.55948269999999
7.220717199999967
8.526947200000052
7.581050600000026
8.534807
5.835262999999998
8.499660699999993
8.566302000000007
8.39765890000001
8.482893100000013
8.528375800000049
8.302840599999968
8.532784600000014
6.402552300000025
8.561836999999969
5.435262399999942
5.410386199999948
9.271439800000053
8.419346700000006
6.05052169999999
8.546870000000013
8.520662300000026
8.674971100000107
8.498544400000014
5.569785599999932
9.53124989999992
8.389974100000018
8.496574299999907
8.352884199999949
9.235728900000026
8.462385799999993
5.776704099999847
5.803585299999895
8.53662630000008
8.783555299999989
8.419047399999954
8.501901800000041
8.613873000000012
8.55111080000006
8.579736400000002
8.446792999999843
8.438034399999879
6.330423199999814
9.759319600000026
8.429891600000019
8.574740399999882
8.465805100000125
8.493425399999978
8.714045700000042
8.418643599999996
8.585576899999978
5.2575934000001325
8.358327200000076
8.36472230000004
8.491633699999966
8.514118499999995
8.56679239999994
5.9882299000000785
8.614240599999903
8.497100300000056
5.340812599999936
10.424366300000202
6.901994500000001
8.56497370000011
8.501207499999964
8.494458399999985
8.590489600000183
8.747145700000146
6.049826100000018
9.214578200000005
8.597849100000076
8.720874699999968
8.460735500000055
8.760752899999943
8.686084300000175
8.478506300000163
8.520152300000063
8.497925300000134
8.160027999999784
8.441091000000142
8.768372500000169
8.567539199999828
10.547614099999919
8.460269600000174
9.034807399999863
8.540306200000032
8.521946099999695
8.463811000000078
8.58029899999974
8.45469439999988
8.785657100000208
8.459645399999772
8.473338799999965
8.664422299999842
8.381461699999818
8.695536199999879
8.472359300000335
8.317044700000224
8.417218500000217
8.628366800000094
11.705562600000121
8.741780600000311
5.6331569999997555
8.610010800000055
8.545164699999987
8.591117200000099
8.457174699999996
8.49523390000013
8.414177999999993
5.813410499999918
8.39917770000011
8.436142699999891
8.393302800000129
8.402382600000237
8.080979899999875
8.694848999999977
test_delta_mean_squared_error
0.019159136340022087
0.014298117719590664
0.016371777281165123
0.018261946737766266
0.014603161253035069
0.019104519858956337
0.022062258794903755
0.015349585562944412
0.01528126373887062
0.022547762840986252
0.017048416659235954
0.014015336520969868
0.017798610031604767
0.015337932854890823
0.01534733921289444
0.02619451843202114
0.02018081769347191
0.013896782882511616
0.017968203872442245
0.015400664880871773
0.01982414536178112
0.01688329689204693
0.015114687383174896
0.01773243583738804
0.019990861415863037
0.01548626646399498
0.017889706417918205
0.015474499203264713
0.018401838839054108
0.02071704901754856
0.017073938623070717
0.016837412491440773
0.013775860890746117
0.018680676817893982
0.016553305089473724
0.012560127303004265
0.01855127327144146
0.013980128802359104
0.014038234949111938
0.019646670669317245
0.017667293548583984
0.018080176785588264
0.01923912949860096
0.014346376992762089
0.01672142744064331
0.02245948649942875
0.01539840642362833
0.01689327321946621
0.01522324699908495
0.01622852310538292
0.023939000442624092
0.02069943957030773
0.01504826731979847
0.01995542272925377
0.014341400936245918
0.02292083576321602
0.017650729045271873
0.012665718793869019
0.014722486026585102
0.013108303770422935
0.018037782981991768
0.015172665007412434
0.01713959127664566
0.015588266775012016
0.01752353645861149
0.01824326254427433
0.015186339616775513
0.013834018260240555
0.017062878236174583
0.019507821649312973
0.017639055848121643
0.01715494506061077
0.015499810688197613
0.024029405787587166
0.01456381194293499
0.014168592169880867
0.015610788017511368
0.013614972122013569
0.01726279966533184
0.014953451231122017
0.018251966685056686
0.01648387499153614
0.015022167935967445
0.01305664423853159
0.01886996626853943
0.018383456394076347
0.019013309851288795
0.012816200964152813
0.01913127675652504
0.018756482750177383
0.014750727452337742
0.01473559346050024
0.01901477947831154
0.01690460927784443
0.018986189737915993
0.013341625221073627
0.019784579053521156
0.01717214658856392
0.021496977657079697
0.020735375583171844
0.017736731097102165
0.018995285034179688
0.01499330997467041
0.01951954886317253
0.02195889689028263
0.021028250455856323
0.015460355207324028
0.020172907039523125
0.018195828422904015
0.014740207232534885
0.017589911818504333
0.01914926990866661
0.021759238094091415
0.016762176528573036
0.016903650015592575
0.013246080838143826
0.016724297776818275
0.021989932283759117
0.01743403449654579
0.01423948910087347
0.01416945643723011
0.014195644296705723
0.020756017416715622
0.013977613300085068
0.01456601545214653
0.017115063965320587
0.018937671557068825
0.015440298244357109
test_delta_mean_absolute_error
0.03868662938475609
0.028987661004066467
0.0327400378882885
0.037226270884275436
0.0296127088367939
0.03885616734623909
0.044906679540872574
0.030740248039364815
0.030990837141871452
0.045673917979002
0.03467084467411041
0.028558261692523956
0.036598335951566696
0.03130178526043892
0.031214937567710876
0.05360804870724678
0.040774665772914886
0.028159402310848236
0.03627346456050873
0.030970819294452667
0.04034231975674629
0.03387787193059921
0.030486520379781723
0.036246977746486664
0.03982198238372803
0.031352438032627106
0.03654211759567261
0.03161310404539108
0.03747675567865372
0.042074404656887054
0.0347042977809906
0.03409993648529053
0.027954131364822388
0.03778607398271561
0.03363264724612236
0.025500481948256493
0.03760889172554016
0.028500860556960106
0.028482981026172638
0.03994354233145714
0.03595282882452011
0.03668154776096344
0.039019934833049774
0.029133765026926994
0.03407751023769379
0.045488785952329636
0.03093971684575081
0.03425953909754753
0.03084770403802395
0.03312148153781891
0.048581961542367935
0.042440179735422134
0.03025447577238083
0.040528010576963425
0.028861505910754204
0.046248313039541245
0.03594134375452995
0.025620417669415474
0.029654767364263535
0.026259755715727806
0.0359879769384861
0.030990438535809517
0.03474278748035431
0.03198825940489769
0.03599602356553078
0.03731983155012131
0.03075549192726612
0.028155894950032234
0.03467363491654396
0.03934954106807709
0.03563596308231354
0.03497278690338135
0.03121454268693924
0.048964355140924454
0.02966153621673584
0.029043644666671753
0.03179192170500755
0.027401819825172424
0.035112980753183365
0.03039122372865677
0.03707212582230568
0.03353341296315193
0.030408211052417755
0.02660260908305645
0.0384925939142704
0.03715457394719124
0.03857899829745293
0.026097124442458153
0.038663700222969055
0.03832106664776802
0.030321836471557617
0.030054563656449318
0.03895455598831177
0.03385687991976738
0.03866824507713318
0.02733756974339485
0.04046374559402466
0.03508993610739708
0.043451856821775436
0.04210038483142853
0.036457981914281845
0.03860173746943474
0.030568817630410194
0.03963913023471832
0.04460199177265167
0.042812179774045944
0.03134213387966156
0.040595781058073044
0.03729410097002983
0.030034685507416725
0.03593561798334122
0.03907850384712219
0.043944209814071655
0.03370765969157219
0.03429540619254112
0.026891125366091728
0.033719584345817566
0.04494766891002655
0.035701002925634384
0.02868487872183323
0.028496140614151955
0.02876051515340805
0.042716700583696365
0.02873353846371174
0.029965819790959358
0.03459150344133377
0.03842620924115181
0.03098793886601925


================================================================================
=== delta network
train_time
6.3929086999999996
6.3051052
4.621153399999997
5.2478234999999955
5.59598729999999
6.044023800000019
5.464628799999986
6.346736200000009
6.469913399999996
6.813824499999981
7.07055729999999
6.306781100000023
5.891460300000006
4.99200559999997
6.7092481999999904
7.044336499999986
8.38117189999997
4.341472199999998
6.576522199999999
6.251018400000021
6.709768399999973
6.46011180000005
6.88546000000008
6.682155899999998
6.275579500000049
6.13650819999998
6.587896099999966
6.286658999999986
8.019142699999975
6.445190600000046
6.281038400000057
6.285894599999892
6.286885100000063
6.720479700000055
6.464927799999941
6.5557547999999315
6.38691069999993
6.200110499999937
6.606685900000002
6.249863000000005
6.440952799999991
8.131282800000008
6.310576400000059
6.14377229999991
6.816483500000004
6.4342997000001105
6.850306499999988
6.220551699999987
6.357655900000054
6.096233600000005
6.22511940000004
6.203118600000153
6.2095675999999
6.2444677999999385
7.492304999999988
6.197468200000003
6.289115000000038
6.466781399999945
7.89356789999988
6.19439639999996
6.104464400000097
6.207540399999971
6.288275699999986
4.475576499999988
6.571921700000075
6.243783599999915
4.026398900000004
7.975690600000007
6.322183700000096
6.479162899999892
5.763750000000073
4.373396800000137
6.324735700000019
6.184623799999827
6.3399895999998535
6.486396400000103
6.578660599999921
6.389007700000093
6.208448999999973
4.823576199999934
6.419346899999937
6.332240199999887
6.258647999999994
6.418795499999987
6.370783200000005
6.135330100000147
6.4141560999999
5.6669621999999436
6.4454396000001
6.463235000000168
6.139973499999996
5.217229100000168
6.1835597999997844
6.269348100000116
5.042109999999866
6.312039200000072
6.429504799999904
6.166739400000097
4.9418352000002415
6.840517600000112
5.029418899999655
6.0773002000000815
6.265622800000074
5.349193799999739
6.629637499999717
6.772770300000047
6.514873699999953
6.04217749999998
6.364438600000085
6.551678799999991
6.374428600000101
6.525922899999841
6.064549199999874
6.184378399999787
6.03205539999999
6.461530000000039
6.16720979999991
6.096723199999815
6.369267099999888
7.7018660000003365
6.269598599999881
6.726100999999744
7.129599800000051
6.58617090000007
6.59223750000001
6.229737000000114
6.381785200000195
6.18681800000013
test_delta_mean_squared_error
0.019756119698286057
0.01656147837638855
0.02201078087091446
0.018557071685791016
0.02033895067870617
0.019318537786602974
0.021456396207213402
0.018131082877516747
0.021502474322915077
0.02076876163482666
0.017846236005425453
0.019202953204512596
0.01624392904341221
0.018865954130887985
0.01806756667792797
0.022253813222050667
0.019711706787347794
0.019411377608776093
0.021044522523880005
0.019212225452065468
0.02017916738986969
0.018909983336925507
0.018677471205592155
0.018758097663521767
0.020268436521291733
0.021664973348379135
0.018226495012640953
0.02066675014793873
0.01880217343568802
0.020148424431681633
0.0175144225358963
0.021673841401934624
0.01873842626810074
0.018113119527697563
0.0199134461581707
0.01794033870100975
0.019561482593417168
0.018714139237999916
0.017504623159766197
0.018555572256445885
0.020052390173077583
0.020935915410518646
0.01804700680077076
0.017273403704166412
0.019169731065630913
0.020402589812874794
0.020956572145223618
0.018908986821770668
0.01852656714618206
0.02002549171447754
0.02063668519258499
0.019666312262415886
0.019066328182816505
0.018071765080094337
0.017709210515022278
0.02108384296298027
0.020886555314064026
0.018600016832351685
0.016863474622368813
0.01687605492770672
0.01785629615187645
0.01978500559926033
0.0170220285654068
0.01864204742014408
0.01874949038028717
0.01871725730597973
0.01836388185620308
0.018822399899363518
0.01673242636024952
0.017956143245100975
0.018380915746092796
0.020283441990613937
0.018759798258543015
0.02109510265290737
0.017795944586396217
0.017768481746315956
0.016828525811433792
0.018575843423604965
0.017950860783457756
0.017717748880386353
0.018348457291722298
0.02053356170654297
0.017598824575543404
0.015170066617429256
0.017263682559132576
0.01788412220776081
0.020434269681572914
0.01588716171681881
0.01769637130200863
0.02042168192565441
0.01913614012300968
0.016213536262512207
0.01961873285472393
0.019941003993153572
0.017799559980630875
0.017804903909564018
0.019190728664398193
0.020191477611660957
0.01718696393072605
0.020052829757332802
0.018679946660995483
0.019203664734959602
0.019475799053907394
0.01878683641552925
0.020327363163232803
0.019521595910191536
0.019376827403903008
0.01899842359125614
0.020115258172154427
0.020219076424837112
0.017544040456414223
0.018408939242362976
0.01762768067419529
0.019791454076766968
0.01729598268866539
0.018799904733896255
0.01886209286749363
0.020569920539855957
0.01879190281033516
0.01626747101545334
0.01999053731560707
0.019527800381183624
0.018643608316779137
0.019897839054465294
0.01638440415263176
0.019080931320786476
0.021062131971120834
0.01984914019703865
test_delta_mean_absolute_error
0.03995274379849434
0.033365052193403244
0.044630009680986404
0.037780020385980606
0.041456438601017
0.03920144960284233
0.043608978390693665
0.03656145930290222
0.04327796772122383
0.04209861904382706
0.036004193127155304
0.03879367187619209
0.03291580080986023
0.03819487243890762
0.03641276806592941
0.044971417635679245
0.039767295122146606
0.03907207027077675
0.04261928051710129
0.03906368091702461
0.04106025770306587
0.03838459029793739
0.03766181692481041
0.03799658641219139
0.040719516575336456
0.0438820943236351
0.03648640587925911
0.041913606226444244
0.037801891565322876
0.040493518114089966
0.03547374904155731
0.04401769861578941
0.037582557648420334
0.03649701178073883
0.040562983602285385
0.03635124862194061
0.039003875106573105
0.03786398842930794
0.035428691655397415
0.03756801411509514
0.04106907546520233
0.04227036237716675
0.03622068464756012
0.03493480756878853
0.0383819118142128
0.040924862027168274
0.042473986744880676
0.03824653476476669
0.03745213896036148
0.04074256494641304
0.04135800898075104
0.03963596746325493
0.03846718370914459
0.035982392728328705
0.0360439196228981
0.0428854338824749
0.04211963340640068
0.03764799237251282
0.03450225666165352
0.03422851860523224
0.03626963868737221
0.040017396211624146
0.034408651292324066
0.037952981889247894
0.03802357614040375
0.037811581045389175
0.037085965275764465
0.03849250450730324
0.03385821729898453
0.03659014776349068
0.03720235079526901
0.04078313335776329
0.037648025900125504
0.042650315910577774
0.03622119501233101
0.03527611121535301
0.034258320927619934
0.03788314759731293
0.036268170922994614
0.03573046997189522
0.03726649284362793
0.04167270287871361
0.03549176827073097
0.03071996569633484
0.03472941741347313
0.03601088002324104
0.04144135117530823
0.03235672414302826
0.03536893427371979
0.04133746027946472
0.03851648047566414
0.032996587455272675
0.03970031812787056
0.04023638367652893
0.0359313040971756
0.03605913743376732
0.0387154296040535
0.04105197265744209
0.0343400277197361
0.04073398932814598
0.03799561783671379
0.03897285461425781
0.03931768611073494
0.03816506266593933
0.040865641087293625
0.03928624838590622
0.03947943076491356
0.03832985833287239
0.04059884324669838
0.04097038507461548
0.035334512591362
0.03775295242667198
0.03566897287964821
0.03993520885705948
0.0349557101726532
0.03817146643996239
0.03815560042858124
0.04186803102493286
0.03825443238019943
0.03296094760298729
0.040535397827625275
0.03913978114724159
0.0375460647046566
0.04006632789969444
0.03329180181026459
0.03877190873026848
0.04255788028240204
0.03982380032539368


