================================================================================
=== value network
train_time
7.2545801999999995
7.568008499999998
7.050444199999994
7.244188600000001
7.212645699999996
7.192516500000011
7.290802999999983
7.89537390000001
7.168188600000008
7.240288699999979
7.219491399999981
7.628685999999959
7.1810317000000055
7.538757599999997
7.435057400000005
7.2413781999999856
7.120632499999999
7.193644399999982
7.3690409999999815
8.783868299999995
7.43703899999997
7.372380300000032
7.314504100000022
7.364147500000058
7.24987729999998
7.131789400000002
7.4531434000000445
7.2569369999999935
7.291427900000031
7.356080499999962
7.140824299999963
7.4156220999999505
7.398906799999963
7.216902900000036
4.4194199000000935
7.291916799999967
7.174168699999996
7.378967900000021
7.494552900000031
7.317911299999992
7.347121700000002
7.58554079999999
4.561035899999979
7.33892620000006
9.560814000000164
7.365450900000042
7.294669800000065
8.645898999999872
7.712623099999973
7.26827030000004
7.646646700000019
7.18599990000007
7.367477199999939
7.277998799999978
7.332881199999974
7.348527100000183
7.407815199999959
7.301947499999869
7.201509400000077
4.551744699999972
7.426300099999935
7.206942300000037
7.1834151000000475
7.188257899999826
7.437894200000073
7.248979200000122
7.59110110000006
7.218534999999974
7.764107499999909
7.400458400000161
7.732949099999814
7.295236299999942
7.569236899999851
7.453906400000051
7.141775300000063
4.512409999999818
7.6380779000000985
7.42652750000002
7.42699319999997
7.283234300000004
7.2973663000000215
9.635848899999928
4.5913001999997505
7.321760399999675
7.110300299999835
7.233975399999963
7.6467821999999614
7.335546699999668
7.490301499999987
7.743993100000353
7.489575099999911
7.336634600000252
7.340822599999683
7.401131499999792
7.3336537000000135
7.3580071999999745
7.287139400000342
7.220603300000221
7.475149800000054
7.288002000000233
7.491850599999907
7.638716700000259
7.62191249999978
7.4029765999998745
7.218688200000088
7.2991619999997965
7.210822600000029
7.221250300000065
7.308600800000022
7.591307499999857
7.324369899999965
7.312957799999822
7.402553000000353
7.291589299999941
7.36917960000028
7.163097099999959
7.620570600000065
7.38123510000014
7.310026999999991
7.692948200000046
7.3100351000002775
7.288628599999811
7.286970999999994
7.2610741000003145
7.478657000000112
7.348441900000125
7.590948600000047
7.381743700000243
test_delta_mean_squared_error
0.03142405301332474
0.02719203010201454
0.02491384744644165
0.028962036594748497
0.028712593019008636
0.029114091768860817
0.027114737778902054
0.025193767622113228
0.028123127296566963
0.028015263378620148
0.025391634553670883
0.02790302410721779
0.02627471461892128
0.028980208560824394
0.027305342257022858
0.027584709227085114
0.02568814530968666
0.026239808648824692
0.026886114850640297
0.025199783965945244
0.028532927855849266
0.025607062503695488
0.027042701840400696
0.030926167964935303
0.03001035749912262
0.02959885448217392
0.026904454454779625
0.02750704064965248
0.02747972123324871
0.03044886887073517
0.02664055861532688
0.03128662332892418
0.028985250741243362
0.028674352914094925
0.02607877366244793
0.02141202613711357
0.028477299958467484
0.02900729328393936
0.026522206142544746
0.02888363040983677
0.02727588266134262
0.028408633545041084
0.027372175827622414
0.0269338209182024
0.025315631181001663
0.026498116552829742
0.028570281341671944
0.02892162650823593
0.02655586414039135
0.0315074548125267
0.029274845495820045
0.026598559692502022
0.026062017306685448
0.024606188759207726
0.028058992698788643
0.03274723142385483
0.030398964881896973
0.030402176082134247
0.025749249383807182
0.025690004229545593
0.032027292996644974
0.030574070289731026
0.025833966210484505
0.029149513691663742
0.02401997707784176
0.02926376834511757
0.025626078248023987
0.024999268352985382
0.029182253405451775
0.02482188493013382
0.028312288224697113
0.02954060770571232
0.025465749204158783
0.02761911414563656
0.024344434961676598
0.02586645819246769
0.028143247589468956
0.02567889168858528
0.02595052495598793
0.032227735966444016
0.02813813090324402
0.02749517932534218
0.025657935068011284
0.02532433718442917
0.030314885079860687
0.026375453919172287
0.026498161256313324
0.024190986528992653
0.027658771723508835
0.035019651055336
0.026344288140535355
0.028440285474061966
0.0319066196680069
0.027460502460598946
0.02581462264060974
0.027372756972908974
0.03316681087017059
0.023232821375131607
0.02730559930205345
0.025363590568304062
0.02761191874742508
0.02506527118384838
0.027615996077656746
0.026369530707597733
0.026983000338077545
0.026286089792847633
0.03075668029487133
0.02864977717399597
0.027797121554613113
0.027933038771152496
0.026193123310804367
0.028360430151224136
0.02986927516758442
0.029292695224285126
0.02920735627412796
0.0303189754486084
0.025238309055566788
0.02428542822599411
0.02581983618438244
0.031000027433037758
0.02527247555553913
0.02568136900663376
0.027496227994561195
0.02690839022397995
0.02408462017774582
0.02504037506878376
0.02963726408779621
0.03584407642483711
test_delta_mean_absolute_error
0.07591532170772552
0.0665367841720581
0.05956226959824562
0.07120458781719208
0.07039567083120346
0.07044581323862076
0.06602948904037476
0.06100302189588547
0.06954671442508698
0.0684984028339386
0.06142131984233856
0.06848051398992538
0.06379558145999908
0.07020934671163559
0.06634045392274857
0.06699762493371964
0.06213284656405449
0.0643472895026207
0.06562168896198273
0.06244348734617233
0.06958168745040894
0.06196429580450058
0.06489577889442444
0.07630565017461777
0.07362666726112366
0.07150103151798248
0.06513500958681107
0.0674547478556633
0.06691347062587738
0.07459031790494919
0.0649980679154396
0.07595629245042801
0.07005099952220917
0.06957502663135529
0.06335712969303131
0.052146729081869125
0.06946958601474762
0.07026072591543198
0.06504624336957932
0.06965430080890656
0.06658008694648743
0.06859171390533447
0.0666201189160347
0.06529547274112701
0.0617033988237381
0.06400814652442932
0.06919949501752853
0.07074566930532455
0.06543547660112381
0.07624145597219467
0.0710337832570076
0.06458818167448044
0.06314421445131302
0.05968131124973297
0.06837576627731323
0.08051204681396484
0.07369701564311981
0.07438977807760239
0.06307417899370193
0.061665166169404984
0.07801465690135956
0.074647456407547
0.06343193352222443
0.07134060561656952
0.05856392905116081
0.07134085893630981
0.06295999139547348
0.060719460248947144
0.07094662636518478
0.06059601157903671
0.06887336820363998
0.07190925627946854
0.0620633028447628
0.06751485168933868
0.059780750423669815
0.062484532594680786
0.06875274330377579
0.06251119822263718
0.06263557076454163
0.07891300320625305
0.06834685802459717
0.06645754724740982
0.06252868473529816
0.0619400218129158
0.07329174876213074
0.06427685916423798
0.06373390555381775
0.05955129861831665
0.06697201728820801
0.08525248616933823
0.06366322934627533
0.06954576820135117
0.0779271274805069
0.0666469857096672
0.062024664133787155
0.06690696626901627
0.08040113002061844
0.05542381852865219
0.0660233199596405
0.06218056380748749
0.06714120507240295
0.06178806349635124
0.06716926395893097
0.06625474989414215
0.06559181958436966
0.06409083306789398
0.07562164962291718
0.06991791725158691
0.06739354878664017
0.06726179271936417
0.06209048256278038
0.0701214075088501
0.07341873645782471
0.07152680307626724
0.0704951360821724
0.07261662930250168
0.06097380444407463
0.05942260101437569
0.06277637183666229
0.07574541121721268
0.06080898642539978
0.0620407871901989
0.06686139106750488
0.06508463621139526
0.05871318280696869
0.06137942522764206
0.0722428634762764
0.08741859346628189


================================================================================
=== twin network
train_time
8.5918514
8.664255599999997
8.580854799999997
8.547690400000008
8.651161299999998
8.566690300000005
8.839565700000009
8.599519299999997
8.467240199999992
7.382370699999996
8.596439099999998
8.468449399999997
8.574053300000003
8.640478599999994
8.533911400000022
8.800054400000022
7.4184905000000185
9.035364200000004
8.739653999999973
9.28562770000002
8.72630700000002
7.8006774000000405
6.305946399999925
8.758540700000026
8.491011800000024
8.619277300000022
8.6360813
8.587093399999958
8.545222499999909
9.210643300000015
8.642240600000036
10.678273900000022
8.47582530000011
8.520873499999993
5.333246000000031
9.769871399999943
8.709255600000006
6.471289400000046
8.444790300000022
8.577150700000061
8.628194699999995
8.816998600000034
8.490130200000067
8.634621300000163
8.438163499999973
8.555256799999825
8.62549480000007
8.445159900000135
8.436930800000027
5.470096799999965
7.973171999999977
8.55411029999982
6.504621799999995
8.592378900000085
8.747617099999843
8.584703799999943
7.465931200000114
8.540233999999828
8.51686810000001
8.441889399999809
8.700117300000102
8.673652700000048
7.8070202999999765
8.456287400000065
8.454134000000067
8.518806399999903
8.582043899999917
7.180924399999867
8.71965780000005
8.606073300000162
8.5020363000001
8.700323600000047
8.68580380000003
10.006898000000092
8.578489600000012
8.470124100000021
8.84228320000011
8.569385299999794
8.720698800000036
7.435064699999884
8.818670999999995
8.638283600000022
5.463414599999851
8.501498900000115
8.43613409999989
8.511052899999868
8.579201800000192
8.605725800000073
8.454043000000183
8.562247999999727
8.839822000000368
6.135110700000041
8.584193299999697
10.35949810000011
8.514865200000258
5.4921150000000125
8.623806199999763
8.522248199999922
8.785438100000192
8.46844800000008
5.94877009999982
8.54457709999997
8.69263920000003
8.447874399999819
8.601857200000268
7.220216700000037
8.791063099999974
8.873667000000296
8.627828799999861
8.72573310000007
8.786994099999902
7.617913200000203
11.47602070000039
8.487689500000215
8.563091600000007
8.816354800000227
8.429237700000158
5.658149200000025
6.048877100000027
8.613894300000084
8.401168299999881
6.5099951000001965
8.559682300000077
8.536595000000034
8.508183899999949
8.650046400000065
8.919727899999998
8.479200099999616
test_delta_mean_squared_error
0.023997878655791283
0.018874598667025566
0.020190326496958733
0.021690987050533295
0.01793099194765091
0.023529712110757828
0.019987495616078377
0.017188062891364098
0.021404612809419632
0.01924884133040905
0.02060644142329693
0.019741788506507874
0.020797716453671455
0.016900096088647842
0.015929782763123512
0.023288296535611153
0.0196088720113039
0.015716729685664177
0.022308344021439552
0.02030191756784916
0.022983964532613754
0.01960824802517891
0.017619604244828224
0.01838117092847824
0.024357212707400322
0.015521679073572159
0.019795680418610573
0.01846165582537651
0.020758546888828278
0.01968216337263584
0.021826479583978653
0.019201843068003654
0.01730559580028057
0.021746285259723663
0.01923387125134468
0.015365729108452797
0.021851159632205963
0.021187087520956993
0.01964687742292881
0.021129418164491653
0.018983973190188408
0.020537247881293297
0.022848349064588547
0.01593126729130745
0.019475068897008896
0.024203374981880188
0.017231905832886696
0.019646629691123962
0.019779928028583527
0.016850098967552185
0.023708254098892212
0.02217680960893631
0.018294736742973328
0.02355845645070076
0.01915924623608589
0.024537811055779457
0.01847958378493786
0.017794936895370483
0.015916673466563225
0.014938813634216785
0.022221656516194344
0.019059637561440468
0.018199987709522247
0.019700612872838974
0.019693372771143913
0.018963230773806572
0.016587212681770325
0.01750069297850132
0.020657554268836975
0.018659567460417747
0.02060980536043644
0.017937658354640007
0.017387738451361656
0.025673912838101387
0.01605633832514286
0.018257107585668564
0.01931466907262802
0.014214140363037586
0.01967203989624977
0.01823728159070015
0.021944168955087662
0.022186845541000366
0.01838366873562336
0.015944253653287888
0.020738709717988968
0.02221895195543766
0.0223751962184906
0.01607201248407364
0.020978985354304314
0.018314829096198082
0.015067814849317074
0.016875378787517548
0.021571962162852287
0.02165486104786396
0.02273336611688137
0.01679510995745659
0.022668439894914627
0.021260160952806473
0.02410956099629402
0.022526754066348076
0.02001318521797657
0.02031026966869831
0.021258926019072533
0.023179862648248672
0.02342424914240837
0.023083016276359558
0.019361084327101707
0.023029502481222153
0.01741567999124527
0.018670713528990746
0.022327322512865067
0.021808011457324028
0.022728463634848595
0.020218895748257637
0.01803746446967125
0.016941267997026443
0.019263962283730507
0.021384725347161293
0.01971874199807644
0.01789216883480549
0.01818694919347763
0.015323040075600147
0.021971166133880615
0.017732731997966766
0.016652613878250122
0.017094803974032402
0.018057972192764282
0.021171875298023224
test_delta_mean_absolute_error
0.0577910840511322
0.04600144922733307
0.04876453056931496
0.05313021317124367
0.04436134546995163
0.05729057267308235
0.04879751056432724
0.04198633134365082
0.05285583436489105
0.04745080694556236
0.05013236030936241
0.04865695908665657
0.05101991444826126
0.040705397725105286
0.03893991559743881
0.05683780089020729
0.04800849407911301
0.03857683762907982
0.05522824078798294
0.04981395974755287
0.0561862513422966
0.04776095226407051
0.04276303946971893
0.045185886323451996
0.06000892072916031
0.038043051958084106
0.04795999825000763
0.04553405940532684
0.05076008662581444
0.048105720430612564
0.05356161296367645
0.046976488083601
0.042512744665145874
0.05295911803841591
0.046962957829236984
0.03805941343307495
0.05350854992866516
0.05246296897530556
0.048116717487573624
0.051576077938079834
0.046728506684303284
0.04995594918727875
0.05541890859603882
0.039059750735759735
0.04805149883031845
0.058632511645555496
0.04205600172281265
0.04823348671197891
0.04799653962254524
0.041224341839551926
0.057732611894607544
0.05448756739497185
0.04517697915434837
0.057475343346595764
0.04652014747262001
0.06069766730070114
0.044881269335746765
0.043422017246484756
0.03902202099561691
0.036269549280405045
0.0546143613755703
0.04670700803399086
0.0443902350962162
0.04843641072511673
0.04820564016699791
0.04616067558526993
0.04084049165248871
0.0428868792951107
0.05026080459356308
0.04612096771597862
0.05043209344148636
0.044043250381946564
0.04234675318002701
0.06290306895971298
0.03915112465620041
0.044039737433195114
0.04708809778094292
0.034819453954696655
0.047605521976947784
0.044643331319093704
0.05382298305630684
0.05368167534470558
0.044764380902051926
0.039420317858457565
0.05010060593485832
0.05410310998558998
0.05432293191552162
0.039674900472164154
0.051317598670721054
0.044820014387369156
0.03659125789999962
0.04126329720020294
0.052561204880476
0.0529891736805439
0.055602457374334335
0.04139799252152443
0.05538579449057579
0.051428984850645065
0.0590352900326252
0.05525185912847519
0.049011826515197754
0.04972556605935097
0.051830798387527466
0.05682891607284546
0.05705006793141365
0.05623834952712059
0.04738399758934975
0.05621090903878212
0.042716991156339645
0.0461069792509079
0.05436946079134941
0.053782522678375244
0.05562306568026543
0.04962356761097908
0.044113241136074066
0.04111124575138092
0.04706139862537384
0.05225154384970665
0.04817713424563408
0.04363660141825676
0.044795673340559006
0.037491217255592346
0.05335225537419319
0.04340345039963722
0.04096922278404236
0.04215250536799431
0.044026851654052734
0.05210861563682556


================================================================================
=== delta network
train_time
6.627285799999999
6.3925689000000006
6.3255551000000025
6.170647299999999
6.138419299999995
6.568308299999984
6.535849499999983
6.566193999999996
6.3628985
6.3469584999999995
7.06926820000001
6.649930799999993
6.280197199999975
6.191669699999977
6.255877899999973
6.094247800000005
6.506989200000021
6.9855144
6.767971100000011
7.130279099999996
6.206818400000088
6.295621299999993
7.832264499999951
6.016844399999968
6.6814600000000155
6.4237558000000945
6.303131099999973
6.140658600000052
6.656890200000021
6.1754786000000195
6.239793000000077
6.3547124000000395
6.31809880000003
6.313038099999972
6.365463299999988
6.405794499999956
6.634783099999936
6.4947524000000385
7.072879599999965
6.7649891000000935
7.189426199999957
6.328513000000157
3.980635500000062
6.307013099999949
7.186408999999912
6.265561000000162
6.705319700000018
6.454117899999801
5.412536199999977
7.129676400000108
6.410496899999998
6.2582234999999855
6.253346599999986
6.430153700000119
6.337927600000057
6.458195599999954
6.928973999999926
6.478082800000038
7.869649900000013
6.581317899999931
6.709506500000089
6.415540400000054
6.743594999999914
6.453247599999941
6.242970900000046
6.188216899999816
6.514822200000026
7.210008300000027
7.99704840000004
6.629947099999981
6.85545819999993
4.291124200000013
6.357372499999883
6.511739200000193
6.178376200000002
6.699285299999929
6.733367399999906
6.410795300000018
4.694042000000081
6.2207321000000775
6.618657299999995
6.4484097999998085
6.484728699999778
5.324731100000008
6.443625400000201
6.347214599999916
6.339414499999748
6.571277500000178
6.576090800000202
6.396397999999863
6.3046799000003375
7.134078400000362
7.132474600000023
6.170849399999952
6.32089330000008
6.1524437999996735
6.231834600000184
6.896948899999643
6.6369268999997075
6.318099099999927
6.395880699999907
6.165843300000233
6.592401299999892
5.166719199999989
6.270468199999868
7.93503039999996
6.998435900000004
7.170542900000328
6.4851472000000285
7.029782399999931
6.942571699999917
6.2075205999999525
6.34346880000021
6.263495599999715
6.105713800000103
6.774984000000131
6.549832100000003
7.907340900000236
6.596374699999615
4.257049599999846
6.873696000000109
6.3093449999996665
6.649087600000257
6.23623009999983
6.5250160000000506
6.409153099999912
6.614045899999837
6.417399399999795
test_delta_mean_squared_error
0.019743403419852257
0.018687356263399124
0.021305406466126442
0.019054394215345383
0.0193584393709898
0.019844381138682365
0.021549062803387642
0.01725676655769348
0.02065725438296795
0.019153254106640816
0.018863990902900696
0.019623536616563797
0.01930328644812107
0.019335905089974403
0.01975671388208866
0.02027709037065506
0.01848001405596733
0.018341077491641045
0.020689141005277634
0.019820686429739
0.019849127158522606
0.018914783373475075
0.01893612928688526
0.017988091334700584
0.019881730899214745
0.019366661086678505
0.019810650497674942
0.019647425040602684
0.019578002393245697
0.01853085309267044
0.01881977915763855
0.02008041925728321
0.019623888656497
0.018255028873682022
0.01898927055299282
0.01832682639360428
0.020484352484345436
0.020785637199878693
0.019030801951885223
0.017652859911322594
0.019670873880386353
0.019252724945545197
0.019000506028532982
0.017907563596963882
0.017920857295393944
0.01983894780278206
0.02027522400021553
0.019401278346776962
0.017437158152461052
0.020770737901329994
0.020230518653988838
0.018639570102095604
0.018554259091615677
0.01840963587164879
0.019117513671517372
0.02067750133574009
0.01928549073636532
0.019070440903306007
0.018382659181952477
0.01832733489573002
0.019810868427157402
0.018207471817731857
0.018690109252929688
0.019608881324529648
0.02044212818145752
0.019075464457273483
0.017967812716960907
0.01870359666645527
0.01945982314646244
0.018487825989723206
0.02022104151546955
0.019320428371429443
0.018787618726491928
0.02090202085673809
0.0179011058062315
0.0189551692456007
0.018723752349615097
0.017843225970864296
0.018210723996162415
0.020017342641949654
0.020457087084650993
0.019805340096354485
0.018599843606352806
0.017486514523625374
0.01929728500545025
0.01912572979927063
0.020201774314045906
0.017240071669220924
0.02069665677845478
0.020118288695812225
0.018717218190431595
0.01741829328238964
0.019610509276390076
0.020107369869947433
0.019343355670571327
0.019323112443089485
0.020291510969400406
0.018629498779773712
0.020229822024703026
0.020024918019771576
0.018313957378268242
0.02010481432080269
0.019098341464996338
0.019995173439383507
0.021177511662244797
0.020197303965687752
0.020288944244384766
0.0193910114467144
0.020020700991153717
0.020087093114852905
0.018515007570385933
0.018588615581393242
0.018570497632026672
0.02066643536090851
0.01859051175415516
0.019653500989079475
0.01899542845785618
0.020345019176602364
0.01895986683666706
0.01983902044594288
0.019242174923419952
0.019523000344634056
0.017584864050149918
0.02028270624577999
0.0180787593126297
0.018916811794042587
0.01986428163945675
0.02042236737906933
test_delta_mean_absolute_error
0.04816501960158348
0.045558035373687744
0.05216518044471741
0.04668044298887253
0.0475735180079937
0.04876381531357765
0.052950259298086166
0.04245800897479057
0.05021010339260101
0.04693181440234184
0.04597045108675957
0.047681454569101334
0.04722974821925163
0.04681660234928131
0.04848465695977211
0.04966568946838379
0.045383453369140625
0.04456853121519089
0.05076976493000984
0.04873660206794739
0.048852697014808655
0.04595626890659332
0.04598609358072281
0.04412180185317993
0.04884995147585869
0.04735415056347847
0.04874293878674507
0.04814833030104637
0.04788314178586006
0.045332130044698715
0.04632161557674408
0.04900304973125458
0.04799538850784302
0.044590651988983154
0.04626243934035301
0.04488091915845871
0.05046737194061279
0.05118820443749428
0.046728283166885376
0.04332762956619263
0.048402123153209686
0.046928003430366516
0.0464814268052578
0.04398859664797783
0.043965425342321396
0.0485648438334465
0.04964286834001541
0.047490183264017105
0.04258586838841438
0.05087433382868767
0.0496130995452404
0.045881059020757675
0.04553703963756561
0.04487060382962227
0.04665253311395645
0.050787195563316345
0.04720499366521835
0.04672175645828247
0.04515833780169487
0.04516439512372017
0.04838964715600014
0.0445939339697361
0.045557279139757156
0.0479377843439579
0.050052933394908905
0.046753011643886566
0.04403417557477951
0.04589061811566353
0.0478825680911541
0.045095279812812805
0.04940883442759514
0.04701172932982445
0.04570046439766884
0.05134378373622894
0.043869499117136
0.0463094636797905
0.04546652361750603
0.04365044832229614
0.04479850456118584
0.048688728362321854
0.05006428062915802
0.04831972345709801
0.04573633894324303
0.042890142649412155
0.047200851142406464
0.04684004187583923
0.04943867027759552
0.042353082448244095
0.05069204419851303
0.04895341023802757
0.04555077105760574
0.04270889610052109
0.04800005257129669
0.04932824894785881
0.04723827540874481
0.04739172384142876
0.04969826340675354
0.04527704417705536
0.04926587641239166
0.049185190349817276
0.044938866049051285
0.049249473959207535
0.04648043215274811
0.04930996522307396
0.05163305997848511
0.04969163239002228
0.04937424510717392
0.047359731048345566
0.048787280917167664
0.049184564501047134
0.04529444873332977
0.0456000380218029
0.0453902892768383
0.050343070179224014
0.04573572054505348
0.047984227538108826
0.04625394567847252
0.04969020187854767
0.046491485089063644
0.04876663163304329
0.04756522178649902
0.04793570563197136
0.04319949820637703
0.04992162436246872
0.04392261058092117
0.04621455818414688
0.04874814301729202
0.05004604905843735


