================================================================================
=== value network
train_time
2.2992758999999996
1.6855706999999995
4.818157300000003
7.397539000000002
5.217759700000002
7.416054299999999
4.47329809999998
4.781142999999986
8.321995399999992
7.286868900000002
7.169299499999994
7.225065700000016
7.296053899999976
7.772049200000026
7.314938900000016
7.1213794000000235
7.286988500000007
7.296839900000009
7.555131299999971
7.143236699999989
7.371910600000035
7.04156770000003
7.148296300000027
7.40358070000002
7.335780100000022
6.0123181999999815
7.2991254999999455
7.308775700000069
7.29314839999995
7.15464350000002
7.107939399999964
7.383347400000048
7.237802999999985
7.279178999999999
7.223217900000009
5.562222099999985
7.186571000000072
2.144973700000037
7.36759840000002
5.279089900000031
7.185768499999995
7.356974199999968
7.345411500000068
7.4081379000000425
7.521573600000011
7.778251399999931
7.349164200000018
7.61384750000002
4.399190100000055
4.461115999999947
6.182109799999807
7.442049499999939
7.677267699999902
4.711459299999888
2.263128300000062
7.26470519999998
7.117759599999999
2.20850449999989
7.226975699999912
7.263843799999904
7.067290299999968
7.1169175999998515
7.358676199999991
7.270447399999966
4.424586300000101
6.563866199999893
7.225141299999905
5.138710899999978
1.8709656999999424
7.612534099999948
2.265377800000124
5.407661499999904
2.1250881999999365
7.25306599999999
4.600842499999999
2.0873845999999503
7.528876399999945
7.298913600000105
2.4845015999999305
2.3089127999999164
7.3753639999999905
7.125415999999859
5.129837499999894
2.2028685000000223
11.698417500000005
10.599970299999995
10.20156420000012
10.0206819
8.663993699999992
2.3750775000000885
7.492613499999834
5.535800399999971
7.296785799999952
7.42846069999996
5.787795599999981
7.394262000000026
7.4116474999998445
8.939943000000085
7.303985300000022
1.992167800000061
7.49925230000008
4.800818600000184
7.335453299999699
4.764644500000031
1.7841489000002184
2.294528899999932
6.793237800000043
1.7623624000002565
7.315329600000041
7.331258700000035
7.247388499999943
7.312233399999968
2.0433603000001312
7.993802700000288
7.2516327000003
7.295551400000022
7.273182299999917
7.368323599999712
2.2780038000000786
5.833675200000016
2.1187613000001875
7.1823332000003575
2.3580181000002085
2.127969900000153
7.281459499999983
7.189628200000243
7.29542739999988
7.809212099999968
test_delta_mean_squared_error
0.020202744752168655
0.020196907222270966
0.01596970111131668
0.012491509318351746
0.01770697347819805
0.01287132129073143
0.015145118348300457
0.012836847454309464
0.01766485720872879
0.014850448817014694
0.014610336162149906
0.01483909785747528
0.012128490954637527
0.019594691693782806
0.013665380887687206
0.012918520718812943
0.015088142827153206
0.023706942796707153
0.013195392675697803
0.020284881815314293
0.017433982342481613
0.01864457130432129
0.014460265636444092
0.01582949608564377
0.011583968065679073
0.01942393183708191
0.020536791533231735
0.01883571594953537
0.017710911110043526
0.021419532597064972
0.015072163194417953
0.019186781719326973
0.015058495104312897
0.01394301000982523
0.012556465342640877
0.015348716638982296
0.014784300699830055
0.023769281804561615
0.017896320670843124
0.01317217294126749
0.015273849479854107
0.017076905816793442
0.018019601702690125
0.015361879952251911
0.02017749473452568
0.014888028614223003
0.01675214245915413
0.018529804423451424
0.015656746923923492
0.016908135265111923
0.01125092152506113
0.017965812236070633
0.015540007501840591
0.017024148255586624
0.01709282211959362
0.017299212515354156
0.014395151287317276
0.01691458746790886
0.012120163068175316
0.01161973737180233
0.0198304932564497
0.013872353360056877
0.01379337627440691
0.020080626010894775
0.015261881984770298
0.011775697581470013
0.013446874916553497
0.01622360572218895
0.02223658189177513
0.011456103064119816
0.019370950758457184
0.02191057801246643
0.019174525514245033
0.0162041038274765
0.01626218669116497
0.022312872111797333
0.019224295392632484
0.013355016708374023
0.01754857785999775
0.012351351790130138
0.014085095375776291
0.014572612009942532
0.010641943663358688
0.015837673097848892
0.017705019563436508
0.017717551440000534
0.01153133437037468
0.01387762650847435
0.015515899285674095
0.020703552290797234
0.015759045258164406
0.00807377602905035
0.0189212616533041
0.02316557802259922
0.02257516048848629
0.013532434590160847
0.01529695000499487
0.011804604902863503
0.019473304972052574
0.038853928446769714
0.018575221300125122
0.014696108177304268
0.016631344333291054
0.017737701535224915
0.041832465678453445
0.016414280980825424
0.013907785527408123
0.027218032628297806
0.01666899397969246
0.015747006982564926
0.025905756279826164
0.019880007952451706
0.02044023387134075
0.016068443655967712
0.012011120095849037
0.023190779611468315
0.014977654442191124
0.012327109463512897
0.02083868533372879
0.021692436188459396
0.019114214926958084
0.018787067383527756
0.018736878409981728
0.018841618672013283
0.017919322475790977
0.016521194949746132
0.016670534387230873
0.017527470365166664
test_delta_mean_absolute_error
0.026069575920701027
0.02583887428045273
0.02052960731089115
0.015814315527677536
0.022580020129680634
0.0165534820407629
0.019648460671305656
0.016402769833803177
0.022601429373025894
0.0184578038752079
0.01853882521390915
0.019115524366497993
0.015613068826496601
0.024721315130591393
0.017292693257331848
0.016035880893468857
0.01920398510992527
0.030305901542305946
0.01693788543343544
0.026336947456002235
0.02178291045129299
0.02338200807571411
0.018076475709676743
0.02017682045698166
0.014300608076155186
0.02385398931801319
0.02570413053035736
0.02359539270401001
0.022519217804074287
0.026866035535931587
0.01920294389128685
0.024450398981571198
0.019040273502469063
0.017197903245687485
0.015907442197203636
0.019098399206995964
0.018673347309231758
0.030506838113069534
0.023010125383734703
0.016639400273561478
0.019817324355244637
0.02166624180972576
0.022887887433171272
0.019451996311545372
0.026425881311297417
0.018485136330127716
0.021560486406087875
0.02344231680035591
0.019589491188526154
0.02193468250334263
0.014224591664969921
0.022617371752858162
0.02004964090883732
0.021441271528601646
0.021710282191634178
0.02241619862616062
0.018067769706249237
0.021796448156237602
0.01528292614966631
0.014626851305365562
0.025250466540455818
0.017705699428915977
0.017767198383808136
0.02563447877764702
0.018713826313614845
0.014757152646780014
0.017125973477959633
0.02061278000473976
0.02889177016913891
0.014778445474803448
0.024856101721525192
0.027877237647771835
0.02423742040991783
0.020777981728315353
0.020599346607923508
0.028171993792057037
0.024641210213303566
0.01680762507021427
0.02254275232553482
0.015931516885757446
0.017760256305336952
0.01865771785378456
0.013570355251431465
0.019787058234214783
0.022864235565066338
0.022913360968232155
0.014786023646593094
0.017599554732441902
0.019269639626145363
0.026530195027589798
0.019865768030285835
0.01036788523197174
0.023754820227622986
0.02949294075369835
0.02980135753750801
0.017507638782262802
0.019759144634008408
0.015017499215900898
0.024111393839120865
0.05070168897509575
0.02314453013241291
0.018757853657007217
0.021491512656211853
0.022245096042752266
0.054770540446043015
0.020961208269000053
0.01804298534989357
0.03552420809864998
0.021464446559548378
0.020175578072667122
0.033521488308906555
0.025312621146440506
0.026480088010430336
0.020209763199090958
0.015226184390485287
0.02853075973689556
0.018865054473280907
0.016014669090509415
0.026680460199713707
0.027616795152425766
0.024281606078147888
0.02411692589521408
0.024325644597411156
0.024134831503033638
0.022515665739774704
0.021150827407836914
0.021135805174708366
0.022693080827593803


================================================================================
=== twin network
train_time
8.376293100000002
8.331546000000003
8.493391200000005
8.771291199999993
8.644598800000011
8.471547900000004
8.719127700000001
5.859231399999999
7.806384900000012
8.879243800000012
8.701413799999983
8.530133500000005
5.713436600000023
8.758564799999988
8.371422999999993
8.843979699999977
8.477465800000004
6.062544500000001
7.6505975000000035
8.583599300000003
8.486662899999999
8.492871700000023
10.4875768
8.637641299999984
8.409791700000028
6.827911799999924
8.582848000000013
8.46795869999994
8.670644799999991
9.317056200000025
6.34794219999992
8.456179099999986
6.046020800000065
7.997318899999982
6.090252400000054
6.382332099999985
6.225815900000043
12.256846699999983
8.708468899999957
8.668768999999998
8.593076800000063
8.660748099999978
8.691258199999993
5.4273582000000715
8.591552999999976
8.754791299999965
8.345162999999957
7.278819399999975
5.43097089999992
8.617592100000138
6.178898200000049
8.519117499999993
6.295170000000098
5.577914400000054
6.950859799999989
8.848963999999796
8.678425000000061
6.3443615999999565
8.610939499999859
8.42018690000009
6.225114099999928
8.44483779999996
8.621410699999842
8.35467790000007
8.616852300000119
5.726124199999958
8.180747699999984
7.697911799999929
6.231909200000018
8.478445100000044
8.549340699999902
8.326285300000109
8.74740380000003
9.428245300000071
5.526914499999975
8.42163830000004
6.2169653999999355
5.5343996999999945
5.696765199999845
8.611897699999872
5.566029099999923
8.398590999999897
6.301337199999807
5.933603200000107
13.276416400000016
12.248666200000116
11.865225099999861
10.532145200000059
8.740475099999912
8.469150099999979
5.53627490000008
5.618861799999877
8.722031900000047
8.706245500000023
6.048310000000129
8.545508499999869
8.442663999999922
8.508090400000128
8.762435699999969
8.578659700000117
8.550320699999702
7.301197199999933
8.579525000000103
8.468880100000206
3.367354299999988
2.8004211999996187
5.846493799999735
8.478248299999905
5.668220000000019
5.630596499999683
8.494879500000025
7.5972123000001375
10.956425800000034
6.353760100000272
8.753277199999957
9.14284809999981
8.5254245000001
5.441804300000058
5.478508500000316
6.289774299999863
5.771286599999712
8.546937399999933
7.608339100000194
5.593702399999984
8.379193100000066
8.67282669999986
8.488377000000128
6.565912800000206
test_delta_mean_squared_error
0.010921256616711617
0.00907651986926794
0.008045990951359272
0.011896666139364243
0.010419229045510292
0.01169082522392273
0.010899333283305168
0.00992609839886427
0.00910906121134758
0.011425599455833435
0.008262969553470612
0.007338491268455982
0.008114856667816639
0.010060637257993221
0.009192552417516708
0.006590339355170727
0.010146635584533215
0.00878478866070509
0.012512550689280033
0.008101851679384708
0.012845521792769432
0.011424203403294086
0.010637594386935234
0.012063453905284405
0.009046024642884731
0.008559591136872768
0.009787304326891899
0.009767196141183376
0.01274095568805933
0.012695900164544582
0.008901710622012615
0.010417833924293518
0.010312216356396675
0.013973066583275795
0.011323926970362663
0.01361892931163311
0.011164054274559021
0.0133815323933959
0.010814475826919079
0.011600692756474018
0.010146795772016048
0.014647266827523708
0.01191563531756401
0.01178096141666174
0.009295149706304073
0.010045900009572506
0.009710616432130337
0.008912669494748116
0.012553463689982891
0.013703683391213417
0.008776663802564144
0.014161300845444202
0.009616580791771412
0.010142741724848747
0.009611171670258045
0.012088729999959469
0.00876690074801445
0.010828142054378986
0.012950762175023556
0.010470956563949585
0.012213590554893017
0.006558270193636417
0.011796317994594574
0.010247752070426941
0.008985430933535099
0.009578976780176163
0.008637906983494759
0.006808455567806959
0.007735732477158308
0.010383527725934982
0.013323190622031689
0.015630753710865974
0.009290053509175777
0.013055343180894852
0.010076499544084072
0.01105092279613018
0.010233295150101185
0.010399515740573406
0.008292979560792446
0.00795452855527401
0.010894035920500755
0.009515204466879368
0.009327531792223454
0.010126430541276932
0.012898419983685017
0.015077907592058182
0.008447380736470222
0.009571239352226257
0.010270473547279835
0.01052411925047636
0.010225499048829079
0.011194774881005287
0.010884166695177555
0.012114150449633598
0.011993832886219025
0.010692968033254147
0.010038038715720177
0.00917986873537302
0.012479367665946484
0.008871284313499928
0.007049539592117071
0.008030482567846775
0.011597742326557636
0.01384282298386097
0.015086681582033634
0.01567182131111622
0.011256355792284012
0.009848508052527905
0.012708758004009724
0.009451464749872684
0.015582566149532795
0.01148428488522768
0.013295288197696209
0.00978186447173357
0.009096287190914154
0.006503342650830746
0.010463060811161995
0.011356521397829056
0.00977960042655468
0.009416414424777031
0.01397015806287527
0.010731528513133526
0.011180885136127472
0.01088735368102789
0.010385535657405853
0.0077060312032699585
0.012063157744705677
0.010982010513544083
test_delta_mean_absolute_error
0.01403100322932005
0.011470790021121502
0.010306136682629585
0.01500785630196333
0.013156556524336338
0.014947201125323772
0.01361782569438219
0.012968256138265133
0.011568792164325714
0.014572503976523876
0.010437154211103916
0.00920261163264513
0.010577119886875153
0.012752273119986057
0.011758284643292427
0.008344517089426517
0.012592950835824013
0.011380353011190891
0.015722258016467094
0.0103131253272295
0.01633550226688385
0.014499131590127945
0.013303079642355442
0.0150299072265625
0.011476430110633373
0.010933705605566502
0.01231767050921917
0.012392108328640461
0.01670158840715885
0.015883298590779305
0.011250406503677368
0.013257075101137161
0.012815753929316998
0.01755727268755436
0.01429041288793087
0.017720244824886322
0.013935210183262825
0.0167445857077837
0.013764183968305588
0.014606397598981857
0.012916628271341324
0.01858275942504406
0.015191563405096531
0.014829997904598713
0.011881445534527302
0.012650515884160995
0.012561491690576077
0.01132047176361084
0.015533587895333767
0.017032451927661896
0.010831222869455814
0.018129343166947365
0.012249934487044811
0.012936984188854694
0.012280888855457306
0.015278483740985394
0.01105863880366087
0.013810929842293262
0.01642564870417118
0.013220726512372494
0.0154666593298316
0.00825974065810442
0.01504397951066494
0.013111569918692112
0.01129013393074274
0.01222169492393732
0.010698296129703522
0.008715176954865456
0.010039168410003185
0.013375038281083107
0.016978027299046516
0.02003653161227703
0.012004775926470757
0.01625090278685093
0.012704913504421711
0.013894649222493172
0.012864134274423122
0.012920994311571121
0.010492871515452862
0.010165038518607616
0.014068304561078548
0.01175695937126875
0.011967637576162815
0.01296120136976242
0.0161223616451025
0.01916414685547352
0.010867094621062279
0.012051254510879517
0.012992803007364273
0.013301779516041279
0.013293834403157234
0.01425938867032528
0.013439011760056019
0.015670238062739372
0.015372185036540031
0.013583507388830185
0.012564416043460369
0.011838358826935291
0.01570652611553669
0.011442325077950954
0.009111260995268822
0.010167088359594345
0.01484617032110691
0.017962047830224037
0.019041089341044426
0.019312500953674316
0.014521518722176552
0.012553966604173183
0.01608842797577381
0.012242341414093971
0.019384020939469337
0.014555730856955051
0.016727205365896225
0.012480034492909908
0.011751367710530758
0.008271979168057442
0.013377844356000423
0.01436851266771555
0.012531130574643612
0.011970183812081814
0.017426058650016785
0.013597678393125534
0.014310683123767376
0.01364105474203825
0.013159647583961487
0.009612318128347397
0.015196036547422409
0.014097358100116253


================================================================================
=== delta network
train_time
6.208383500000002
4.083797099999998
5.865317899999994
6.666517799999994
6.991771200000002
6.085955900000002
6.953146599999997
1.4646376999999973
6.5616812000000095
6.258251900000005
6.256947999999994
4.636496999999991
4.1631669000000215
2.0232911000000513
1.7971692999999505
6.324631699999998
6.3348956000000385
3.8866780999999833
6.218926300000021
5.60977170000001
6.66055769999997
6.267908599999998
5.095210100000031
2.060291599999971
4.460908500000073
4.585052900000051
3.8167276000000356
7.011465700000031
4.8403893000000835
4.609932100000037
6.460995799999978
4.528767899999934
6.497078999999985
5.732860999999957
4.875659299999938
5.983261399999947
5.20514819999994
5.626597299999958
4.312305999999921
6.579091300000073
4.048810199999934
7.0666949999999815
6.70566789999998
6.532975999999962
6.330077200000005
4.022543900000073
6.441180500000087
6.436949600000048
4.42184519999978
6.397533300000077
4.6572141999999985
5.111721400000079
4.32913039999994
6.345620900000085
4.180563499999835
6.312502800000175
4.490351400000009
6.216112800000019
6.313285799999903
6.409616899999946
6.104777400000103
6.5541471999999885
6.13515510000002
2.1202235999999175
1.9704146000001401
4.215180299999929
4.03948360000004
7.841588899999806
5.075446900000088
4.055951700000151
4.039917999999943
6.561116700000184
6.233818900000188
4.225058199999921
6.443715999999995
1.9833906999999726
4.5668834999999035
6.453129699999863
6.0834915000000365
4.622177899999997
6.471529600000167
1.8092013000000406
1.8534515999999712
8.282835400000067
9.02244359999986
8.886730499999885
6.101248300000179
7.519817200000034
5.41575899999998
6.27555940000002
6.666729999999916
4.173885300000165
4.775836000000027
4.29148280000004
6.878562000000102
5.4213296000000355
6.677444700000024
2.191030400000045
6.676140300000043
6.125854999999774
4.586974899999859
3.9451355999999578
5.882510099999763
5.045028800000182
6.654900999999882
5.6031590000002325
5.828555099999903
6.148477700000058
6.393769699999666
6.287776800000302
6.116438600000038
6.059145499999886
6.765856699999858
4.478360300000077
1.6234010999996826
1.7111531999998988
6.510850799999844
6.870332200000121
6.510730800000147
4.393932200000108
5.726334099999804
6.64568829999962
6.204422699999668
5.6273941000004015
1.647319200000311
5.167502499999955
5.084799700000076
6.354488099999799
test_delta_mean_squared_error
0.016641119495034218
0.015742052346467972
0.018182573840022087
0.016216736286878586
0.01631394773721695
0.020008359104394913
0.021983150392770767
0.02853025682270527
0.02185957133769989
0.016209272667765617
0.016656508669257164
0.02124239131808281
0.01235335785895586
0.02701183594763279
0.020698271691799164
0.01894393004477024
0.01614445634186268
0.02157564088702202
0.02109585516154766
0.018968557938933372
0.02237788960337639
0.01696731708943844
0.018598055467009544
0.037650056183338165
0.01974799670279026
0.017775945365428925
0.024613123387098312
0.013915106654167175
0.02023758552968502
0.02256467193365097
0.015721630305051804
0.020740365609526634
0.02394890785217285
0.018148748204112053
0.015773892402648926
0.013658684678375721
0.018230250105261803
0.019007932394742966
0.014506582170724869
0.019464215263724327
0.018575303256511688
0.02452213130891323
0.020366249606013298
0.019647151231765747
0.012457948178052902
0.01917380280792713
0.01919332891702652
0.015469102188944817
0.01926984079182148
0.019472090527415276
0.01395982876420021
0.02505422942340374
0.018502112478017807
0.017370400950312614
0.023333024233579636
0.024680379778146744
0.016320452094078064
0.018250882625579834
0.016143357381224632
0.01508919708430767
0.015778375789523125
0.013283875770866871
0.01659901812672615
0.023228809237480164
0.016874372959136963
0.016464661806821823
0.015550459735095501
0.01723756641149521
0.01142648421227932
0.016351919621229172
0.019293969497084618
0.025402294471859932
0.0182503592222929
0.022166263312101364
0.01723785325884819
0.04370657354593277
0.02283209003508091
0.014942637644708157
0.013880695216357708
0.012043346650898457
0.023130208253860474
0.029565375298261642
0.019677570089697838
0.014403731562197208
0.018942149356007576
0.020650973543524742
0.01864025369286537
0.015484237112104893
0.018331211060285568
0.02095792628824711
0.020161736756563187
0.015216273255646229
0.02245221845805645
0.02457648329436779
0.02078760601580143
0.0188218355178833
0.016681533306837082
0.028763389214873314
0.020754678174853325
0.018942750990390778
0.01703200861811638
0.013666188344359398
0.016921691596508026
0.02343863993883133
0.02188766933977604
0.019824277609586716
0.01588210090994835
0.018282921984791756
0.019329741597175598
0.019644547253847122
0.025884155184030533
0.019502222537994385
0.01738094538450241
0.0165450070053339
0.02895830012857914
0.028449654579162598
0.02011106349527836
0.01606198027729988
0.01931009441614151
0.01825629733502865
0.01706688664853573
0.021156176924705505
0.019710754975676537
0.02056891843676567
0.021611761301755905
0.012686287052929401
0.01874862238764763
0.025941750034689903
test_delta_mean_absolute_error
0.02142862044274807
0.019709037616848946
0.02272312343120575
0.020674334838986397
0.020626358687877655
0.025693995878100395
0.02798149734735489
0.03633539006114006
0.028352294117212296
0.020546695217490196
0.021610938012599945
0.026345523074269295
0.015652507543563843
0.03366265445947647
0.026146432384848595
0.02388128452003002
0.02038249932229519
0.027707986533641815
0.027227206155657768
0.024614522233605385
0.028707260265946388
0.021458642557263374
0.02332121878862381
0.04976719245314598
0.02437441051006317
0.02246652916073799
0.031318217515945435
0.017173530533909798
0.025397559627890587
0.028907280415296555
0.019929757341742516
0.0266472976654768
0.0304256659001112
0.022626452147960663
0.020288143306970596
0.01735301874577999
0.022095924243330956
0.023854698985815048
0.018364202231168747
0.02478933148086071
0.02353823371231556
0.03128354623913765
0.025427991524338722
0.024989379569888115
0.015706876292824745
0.02486376091837883
0.023693855851888657
0.019152969121932983
0.02441549301147461
0.0249582901597023
0.017695778980851173
0.03053761087357998
0.023654771968722343
0.02157871425151825
0.030230047181248665
0.032083962112665176
0.020339904353022575
0.02295660227537155
0.02035112865269184
0.0192657932639122
0.020037952810525894
0.01691652275621891
0.021007871255278587
0.029556969180703163
0.021519243717193604
0.0210783239454031
0.019617585465312004
0.02215324155986309
0.01459716260433197
0.02037048153579235
0.024654285982251167
0.032620642334222794
0.02354256436228752
0.02847367338836193
0.0222830418497324
0.05991021543741226
0.02897854708135128
0.01919441483914852
0.017609113827347755
0.01481372956186533
0.02958531863987446
0.035596366971731186
0.024823809042572975
0.018551770597696304
0.024251408874988556
0.02643604390323162
0.023441683501005173
0.0195006150752306
0.023684442043304443
0.027014443650841713
0.02573453262448311
0.019575409591197968
0.028855497017502785
0.031657543033361435
0.026794377714395523
0.02352052740752697
0.020942024886608124
0.03732923045754433
0.025540921837091446
0.023486658930778503
0.021634060889482498
0.017678044736385345
0.021271921694278717
0.03031083755195141
0.027581509202718735
0.024991782382130623
0.020037680864334106
0.022671421989798546
0.024351531639695168
0.025228271260857582
0.03270699456334114
0.02511516958475113
0.022198714315891266
0.020827464759349823
0.035277679562568665
0.03738010302186012
0.02463880553841591
0.020250188186764717
0.02411486953496933
0.023412730544805527
0.021445797756314278
0.026838887482881546
0.02488057315349579
0.025914762169122696
0.027015775442123413
0.016171587631106377
0.02376486547291279
0.033157408237457275


