================================================================================
=== value network layers 2
train_time
10.586335799999999
18.227308100000016
15.0542729
9.399133600000027
9.413967900000102
14.946750900000097
15.099715899999978
14.663241599999992


================================================================================
=== twin network layers 2
train_time
16.074278300000003
18.04502820000002
18.071489299999996
11.240383700000052
12.34033480000005
17.484740200000033
17.381375700000035
17.48799340000005


================================================================================
=== delta network layers 2
train_time
8.623414400000001
14.953587499999998
16.08314790000003
8.910639800000013
7.940409000000045
14.342084399999976
8.1943804
12.82259309999995


================================================================================
=== value network layers 4
train_time
36.322769400000006
13.825685300000004
36.1892383
34.71774680000004
33.679224999999974
35.34853140000007
33.75795979999998
18.934191199999987


================================================================================
=== twin network layers 4
train_time
14.628469199999998
41.377871
42.77132819999997
40.01210529999992
18.117134799999917
41.57475499999998
48.79255330000012
42.63396990000001


================================================================================
=== delta network layers 4
train_time
29.681102300000006
23.9737059
29.740518599999973
28.246632200000022
36.039018000000056
17.687491499999965
18.02932869999995
28.488352100000156


================================================================================
=== continuous-time
train_risk
3.2525399
3.2324998
3.131924
3.2100756
3.3506885
3.2656987
3.2690883
3.1691353
test_risk
3.231592
3.241844
3.2264655
3.2301419
3.2356367
3.2366457
3.2287116
3.2348177
test_mean_value
-0.0010853977
-0.0026617518
-0.003700358
-0.0034368383
-0.0022602682
-0.002322767
-0.0021944006
0.001143629
test_mean_abs_value
0.9894853
0.99069613
0.98865
0.9883925
0.98873305
0.9907603
0.98831856
0.991131
test_variance_value
1.4347321
1.4350778
1.4321116
1.4308145
1.4268851
1.4361084
1.4306225
1.4399287
test_mean_costs
0.0
0.0
0.0
0.0
0.0
0.0
0.0
0.0
test_mean_abs_costs
0.0
0.0
0.0
0.0
0.0
0.0
0.0
0.0
test_variance_costs
0.0
0.0
0.0
0.0
0.0
0.0
0.0
0.0
test_mean_wealth
-0.97098887
-0.97516805
-0.96874535
-0.9697582
-0.97488374
-0.9745744
-0.97340953
-0.97217023
test_mean_abs_wealth
1.0934434
1.0959392
1.0908941
1.0919901
1.0963161
1.0945874
1.0927694
1.0948609
test_variance_wealth
0.874241
0.8727106
0.86902237
0.87304586
0.8746847
0.8709846
0.867231
0.8747383
test_wealth_with_price_abs_mean
0.64984244
0.65031624
0.64851004
0.6502753
0.6512558
0.6498731
0.6488216
0.65140676
test_wealth_with_price_variance
0.874241
0.8727106
0.86902237
0.87304586
0.8746847
0.8709846
0.867231
0.8747383
price
0.97259235
0.97259235
0.97259235
0.97259235
0.97259235
0.97259235
0.97259235
0.97259235
train_time
0.34324149999999065
0.3283028000000172
0.31964140000002317
0.3109906999999339
0.2914228000000776
0.28709040000001096
0.31979649999993853
0.30001020000008793


================================================================================
=== value network layers 2
train_risk
3.650464
3.7179646
3.6172743
3.6742141
3.6213753
3.5530078
3.6662655
3.4860163
test_risk
3.638877
3.6975238
3.6719096
3.6401994
3.6413403
3.5705023
3.6107392
3.5283997
test_mean_value
0.0010667446
-0.002684049
-0.0026915523
-0.002786592
-0.0013582864
-0.0012569772
-0.00094216695
0.0007019005
test_mean_abs_value
0.743951
0.7060973
0.70440656
0.74119556
0.72852397
0.7631121
0.7540213
0.80433947
test_variance_value
0.7617222
0.68816864
0.68802136
0.7586267
0.7363555
0.8128486
0.78540665
0.89322543
test_mean_costs
0.0
0.0
0.0
0.0
0.0
0.0
0.0
0.0
test_mean_abs_costs
0.0
0.0
0.0
0.0
0.0
0.0
0.0
0.0
test_variance_costs
0.0
0.0
0.0
0.0
0.0
0.0
0.0
0.0
test_mean_wealth
-0.9688367
-0.97519034
-0.96773654
-0.969108
-0.97398174
-0.9735086
-0.9721573
-0.97261196
test_mean_abs_wealth
1.0721952
1.0682677
1.0587387
1.0688546
1.0664418
1.0670685
1.0715787
1.0783827
test_variance_wealth
1.104651
1.133464
1.1078167
1.0981423
1.0900662
1.0371618
1.0778612
1.0323598
test_wealth_with_price_abs_mean
0.78417873
0.7951207
0.785321
0.78141904
0.77652204
0.7509176
0.77307856
0.75160015
test_wealth_with_price_variance
1.104651
1.133464
1.1078167
1.0981423
1.0900662
1.0371618
1.0778612
1.0323598
price
0.97259235
0.97259235
0.97259235
0.97259235
0.97259235
0.97259235
0.97259235
0.97259235
train_time
0.27537389999999107
0.2965052000000128
0.27962620000005245
0.2797283999999536
0.28445349999992686
0.29422790000000987
0.2840086000001065
0.28882899999985057


================================================================================
=== twin network layers 2
train_risk
3.3149366
3.3921769
3.381375
3.3795729
3.4239135
3.3606467
3.4422677
3.2910368
test_risk
3.293222
3.4022524
3.4505937
3.3650756
3.3750684
3.3611474
3.3679209
3.3642101
test_mean_value
0.0011788356
-0.0029584486
-0.0027202708
-0.0020401347
-0.0011702866
0.00029076386
-0.00051460497
-0.00053473894
test_mean_abs_value
0.9312138
0.8577705
0.8322215
0.88061446
0.88598037
0.88469064
0.87683827
0.8912268
test_variance_value
1.2484162
1.0605394
0.9783946
1.1118892
1.1112748
1.1210252
1.1056216
1.1270479
test_mean_costs
0.0
0.0
0.0
0.0
0.0
0.0
0.0
0.0
test_mean_abs_costs
0.0
0.0
0.0
0.0
0.0
0.0
0.0
0.0
test_variance_costs
0.0
0.0
0.0
0.0
0.0
0.0
0.0
0.0
test_mean_wealth
-0.9687246
-0.97546476
-0.9677653
-0.9683615
-0.97379375
-0.9719609
-0.97172976
-0.97384864
test_mean_abs_wealth
1.0885123
1.0749308
1.0688092
1.0761751
1.0837733
1.0789231
1.0776583
1.083308
test_variance_wealth
0.9137111
0.9340071
0.9623225
0.93084574
0.9397534
0.92480576
0.92877346
0.93054426
test_wealth_with_price_abs_mean
0.6842784
0.69817656
0.7152956
0.69763625
0.70262426
0.6942768
0.69745535
0.6983678
test_wealth_with_price_variance
0.9137111
0.9340071
0.9623225
0.93084574
0.9397534
0.92480576
0.92877346
0.93054426
price
0.97259235
0.97259235
0.97259235
0.97259235
0.97259235
0.97259235
0.97259235
0.97259235
train_time
0.28762140000000613
0.27733390000003055
0.26990599999999176
0.27959439999995084
0.2734023000000434
0.27376859999992575
0.3111659999999574
0.27284420000000864


================================================================================
=== delta network layers 2
train_risk
3.1963122
3.255952
3.2152634
3.201963
3.3164675
3.3002605
3.4159045
3.2592428
test_risk
3.1711485
3.2521796
3.297
3.2112296
3.2379746
3.266991
3.3572552
3.339921
test_mean_value
-0.0063489815
-0.0031307344
-0.0002837388
-0.0022963202
-0.0029813163
0.01359987
0.0073266854
0.0003643352
test_mean_abs_value
1.0023577
0.9696707
0.9158032
0.96798927
0.9734165
0.9222608
0.87999576
0.8830604
test_variance_value
1.5019253
1.3551501
1.231782
1.3894148
1.3765347
1.3058438
1.1177902
1.1532682
test_mean_costs
0.0
0.0
0.0
0.0
0.0
0.0
0.0
0.0
test_mean_abs_costs
0.0
0.0
0.0
0.0
0.0
0.0
0.0
0.0
test_variance_costs
0.0
0.0
0.0
0.0
0.0
0.0
0.0
0.0
test_mean_wealth
-0.97625244
-0.975637
-0.96532875
-0.9686177
-0.9756048
-0.9586518
-0.96388847
-0.97294956
test_mean_abs_wealth
1.1151568
1.1020174
1.0816368
1.0978895
1.102944
1.0835677
1.0786822
1.0769671
test_variance_wealth
0.9189933
0.90934795
0.91158175
0.904502
0.90976095
0.9569345
0.9478918
0.9130736
test_wealth_with_price_abs_mean
0.67713994
0.6831571
0.6822591
0.6691932
0.68164176
0.7273009
0.7112585
0.68551505
test_wealth_with_price_variance
0.9189933
0.90934795
0.91158175
0.904502
0.90976095
0.9569345
0.9478918
0.9130736
price
0.97259235
0.97259235
0.97259235
0.97259235
0.97259235
0.97259235
0.97259235
0.97259235
train_time
0.2928950999999955
0.2884171999999694
0.30681659999999056
0.2790015000000494
0.2898443999999927
0.283428200000003
0.30911159999982374
0.2800250000000233


================================================================================
=== value network layers 4
train_risk
3.3653882
3.3079455
3.1863658
3.302079
3.363523
3.3373823
3.3065886
3.206028
test_risk
3.3775375
3.3325686
3.273065
3.3334186
3.2778862
3.3045287
3.2791283
3.2452123
test_mean_value
0.0013243613
-0.0020868345
-0.004311171
-0.003882836
-0.0018368699
-0.001778172
-0.0005679958
-0.0004037177
test_mean_abs_value
0.9902002
0.92348665
0.96767104
0.9674735
0.9987787
1.0012279
0.9971716
1.0530759
test_variance_value
1.4371666
1.3056742
1.4146386
1.3744522
1.4620616
1.5061126
1.4771903
1.6304468
test_mean_costs
0.0
0.0
0.0
0.0
0.0
0.0
0.0
0.0
test_mean_abs_costs
0.0
0.0
0.0
0.0
0.0
0.0
0.0
0.0
test_variance_costs
0.0
0.0
0.0
0.0
0.0
0.0
0.0
0.0
test_mean_wealth
-0.9685791
-0.97459316
-0.9693562
-0.97020423
-0.9744603
-0.97402984
-0.9717831
-0.9737176
test_mean_abs_wealth
1.0950117
1.082077
1.0904276
1.0873216
1.0978806
1.0993448
1.0955306
1.1143556
test_variance_wealth
0.9306728
0.89826745
0.8949296
0.9013704
0.8876657
0.90382874
0.89096504
0.909868
test_wealth_with_price_abs_mean
0.67538553
0.66767746
0.6591792
0.66722345
0.6575531
0.66068953
0.6594866
0.6643343
test_wealth_with_price_variance
0.9306728
0.89826745
0.8949296
0.9013704
0.8876657
0.90382874
0.89096504
0.909868
price
0.97259235
0.97259235
0.97259235
0.97259235
0.97259235
0.97259235
0.97259235
0.97259235
train_time
0.28882260000000315
0.9578960999999708
0.2852239000000054
0.27514320000000225
0.2727468000000499
0.2742699000000357
0.2833883999999216
0.2737414999999146


================================================================================
=== twin network layers 4
train_risk
3.2630975
3.2762656
3.1750937
3.2106438
3.371563
3.2869658
3.3617795
3.2268367
test_risk
3.2495666
3.2835796
3.2834914
3.2134643
3.2660944
3.2445443
3.3096101
3.283627
test_mean_value
0.0037564149
-0.002559769
-0.0028600553
-0.0026401195
-1.724274e-05
0.0005251655
-0.00048571115
0.00021346481
test_mean_abs_value
1.0069219
0.9565258
0.9599272
0.9956771
0.97858596
0.97350425
0.97271305
0.9775755
test_variance_value
1.506369
1.3430157
1.351714
1.4681958
1.3912231
1.395115
1.3855481
1.4070874
test_mean_costs
0.0
0.0
0.0
0.0
0.0
0.0
0.0
0.0
test_mean_abs_costs
0.0
0.0
0.0
0.0
0.0
0.0
0.0
0.0
test_variance_costs
0.0
0.0
0.0
0.0
0.0
0.0
0.0
0.0
test_mean_wealth
-0.96614707
-0.97506607
-0.96790504
-0.9689615
-0.9726407
-0.9717265
-0.97170085
-0.9731004
test_mean_abs_wealth
1.1016153
1.0920653
1.0836195
1.0978683
1.0964537
1.0935413
1.0886104
1.0925826
test_variance_wealth
0.9153209
0.88933754
0.8818909
0.8869745
0.892674
0.88490236
0.88863504
0.8855582
test_wealth_with_price_abs_mean
0.6719486
0.6628893
0.6600456
0.65591186
0.6643938
0.6591673
0.66276765
0.6585857
test_wealth_with_price_variance
0.9153209
0.88933754
0.8818909
0.8869745
0.892674
0.88490236
0.88863504
0.8855582
price
0.97259235
0.97259235
0.97259235
0.97259235
0.97259235
0.97259235
0.97259235
0.97259235
train_time
0.280525499999996
0.2992098000000283
0.28189080000004196
0.2859925000000203
0.3143360000000257
0.271545500000002
0.30256310000004305
0.2897295000000213


================================================================================
=== delta network layers 4
train_risk
3.1915722
3.2439427
3.2082388
3.1830807
3.2849119
3.2702153
3.3548079
3.2559004
test_risk
3.182892
3.2395551
3.2724938
3.1848137
3.2111933
3.2442567
3.308968
3.312634
test_mean_value
-0.0029688142
-0.008156331
0.002452907
0.0021507628
0.004471569
0.0025354435
-0.005065241
-0.0059380815
test_mean_abs_value
1.0245539
1.0030802
0.95179445
1.0025314
0.98566926
0.9527012
0.9422164
0.91288
test_variance_value
1.5795844
1.4677235
1.3387953
1.4994532
1.4322122
1.3557725
1.3061697
1.245712
test_mean_costs
0.0
0.0
0.0
0.0
0.0
0.0
0.0
0.0
test_mean_abs_costs
0.0
0.0
0.0
0.0
0.0
0.0
0.0
0.0
test_variance_costs
0.0
0.0
0.0
0.0
0.0
0.0
0.0
0.0
test_mean_wealth
-0.97287226
-0.98066264
-0.96259207
-0.96417063
-0.96815187
-0.9697162
-0.9762804
-0.979252
test_mean_abs_wealth
1.1157382
1.119148
1.0931846
1.1084818
1.1071737
1.0983124
1.0949045
1.0871923
test_variance_wealth
0.91542435
0.9254519
0.929482
0.9266244
0.92900664
0.9214601
0.9175191
0.90788585
test_wealth_with_price_abs_mean
0.6648225
0.68270177
0.69030726
0.67940885
0.68740344
0.68123037
0.686806
0.6849889
test_wealth_with_price_variance
0.91542435
0.9254519
0.929482
0.9266244
0.92900664
0.9214601
0.9175191
0.90788585
price
0.97259235
0.97259235
0.97259235
0.97259235
0.97259235
0.97259235
0.97259235
0.97259235
train_time
0.28374840000000745
0.2812389000000053
0.28999069999997573
0.2810607000000118
0.29177839999999833
0.28228439999998045
0.2829646000000139
0.26952040000014676


