================================================================================
=== value network layers 2
train_time
8.065226
4.9501055000000065
4.517100099999993
4.528706700000015
5.5527984
4.630925300000001
4.556044600000007
4.413392900000019


================================================================================
=== twin network layers 2
train_time
8.602720099999999
5.089841200000009
4.790589800000021
4.274876599999999
5.393316399999975
7.029935399999999
5.645814199999961
5.709323100000006


================================================================================
=== delta network layers 2
train_time
2.6442732999999983
1.7650157000000064
2.977731299999988
4.390428600000007
4.110845100000006
1.814809500000024
3.010448800000006
1.7060096000000158


================================================================================
=== value network layers 4
train_time
8.951564599999998
10.283191400000007
10.198446000000018
9.911958699999985
10.076118000000008
10.554945400000008
10.001815999999963
10.498410100000001


================================================================================
=== twin network layers 4
train_time
14.271402799999997
13.3151273
12.972259900000012
12.528125200000005
12.427100800000005
12.31501499999996
11.226852400000041
12.529877099999965


================================================================================
=== delta network layers 4
train_time
6.362914099999998
8.669126700000007
8.462084000000004
6.622298400000005
8.273570800000016
6.8202057999999965
6.365034299999991
8.56696119999998


================================================================================
=== continuous-time
train_risk
3.282395
3.2165244
3.3129969
3.2722108
3.3463404
3.2689428
3.2086258
3.3862355
test_risk
3.2320292
3.2400603
3.2358804
3.2420278
3.236598
3.2343085
3.2318685
3.2411683
test_mean_value
-0.0026888296
-0.0020144852
0.0013972648
-0.0016847576
-0.0025072286
-0.0022536567
-0.0075076986
-0.0021342072
test_mean_abs_value
0.9912322
0.9893155
0.9908104
0.9894556
0.99116796
0.98863316
0.9870282
0.99086857
test_variance_value
1.4412737
1.4327615
1.4388263
1.4334729
1.4381121
1.4303718
1.4253265
1.4378971
test_mean_costs
0.0
0.0
0.0
0.0
0.0
0.0
0.0
0.0
test_mean_abs_costs
0.0
0.0
0.0
0.0
0.0
0.0
0.0
0.0
test_variance_costs
0.0
0.0
0.0
0.0
0.0
0.0
0.0
0.0
test_mean_wealth
-0.96947205
-0.9742827
-0.9743616
-0.9724361
-0.97505593
-0.971546
-0.970099
-0.9729201
test_mean_abs_wealth
1.091246
1.094453
1.0960329
1.0953381
1.0964385
1.0929228
1.0914311
1.095766
test_variance_wealth
0.87009287
0.8726779
0.87663674
0.8798941
0.8755402
0.8713474
0.87037504
0.8808593
test_wealth_with_price_abs_mean
0.6480554
0.6501286
0.6505145
0.65273905
0.6503925
0.64966726
0.64904535
0.65300465
test_wealth_with_price_variance
0.87009287
0.8726779
0.87663674
0.8798941
0.8755402
0.8713474
0.87037504
0.8808593
price
0.9725776
0.9725776
0.9725776
0.9725776
0.9725776
0.9725776
0.9725776
0.9725776
train_time
0.37873559999999884
0.295972699999993
0.2994232000000068
0.31717969999999696
0.3053521000000501
0.32032320000001846
0.2931770999999799
0.3667024000000083


================================================================================
=== value network layers 2
train_risk
4.4085784
4.414357
4.3595448
4.456034
4.480183
4.409941
4.41707
4.498815
test_risk
4.3718085
4.4471536
4.361006
4.4281316
4.3794293
4.403129
4.4059086
4.4172063
test_mean_value
-0.0026394497
5.0481765e-05
0.0025854243
0.0014370605
0.0037176288
0.0010013819
-6.614464e-05
0.0004960273
test_mean_abs_value
0.25868616
0.21035784
0.26395872
0.2169565
0.25919184
0.22942728
0.2340382
0.23744258
test_variance_value
0.10548796
0.07889217
0.10976665
0.078304335
0.108456135
0.08459233
0.09226956
0.09681992
test_mean_costs
0.0
0.0
0.0
0.0
0.0
0.0
0.0
0.0
test_mean_abs_costs
0.0
0.0
0.0
0.0
0.0
0.0
0.0
0.0
test_variance_costs
0.0
0.0
0.0
0.0
0.0
0.0
0.0
0.0
test_mean_wealth
-0.96942264
-0.97221774
-0.97317344
-0.9693142
-0.96883106
-0.9682909
-0.9626574
-0.9702899
test_mean_abs_wealth
1.0262156
1.0308125
1.0345286
1.0256312
1.0371182
1.0234712
1.0236485
1.0356164
test_variance_wealth
1.8449597
1.9760844
1.8501401
1.9374537
1.8869116
1.9043682
1.9105712
1.9328798
test_wealth_with_price_abs_mean
1.0954903
1.1450143
1.0991346
1.1322516
1.1113926
1.1207955
1.1220994
1.1286352
test_wealth_with_price_variance
1.8449597
1.9760844
1.8501401
1.9374537
1.8869116
1.9043682
1.9105712
1.9328798
price
0.9725776
0.9725776
0.9725776
0.9725776
0.9725776
0.9725776
0.9725776
0.9725776
train_time
0.28094899999999967
0.2698807999999957
0.27469149999998876
0.2714202999999884
0.2818646000000058
0.27635979999996607
0.27037029999996776
0.2716793000000166


================================================================================
=== twin network layers 2
train_risk
4.2799535
4.298119
4.2214403
4.256911
4.366201
4.250616
4.2993417
4.2921796
test_risk
4.247218
4.3356323
4.224024
4.2101336
4.2592072
4.2377586
4.299164
4.222586
test_mean_value
-0.0025223359
0.00020248057
0.0021824848
0.00056257105
0.0028833952
0.0006950113
-0.0004104177
0.0007285771
test_mean_abs_value
0.33888108
0.28640866
0.37077662
0.37363887
0.33930656
0.35039422
0.30674613
0.37922117
test_variance_value
0.17099652
0.12694754
0.20842971
0.2089015
0.17296578
0.17910343
0.14241768
0.21176773
test_mean_costs
0.0
0.0
0.0
0.0
0.0
0.0
0.0
0.0
test_mean_abs_costs
0.0
0.0
0.0
0.0
0.0
0.0
0.0
0.0
test_variance_costs
0.0
0.0
0.0
0.0
0.0
0.0
0.0
0.0
test_mean_wealth
-0.9693055
-0.97206575
-0.97357637
-0.97018874
-0.96966535
-0.96859735
-0.96300167
-0.97005737
test_mean_abs_wealth
1.031632
1.0357003
1.0483265
1.0412372
1.0422928
1.0392385
1.0299853
1.0513575
test_variance_wealth
1.6750796
1.8115171
1.6523942
1.6247603
1.7214882
1.6838225
1.7618068
1.6695485
test_wealth_with_price_abs_mean
1.0293171
1.0816523
1.0191393
1.0083748
1.0458599
1.0303231
1.0632856
1.0210038
test_wealth_with_price_variance
1.6750796
1.8115171
1.6523942
1.6247603
1.7214882
1.6838225
1.7618068
1.6695485
price
0.9725776
0.9725776
0.9725776
0.9725776
0.9725776
0.9725776
0.9725776
0.9725776
train_time
0.26992519999999587
0.2734925999999973
0.2696521999999959
0.2717559000000165
0.2737027000000012
0.27062230000001364
0.2798660000000268
0.2711505999999986


================================================================================
=== delta network layers 2
train_risk
4.5392804
4.4942913
4.1165385
4.0936046
4.012898
4.5487404
4.109285
4.650709
test_risk
4.4685006
4.5574036
4.1316605
4.064282
3.8745444
4.543184
4.156091
4.5523977
test_mean_value
-0.004848726
0.018415434
-0.0026807662
-0.0092082685
-0.0049036965
-0.007309877
0.003659406
0.02066443
test_mean_abs_value
0.2439791
0.26639217
0.471401
0.53784657
0.6364543
0.2057955
0.43691337
0.30304426
test_variance_value
0.10208291
0.120101616
0.33888242
0.4367226
0.5866854
0.08062323
0.29632494
0.15730177
test_mean_costs
0.0
0.0
0.0
0.0
0.0
0.0
0.0
0.0
test_mean_abs_costs
0.0
0.0
0.0
0.0
0.0
0.0
0.0
0.0
test_variance_costs
0.0
0.0
0.0
0.0
0.0
0.0
0.0
0.0
test_mean_wealth
-0.97163194
-0.9538528
-0.9784396
-0.97995955
-0.9774524
-0.9766022
-0.95893186
-0.9501215
test_mean_abs_wealth
1.0544698
1.1273445
1.0770224
1.0925838
1.0859973
1.0615859
1.05843
1.1474345
test_variance_wealth
1.9778564
2.2213898
1.5565308
1.5157019
1.3216778
2.1036866
1.581174
2.2328143
test_wealth_with_price_abs_mean
1.1376365
1.2201862
0.97219926
0.9627987
0.88426447
1.184094
0.9881851
1.2220223
test_wealth_with_price_variance
1.9778564
2.2213898
1.5565308
1.5157019
1.3216778
2.1036866
1.581174
2.2328143
price
0.9725776
0.9725776
0.9725776
0.9725776
0.9725776
0.9725776
0.9725776
0.9725776
train_time
0.2727193999999997
0.2802290999999997
0.2760849999999948
0.28377810000000636
0.27858340000000226
0.27192139999999654
0.272189400000002
0.2719266999999945


================================================================================
=== value network layers 4
train_risk
3.2991424
3.2461
3.310661
3.3234024
3.4370959
3.3484209
3.3102195
3.3627343
test_risk
3.2711508
3.2360723
3.2632105
3.2618947
3.3116004
3.3165448
3.3006725
3.2194216
test_mean_value
-0.008266348
-0.0025805528
0.004561884
-0.0022386822
0.005746113
-0.0011248413
-0.007108773
-0.0022029108
test_mean_abs_value
1.0376782
0.9749199
0.9809537
0.9835607
0.9645019
0.90291864
0.98200977
1.0267402
test_variance_value
1.6155642
1.4034673
1.4105957
1.5001758
1.3654742
1.2117589
1.4040873
1.5430489
test_mean_costs
0.0
0.0
0.0
0.0
0.0
0.0
0.0
0.0
test_mean_abs_costs
0.0
0.0
0.0
0.0
0.0
0.0
0.0
0.0
test_variance_costs
0.0
0.0
0.0
0.0
0.0
0.0
0.0
0.0
test_mean_wealth
-0.97504956
-0.97484875
-0.97119695
-0.97299
-0.9668026
-0.9704172
-0.96970004
-0.97298884
test_mean_abs_wealth
1.1171912
1.0999073
1.0989456
1.1043772
1.0944213
1.0818654
1.100884
1.1153017
test_variance_wealth
0.9379053
0.895651
0.9097038
0.9290673
0.92672205
0.90678346
0.9206973
0.9207429
test_wealth_with_price_abs_mean
0.6747719
0.66464376
0.67528856
0.6712414
0.68554604
0.67350334
0.6772903
0.67513967
test_wealth_with_price_variance
0.9379053
0.895651
0.9097038
0.9290673
0.92672205
0.90678346
0.9206973
0.9207429
price
0.9725776
0.9725776
0.9725776
0.9725776
0.9725776
0.9725776
0.9725776
0.9725776
train_time
0.2838860999999966
0.8113078000000087
0.2729832999999928
0.2582720999999992
0.27504750000002787
0.28016110000004346
0.26505759999997736
0.27323610000001963


================================================================================
=== twin network layers 4
train_risk
3.3475037
3.350045
3.3036394
3.2537596
3.327993
3.3153808
3.282398
3.417089
test_risk
3.332554
3.3488808
3.2136748
3.2298093
3.19317
3.2915142
3.3169835
3.2504027
test_mean_value
-0.010207864
0.00083872676
0.002920636
-0.0025742247
0.0029100464
-0.00057178846
-0.0011284518
-0.0011965816
test_mean_abs_value
0.9631943
0.91741985
1.0407199
1.005617
1.0142133
0.9503233
0.9150634
1.0105418
test_variance_value
1.3910514
1.2486842
1.6368271
1.5123286
1.5291644
1.3245534
1.3066263
1.4875338
test_mean_costs
0.0
0.0
0.0
0.0
0.0
0.0
0.0
0.0
test_mean_abs_costs
0.0
0.0
0.0
0.0
0.0
0.0
0.0
0.0
test_variance_costs
0.0
0.0
0.0
0.0
0.0
0.0
0.0
0.0
test_mean_wealth
-0.97699106
-0.97142947
-0.9728382
-0.9733255
-0.96963865
-0.96986413
-0.9637197
-0.97198254
test_mean_abs_wealth
1.1041433
1.0808078
1.1230108
1.1089367
1.1059303
1.0898728
1.0804954
1.1106765
test_variance_wealth
0.94093335
0.91237605
0.94746876
0.9100763
0.90853965
0.90182465
0.93095386
0.92514694
test_wealth_with_price_abs_mean
0.686564
0.67739016
0.6787698
0.6637589
0.67362356
0.67014337
0.6856922
0.6808834
test_wealth_with_price_variance
0.94093335
0.91237605
0.94746876
0.9100763
0.90853965
0.90182465
0.93095386
0.92514694
price
0.9725776
0.9725776
0.9725776
0.9725776
0.9725776
0.9725776
0.9725776
0.9725776
train_time
0.2902111000000005
0.2714603000000011
0.29654410000000553
0.2767757999999958
0.279208600000004
0.2786595000000034
0.2633403000000385
0.2710657000000083


================================================================================
=== delta network layers 4
train_risk
3.5450332
3.6404972
3.3481824
3.3101761
3.438443
3.519727
3.558977
3.6510544
test_risk
3.4869993
3.6489353
3.3471916
3.289228
3.2781448
3.5037253
3.612606
3.540466
test_mean_value
-0.0044173803
0.0106554115
-0.00035438067
-0.0073900633
0.004886105
0.0054888106
0.004386858
0.011458323
test_mean_abs_value
0.79062814
0.7019186
0.9263995
0.93550164
0.9449005
0.8037781
0.70389324
0.81109476
test_variance_value
0.97705823
0.82830596
1.3664278
1.2922693
1.347147
0.94809175
0.86681145
1.001946
test_mean_costs
0.0
0.0
0.0
0.0
0.0
0.0
0.0
0.0
test_mean_abs_costs
0.0
0.0
0.0
0.0
0.0
0.0
0.0
0.0
test_variance_costs
0.0
0.0
0.0
0.0
0.0
0.0
0.0
0.0
test_mean_wealth
-0.9712006
-0.9616128
-0.97611326
-0.97814137
-0.96766263
-0.9638035
-0.9582044
-0.95932764
test_mean_abs_wealth
1.0681423
1.04937
1.1060385
1.1062136
1.0974967
1.0717584
1.0587544
1.0846226
test_variance_wealth
1.0150824
1.1269462
1.0183893
0.95808345
0.96095794
1.0276517
1.1780416
1.1001207
test_wealth_with_price_abs_mean
0.7466195
0.81248456
0.7407081
0.70833516
0.7147516
0.751645
0.8390749
0.78847283
test_wealth_with_price_variance
1.0150824
1.1269462
1.0183893
0.95808345
0.96095794
1.0276517
1.1780416
1.1001207
price
0.9725776
0.9725776
0.9725776
0.9725776
0.9725776
0.9725776
0.9725776
0.9725776
train_time
0.2770391000000032
0.2611907000000002
0.2792289999999866
0.2652219999999943
0.27348469999998315
0.2837135999999987
0.27377930000000106
0.2707580000000007


