================================================================================
=== value network layers 2
train_time
2.798274499999999
3.0357878000000014
2.3131132000000036
2.863921199999993
2.329654600000026
4.077546699999999
2.9994600999999648
2.42799100000002


================================================================================
=== twin network layers 2
train_time
3.6488025000000004
3.5279853000000045
2.85024030000001
3.051231100000024
4.004189800000006
4.414890500000013
3.716489000000024
3.903780499999982


================================================================================
=== delta network layers 2
train_time
2.3828916000000007
1.8457363999999998
1.4891647000000034
2.3234582999999986
1.397357900000003
6.700220399999978
1.628738300000009
1.9843252999999663


================================================================================
=== value network layers 4
train_time
7.649749
7.628434900000002
5.8736470999999995
5.980770300000017
7.695465100000007
9.273926500000016
5.915042400000004
6.080953500000021


================================================================================
=== twin network layers 4
train_time
10.536703800000002
8.832347400000003
8.244680399999993
7.673508999999996
7.1946333999999865
6.168643599999996
9.661348900000007
7.721899599999972


================================================================================
=== delta network layers 4
train_time
5.583163900000002
4.942985900000011
2.6375798000000117
5.121577599999995
2.9251877000000093
5.325490500000001
5.168841200000031
5.691081199999985


================================================================================
=== continuous-time
train_risk
3.1743393
3.3309934
3.237916
3.3480499
3.0649955
3.1752264
3.0965352
3.2560775
test_risk
3.2340639
3.235483
3.235457
3.2436101
3.224647
3.2388654
3.2300406
3.2372744
test_mean_value
-0.0015180256
-0.0005160944
-0.0005855891
-0.003755093
-0.0022561809
-0.0040494557
-0.0018309465
-0.0034233609
test_mean_abs_value
0.9926968
0.9897122
0.99065244
0.9887555
0.98763406
0.98678845
0.9895215
0.98876595
test_variance_value
1.4431989
1.4368016
1.4355568
1.4329091
1.428923
1.4254321
1.4353402
1.4309244
test_mean_costs
0.0
0.0
0.0
0.0
0.0
0.0
0.0
0.0
test_mean_abs_costs
0.0
0.0
0.0
0.0
0.0
0.0
0.0
0.0
test_variance_costs
0.0
0.0
0.0
0.0
0.0
0.0
0.0
0.0
test_mean_wealth
-0.9755259
-0.973716
-0.9740804
-0.97166663
-0.9676609
-0.970175
-0.970003
-0.97373956
test_mean_abs_wealth
1.0974767
1.0963427
1.0953779
1.0942652
1.0893823
1.0914431
1.0928062
1.0930674
test_variance_wealth
0.87566483
0.8793962
0.8727444
0.878166
0.8679501
0.87328005
0.874485
0.8692746
test_wealth_with_price_abs_mean
0.65098584
0.65180254
0.648865
0.65143317
0.6486759
0.6502809
0.65014446
0.6484928
test_wealth_with_price_variance
0.87566483
0.8793962
0.8727444
0.878166
0.8679501
0.87328005
0.874485
0.8692746
price
0.9725776
0.9725776
0.9725776
0.9725776
0.9725776
0.9725776
0.9725776
0.9725776
train_time
0.3959167000000008
0.27968930000000114
0.30175669999999855
0.28736699999998905
0.32074599999998554
0.2997310000000084
0.32260069999995267
0.5198887000000241


================================================================================
=== value network layers 2
train_risk
4.47637
4.5156145
4.3919907
4.529688
4.411066
4.34356
4.4233623
4.563424
test_risk
4.4701247
4.4998026
4.4769316
4.4882164
4.479475
4.475702
4.49757
4.454298
test_mean_value
0.0014560794
0.0012114128
0.0026839145
0.0013740015
0.0015732008
0.002652407
0.0004908471
0.0033314019
test_mean_abs_value
0.19221243
0.16464968
0.18956566
0.17676835
0.17739129
0.18787132
0.15940988
0.20653628
test_variance_value
0.070520505
0.05241874
0.0665522
0.060285896
0.059018403
0.06599657
0.046993926
0.07807838
test_mean_costs
0.0
0.0
0.0
0.0
0.0
0.0
0.0
0.0
test_mean_abs_costs
0.0
0.0
0.0
0.0
0.0
0.0
0.0
0.0
test_variance_costs
0.0
0.0
0.0
0.0
0.0
0.0
0.0
0.0
test_mean_wealth
-0.97255176
-0.97198856
-0.9708109
-0.96653754
-0.96383154
-0.9634732
-0.9676812
-0.9669848
test_mean_abs_wealth
1.0315484
1.0225226
1.0321014
1.0231913
1.0196507
1.023532
1.0133116
1.0338713
test_variance_wealth
2.0233607
2.0539486
2.0208673
2.0356884
2.0192626
2.0106952
2.0378027
1.9975132
test_wealth_with_price_abs_mean
1.1636605
1.1763505
1.163326
1.1699501
1.1651512
1.1608702
1.1715512
1.1551604
test_wealth_with_price_variance
2.0233607
2.0539486
2.0208673
2.0356884
2.0192626
2.0106952
2.0378027
1.9975132
price
0.9725776
0.9725776
0.9725776
0.9725776
0.9725776
0.9725776
0.9725776
0.9725776
train_time
0.27734840000000105
0.27009409999999434
0.26371770000000083
0.27010930000000144
0.2789381999999989
0.29693900000000895
0.2650831999999923
0.319761700000015


================================================================================
=== twin network layers 2
train_risk
4.4780827
4.5151014
4.3979173
4.5104437
4.401747
4.306083
4.43097
4.5570135
test_risk
4.468129
4.4986467
4.477444
4.465936
4.468766
4.4383454
4.505727
4.455455
test_mean_value
0.0009047309
0.0011816311
0.001811147
0.0032565352
0.0013244692
0.0033346652
0.0007375607
0.0022832528
test_mean_abs_value
0.19325523
0.16487086
0.18576764
0.19428553
0.18328732
0.21312726
0.15537183
0.20367718
test_variance_value
0.070983626
0.05181513
0.06365376
0.06803506
0.06154552
0.07910679
0.04563938
0.07628176
test_mean_costs
0.0
0.0
0.0
0.0
0.0
0.0
0.0
0.0
test_mean_abs_costs
0.0
0.0
0.0
0.0
0.0
0.0
0.0
0.0
test_variance_costs
0.0
0.0
0.0
0.0
0.0
0.0
0.0
0.0
test_mean_wealth
-0.9731031
-0.9720183
-0.9716837
-0.96465504
-0.9640803
-0.9627909
-0.96743447
-0.96803296
test_mean_abs_wealth
1.0314227
1.0219362
1.0288846
1.0266396
1.0191692
1.025501
1.0145303
1.0317715
test_variance_wealth
2.019021
2.0509284
2.0172234
2.005625
2.0025005
1.9562114
2.0519567
1.9955469
test_wealth_with_price_abs_mean
1.1619884
1.1752903
1.1622833
1.1590348
1.1591913
1.1408824
1.1765153
1.1544939
test_wealth_with_price_variance
2.019021
2.0509284
2.0172234
2.005625
2.0025005
1.9562114
2.0519567
1.9955469
price
0.9725776
0.9725776
0.9725776
0.9725776
0.9725776
0.9725776
0.9725776
0.9725776
train_time
0.28476900000000427
0.2688090999999986
0.26303249999999423
0.25917689999999993
0.28013130000002207
0.29925050000002784
0.2698649999999816
0.34010150000000294


================================================================================
=== delta network layers 2
train_risk
4.5717025
4.6037426
4.490093
4.605062
4.436397
4.418921
4.498437
4.6395473
test_risk
4.562322
4.5746922
4.5684094
4.5830417
4.5412655
4.555414
4.5669374
4.5424805
test_mean_value
0.006848311
0.012909669
-0.003240013
0.015076101
-0.00030046256
0.018103566
-0.010830765
-0.014359157
test_mean_abs_value
0.14062326
0.21424878
0.112109214
0.18371141
0.14954938
0.22294685
0.15890613
0.18263207
test_variance_value
0.036838993
0.07887794
0.027461464
0.055938408
0.045084573
0.08319021
0.05541438
0.075188875
test_mean_costs
0.0
0.0
0.0
0.0
0.0
0.0
0.0
0.0
test_mean_abs_costs
0.0
0.0
0.0
0.0
0.0
0.0
0.0
0.0
test_variance_costs
0.0
0.0
0.0
0.0
0.0
0.0
0.0
0.0
test_mean_wealth
-0.96715957
-0.96029025
-0.9767348
-0.95283544
-0.9657052
-0.948022
-0.97900283
-0.98467535
test_mean_abs_wealth
1.0376868
1.0876652
1.015167
1.0859636
1.0244834
1.1041431
1.0516878
1.0682589
test_variance_wealth
2.1689754
2.203962
2.1404216
2.2334116
2.1049004
2.203667
2.1449034
2.1258588
test_wealth_with_price_abs_mean
1.2169577
1.2207692
1.207373
1.2359878
1.1950163
1.2223518
1.2005849
1.1930361
test_wealth_with_price_variance
2.1689754
2.203962
2.1404216
2.2334116
2.1049004
2.203667
2.1449034
2.1258588
price
0.9725776
0.9725776
0.9725776
0.9725776
0.9725776
0.9725776
0.9725776
0.9725776
train_time
0.27668400000000304
0.27422879999998884
0.268074299999995
0.26903469999999174
0.2708206000000075
0.27581200000003037
0.26478009999999585
0.32150550000000067


================================================================================
=== value network layers 4
train_risk
3.2212327
3.6044412
3.2531571
3.4191313
3.221867
3.2870464
3.3915699
3.3398318
test_risk
3.274659
3.5129542
3.3111053
3.3129287
3.377564
3.3723779
3.5390198
3.319804
test_mean_value
-0.0019232325
-0.0029265531
0.0026818914
-0.0025441153
-0.0013792146
-0.003408721
-0.0021871508
0.0030261932
test_mean_abs_value
0.9783472
0.8350555
0.92873347
0.92562747
0.86221886
0.93450034
0.78388035
0.97128487
test_variance_value
1.5046309
1.0528696
1.2826623
1.3795998
1.1086038
1.2399191
0.9552895
1.4376657
test_mean_costs
0.0
0.0
0.0
0.0
0.0
0.0
0.0
0.0
test_mean_abs_costs
0.0
0.0
0.0
0.0
0.0
0.0
0.0
0.0
test_variance_costs
0.0
0.0
0.0
0.0
0.0
0.0
0.0
0.0
test_mean_wealth
-0.9759311
-0.9761265
-0.9708129
-0.97045565
-0.96678394
-0.96953434
-0.9703592
-0.96729
test_mean_abs_wealth
1.1054988
1.0803254
1.097402
1.0919985
1.068028
1.0991156
1.0597404
1.0997607
test_variance_wealth
0.9483111
1.0088052
0.94828933
0.9616241
0.92359984
0.96594137
1.00646
0.9468414
test_wealth_with_price_abs_mean
0.6863515
0.735531
0.6940552
0.69822586
0.6945359
0.7101988
0.74139273
0.6859784
test_wealth_with_price_variance
0.9483111
1.0088052
0.94828933
0.9616241
0.92359984
0.96594137
1.00646
0.9468414
price
0.9725776
0.9725776
0.9725776
0.9725776
0.9725776
0.9725776
0.9725776
0.9725776
train_time
0.27466989999999925
0.8112343000000095
0.26599339999999927
0.27713829999999007
0.2670167999999933
0.3106418000000417
0.2627514000000133
0.323914899999977


================================================================================
=== twin network layers 4
train_risk
3.2129817
3.4288588
3.3215885
3.4707382
3.1723888
3.2790864
3.284029
3.2147331
test_risk
3.260452
3.3457527
3.3100095
3.371023
3.3462722
3.3318663
3.409348
3.1776223
test_mean_value
-0.005113816
-0.003787444
-0.0027489911
0.0016418506
-0.0032742412
-0.0013316332
-0.0006185165
-0.00276417
test_mean_abs_value
1.0462582
0.8935937
0.935922
0.879033
0.9066722
0.9866071
0.84193087
1.0411936
test_variance_value
1.6175302
1.2132899
1.2961131
1.1877946
1.2549797
1.4919214
1.1111042
1.6157373
test_mean_costs
0.0
0.0
0.0
0.0
0.0
0.0
0.0
0.0
test_mean_abs_costs
0.0
0.0
0.0
0.0
0.0
0.0
0.0
0.0
test_variance_costs
0.0
0.0
0.0
0.0
0.0
0.0
0.0
0.0
test_mean_wealth
-0.9791217
-0.97698736
-0.9762438
-0.96626973
-0.968679
-0.96745723
-0.9687906
-0.97308034
test_mean_abs_wealth
1.1377119
1.089516
1.0921268
1.0782255
1.0747709
1.10555
1.0674144
1.1253394
test_variance_wealth
0.98202354
0.93773407
0.91240287
0.9447488
0.9113382
0.9745477
0.94570446
0.9363482
test_wealth_with_price_abs_mean
0.6975503
0.68783414
0.67587185
0.69316787
0.68062824
0.70546484
0.7047162
0.6787222
test_wealth_with_price_variance
0.98202354
0.93773407
0.91240287
0.9447488
0.9113382
0.9745477
0.94570446
0.9363482
price
0.9725776
0.9725776
0.9725776
0.9725776
0.9725776
0.9725776
0.9725776
0.9725776
train_time
0.3257090999999974
0.26439200000000085
0.2643714000000017
0.26808990000000676
0.2879244000000085
0.275359299999991
0.2974876999999765
0.3612037999999984


================================================================================
=== delta network layers 4
train_risk
4.2479043
4.3519506
4.4600697
4.3401227
4.310012
3.8506808
4.143704
3.964129
test_risk
4.235606
4.3173923
4.5436764
4.285527
4.4094844
3.9487762
4.2220654
3.9038303
test_mean_value
-0.009928568
0.0007472103
-0.0010598114
0.028008962
-0.045274917
0.010405431
0.0017851794
-0.01858502
test_mean_abs_value
0.3814027
0.29165024
0.1352917
0.45117462
0.53518385
0.5770014
0.36095524
0.5941467
test_variance_value
0.23215547
0.13128422
0.03575614
0.31526917
0.51117176
0.5114635
0.20327203
0.5343449
test_mean_costs
0.0
0.0
0.0
0.0
0.0
0.0
0.0
0.0
test_mean_abs_costs
0.0
0.0
0.0
0.0
0.0
0.0
0.0
0.0
test_variance_costs
0.0
0.0
0.0
0.0
0.0
0.0
0.0
0.0
test_mean_wealth
-0.9839364
-0.97245276
-0.9745546
-0.9399026
-1.0106796
-0.9557202
-0.96638685
-0.9889012
test_mean_abs_wealth
1.0663191
1.0353196
1.0211776
1.1450112
1.316006
1.0726535
1.0392157
1.0853376
test_variance_wealth
1.6959251
1.7847905
2.1048162
1.9045519
2.2280107
1.3933421
1.6541678
1.3495778
test_wealth_with_price_abs_mean
1.0324528
1.074283
1.1946977
1.1046133
1.2158089
0.91340995
1.0247533
0.90128535
test_wealth_with_price_variance
1.6959251
1.7847905
2.1048162
1.9045519
2.2280107
1.3933421
1.6541678
1.3495778
price
0.9725776
0.9725776
0.9725776
0.9725776
0.9725776
0.9725776
0.9725776
0.9725776
train_time
0.2967583000000005
0.26833560000000034
0.27040719999999396
0.2726846000000194
0.2742570999999998
0.291911999999968
0.2759888999999589
0.3582594999999742


