================================================================================
=== value network layers 2
train_time
8.078055800000001
8.43442139999999
8.962932899999998
9.71732320000001
8.921799600000043
8.075020300000006
9.292012399999976
9.498516899999913


================================================================================
=== twin network layers 2
train_time
10.2480085
10.083390900000012
10.132548299999996
11.32425440000003
11.191445999999985
10.998366099999998
10.335727999999904
10.098464699999909


================================================================================
=== delta network layers 2
train_time
2.651469500000001
6.401491499999992
7.2474244
6.512154500000008
5.669910000000016
4.713583800000038
7.183709300000032
5.522552099999984


================================================================================
=== value network layers 4
train_time
17.999899500000005
18.611971199999985
18.213375800000023
17.999241299999994
18.322281299999986
17.94495330000001
19.90177080000001
18.894274800000062


================================================================================
=== twin network layers 4
train_time
25.58639269999999
14.664181999999983
22.86691700000003
22.627594099999953
24.978504499999985
15.63629960000003
24.638664699999936
25.70238470000004


================================================================================
=== delta network layers 4
train_time
15.660333399999999
15.24381439999999
10.927623399999959
15.6212089
15.302683299999956
15.636392600000022
13.636179500000026
14.46109249999995


================================================================================
=== continuous-time
train_risk
3.108922
3.1401372
3.200451
3.1354852
3.250414
3.2129533
3.2646015
3.219984
test_risk
3.2380753
3.233197
3.2417147
3.236727
3.2475595
3.230233
3.2449617
3.2409487
test_mean_value
-0.0051103593
-0.0051138857
-0.00089219277
-0.004915639
-0.0023086525
-0.0030387258
-0.0018054608
0.0016024737
test_mean_abs_value
0.987694
0.98814327
0.98915374
0.9888836
0.9891788
0.9885275
0.9895944
0.9898038
test_variance_value
1.4293292
1.4281466
1.4339927
1.4315405
1.43234
1.4310529
1.4370251
1.4371237
test_mean_costs
0.0
0.0
0.0
0.0
0.0
0.0
0.0
0.0
test_mean_abs_costs
0.0
0.0
0.0
0.0
0.0
0.0
0.0
0.0
test_variance_costs
0.0
0.0
0.0
0.0
0.0
0.0
0.0
0.0
test_mean_wealth
-0.9723024
-0.97327584
-0.9723283
-0.9739898
-0.97748864
-0.9711987
-0.9714768
-0.97364944
test_mean_abs_wealth
1.0943563
1.0939463
1.0941606
1.0952992
1.0989126
1.0916386
1.0941979
1.0954057
test_variance_wealth
0.8763612
0.87023896
0.8776013
0.8734674
0.8811596
0.8677836
0.8801892
0.8774465
test_wealth_with_price_abs_mean
0.65176713
0.6494434
0.651105
0.64939076
0.65293795
0.6479122
0.6510737
0.65247315
test_wealth_with_price_variance
0.8763612
0.87023896
0.8776013
0.8734674
0.8811596
0.8677836
0.8801892
0.8774465
price
0.9725776
0.9725776
0.9725776
0.9725776
0.9725776
0.9725776
0.9725776
0.9725776
train_time
0.31732410000000755
0.3257601999999906
0.3179446999999982
0.4079636000000164
0.4246933000000013
0.2964981999999736
0.30759999999997945
0.33765919999996186


================================================================================
=== value network layers 2
train_risk
4.0127044
3.8251934
4.028757
3.880242
3.9066913
3.9112163
4.0068197
3.8838637
test_risk
4.0956993
3.928711
4.0810976
3.9817472
3.908259
3.9001465
3.9987993
3.9223588
test_mean_value
-0.004923712
-0.0028085425
-0.0014848294
-0.00038241837
-0.0002743416
0.0018833928
0.0009992348
0.0004446117
test_mean_abs_value
0.4575844
0.55443215
0.46522567
0.51863074
0.563519
0.5715369
0.5227091
0.5500209
test_variance_value
0.29619655
0.43564093
0.30482128
0.3774599
0.45218962
0.46104246
0.38762796
0.42667887
test_mean_costs
0.0
0.0
0.0
0.0
0.0
0.0
0.0
0.0
test_mean_abs_costs
0.0
0.0
0.0
0.0
0.0
0.0
0.0
0.0
test_variance_costs
0.0
0.0
0.0
0.0
0.0
0.0
0.0
0.0
test_mean_wealth
-0.97211576
-0.9709705
-0.97292095
-0.96945655
-0.97545433
-0.9662766
-0.9686721
-0.9748073
test_mean_abs_wealth
1.0535058
1.051687
1.0537264
1.0504397
1.0520154
1.0500506
1.0555049
1.0489446
test_variance_wealth
1.5183439
1.3192245
1.496274
1.3840884
1.2964118
1.2938915
1.3979596
1.3109775
test_wealth_with_price_abs_mean
0.95706636
0.8775205
0.94838375
0.90427315
0.86766016
0.86574405
0.9091841
0.87363815
test_wealth_with_price_variance
1.5183439
1.3192245
1.496274
1.3840884
1.2964118
1.2938915
1.3979596
1.3109775
price
0.9725776
0.9725776
0.9725776
0.9725776
0.9725776
0.9725776
0.9725776
0.9725776
train_time
0.28778240000001176
0.2936331000000223
0.31052879999998595
0.3696638000000121
0.3328041000000326
0.277048900000068
0.2853521000000683
0.28092849999995906


================================================================================
=== twin network layers 2
train_risk
3.5972292
3.558493
3.6416423
3.5075471
3.7603822
3.6520634
3.652067
3.56491
test_risk
3.6919537
3.6783915
3.7143373
3.6046476
3.7528627
3.6343348
3.603792
3.5942843
test_mean_value
-0.0047944156
-0.0036880884
-0.00040479886
-0.000721135
-0.0009372074
0.00035305938
-0.0014594992
0.002225488
test_mean_abs_value
0.6902793
0.72121656
0.7015528
0.7440339
0.678293
0.72652215
0.7537571
0.76075464
test_variance_value
0.682167
0.7286785
0.69663423
0.80096275
0.64268214
0.76291823
0.8333291
0.8197876
test_mean_costs
0.0
0.0
0.0
0.0
0.0
0.0
0.0
0.0
test_mean_abs_costs
0.0
0.0
0.0
0.0
0.0
0.0
0.0
0.0
test_variance_costs
0.0
0.0
0.0
0.0
0.0
0.0
0.0
0.0
test_mean_wealth
-0.9719864
-0.97185004
-0.9718409
-0.9697952
-0.9761172
-0.9678069
-0.97113085
-0.97302645
test_mean_abs_wealth
1.0566784
1.0675207
1.0656924
1.0622272
1.0692149
1.0569516
1.0632098
1.0684488
test_variance_wealth
1.1106894
1.1166846
1.1364825
1.0590307
1.1792475
1.0689619
1.0530089
1.0570284
test_wealth_with_price_abs_mean
0.7880963
0.789753
0.7981468
0.76650155
0.8152252
0.7692898
0.764059
0.76326114
test_wealth_with_price_variance
1.1106894
1.1166846
1.1364825
1.0590307
1.1792475
1.0689619
1.0530089
1.0570284
price
0.9725776
0.9725776
0.9725776
0.9725776
0.9725776
0.9725776
0.9725776
0.9725776
train_time
0.2861383000000046
0.2797093000000075
0.29933160000001635
0.3842920000000163
0.30709550000000263
0.2829538999999386
0.27464579999991656
0.2812331999999742


================================================================================
=== delta network layers 2
train_risk
4.4836707
3.2388742
3.5239606
3.5122502
3.5656612
3.5494547
3.511372
3.375723
test_risk
4.531062
3.3358805
3.5679367
3.6163955
3.5389109
3.557453
3.4712002
3.414609
test_mean_value
0.021199973
-0.0026534705
0.004573253
0.004627481
-0.0022361947
-0.012002875
-0.028866457
0.008607622
test_mean_abs_value
0.26165694
0.9123158
0.78707623
0.7361308
0.800626
0.8018374
0.8822085
0.884981
test_variance_value
0.11608537
1.2030897
0.9067276
0.79614836
0.9057395
0.92026275
1.1700547
1.1187252
test_mean_costs
0.0
0.0
0.0
0.0
0.0
0.0
0.0
0.0
test_mean_abs_costs
0.0
0.0
0.0
0.0
0.0
0.0
0.0
0.0
test_variance_costs
0.0
0.0
0.0
0.0
0.0
0.0
0.0
0.0
test_mean_wealth
-0.94599205
-0.9708154
-0.96686286
-0.96444666
-0.9774162
-0.98016286
-0.9985378
-0.9666443
test_mean_abs_wealth
1.1234162
1.0887536
1.0753413
1.0661954
1.0788401
1.0791186
1.1244878
1.0918663
test_variance_wealth
2.1968272
0.9436922
1.0559813
1.0886546
1.0311805
1.0414642
1.1157608
1.0020869
test_wealth_with_price_abs_mean
1.21687
0.7102202
0.76205915
0.77723587
0.74877965
0.76673675
0.838059
0.74279845
test_wealth_with_price_variance
2.1968272
0.9436922
1.0559813
1.0886546
1.0311805
1.0414642
1.1157608
1.0020869
price
0.9725776
0.9725776
0.9725776
0.9725776
0.9725776
0.9725776
0.9725776
0.9725776
train_time
0.28330599999999606
0.2825004999999976
0.2887772000000268
0.39459970000001476
0.313555899999983
0.2802050000000236
0.2959495999999717
0.32563149999998586


================================================================================
=== value network layers 4
train_risk
3.11101
3.1814167
3.2338452
3.1226027
3.2977877
3.3041325
3.2908077
3.287705
test_risk
3.264767
3.2374487
3.276973
3.1872299
3.3189497
3.2798817
3.2840729
3.2694104
test_mean_value
-0.009083479
-0.0068757506
-0.00078937155
-0.0020762503
-0.0008169398
0.0024015664
0.0019999547
0.0003952746
test_mean_abs_value
0.9654575
1.0037433
0.9996483
0.9948354
0.9880053
0.9933461
1.0077453
0.96869797
test_variance_value
1.3658376
1.4744606
1.4832927
1.5521072
1.4835923
1.4879903
1.5419481
1.4179521
test_mean_costs
0.0
0.0
0.0
0.0
0.0
0.0
0.0
0.0
test_mean_abs_costs
0.0
0.0
0.0
0.0
0.0
0.0
0.0
0.0
test_variance_costs
0.0
0.0
0.0
0.0
0.0
0.0
0.0
0.0
test_mean_wealth
-0.9762755
-0.9750377
-0.9722255
-0.97115034
-0.9759969
-0.9657584
-0.9676714
-0.9748567
test_mean_abs_wealth
1.0993407
1.1085387
1.1065905
1.1177171
1.1011078
1.100855
1.0971744
1.104401
test_variance_wealth
0.90117747
0.8971017
0.9220938
0.95687336
0.9152833
0.93006134
0.91451985
0.92081875
test_wealth_with_price_abs_mean
0.66989094
0.65977085
0.6693184
0.6738354
0.6640472
0.67808074
0.6649671
0.66909176
test_wealth_with_price_variance
0.90117747
0.8971017
0.9220938
0.95687336
0.9152833
0.93006134
0.91451985
0.92081875
price
0.9725776
0.9725776
0.9725776
0.9725776
0.9725776
0.9725776
0.9725776
0.9725776
train_time
0.272757299999995
0.8166598999999906
0.3007855000000177
0.40682099999997945
0.6543282999999747
0.27435800000000654
0.29781500000001415
0.2884108999999171


================================================================================
=== twin network layers 4
train_risk
3.233364
3.1827905
3.2421124
3.1417418
3.2752073
3.2837424
3.2733047
3.2523985
test_risk
3.3794436
3.219285
3.298396
3.2643926
3.2918448
3.2621288
3.2620285
3.2103407
test_mean_value
-0.008015903
-0.008056835
0.0019262407
-0.00017668284
-0.0032504783
-1.6311706e-05
-0.0035886683
0.002922538
test_mean_abs_value
0.91599137
1.0217774
0.9779666
0.98066777
0.96649015
0.9762266
0.9936755
1.0208966
test_variance_value
1.2661723
1.5430571
1.4086018
1.4493209
1.3721594
1.4183886
1.487656
1.5521048
test_mean_costs
0.0
0.0
0.0
0.0
0.0
0.0
0.0
0.0
test_mean_abs_costs
0.0
0.0
0.0
0.0
0.0
0.0
0.0
0.0
test_variance_costs
0.0
0.0
0.0
0.0
0.0
0.0
0.0
0.0
test_mean_wealth
-0.9752079
-0.9762188
-0.96950984
-0.9692508
-0.97843045
-0.96817625
-0.97326
-0.9723294
test_mean_abs_wealth
1.0832016
1.1090099
1.0890658
1.0963988
1.096591
1.087199
1.0983907
1.1098576
test_variance_wealth
0.9203983
0.89235574
0.89268535
0.9051222
0.89796954
0.8802332
0.9011678
0.9024268
test_wealth_with_price_abs_mean
0.6809362
0.65664345
0.66191626
0.6653929
0.66612136
0.6559686
0.65926605
0.6604033
test_wealth_with_price_variance
0.9203983
0.89235574
0.89268535
0.9051222
0.89796954
0.8802332
0.9011678
0.9024268
price
0.9725776
0.9725776
0.9725776
0.9725776
0.9725776
0.9725776
0.9725776
0.9725776
train_time
0.2707202999999936
0.2777883999999915
0.2921656999999982
0.6815887999999859
0.29873630000003004
0.2771652000000131
0.30214699999999084
0.28703669999993053


================================================================================
=== delta network layers 4
train_risk
3.347244
3.1436746
3.3677835
3.204912
3.2926168
3.179597
3.2281866
3.1715236
test_risk
3.4682992
3.1800814
3.3514094
3.3188708
3.3025615
3.2286873
3.2503936
3.163441
test_mean_value
0.0019143742
-0.0045666182
0.008833544
0.0022015637
-0.0039490005
-0.018194338
-0.03323995
0.012810935
test_mean_abs_value
0.79226387
1.014676
0.901629
0.90898746
0.9190758
0.97598934
1.0303811
1.0476854
test_variance_value
1.0061842
1.5364395
1.2426106
1.2727596
1.2520665
1.435933
1.6471719
1.6444892
test_mean_costs
0.0
0.0
0.0
0.0
0.0
0.0
0.0
0.0
test_mean_abs_costs
0.0
0.0
0.0
0.0
0.0
0.0
0.0
0.0
test_variance_costs
0.0
0.0
0.0
0.0
0.0
0.0
0.0
0.0
test_mean_wealth
-0.9652776
-0.97272855
-0.96260256
-0.9668726
-0.979129
-0.9863543
-1.0029113
-0.96244097
test_mean_abs_wealth
1.0610151
1.1188563
1.0849199
1.085734
1.0939746
1.115403
1.1583021
1.1234426
test_variance_wealth
1.0068576
0.9350361
0.9742321
0.94730896
0.9233287
0.9411308
1.0936463
0.9588482
test_wealth_with_price_abs_mean
0.74709547
0.68433696
0.7234154
0.7002161
0.68807894
0.70736337
0.8220056
0.69483703
test_wealth_with_price_variance
1.0068576
0.9350361
0.9742321
0.94730896
0.9233287
0.9411308
1.0936463
0.9588482
price
0.9725776
0.9725776
0.9725776
0.9725776
0.9725776
0.9725776
0.9725776
0.9725776
train_time
0.2684800999999908
0.2757269999999892
0.28847760000002154
0.5532617000000073
0.28509359999998196
0.2838577999999643
0.2997952000000623
0.2923329999999851


