================================================================================
=== value network
train time
7.3588889,7.893144300000003,7.419787100000001,7.299304300000003,7.436776199999997,7.465018000000001,7.421851900000007,7.583625899999987
mean squared error
0.00036039195,0.00045348596,0.00028921338,0.00064702,0.00036985142,0.00041753697,0.000580029,0.0003558481,0.00029882943
0.00030502095,0.0005083146,0.00030870398,0.00022871926,0.00047078496,0.00033915922,0.0002607609,0.0002796222,0.00039324956
0.0005176547,0.0004113533,0.0008268438,0.00067276444,0.0003669858,0.0009589617,0.0005042354,0.0010238647,0.00069282454
0.0004856973,0.00055152876,0.0005831006,0.0005921093,0.0006953668,0.00058539514,0.00059021433,0.00049091526,0.0004881139
0.00041966603,0.00049744715,0.00031497193,0.00043710825,0.00037594096,0.00043294314,0.00042937588,0.0003391506,0.0002694597
0.00040255592,0.000713547,0.00080645265,0.0006290427,0.0006901483,0.0007641023,0.0006459236,0.00059515936,0.0005280753
0.00053160806,0.00088978594,0.00050589227,0.00048825314,0.0008228953,0.00044927857,0.0007852075,0.0005887331,0.0006093484
0.0009550164,0.0008346104,0.00047782948,0.00088604935,0.0006580456,0.0006275662,0.0006192579,0.00065881934,0.00040322207
mean absolute error
0.0141807,0.016389132,0.013309296,0.018341789,0.014987737,0.015605333,0.017667733,0.015069572,0.013466785
0.013635023,0.017455151,0.013375959,0.0116822,0.016149132,0.013825987,0.012739834,0.013201094,0.014604518
0.016073078,0.015053828,0.01818503,0.01962653,0.014278322,0.018325392,0.016631175,0.022102023,0.018345833
0.016603345,0.017485095,0.018261725,0.017770734,0.019703586,0.018522821,0.018939352,0.017508153,0.017567134
0.015561826,0.016691526,0.0138239665,0.01578349,0.01487392,0.01596623,0.015608093,0.0135555975,0.012737616
0.015549323,0.020339651,0.020530712,0.018917577,0.020307522,0.01980882,0.018660545,0.017599206,0.01807882
0.017958436,0.022927465,0.017325616,0.017292494,0.023610067,0.015624288,0.022100804,0.01866637,0.018924901
0.02251883,0.021388844,0.016894318,0.021369964,0.019290356,0.016950773,0.01860705,0.019337632,0.015182109


================================================================================
=== twin network
train time
8.584494599999998,8.7989405,3.2336034,8.678459799999999,8.801690999999991,8.740827299999992,2.4078317000000027,8.773984200000001
mean squared error
3.9471553e-05,1.9461935e-05,4.0141316e-05,3.970987e-05,3.755754e-05,4.501429e-05,4.2534226e-05,4.681851e-05,4.309888e-05
4.951505e-05,4.7113725e-05,4.06824e-05,4.59294e-05,4.144039e-05,4.2598916e-05,4.8016296e-05,4.8821414e-05,4.159173e-05
6.124722e-05,5.973307e-05,0.00010349559,9.806016e-05,9.726648e-05,4.6244422e-05,4.512746e-05,5.682133e-05,5.2719064e-05
5.2576663e-05,7.7596036e-05,4.8528123e-05,6.0835737e-05,2.0615536e-05,1.5608086e-05,4.0673356e-05,5.341655e-05,5.044689e-05
2.7460625e-05,2.5557287e-05,3.2144817e-05,4.901944e-05,3.808406e-05,4.598156e-05,3.1331143e-05,2.5913541e-05,2.72779e-05
6.548809e-05,8.168724e-05,7.001052e-05,7.4089396e-05,5.432079e-05,8.900719e-05,7.849366e-05,7.255484e-05,6.923599e-05
0.00017224657,6.825061e-05,4.8089893e-05,3.7688274e-05,4.850537e-05,8.7221255e-05,6.4800086e-05,7.824285e-05,5.2168678e-05
3.9731247e-05,5.014873e-05,4.3444405e-05,5.6907164e-05,4.210245e-05,4.7839607e-05,6.158252e-05,5.3176926e-05,3.215095e-05
mean absolute error
0.0048840563,0.0034202705,0.0049051163,0.0047032004,0.0047365725,0.005082939,0.0049855253,0.0052639404,0.005067512
0.005304464,0.0050879773,0.0049352436,0.0052427854,0.005184922,0.0049774707,0.0052692797,0.0053930865,0.004867609
0.0060520265,0.006021116,0.008373993,0.007853034,0.008121149,0.0051128017,0.0051542353,0.0057494817,0.0054090573
0.0055336524,0.0067708753,0.005231281,0.0060209995,0.003543158,0.0029431789,0.004831744,0.005472204,0.0053891293
0.004137702,0.004063808,0.0042416523,0.005475377,0.0049415585,0.0052653253,0.004353264,0.0041767643,0.00399796
0.00633206,0.0068335733,0.0063463748,0.0066224667,0.005798356,0.007241981,0.007008325,0.0065868716,0.0065033343
0.011762002,0.006659692,0.0055299364,0.004869419,0.0053756926,0.007640644,0.0060970485,0.007329267,0.005751273
0.004867468,0.0054976135,0.004980011,0.005788849,0.004975784,0.005272207,0.0060090893,0.005648087,0.0043983734


================================================================================
=== delta network
train time
6.430487800000002,6.433324400000004,7.3843293999999915,6.446118900000002,6.315832499999999,6.481495499999994,6.292438400000009,6.205765899999989
mean squared error
4.2212003e-05,2.5942338e-05,3.9896862e-05,3.7353737e-05,2.912413e-05,3.248116e-05,3.8041067e-05,3.984898e-05,4.0141193e-05
4.089787e-05,3.7843376e-05,3.363081e-05,3.5590314e-05,4.34094e-05,3.372906e-05,4.5760415e-05,4.4490407e-05,4.104368e-05
4.168159e-05,5.8365255e-05,3.7342856e-05,4.315636e-05,4.6260502e-05,4.143181e-05,4.6561083e-05,3.8821894e-05,2.8673136e-05
3.4429384e-05,3.788738e-05,3.4229157e-05,3.3292745e-05,3.7235848e-05,3.4160144e-05,3.7390142e-05,3.7720656e-05,4.7330905e-05
5.706054e-05,5.8744892e-05,3.1275686e-05,4.978418e-05,6.984862e-05,4.4895318e-05,3.613565e-05,4.7422116e-05,4.8204944e-05
5.1406463e-05,4.765473e-05,3.9000923e-05,3.7391193e-05,3.662477e-05,4.3357046e-05,5.744153e-05,4.3934244e-05,6.8003705e-05
3.7801266e-05,3.953203e-05,3.4608434e-05,4.329261e-05,3.450827e-05,3.1983516e-05,3.508411e-05,4.254391e-05,3.5372075e-05
3.7441157e-05,4.0643397e-05,3.2376556e-05,3.5735746e-05,3.6810667e-05,4.269094e-05,3.642666e-05,4.2929863e-05,3.6957357e-05
mean absolute error
0.005161898,0.004068538,0.005046305,0.004792857,0.0042800414,0.0044996496,0.0049460046,0.005095693,0.0049001114
0.005102833,0.004884655,0.004625682,0.0047718673,0.005278013,0.0046310746,0.005445858,0.005264698,0.005084385
0.005211039,0.006143906,0.004898557,0.005239395,0.0054740044,0.005124052,0.0054212757,0.004972257,0.0042715054
0.0046198955,0.0048752544,0.0046593435,0.0045952736,0.004909993,0.0046698693,0.004799361,0.004857696,0.005419494
0.006012628,0.0062051546,0.0044415,0.005749909,0.006781954,0.00545701,0.004808377,0.005554349,0.0056380075
0.005715742,0.005598867,0.004955004,0.004888288,0.0048360894,0.0051377323,0.0060421797,0.005279264,0.006619608
0.0048585725,0.004883189,0.0046745227,0.005153429,0.0046462207,0.004498087,0.004720887,0.00511632,0.0047056656
0.0048010126,0.0050484645,0.004498086,0.004713726,0.0047717006,0.0051016505,0.0047928398,0.0051787803,0.004789996


