================================================================================
=== value network
train_time
7.227641800000001
9.281059100000004
7.375425400000005
7.303619999999995
7.2530617000000035
7.316956500000003
7.363997399999988
7.362369700000016
7.278882100000004
7.219918699999994
7.452112
7.318343499999969
7.320791600000007
9.819249499999955
7.91350349999999
7.23804530000001
7.464275199999975
7.3058598000000075
7.431332800000007
7.154979700000013
7.309395399999971
7.192270300000018
7.262435000000096
7.267872300000022
7.2278391999999485
7.459847200000013
7.407943199999977
7.48123140000007
7.222611700000016
7.527281700000003
7.3504054
7.361937300000022
7.662891299999956
7.30452559999992
7.324382700000001
7.1680920000000015
7.459352399999943
7.237119900000039
7.076670700000022
7.272178499999995
7.681713700000046
7.380524800000103
7.245599699999957
7.123458000000028
7.421833699999979
7.862828600000057
7.266608000000133
8.692727699999978
7.155139700000063
7.312021799999911
7.275715300000002
7.3511899000000085
7.350741800000151
7.423450300000013
7.2774025000001075
7.500675300000012
7.370181700000103
7.2878941000001305
7.498847700000169
7.310295300000007
7.310753100000056
7.30555860000004
7.896867100000009
7.45132290000015
7.235064499999908
7.235572000000047
7.217124900000044
7.348477200000161
7.303830700000162
7.259096900000031
4.481695299999956
7.255633900000021
7.3358771000000615
4.605163700000048
7.381747800000085
7.423260999999911
7.578220000000101
7.328347399999984
7.399303400000008
7.326248799999803
7.304621100000077
7.339579100000037
7.436396999999943
7.349879800000053
7.289823399999932
7.2792515000001
8.536121699999967
7.396743000000242
7.268471000000318
7.284030499999972
7.44826299999977
7.264494399999876
7.4646662999998625
7.415148700000373
4.639584600000035
7.2317213000001175
7.890053799999805
7.424367499999789
7.3580111999999644
7.497420800000327
7.369636299999911
7.702764399999978
7.396545099999912
7.257224699999824
7.269724799999949
7.309995699999945
7.24973829999999
7.482246500000201
7.543778900000234
7.664654700000028
7.314496299999973
7.310859300000175
7.4110860000000685
7.508667600000081
7.339129500000126
7.257922000000235
7.948884099999759
7.3422693000002255
4.542382399999951
7.400286099999903
7.2745255999998335
8.078347699999995
7.3932355000001735
7.558647199999996
7.411011400000007
7.277794900000117
7.416956600000049
7.300955199999862
test_delta_mean_squared_error
0.034236226230859756
0.031039342284202576
0.027171755209565163
0.03138447180390358
0.02449934184551239
0.030910072848200798
0.03016025386750698
0.027468152344226837
0.028831955045461655
0.029261840507388115
0.025478007271885872
0.02715463750064373
0.027349893003702164
0.030036598443984985
0.026727793738245964
0.02657059207558632
0.0249077957123518
0.027017440646886826
0.026001013815402985
0.02851133607327938
0.02932487241923809
0.0331965871155262
0.028174154460430145
0.02816692739725113
0.028477933257818222
0.025431454181671143
0.029524849727749825
0.02963581681251526
0.02840692177414894
0.03321640565991402
0.028512921184301376
0.029607342556118965
0.03329242020845413
0.027294812723994255
0.024049431085586548
0.01968633010983467
0.02735302224755287
0.029406864196062088
0.028048645704984665
0.028660248965024948
0.02966512367129326
0.02714874967932701
0.02885153517127037
0.026721497997641563
0.026247570291161537
0.029744362458586693
0.03063025325536728
0.02727898769080639
0.026987744495272636
0.03270098567008972
0.02908170595765114
0.0264140497893095
0.026826826855540276
0.026162778958678246
0.025320209562778473
0.03239370882511139
0.02865857258439064
0.028921490535140038
0.023667538538575172
0.025529904291033745
0.02805176004767418
0.026069585233926773
0.03010072186589241
0.031843990087509155
0.028377041220664978
0.028187042102217674
0.029243499040603638
0.02827712707221508
0.027729371562600136
0.027281366288661957
0.028426164761185646
0.030398424714803696
0.029927799478173256
0.02728039026260376
0.027356551960110664
0.026208696886897087
0.029245877638459206
0.029626384377479553
0.030237874016165733
0.030358001589775085
0.0292098019272089
0.03069404326379299
0.02758781611919403
0.024679506197571754
0.031344737857580185
0.02306840568780899
0.027304528281092644
0.021928638219833374
0.025637425482273102
0.03336651250720024
0.03227072209119797
0.02658778801560402
0.02827751822769642
0.026648761704564095
0.028682753443717957
0.028255673125386238
0.03428325057029724
0.02439732477068901
0.028476491570472717
0.0270936768501997
0.027403144165873528
0.02608421817421913
0.028453877195715904
0.029901988804340363
0.026329761371016502
0.02834021858870983
0.029023680835962296
0.03036498837172985
0.026599930599331856
0.02953615039587021
0.02407008782029152
0.030541138723492622
0.028558939695358276
0.03318459540605545
0.029034115374088287
0.034278880804777145
0.025015419349074364
0.02544327825307846
0.026134969666600227
0.03007112257182598
0.027761779725551605
0.027837222442030907
0.029901627451181412
0.03009948320686817
0.026543300598859787
0.026680229231715202
0.03192055597901344
0.03402169421315193
test_delta_mean_absolute_error
0.08816954493522644
0.0791243389248848
0.06889147311449051
0.0800301656126976
0.06257788836956024
0.07922911643981934
0.07722506672143936
0.07048025727272034
0.07477428019046783
0.07549429684877396
0.06538040190935135
0.0695105567574501
0.0694374218583107
0.07697746902704239
0.06798309087753296
0.06786809116601944
0.06438512355089188
0.06891480833292007
0.06668239086866379
0.07279723137617111
0.07455378770828247
0.08545464277267456
0.07240279763936996
0.07212408632040024
0.07264725118875504
0.0651296079158783
0.07513173669576645
0.07646651566028595
0.07287181913852692
0.08586541563272476
0.07282707095146179
0.075704425573349
0.08569642901420593
0.06962175667285919
0.061157774180173874
0.0509185716509819
0.0694253146648407
0.07470971345901489
0.0723523199558258
0.07350832223892212
0.0750139057636261
0.0688624233007431
0.07369522005319595
0.06872524321079254
0.06672794371843338
0.07624281197786331
0.07919614762067795
0.07003088295459747
0.06920414417982101
0.08434537053108215
0.07378843426704407
0.06798391789197922
0.06826520711183548
0.06621479988098145
0.06496768444776535
0.08308584988117218
0.07312771677970886
0.07417590916156769
0.06094422936439514
0.06534774601459503
0.07224036008119583
0.06730376929044724
0.07744385302066803
0.08172397315502167
0.07322835177183151
0.0729852169752121
0.07506006956100464
0.0727507621049881
0.07040702551603317
0.06993427127599716
0.07293644547462463
0.07791253179311752
0.07719717174768448
0.06981146335601807
0.06984440982341766
0.06702733039855957
0.0749223604798317
0.0759209617972374
0.07743363827466965
0.07698409259319305
0.07501012086868286
0.07843190431594849
0.07052883505821228
0.06387065351009369
0.08048752695322037
0.05938161164522171
0.06866627931594849
0.05704352632164955
0.0660819485783577
0.08653423190116882
0.08303166180849075
0.06876449286937714
0.07295627146959305
0.06847971677780151
0.07334798574447632
0.07300638407468796
0.0885278508067131
0.061053499579429626
0.0720515176653862
0.06905505806207657
0.07075474411249161
0.06807565689086914
0.07294546812772751
0.07774204015731812
0.06707467883825302
0.07284229248762131
0.07418442517518997
0.07861755788326263
0.06720836460590363
0.0756101906299591
0.06141654774546623
0.07892623543739319
0.07388446480035782
0.0850396379828453
0.07442483305931091
0.08846517652273178
0.06438840180635452
0.06523338705301285
0.06693337857723236
0.0770178735256195
0.07099974900484085
0.07082271575927734
0.07655193656682968
0.07600922882556915
0.06803002953529358
0.0685037299990654
0.08219099044799805
0.08694913983345032


================================================================================
=== twin network
train_time
8.257773399999998
8.762064899999999
8.786560600000001
8.646715999999998
8.918791900000002
8.653592900000007
8.983478200000008
8.633776699999999
8.579484400000013
8.9721428
8.438567999999975
8.564698099999987
8.69856550000003
8.65235530000001
8.622572600000012
8.781419400000004
8.6133327
9.032077200000003
8.891691200000025
8.690366700000027
8.617563399999995
8.59087569999997
5.984517199999914
8.712075299999924
6.248877900000025
10.719809599999962
8.80157840000004
7.460239600000023
8.763582600000063
9.535509299999944
8.761857100000043
8.813454799999931
8.672650900000008
8.517787399999975
8.621620699999994
8.595056799999952
8.774583300000018
11.269773600000008
8.812418999999977
8.9106405
8.604369799999859
8.61919869999997
8.509616899999855
7.336031699999921
8.643563800000038
8.595517999999856
8.704866000000038
8.605668700000024
8.827038399999992
6.924545099999932
8.660016900000073
8.806953499999963
6.158442700000023
6.212892399999873
8.451469999999972
8.58552880000002
8.646191700000145
8.648001300000033
8.874293500000022
6.854659299999867
8.715109100000063
8.772273400000131
8.637185100000124
8.700342800000044
8.545957599999838
8.63199940000004
8.615099900000132
8.44593400000008
8.646232300000065
8.701964399999952
5.530366900000217
6.315578499999901
8.60758820000001
7.350705500000004
10.580649099999846
8.533553700000084
6.367950800000017
8.681871999999885
8.868039299999964
7.250543099999959
8.724919600000021
8.70515690000002
8.54218149999997
6.355462299999999
8.5424009999997
8.687705499999993
8.681497900000068
8.859986700000263
8.680836199999703
8.62697739999976
8.743289100000311
8.789122900000166
8.401067799999964
8.536416599999939
8.609989099999893
8.701801700000033
8.728702200000043
8.648227700000007
9.346941199999947
8.62467259999994
8.648162099999809
8.640872399999807
8.79693529999986
6.31147269999974
8.596082700000352
8.62449579999975
8.572620299999926
8.770351000000119
8.65991890000032
8.765874299999723
9.406316599999627
8.59672449999971
11.614314500000091
5.916698499999711
8.784189099999821
8.747925300000134
8.756115399999999
8.73793939999996
5.525691299999835
8.788130599999931
7.23589579999998
8.872685900000306
8.764811199999713
8.74041699999998
8.810903800000233
8.742692499999976
8.73493039999994
7.081100100000185
test_delta_mean_squared_error
0.02175852097570896
0.01835433393716812
0.02123355306684971
0.021056240424513817
0.01751863956451416
0.022991487756371498
0.022052597254514694
0.017807800322771072
0.019243165850639343
0.021113207563757896
0.02044210396707058
0.017936114221811295
0.023123854771256447
0.01705067791044712
0.01831287518143654
0.024216214194893837
0.019379353150725365
0.016914021223783493
0.02121875248849392
0.020069997757673264
0.02254617214202881
0.019703205674886703
0.01640975847840309
0.018807291984558105
0.023273097351193428
0.01653946377336979
0.019238250330090523
0.02113328129053116
0.01977783441543579
0.019654974341392517
0.02197510376572609
0.01947127841413021
0.01850634440779686
0.02198377437889576
0.020443065091967583
0.015343868173658848
0.022097796201705933
0.018866054713726044
0.019580906257033348
0.022136177867650986
0.01987713761627674
0.01987149752676487
0.023807402700185776
0.015414388850331306
0.01868274249136448
0.026781456544995308
0.021807953715324402
0.020250091329216957
0.020191287621855736
0.017098624259233475
0.02428469993174076
0.023122508078813553
0.01834177039563656
0.024715663865208626
0.0199869517236948
0.02433762699365616
0.02153884992003441
0.01759154722094536
0.01761981099843979
0.016760630533099174
0.019317874684929848
0.018780425190925598
0.02014780603349209
0.020246857777237892
0.021102692931890488
0.019810901954770088
0.015229476615786552
0.016161950305104256
0.020247938111424446
0.019927477464079857
0.0212760828435421
0.01754021644592285
0.01834782026708126
0.025056416168808937
0.017631638795137405
0.017629504203796387
0.017949877306818962
0.017476651817560196
0.02298904024064541
0.018964052200317383
0.021557167172431946
0.02387957274913788
0.018635764718055725
0.01633913628757
0.02142401598393917
0.02059798873960972
0.022537339478731155
0.015602601692080498
0.02042590081691742
0.018720515072345734
0.016807885840535164
0.016118431463837624
0.02216922864317894
0.022679148241877556
0.02357468567788601
0.01969255693256855
0.0236155204474926
0.021976670250296593
0.026120329275727272
0.022158626466989517
0.019908197224140167
0.019617339596152306
0.019928013905882835
0.0245300754904747
0.02422606386244297
0.022521985694766045
0.020917512476444244
0.021139835938811302
0.01789885386824608
0.017637057229876518
0.020936520770192146
0.020652204751968384
0.02243848331272602
0.02054387517273426
0.01747548207640648
0.01856091246008873
0.020381232723593712
0.022631017491221428
0.018551262095570564
0.018257439136505127
0.018015462905168533
0.01765224151313305
0.022779062390327454
0.01637677662074566
0.016573093831539154
0.01933051459491253
0.02096887305378914
0.019316712394356728
test_delta_mean_absolute_error
0.055552542209625244
0.047388654202222824
0.0539197102189064
0.053443387150764465
0.04563668742775917
0.05887730419635773
0.05708443000912666
0.045928843319416046
0.04938875138759613
0.054306965321302414
0.05254577472805977
0.045930951833724976
0.05894956365227699
0.04381745681166649
0.047200992703437805
0.06189513951539993
0.05007978156208992
0.04354500770568848
0.05508618801832199
0.05087631940841675
0.05787864327430725
0.05032239481806755
0.042348794639110565
0.04831425100564957
0.05924198776483536
0.042683690786361694
0.0493733249604702
0.054534122347831726
0.05125411972403526
0.050835657864809036
0.0563766248524189
0.050424642860889435
0.0475463829934597
0.05610876530408859
0.05229033902287483
0.0396549291908741
0.05632662773132324
0.048204340040683746
0.05042310059070587
0.05656497925519943
0.05150596424937248
0.05102621763944626
0.06105548515915871
0.03973894938826561
0.048261817544698715
0.06894679367542267
0.05687568709254265
0.05207209661602974
0.051217492669820786
0.04352260380983353
0.06176154315471649
0.059424277395009995
0.04733944311738014
0.06288552284240723
0.05120868608355522
0.06287892907857895
0.05535288155078888
0.04502398893237114
0.045175597071647644
0.04299674183130264
0.049996525049209595
0.04797786846756935
0.05190913379192352
0.05219249054789543
0.054749418050050735
0.05164691433310509
0.03917178511619568
0.04157743602991104
0.05204223841428757
0.050828639417886734
0.0542156808078289
0.045036621391773224
0.04755309596657753
0.06402517110109329
0.045296456664800644
0.044991493225097656
0.046370234340429306
0.0449727363884449
0.05894853547215462
0.048203010112047195
0.055773090571165085
0.0610809400677681
0.04798026382923126
0.042398806661367416
0.05502928048372269
0.052924059331417084
0.05771533399820328
0.04040539264678955
0.05249341204762459
0.04881274700164795
0.04308149963617325
0.041594866663217545
0.05722522363066673
0.058159131556749344
0.06030461564660072
0.05077497661113739
0.06086210161447525
0.055664822459220886
0.06650148332118988
0.05667744576931
0.05128662288188934
0.04984061047434807
0.05131731554865837
0.06274010241031647
0.062217406928539276
0.05746795982122421
0.053636692464351654
0.05409862846136093
0.04591529443860054
0.04574032127857208
0.05361967906355858
0.053102195262908936
0.0578530952334404
0.05288134142756462
0.0447891503572464
0.047890469431877136
0.05205909535288811
0.057704001665115356
0.047284144908189774
0.046657782047986984
0.04653158411383629
0.04501994699239731
0.05790243670344353
0.04230749234557152
0.042792052030563354
0.04973601549863815
0.05435001477599144
0.049873027950525284


================================================================================
=== delta network
train_time
7.239043299999999
6.373713699999996
6.4556268000000046
7.133566500000001
7.122886699999995
6.798156199999994
6.2702608999999825
6.287322099999983
6.4267513000000065
7.176883899999979
6.430004099999962
6.294568799999979
6.2938755999999785
6.3243861000000265
6.67119150000002
6.238046499999996
6.363045
6.297863300000017
6.255621000000019
6.328065800000047
6.623105399999986
4.322305500000084
6.788964699999951
6.535757600000011
6.382301900000016
6.542457199999944
6.809228599999983
6.658211600000072
6.310150499999963
6.443694800000003
6.747297500000059
7.209370700000022
7.136688299999946
6.524585200000047
6.566700699999956
6.335691900000029
6.779329599999983
6.438246899999967
6.115804099999991
6.264389400000027
6.237374799999998
6.183704800000214
6.240451300000132
6.202863099999831
4.628200800000059
6.225549099999853
6.516431599999805
6.319563199999948
6.29509680000001
7.846628399999872
6.566909300000134
6.448610599999938
4.419931099999985
6.368154300000015
6.369601299999886
6.729087599999957
6.881572600000027
6.65657659999988
6.063729700000067
6.737246300000152
6.236967199999981
6.957839100000001
6.8478353000000425
6.274306600000045
6.332205000000158
6.482565499999964
6.425678599999856
6.461512999999968
6.305547200000092
6.370086800000081
6.29848220000008
6.2952232000000095
6.274668899999824
6.1038412999998855
6.449023800000077
6.702293099999906
6.200888999999961
6.477331800000002
6.257831600000145
6.3836772999998175
6.792804100000012
6.385538700000325
6.215042100000119
6.507517000000007
6.379829599999994
6.236668000000009
8.271313899999768
6.705195199999707
6.6805451000000176
6.675560399999995
6.122546600000078
6.138049300000148
6.270900299999994
6.274817900000016
6.829304500000035
6.265783600000304
6.3163478000001305
6.197406199999932
7.854335499999706
6.7543157000000065
6.168885399999908
6.810952100000122
6.9817973999997776
4.543848799999978
6.795305999999982
6.479131800000232
6.072603000000072
7.013655299999755
6.89203550000002
6.182558800000152
7.351429100000132
6.574478200000158
6.574703199999931
7.219154200000048
6.2243398000000525
6.606104800000139
6.409059300000081
6.679852900000242
6.238232900000185
6.763389200000347
6.229916100000082
6.542052399999648
8.386496199999783
6.348852799999804
6.33652660000007
6.574344999999994
6.415076899999804
6.757161300000007
test_delta_mean_squared_error
0.021071290597319603
0.019193312153220177
0.020044468343257904
0.020561987534165382
0.018281444907188416
0.018909111618995667
0.019335059449076653
0.019059931859374046
0.020152125507593155
0.020277710631489754
0.01991422474384308
0.018655771389603615
0.019567688927054405
0.019809938967227936
0.01923527382314205
0.01977868750691414
0.017753522843122482
0.020355653017759323
0.0194562915712595
0.020166171714663506
0.018863076344132423
0.019235089421272278
0.018727602437138557
0.0203552208840847
0.020563019439578056
0.02161134034395218
0.019552413374185562
0.02012726664543152
0.02031087875366211
0.018651427701115608
0.019027935341000557
0.02002200298011303
0.01868409663438797
0.01861884817481041
0.019305186346173286
0.018863093107938766
0.020716138184070587
0.01972583308815956
0.018664216622710228
0.017806554213166237
0.019728701561689377
0.021190857514739037
0.019763818010687828
0.017875999212265015
0.018711837008595467
0.020072415471076965
0.0209378432482481
0.020562127232551575
0.0185407567769289
0.020261408761143684
0.019843420013785362
0.021077841520309448
0.019569924101233482
0.019318146631121635
0.018057100474834442
0.01962015964090824
0.018753498792648315
0.018286477774381638
0.01922878623008728
0.019080864265561104
0.018356407061219215
0.018493371084332466
0.019338412210345268
0.021166890859603882
0.018534105271100998
0.020020566880702972
0.020036185160279274
0.018352201208472252
0.019572127610445023
0.01829421892762184
0.019497206434607506
0.01900511048734188
0.019557161256670952
0.019963836297392845
0.019014421850442886
0.01787974126636982
0.019288279116153717
0.020585495978593826
0.02018018066883087
0.019990621134638786
0.02062750793993473
0.02055056393146515
0.02016916126012802
0.018836883828043938
0.01933305896818638
0.020192604511976242
0.02003047801554203
0.017790911719202995
0.019869547337293625
0.020078569650650024
0.019405631348490715
0.017850195989012718
0.019647305831313133
0.019996315240859985
0.01779630407691002
0.019044164568185806
0.02021254412829876
0.018517708405852318
0.021075889468193054
0.020519373938441277
0.01927817054092884
0.019673043861985207
0.019906044006347656
0.020656805485486984
0.01984073594212532
0.02019827626645565
0.019704703241586685
0.020159922540187836
0.01887155883014202
0.019926806911826134
0.019459113478660583
0.017849018797278404
0.02104111947119236
0.019951334223151207
0.01921781338751316
0.018878983333706856
0.018740659579634666
0.019421014934778214
0.019275140017271042
0.019026778638362885
0.018787743523716927
0.01930820569396019
0.02082052268087864
0.019092969596385956
0.01931927725672722
0.01931746117770672
0.018911562860012054
0.021245576441287994
test_delta_mean_absolute_error
0.054365720599889755
0.049234408885240555
0.05187194421887398
0.05314544588327408
0.04676729813218117
0.04869135469198227
0.04983333870768547
0.04943940415978432
0.05171561613678932
0.05204933136701584
0.05136537924408913
0.04796936362981796
0.0505327433347702
0.05106762424111366
0.04959316924214363
0.05109532177448273
0.04551570117473602
0.05270930752158165
0.05017312243580818
0.05192788690328598
0.04872659966349602
0.04987248778343201
0.04805584251880646
0.05257542431354523
0.052636340260505676
0.055253688246011734
0.050051186233758926
0.0518522635102272
0.05210617929697037
0.047917161136865616
0.04911592975258827
0.05155686289072037
0.047860242426395416
0.04813818261027336
0.0496792197227478
0.04878777638077736
0.05329614132642746
0.0508446991443634
0.04825511947274208
0.04612245038151741
0.05089711770415306
0.05438463017344475
0.050492532551288605
0.045936234295368195
0.04845528304576874
0.05172514170408249
0.05418809503316879
0.053001370280981064
0.04765098914504051
0.052344851195812225
0.051013339310884476
0.0542563870549202
0.05058349296450615
0.04977520927786827
0.04660363867878914
0.050559379160404205
0.04819006472826004
0.04718107357621193
0.0496494434773922
0.04912019148468971
0.047082655131816864
0.04753945395350456
0.04992494359612465
0.0546809583902359
0.04775881767272949
0.051741015166044235
0.051909174770116806
0.0474148653447628
0.05040251836180687
0.047313228249549866
0.0500609315931797
0.049169015139341354
0.05040574073791504
0.05155736953020096
0.048852916806936264
0.04593916982412338
0.04978914558887482
0.05285121873021126
0.051892559975385666
0.05114946514368057
0.053330302238464355
0.05305396765470505
0.05179819092154503
0.04880092665553093
0.0496029406785965
0.05231497064232826
0.05202924832701683
0.046018652617931366
0.051158785820007324
0.0516953282058239
0.04958181083202362
0.04614600911736488
0.05052797496318817
0.05160120874643326
0.045695558190345764
0.04936079680919647
0.05213083699345589
0.04732101038098335
0.05445510894060135
0.052887093275785446
0.04968373104929924
0.05091482773423195
0.05142222344875336
0.05313428118824959
0.051315438002347946
0.05210483446717262
0.05077679455280304
0.05169348791241646
0.048540327697992325
0.051323261111974716
0.05018044635653496
0.046001777052879333
0.05422395095229149
0.05121339112520218
0.0496906116604805
0.04860590770840645
0.04825073480606079
0.04978571832180023
0.04948931932449341
0.04918159916996956
0.04830869287252426
0.04983563721179962
0.05361538752913475
0.04913417622447014
0.049774397164583206
0.04970765486359596
0.048570744693279266
0.054884131997823715


