================================================================================
=== value network
train_time
6.9057452999999995
7.236600599999999
7.2884420999999975
7.282565500000004
7.519549999999995
7.411204400000017
7.357397899999995
7.078184999999991
7.613473400000004
7.338903200000004
7.157152599999989
7.127891000000034
7.591563199999996
8.235867299999995
7.318026000000032
7.218975999999998
7.644616699999972
7.468438399999968
7.297577900000022
7.235908400000028
7.296513500000003
7.654808099999968
7.40666340000007
7.3102652000000035
7.2591469999999845
4.4851891999999225
7.706174099999998
7.271952199999987
7.270936600000027
7.306337500000041
7.622853600000099
7.217408599999999
7.230584600000043
7.295896599999992
7.350959100000068
7.233999900000072
7.39975830000003
7.270044399999961
7.667110800000046
7.244266400000015
7.257922599999915
7.7190634000000955
7.946859600000039
7.397929799999929
7.421395000000075
7.525237299999844
7.3853823999997985
8.638849200000095
7.387895500000013
7.435807599999862
7.285375199999862
7.329883999999993
7.323302000000012
7.214533700000175
8.003617900000108
7.2077509999999165
7.40307840000014
4.742388100000198
7.194350500000155
7.311600899999803
7.2513778
7.334984300000087
7.653616399999919
7.50664810000012
7.140751899999941
7.5108258000000205
7.287747399999944
8.065792999999985
7.399952800000165
7.231007899999895
7.3939474000001155
7.262912099999994
7.8184667000000445
7.659814800000049
7.322246600000199
7.392731099999992
8.260685299999977
7.722353099999964
4.952487000000019
8.683895199999824
7.347755199999938
7.158578499999976
7.247114799999963
7.352236999999832
7.301633500000207
7.127331199999844
7.256055699999706
7.3580604000003405
7.357649000000038
7.431389400000171
7.320036700000401
7.325362300000052
7.290082500000153
7.634133699999893
7.290572399999746
7.3768740000000435
7.313715000000229
7.155744199999845
7.650234000000182
7.4337116000001515
7.313892299999679
7.203520599999592
7.301022699999976
7.444703600000139
8.80040179999969
7.250151899999764
7.306790000000092
7.329451499999777
7.381830100000116
7.817827800000032
7.575319800000216
7.187478299999839
4.505021499999657
7.3021765999997115
7.378060700000333
7.300528799999938
7.1616234000002805
7.342505800000254
7.271296500000062
7.210521500000141
7.323281199999656
7.309338000000025
7.329813699999704
7.363627799999904
7.39097189999984
7.189941099999942
4.58258990000013
7.684463200000209
test_delta_mean_squared_error
0.02695517987012863
0.02471212111413479
0.027736203745007515
0.022735729813575745
0.025950925424695015
0.02607651986181736
0.029732465744018555
0.024761691689491272
0.02811455726623535
0.027652539312839508
0.02501174621284008
0.025057071819901466
0.023436011746525764
0.02941329963505268
0.023393454030156136
0.026850944384932518
0.027232801541686058
0.02565392479300499
0.029440784826874733
0.02468269132077694
0.029401477426290512
0.02527124620974064
0.0247355867177248
0.024939626455307007
0.027767958119511604
0.029420820996165276
0.023802723735570908
0.024364791810512543
0.028165580704808235
0.02462831325829029
0.02746656909584999
0.029640235006809235
0.026284998282790184
0.0248238705098629
0.027211399748921394
0.020600060001015663
0.02726621925830841
0.0291272159665823
0.030523354187607765
0.025495095178484917
0.02644732967019081
0.028622210025787354
0.024784747511148453
0.023099012672901154
0.025214290246367455
0.02711811475455761
0.029755042865872383
0.027554605156183243
0.023428507149219513
0.028361814096570015
0.02631188929080963
0.027844714000821114
0.02479701302945614
0.02449631504714489
0.024633757770061493
0.03380656987428665
0.029234133660793304
0.027202825993299484
0.021207017824053764
0.02136603370308876
0.027067506685853004
0.023967942222952843
0.024422617629170418
0.026371251791715622
0.025348849594593048
0.027141256257891655
0.027091043069958687
0.025182530283927917
0.023032845929265022
0.025311432778835297
0.02502136118710041
0.030054910108447075
0.02636791206896305
0.027221355587244034
0.023700051009655
0.024702319875359535
0.023480046540498734
0.027381964027881622
0.02353678084909916
0.025339458137750626
0.02614384889602661
0.027137473225593567
0.025032682344317436
0.0217687226831913
0.025892039760947227
0.02378968335688114
0.026718225330114365
0.022866887971758842
0.029358578845858574
0.030178314074873924
0.0254833921790123
0.02390989288687706
0.028729097917675972
0.028598567470908165
0.022506173700094223
0.025960564613342285
0.02828139252960682
0.023841841146349907
0.02746833860874176
0.024393098428845406
0.026338377967476845
0.024392781779170036
0.027383701875805855
0.024825219064950943
0.02827291190624237
0.0244000144302845
0.0282546766102314
0.028384756296873093
0.028195606544613838
0.027629459276795387
0.026164352893829346
0.02361641265451908
0.026641441509127617
0.028157701715826988
0.029078064486384392
0.027283163741230965
0.0241530854254961
0.02528458647429943
0.02562228962779045
0.024158475920557976
0.025367120280861855
0.023870224133133888
0.024823253974318504
0.026381447911262512
0.021327802911400795
0.025252634659409523
0.0282492246478796
0.031525738537311554
test_delta_mean_absolute_error
0.0580286905169487
0.05378972738981247
0.05973370000720024
0.04958426579833031
0.056507404893636703
0.055936072021722794
0.06454221159219742
0.05305560305714607
0.061371125280857086
0.05943283066153526
0.054306745529174805
0.0538935586810112
0.05036970227956772
0.06340689212083817
0.05036718025803566
0.05879353731870651
0.0591878741979599
0.05535874515771866
0.06425944715738297
0.05323108658194542
0.06350663304328918
0.05395621433854103
0.05333482474088669
0.05399918928742409
0.05940317362546921
0.06401985883712769
0.0508464016020298
0.053571660071611404
0.06066484376788139
0.0534292571246624
0.0597357340157032
0.0647156834602356
0.05685262754559517
0.05328712239861488
0.059335578233003616
0.044574055820703506
0.05868132784962654
0.06256704777479172
0.06680601090192795
0.054978057742118835
0.0575605072081089
0.061568550765514374
0.05372992530465126
0.050140976905822754
0.053725216537714005
0.057954851537942886
0.06391256302595139
0.060004524886608124
0.05022606626152992
0.06232759356498718
0.05650246888399124
0.060456451028585434
0.05415551736950874
0.0526386983692646
0.053128551691770554
0.07348790764808655
0.06301368027925491
0.05839083716273308
0.04559970274567604
0.04571656510233879
0.058088961988687515
0.052205756306648254
0.05230393633246422
0.05753577500581741
0.055354803800582886
0.05893460288643837
0.05877814441919327
0.05460519716143608
0.050050269812345505
0.054485708475112915
0.0536508671939373
0.06487487256526947
0.05691578611731529
0.05906587839126587
0.0513964518904686
0.05322449654340744
0.050734154880046844
0.05837617814540863
0.05093070864677429
0.05423695594072342
0.05695998668670654
0.058815233409404755
0.05396846681833267
0.04721306264400482
0.055870093405246735
0.050576042383909225
0.057252418249845505
0.050220463424921036
0.0636066123843193
0.06569742411375046
0.05607185885310173
0.05166946351528168
0.06314248591661453
0.06141572818160057
0.04927273094654083
0.055969469249248505
0.060792796313762665
0.0514196902513504
0.05889075621962547
0.053236547857522964
0.05784359201788902
0.05243994668126106
0.05954920873045921
0.054129116237163544
0.060518886893987656
0.05287518724799156
0.06122799962759018
0.06136319041252136
0.06151646748185158
0.05942920222878456
0.05691732466220856
0.051483359187841415
0.0576578751206398
0.06047002971172333
0.06179891899228096
0.05863494053483009
0.052636224776506424
0.054039083421230316
0.05543597415089607
0.05244350805878639
0.055088795721530914
0.05143088102340698
0.05390313267707825
0.056583233177661896
0.04604152590036392
0.05399160087108612
0.0607643648982048
0.06798990070819855


================================================================================
=== twin network
train_time
8.4641244
5.545355800000003
8.837734700000006
8.497131199999998
8.627509799999999
8.383730500000013
8.831728200000015
7.062992399999985
8.394201899999985
8.961803000000003
8.408059200000025
8.622656099999972
8.547051600000032
6.940520800000002
8.476086599999974
8.632473600000026
10.426828199999989
9.103625500000021
8.47891119999997
5.615043400000047
8.746833100000003
8.549675999999977
8.602128499999935
5.772161200000028
8.416394200000013
5.405460599999969
5.577447899999925
8.589953200000082
8.610836199999994
11.634450499999957
8.743598999999904
8.723443900000007
8.572001499999942
8.652951700000017
6.6956833000000415
8.751885000000016
8.577381800000012
9.483083799999918
8.561621900000091
8.464942199999996
8.61543979999999
6.600117800000021
8.509453200000053
8.698712499999829
8.629445399999895
6.004392999999936
8.758836799999926
8.567442699999901
8.56819530000007
6.954340099999854
8.4973229000002
8.505226199999925
8.595195699999977
8.651807899999994
10.075225100000125
8.656598600000052
8.718227299999853
5.463540100000046
8.837281100000155
8.618731600000046
8.665564399999994
8.717333600000075
8.594558100000086
8.736523199999965
8.573396199999934
8.52469659999997
8.706569400000035
8.819854300000088
8.539481899999828
8.570415599999933
7.345761100000118
7.397478400000182
8.612196799999992
12.1626033
8.599899399999913
8.662931899999876
8.990014599999995
8.456684400000086
8.827647800000022
9.224149399999988
8.5807870000001
8.500944200000049
8.65870619999987
8.644313699999884
5.589442500000132
8.626046400000178
8.68725110000014
8.836637899999914
8.755352399999992
8.538013700000192
8.486370999999963
8.723630200000116
8.568273300000328
6.364608200000021
5.751451699999961
5.443183699999736
8.50928279999971
8.876368400000047
9.276605400000335
8.735623300000043
8.52234830000043
8.787869499999942
8.723971800000072
8.633195500000056
9.2179928999999
7.740662600000178
8.444485700000314
8.522128399999929
8.684685299999728
8.50547910000023
8.589835499999936
8.477006300000085
8.497992400000385
8.392817500000092
7.35472209999989
8.636241900000186
8.420763399999942
8.6180417999999
8.695989499999996
8.666445899999871
6.358549699999912
9.006939899999907
8.640617599999587
8.641424099999767
8.733014999999796
8.642078899999888
5.335622400000375
8.836117900000318
test_delta_mean_squared_error
0.019183296710252762
0.015105003491044044
0.022991890087723732
0.01973908580839634
0.016046611592173576
0.022212529554963112
0.020076589658856392
0.016845770180225372
0.01483710017055273
0.019928278401494026
0.017155883833765984
0.015281607396900654
0.018417811021208763
0.014765992760658264
0.016427747905254364
0.023720545694231987
0.020475788041949272
0.013317172415554523
0.019737789407372475
0.017775101587176323
0.023745276033878326
0.019971299916505814
0.016080450266599655
0.018192799761891365
0.020988762378692627
0.014874450862407684
0.01720242016017437
0.01870754547417164
0.018988238647580147
0.020363496616482735
0.020898398011922836
0.016261210665106773
0.01609780453145504
0.01948273368179798
0.01927337609231472
0.01304497942328453
0.02201683260500431
0.01886381208896637
0.018947089090943336
0.02063903585076332
0.016783343628048897
0.020429329946637154
0.020908132195472717
0.014112456701695919
0.0157941821962595
0.02376050315797329
0.016763780266046524
0.019838884472846985
0.017004460096359253
0.015582266263663769
0.02261126972734928
0.022634858265519142
0.016313765197992325
0.021153505891561508
0.017499009147286415
0.026458898559212685
0.018617214635014534
0.016784094274044037
0.013903515413403511
0.012512603774666786
0.02105061151087284
0.019304171204566956
0.017877858132123947
0.017178256064653397
0.019792936742305756
0.017874324694275856
0.015051026828587055
0.014593535102903843
0.017808662727475166
0.018367094919085503
0.018702885136008263
0.017922891303896904
0.01885194145143032
0.022301681339740753
0.016183484345674515
0.015695562586188316
0.01539109367877245
0.015368410386145115
0.01813117042183876
0.014382715336978436
0.01922747679054737
0.01994958333671093
0.01661227084696293
0.013844087719917297
0.01898486167192459
0.01894044689834118
0.019941702485084534
0.014817824587225914
0.020163610577583313
0.016891760751605034
0.014305565506219864
0.015117712318897247
0.020287325605750084
0.01981702633202076
0.018828535452485085
0.015131393447518349
0.02318745106458664
0.019869033247232437
0.0195494182407856
0.020651360973715782
0.020696628838777542
0.018774889409542084
0.01805182546377182
0.01949954591691494
0.021948497742414474
0.022057924419641495
0.018899720162153244
0.02035086788237095
0.01908574439585209
0.016171101480722427
0.021163269877433777
0.018901601433753967
0.022087913006544113
0.019603755325078964
0.01456533558666706
0.01477237232029438
0.019117586314678192
0.023008277639746666
0.018382467329502106
0.016467416658997536
0.01410896610468626
0.015733277425169945
0.02209918200969696
0.015092005021870136
0.016271930187940598
0.018562985584139824
0.017363043501973152
0.020940205082297325
test_delta_mean_absolute_error
0.04148808494210243
0.03290478140115738
0.04972178861498833
0.04320404678583145
0.035000935196876526
0.047792948782444
0.04358484223484993
0.0368296280503273
0.03210893273353577
0.043549615889787674
0.037716951221227646
0.03311106935143471
0.03959077596664429
0.032327212393283844
0.035716474056243896
0.05154247581958771
0.04500430077314377
0.02889789268374443
0.043375588953495026
0.03850740194320679
0.05118543282151222
0.04287993535399437
0.034941304475069046
0.039799273014068604
0.04565043747425079
0.032342586666345596
0.03755556792020798
0.040987055748701096
0.041503094136714935
0.044106774032115936
0.045108918100595474
0.035213716328144073
0.03477171063423157
0.04221998527646065
0.042431801557540894
0.028494877740740776
0.04758099094033241
0.041355572640895844
0.04134349524974823
0.04469846189022064
0.03642600402235985
0.044250622391700745
0.045405883342027664
0.031038988381624222
0.03416271507740021
0.05173581466078758
0.036341916769742966
0.043345969170331955
0.03687234967947006
0.03396981582045555
0.04906267672777176
0.049401551485061646
0.03556743264198303
0.04560624435544014
0.03802900388836861
0.05744818598031998
0.040121737867593765
0.03677910566329956
0.030382877215743065
0.02735012397170067
0.045727360993623734
0.041682928800582886
0.03773109242320061
0.0379306860268116
0.04302241653203964
0.039047349244356155
0.032797638326883316
0.03153115138411522
0.03887338563799858
0.039922844618558884
0.03986832872033119
0.0391768254339695
0.041050489991903305
0.04872060567140579
0.03525468334555626
0.03450208902359009
0.03340461477637291
0.03329213708639145
0.03953109681606293
0.031300563365221024
0.04207425191998482
0.043612610548734665
0.03625289350748062
0.029928915202617645
0.04155660793185234
0.04102841392159462
0.04337550327181816
0.03222890943288803
0.044122107326984406
0.03668772801756859
0.0307981688529253
0.032836686819791794
0.04424452409148216
0.04305323213338852
0.041161999106407166
0.032824818044900894
0.05011802166700363
0.04322580620646477
0.04214128479361534
0.04547453671693802
0.04496061056852341
0.04078265652060509
0.03946138918399811
0.04249035194516182
0.04761216789484024
0.04778444766998291
0.04116619750857353
0.044334955513477325
0.04198329523205757
0.035060640424489975
0.04620606452226639
0.04126453027129173
0.04782507196068764
0.042672060430049896
0.031824398785829544
0.032270647585392
0.04176830127835274
0.04939328506588936
0.0397714301943779
0.036005355417728424
0.030781568959355354
0.03427055478096008
0.04850543662905693
0.03243410214781761
0.03548821806907654
0.04015709459781647
0.03782465308904648
0.04523679241538048


================================================================================
=== delta network
train_time
6.404299999999999
7.1397103999999985
7.646355100000008
8.184339800000004
4.971259200000006
6.793965900000018
6.3932516000000135
6.625540900000004
6.233753500000006
5.479324200000008
6.856023100000016
6.347577700000045
6.871442300000012
6.65183959999996
6.419861199999957
6.399220700000001
4.951171199999976
6.237572600000021
6.150616299999967
7.054402600000003
7.099402199999986
7.30288429999996
7.723776100000009
6.952252799999997
6.916213200000016
6.347060400000032
4.95017590000009
6.402364000000034
6.340821799999958
5.355526700000041
4.960412600000041
6.694304500000044
6.749412099999972
6.350753299999951
6.508032000000071
6.464845999999966
6.212568699999906
6.527896699999928
6.717205499999977
7.045502799999895
6.338969599999928
7.609708000000069
6.705649199999925
7.197142199999917
6.855413400000089
6.986172800000077
7.196708700000045
6.8562919000000875
6.388028300000087
6.858616600000005
6.5438334000000395
6.724362299999939
6.524143300000105
6.333560000000034
6.380526200000077
6.631529600000022
6.163368999999875
6.088009600000078
8.429223500000035
4.530855400000064
6.465956600000027
6.1344995000001745
6.251718200000141
6.527847800000018
6.372474700000112
7.036364399999911
7.157592400000112
6.503251999999975
5.480095199999823
6.36276759999987
6.932503100000076
7.151354500000025
6.33910149999997
7.3825449000000845
6.993924600000128
6.5533005999998295
6.437170699999797
6.776994000000059
6.706870800000161
6.552183000000014
6.461606500000016
6.445706800000153
6.230338900000106
6.202047499999935
6.320854200000213
6.237837499999841
6.488614299999881
6.5867104000003565
6.434523899999931
5.7491055999998935
6.552566600000318
7.826732399999855
5.980600400000185
7.140115899999728
6.064495000000079
7.114577499999996
7.07474349999984
6.465247399999953
7.320549000000028
6.450633899999957
7.24443089999977
6.6103361000000405
6.534342299999935
6.35900300000003
6.388911300000018
7.0361149999998815
4.505302999999913
6.469896300000073
6.768868900000143
6.488786800000071
6.574798799999826
6.615226299999904
6.027300400000058
6.281639499999983
6.568077600000379
6.807160899999872
7.8947416999999405
6.687695799999801
7.203102400000262
6.105546100000083
6.709575099999711
6.4516914000000725
6.47585270000036
6.652709800000139
6.55752050000001
6.6065762000002906
6.326642399999855
6.3587806000000455
test_delta_mean_squared_error
0.018335869535803795
0.01863786019384861
0.020470572635531425
0.01897437311708927
0.02114848978817463
0.02033497951924801
0.020174283534288406
0.017929302528500557
0.019829334691166878
0.019592253491282463
0.01843823306262493
0.01828634738922119
0.01970740035176277
0.01954006217420101
0.018198134377598763
0.021901946514844894
0.01949094422161579
0.018572291359305382
0.019395221024751663
0.01948564313352108
0.02100186236202717
0.01945655606687069
0.01796797290444374
0.01958019845187664
0.020318834111094475
0.021545523777604103
0.019787302240729332
0.021122749894857407
0.017349718138575554
0.017869969829916954
0.020058950409293175
0.020985430106520653
0.018938716500997543
0.01948821172118187
0.019910866394639015
0.016315383836627007
0.02090052142739296
0.01799500733613968
0.017187001183629036
0.017635313794016838
0.019281605258584023
0.019434969872236252
0.01945635676383972
0.019060306251049042
0.01894441246986389
0.02057146094739437
0.020703094080090523
0.018331432715058327
0.019724542275071144
0.01993870921432972
0.020211853086948395
0.02053174562752247
0.017836809158325195
0.018948087468743324
0.018914248794317245
0.022045724093914032
0.020497508347034454
0.01735227182507515
0.018694911152124405
0.017797507345676422
0.018202021718025208
0.019426731392741203
0.01816394552588463
0.020525675266981125
0.01974509470164776
0.01953434757888317
0.019667765125632286
0.01941988617181778
0.019170550629496574
0.018631020560860634
0.018115919083356857
0.020498313009738922
0.018579069525003433
0.020179854705929756
0.018832482397556305
0.016864333301782608
0.019259026274085045
0.01905883103609085
0.018918946385383606
0.017035694792866707
0.019719595089554787
0.020376162603497505
0.01883307844400406
0.01897597871720791
0.018070131540298462
0.018189838156104088
0.02007569558918476
0.01797221042215824
0.01988699845969677
0.019298842176795006
0.018573861569166183
0.01676109991967678
0.02021261304616928
0.020986583083868027
0.017581069841980934
0.018741928040981293
0.020335370674729347
0.01969069056212902
0.020489932969212532
0.019676564261317253
0.019477613270282745
0.019073113799095154
0.020517587661743164
0.019072286784648895
0.02075030654668808
0.01842491887509823
0.02020827680826187
0.019862916320562363
0.021153265610337257
0.018419617787003517
0.02009846270084381
0.018556449562311172
0.01875469833612442
0.021163785830140114
0.018567383289337158
0.01818685419857502
0.019116047769784927
0.01902724802494049
0.01967546157538891
0.018608612939715385
0.01890404522418976
0.020421139895915985
0.02116488665342331
0.018675001338124275
0.018756266683340073
0.020169703289866447
0.02110474556684494
0.020276030525565147
test_delta_mean_absolute_error
0.03963715583086014
0.040690336376428604
0.04459255933761597
0.041436828672885895
0.04576951265335083
0.0441916361451149
0.04385784640908241
0.03881298005580902
0.04312872514128685
0.04261447861790657
0.04002966731786728
0.03955736383795738
0.04274897649884224
0.042447105050086975
0.03983403369784355
0.04739962890744209
0.04245684668421745
0.04009966179728508
0.042272768914699554
0.04244470223784447
0.045363813638687134
0.04248484969139099
0.03900196775794029
0.042618460953235626
0.043829161673784256
0.046991731971502304
0.0430649071931839
0.0454416386783123
0.03771080821752548
0.038897283375263214
0.04379250109195709
0.04557594656944275
0.041011009365320206
0.042063359171152115
0.04330463707447052
0.03565927594900131
0.045036330819129944
0.03908057510852814
0.037275295704603195
0.03825535997748375
0.041752804070711136
0.04214024916291237
0.04229237511754036
0.04098077490925789
0.041281264275312424
0.044649574905633926
0.04502334073185921
0.03979434818029404
0.04310596361756325
0.04339557886123657
0.044229913502931595
0.04483680799603462
0.03874962031841278
0.04092653468251228
0.04099199175834656
0.047947999089956284
0.04467974230647087
0.0376623272895813
0.04090326651930809
0.03862208500504494
0.039401862770318985
0.04235236719250679
0.03921397030353546
0.044785138219594955
0.04299532249569893
0.04235347732901573
0.0430426262319088
0.04192405566573143
0.04171926900744438
0.04073003679513931
0.03918040543794632
0.0447298139333725
0.04048910737037659
0.04409642890095711
0.04104578495025635
0.03673164173960686
0.041539762169122696
0.041330792009830475
0.04117961972951889
0.03692623972892761
0.042728208005428314
0.04475940391421318
0.04089607298374176
0.04125141724944115
0.03914623335003853
0.03941994905471802
0.04366007447242737
0.039130885154008865
0.043251294642686844
0.041652861982584
0.04042302072048187
0.03661585971713066
0.04414813220500946
0.04511556401848793
0.03827158734202385
0.04085807502269745
0.04414219781756401
0.042883992195129395
0.04466348513960838
0.04256438836455345
0.04242471605539322
0.04144011437892914
0.04444827139377594
0.041395414620637894
0.04512005299329758
0.03983820602297783
0.04372469335794449
0.043248072266578674
0.04633356258273125
0.039878714829683304
0.04335421323776245
0.040567461401224136
0.040669072419404984
0.04606318473815918
0.040459197014570236
0.0395129919052124
0.041438378393650055
0.04111415520310402
0.042838163673877716
0.04049864411354065
0.040750790387392044
0.044722702354192734
0.04574999213218689
0.04045009985566139
0.041068803519010544
0.04364345967769623
0.045981988310813904
0.04418877139687538


