================================================================================
=== value network
train time
2.1937831,1.996613400000001,11.0162497,2.6472823000000005,2.2075876000000036,2.5321797000000004,2.419464000000005,2.5954266000000104
mean squared error
0.0018064734,0.0029748795
0.007613901,0.006148718
0.0006488215,0.0011942624
0.0011978874,0.0014221296
0.000780015,0.0030888217
0.002170948,0.0026590743
0.0017256541,0.0025974123
0.0012293712,0.0009175891
mean absolute error
0.032326143,0.037736285
0.06595525,0.06018269
0.019856663,0.02562618
0.023648227,0.027011996
0.018805657,0.044209428
0.035753828,0.04484788
0.029444972,0.03134565
0.023194373,0.02095763


================================================================================
=== twin network
train time
8.8594459,3.0622869999999978,2.396673700000001,2.129306799999995,3.1794517999999954,3.179721999999998,2.5085478999999964,8.94167379999999
mean squared error
0.00023210507,0.0001242982
0.00060532,0.00020928355
0.0023252193,0.00034569754
0.0003699989,0.00021633242
0.000120405886,0.0015111684
0.00045155545,0.00048138323
0.004645316,0.0008181927
3.0264231e-05,5.194883e-05
mean absolute error
0.013328198,0.0094594015
0.020079657,0.011888366
0.046326403,0.015879704
0.016901486,0.011966109
0.0080657,0.035452522
0.017262464,0.016893638
0.06513248,0.02659174
0.0041820947,0.006111589


================================================================================
=== delta network
train time
1.9789242000000016,2.0990004000000013,7.478738100000001,2.3044980000000024,7.785448599999995,4.4930485000000004,1.9255715999999978,1.7324940000000026
mean squared error
0.0001292454,0.0013328812
0.00055494934,0.0020616406
0.00013440356,0.00020893007
0.000596744,0.00036895048
0.00015989158,0.00025691304
0.0001514882,0.0003688343
0.0030146826,0.0004013004
0.00015857996,0.0005111011
mean absolute error
0.00910677,0.028892383
0.022423746,0.042261977
0.009464952,0.011797795
0.020596214,0.015916985
0.012141442,0.013883512
0.010620785,0.018076263
0.053266082,0.015756361
0.009966742,0.019407803


