================================================================================
=== value network
train time
2.7012679000000004,2.6459823,2.5808120999999993,2.576660399999998,2.5671105999999995,2.599706300000001,2.6033125999999953,2.6102783999999986,2.6239551999999975,2.589822499999997,2.58775940000001,2.610713699999991,2.631715299999996,3.3802782000000064,2.634537899999998,2.6099055000000106,2.628140699999989,2.6121234000000015,2.640867799999995,2.633051999999992,2.611696500000022,2.641197500000004,2.6407620999999892,2.6254459999999824,2.662250499999999,2.661352100000016,2.6759131999999966,2.9042926000000193,2.7088083000000154,3.5297959000000105,2.6981704000000093,2.738294599999989,2.722905200000014,2.754750099999967,2.763513800000055,2.762180400000034,2.725431799999967,1.344424800000013,2.3955861000000027,2.7445728000000145,1.3589516999999773,2.784144900000001,2.77527520000001,2.8056346999999846,2.6392359999999826,2.6624890000000505,2.541248199999984,2.768099099999972,2.811780199999987,2.7890326000000414,2.829784399999994,3.0915317000000186,2.8559968999999796,2.777640599999984,2.8422371999999996,2.874418999999989,1.4678701000000274,2.8797513000000095,2.9384039000000257,2.9002543999999943,2.4439426999999796,2.9200602999999887,2.5244486999999936,2.971957199999963
mean squared error
0.02470074,0.026649388,0.0051847687,0.0095726205,0.005908826,0.009745779
0.0061969683,0.006628501,0.015573108,0.014456662,0.009734054,0.010028886
0.0049154926,0.0064324094,0.004538074,0.0045530116,0.0072715073,0.006982005
0.012882687,0.012693309,0.010501828,0.009578333,0.013959502,0.008125489
0.035037,0.009178484,0.022047117,0.008965371,0.025928022,0.019219209
0.004913416,0.005163047,0.00799356,0.009317729,0.011639829,0.0033360578
0.015889782,0.01058071,0.015561168,0.01311015,0.014694947,0.069156386
0.0064492407,0.00544882,0.008375733,0.008450352,0.008383309,0.009506268
0.0031127892,0.0036554534,0.006362592,0.0014177582,0.0027952068,0.005455486
0.0064870324,0.008376733,0.0046376907,0.008428895,0.006743743,0.0045778546
0.008911195,0.0031603335,0.0033527596,0.0038505257,0.0033170187,0.0057307016
0.0071867984,0.0070167603,0.012165415,0.008580572,0.008880335,0.0045314985
0.008323163,0.0029756143,0.0021658835,0.0013943663,0.0034009472,0.0017519186
0.010042401,0.0064562922,0.0066817347,0.0037985416,0.004912068,0.00750286
0.0070715025,0.009457189,0.0057212957,0.005515884,0.0074784425,0.0057808696
0.0036732082,0.0026326855,0.005684932,0.004453808,0.0046676863,0.0062784012
0.021830445,0.0068724384,0.010102861,0.0071910243,0.010826289,0.012464415
0.004888878,0.005864236,0.008148729,0.0051108575,0.007067645,0.00460393
0.008457065,0.0073114354,0.0072807777,0.0071409564,0.0075907256,0.011138084
0.008339065,0.007035482,0.0026714548,0.0064319386,0.0065935897,0.0035885258
0.0158088,0.014148837,0.00642731,0.010049665,0.011100411,0.01188132
0.014213222,0.019834062,0.009589676,0.020499123,0.012972788,0.018727932
0.0045261877,0.003859068,0.003085889,0.005502325,0.0025608067,0.0021968386
0.007634259,0.011766314,0.0038942394,0.0076109273,0.0033958938,0.006320988
0.006204617,0.0043747113,0.0060244114,0.0061960965,0.007465199,0.006991777
0.0039120917,0.006655485,0.0029560295,0.0038411242,0.00408486,0.0047492357
0.006357368,0.010201644,0.010645792,0.0038859674,0.010244292,0.006823614
0.00527596,0.0014234517,0.0031986886,0.004161801,0.003057032,0.004005934
0.0077121677,0.01467661,0.013718786,0.011023282,0.009342628,0.0055101174
0.004494511,0.00952853,0.0124227805,0.008214038,0.012271098,0.014541615
0.00784164,0.0100768,0.014199712,0.010174302,0.010936462,0.005774593
0.0072420565,0.01795183,0.0071769683,0.004207477,0.0064589237,0.0061000134
0.004324734,0.016898338,0.0068599666,0.0017061263,0.004500518,0.007024489
0.008596481,0.0037725938,0.0032049813,0.0048663067,0.0063025495,0.0067305034
0.04291998,0.019690271,0.03121098,0.009459499,0.010899972,0.019978013
0.009454643,0.008903277,0.012901511,0.0087872315,0.009804686,0.0084445765
0.006201306,0.0058367853,0.011114807,0.0031193963,0.0067326752,0.0061069657
0.011473386,0.007956575,0.008527984,0.006950555,0.008873788,0.004734533
0.0042565493,0.0055136275,0.009828586,0.008513529,0.004628481,0.005909354
0.013802873,0.018024862,0.013706013,0.013194017,0.0068022734,0.017105736
0.0070158085,0.0036572334,0.002651416,0.0058970815,0.0049862172,0.003162506
0.005542789,0.019181713,0.011404894,0.0090525905,0.012322915,0.005566759
0.0030901837,0.0032076698,0.004396089,0.005171189,0.0030525809,0.0025140326
0.008675769,0.005012676,0.008562742,0.003518878,0.008040416,0.0068876124
0.0051664836,0.006526748,0.0075438097,0.0045966604,0.008318797,0.011926898
0.008374551,0.004419927,0.00447477,0.0038963282,0.009480564,0.005509
0.0071000657,0.008909572,0.020429792,0.010204945,0.002948649,0.010938089
0.009186169,0.012136258,0.010627482,0.013204091,0.009546582,0.016781433
0.0068164566,0.007298649,0.0072696446,0.0050963485,0.0041550277,0.010950075
0.0050912583,0.009114868,0.0070814826,0.006661785,0.0056175347,0.008884512
0.010421869,0.009630856,0.01408169,0.010124285,0.0064165667,0.0100356145
0.0064028627,0.0044527855,0.0051875445,0.0047904328,0.009479486,0.007882724
0.008510591,0.006917731,0.016212247,0.0100075025,0.008175913,0.008632038
0.019934319,0.016452318,0.0067171827,0.0115635265,0.004392501,0.008616243
0.034186076,0.003062519,0.033919945,0.015591628,0.034259636,0.007710959
0.010083885,0.0076746633,0.009716979,0.013380831,0.0116042495,0.012640178
0.0045876955,0.015475125,0.0044728047,0.0044246125,0.006449195,0.009743173
0.023492586,0.013817582,0.016370496,0.020119391,0.007960247,0.025930425
0.0047878833,0.0025040146,0.0062128357,0.003080738,0.0052945632,0.0044421526
0.008307443,0.007349943,0.005258266,0.010007281,0.0037669665,0.008600636
0.013845012,0.009624228,0.007712893,0.022137173,0.015564006,0.013423084
0.0057872334,0.0075599384,0.0069144275,0.007880718,0.004812751,0.005490979
0.008580581,0.007014091,0.0037581609,0.011021312,0.007296544,0.011344976
0.008400335,0.009647622,0.0073080882,0.0100144725,0.012786278,0.004724955
mean absolute error
0.12918083,0.13239916,0.056978554,0.07900311,0.05732815,0.07921184
0.062305562,0.06259716,0.09705065,0.096375324,0.07532807,0.071844146
0.051989276,0.06373777,0.05363059,0.052937664,0.06727204,0.069264956
0.09421843,0.08897545,0.078463584,0.07618355,0.08594358,0.06561264
0.15167177,0.07218575,0.11816442,0.0746741,0.12162103,0.11139319
0.054121915,0.057729144,0.06795196,0.07540657,0.08277061,0.043379933
0.101732925,0.080175765,0.09792921,0.08574477,0.09549429,0.21799001
0.06265671,0.05842009,0.065645725,0.06780057,0.069765314,0.074894294
0.04540965,0.04731259,0.05926836,0.031148667,0.03985296,0.05803825
0.06517866,0.07028862,0.054071717,0.070888855,0.06394989,0.053502418
0.07265242,0.04309926,0.043608624,0.047585312,0.04486794,0.059173398
0.06611687,0.06402682,0.07971028,0.07252935,0.07012191,0.051127046
0.07433227,0.04124927,0.034800168,0.029354615,0.042606283,0.03256039
0.07695447,0.06206737,0.06513019,0.046880316,0.05276782,0.06695699
0.06378263,0.06785055,0.057389375,0.055510316,0.06459554,0.056350343
0.04700761,0.040331006,0.060091995,0.05052979,0.052316353,0.06113148
0.114282735,0.06448524,0.08032539,0.06635256,0.08132305,0.08293342
0.052652985,0.057312816,0.072295845,0.053872216,0.062401637,0.053040177
0.071622536,0.06496587,0.061875474,0.061979722,0.06828106,0.082247004
0.071720146,0.058614038,0.040048297,0.06448363,0.06032719,0.04705572
0.09732528,0.088093504,0.06081491,0.07578241,0.08200878,0.08113611
0.092489645,0.10845092,0.07458461,0.11281378,0.08384164,0.10226285
0.054622833,0.049814973,0.040063582,0.05559083,0.036585696,0.03534568
0.06870276,0.08207439,0.048360646,0.07313594,0.04494389,0.06476091
0.060858622,0.04926332,0.06093941,0.05134544,0.0706332,0.06535199
0.04967274,0.060909867,0.04468133,0.046695516,0.046495926,0.05230825
0.06255445,0.07498653,0.08464707,0.049739067,0.08085722,0.06543377
0.05412649,0.028116215,0.04260963,0.05089144,0.042563327,0.04787386
0.070902236,0.099203944,0.09293073,0.0861964,0.07554753,0.055897564
0.052938882,0.07824588,0.09048141,0.074306004,0.09058203,0.10153377
0.07018775,0.08162316,0.09804749,0.0817033,0.08071897,0.05874424
0.06679162,0.10983553,0.06724912,0.05104113,0.06415695,0.060838904
0.04847585,0.10834073,0.06589899,0.031351462,0.04695608,0.064014874
0.074061126,0.04715864,0.045682065,0.05338908,0.062370803,0.065340474
0.17454028,0.10910041,0.13145512,0.077794865,0.083013095,0.115298875
0.070502274,0.068948254,0.082528286,0.07033512,0.07672786,0.07415364
0.061535403,0.060547866,0.08634255,0.041997086,0.062904455,0.061323766
0.084455095,0.0709746,0.0753419,0.0662965,0.07578797,0.053498648
0.048579495,0.057604678,0.0704654,0.07303115,0.055792224,0.057402465
0.07862718,0.10574498,0.09041995,0.08879072,0.059842303,0.1044911
0.067982286,0.045157913,0.038788527,0.05761133,0.051599234,0.04331997
0.05945724,0.106673636,0.08483754,0.07477809,0.08811299,0.06050627
0.044987433,0.043772597,0.05268785,0.05656923,0.043131117,0.039421014
0.07312579,0.055354115,0.07088006,0.042449422,0.0654529,0.06368452
0.055397585,0.063627094,0.06367364,0.052775744,0.070513815,0.08278497
0.07230181,0.051099602,0.051651146,0.046332702,0.08193362,0.05604352
0.06687904,0.07486815,0.11390949,0.07962173,0.04283229,0.08147972
0.07032043,0.08089514,0.081567034,0.08789307,0.074188195,0.101381116
0.06319869,0.06557651,0.071426235,0.05288515,0.050457753,0.077383935
0.054899544,0.076855056,0.06483055,0.059601698,0.057106487,0.06934394
0.0774097,0.07221979,0.09038178,0.07662817,0.0597417,0.075800516
0.059872113,0.049751885,0.05561471,0.053047217,0.07345694,0.07084746
0.069702774,0.065944746,0.09554509,0.079592004,0.06922559,0.073530436
0.11256873,0.09890654,0.062478464,0.083467014,0.05153817,0.07404714
0.14970471,0.042579256,0.14920525,0.100142755,0.15102768,0.07049996
0.07435629,0.06842041,0.07333691,0.08780057,0.085003115,0.08662105
0.055281248,0.09710182,0.051283054,0.048730113,0.06382491,0.07802437
0.11513098,0.09827933,0.10158044,0.11551564,0.0671607,0.124806695
0.048777197,0.039816722,0.05815702,0.043979663,0.056742303,0.052764665
0.06943803,0.067344345,0.055571,0.08030824,0.04744116,0.0711789
0.09271673,0.075961195,0.06631792,0.11908183,0.098286636,0.09198421
0.056608573,0.06821846,0.06419273,0.069277175,0.053119037,0.056140795
0.07030645,0.05949467,0.045867264,0.07905665,0.066961475,0.08034115
0.07073637,0.077838555,0.06726445,0.074416555,0.08894108,0.056015566


================================================================================
=== twin network
train time
1.9507599999999998,1.9734923999999996,2.1112450000000003,1.9995303,2.168767200000005,1.9963207999999995,2.0102186000000017,2.038355900000006,2.025209100000012,2.0017224000000056,2.003945299999998,2.02122829999999,2.0517892000000018,2.4548063999999954,2.023192300000005,2.0526413000000048,2.01552989999999,2.5362101999999993,1.1941237999999998,2.0581814999999892,2.0500842999999804,2.044166099999984,2.0547557000000154,2.031225699999993,2.047039699999999,2.259700500000008,2.0807768999999894,1.1381662000000006,2.091089799999992,2.1244144000000063,2.1040433000000007,1.1058346000000085,2.1179884000000015,1.3065651000000003,2.123651300000006,2.1225221999999917,2.1263986999999815,2.141167800000005,2.137679800000001,2.1428371000000084,2.1279250000000047,2.135476400000016,2.161380300000019,2.182089899999994,2.1730033999999705,2.215968000000032,3.4906632000000286,2.1906382000000235,1.2113224999999943,2.182781900000009,2.2014352999999574,2.7436367000000246,2.2511956999999825,2.237837299999967,2.2398407999999677,2.24974450000002,2.2628312999999594,2.2433046000000445,2.2645585999999867,2.3454757000000086,2.3260144000000196,2.296352200000001,2.3346184000000108,2.322079799999983
mean squared error
0.0018972028,0.0029129505,0.0030153268,0.0030045875,0.0040670168,0.0015558325
0.0015305263,0.002551708,0.0020829344,0.0016455344,0.001833813,0.0019350314
0.0018629708,0.0026204756,0.001067896,0.0015949598,0.0016865487,0.0023782852
0.0038171213,0.0030391836,0.0036526222,0.0029593261,0.0017387324,0.002143548
0.003782963,0.004297208,0.003985558,0.0024018616,0.0033182339,0.008466242
0.0009830571,0.0019935404,0.004573537,0.0029356005,0.0034796917,0.0023154414
0.0025413753,0.002092597,0.0035155676,0.0027121583,0.004059059,0.002499594
0.004381929,0.0044711446,0.00517126,0.0059721596,0.0043833484,0.0052400795
0.0012772356,0.0028155502,0.002044436,0.0015325046,0.0015509909,0.002406801
0.001941997,0.0030986234,0.0033990757,0.0034463806,0.0013742906,0.0027767178
0.00171101,0.0020830235,0.001981245,0.0025018014,0.0011651769,0.0014892481
0.0019066125,0.0036064007,0.0011712385,0.0021211393,0.0032125716,0.00089727034
0.004653786,0.0024762794,0.0015340338,0.0014310965,0.0015407515,0.0031342788
0.003060747,0.0022754467,0.001999238,0.0031442386,0.0019043566,0.0026727153
0.0047720536,0.0020942392,0.001749721,0.0018299848,0.0038658928,0.0027709664
0.0013193053,0.0018494043,0.0021024323,0.0008826248,0.0019051314,0.0018652658
0.0036502525,0.002764675,0.002702353,0.0025991015,0.0023802149,0.004020427
0.0019552384,0.0026162027,0.0030832728,0.0022847704,0.0016060732,0.0015871471
0.0033274067,0.002779289,0.0023574566,0.002703652,0.003755031,0.003783763
0.002506036,0.0020794012,0.0011119244,0.002724758,0.0022415172,0.0013005387
0.0063126716,0.004128477,0.002471209,0.001128627,0.00415916,0.004212117
0.004910864,0.0029424415,0.002815285,0.005889115,0.0048126634,0.0037876829
0.0021159425,0.0015686533,0.0012376753,0.0014310929,0.0014753769,0.0008634569
0.0008339109,0.0018915717,0.0023475687,0.0020221164,0.0015921135,0.00072765717
0.0015522136,0.003039097,0.0014805304,0.0029661637,0.0023445566,0.0016958419
0.0025374994,0.0035713932,0.0016367872,0.0010577478,0.0027945936,0.003759282
0.0032135162,0.00261306,0.0027882503,0.0024204473,0.0018800762,0.0029363825
0.0030152572,0.0012459636,0.0010960484,0.0016397729,0.0022608421,0.0013712243
0.0046382104,0.004727643,0.0037750555,0.0033993055,0.0055316435,0.0040958333
0.0031305088,0.001978801,0.0050889994,0.0042469883,0.0052110255,0.002714828
0.0016387537,0.0025475754,0.0026796348,0.0024977888,0.0031245106,0.002928957
0.0018959836,0.0021053762,0.00086390116,0.0043464084,0.0011673048,0.0016129271
0.0013367351,0.0031313333,0.0021337226,0.0014749501,0.0011714606,0.0025223948
0.0028285054,0.0014872877,0.0010193464,0.002314788,0.002809669,0.0037954592
0.003052332,0.004160153,0.003633684,0.0017724836,0.0023903449,0.0026821506
0.0042127483,0.0023852536,0.00250222,0.0011590562,0.004873855,0.002694426
0.0025755432,0.0010760203,0.002401724,0.0032718265,0.002422972,0.00195674
0.0018594922,0.0028217416,0.0023889996,0.001755479,0.0013621863,0.0012323475
0.0029722364,0.005420956,0.0054025673,0.0022397803,0.0016469932,0.0034636306
0.0046200845,0.0020900038,0.0047077485,0.006754496,0.0032605317,0.0027156414
0.0042344783,0.0017406741,0.00089421956,0.0013810054,0.0011300544,0.0017767238
0.003222013,0.0050368137,0.0054284693,0.0048936047,0.0038899747,0.0021963883
0.0016945384,0.0021651827,0.0010397752,0.0029399768,0.0014253083,0.0013451412
0.003096806,0.0031701922,0.006287878,0.0034949388,0.003874165,0.0036231207
0.002501836,0.0014493573,0.0033287646,0.0021666992,0.0023833658,0.0020221875
0.0031246457,0.0012369711,0.0013733443,0.00079504465,0.0027027566,0.0014841843
0.0024956942,0.0024179,0.003191214,0.0045049023,0.0007739025,0.0031369592
0.0039572325,0.0037451736,0.0034459154,0.005253608,0.0031598548,0.0050316057
0.001720915,0.0011502894,0.0016151196,0.0011161347,0.0020370954,0.0021867144
0.0018549177,0.0041269837,0.003947024,0.0045552077,0.004107909,0.0024081904
0.00295052,0.0044489433,0.0049273707,0.003220274,0.0024759348,0.0046126335
0.0016551764,0.0011788085,0.0019979356,0.0015262779,0.0020616623,0.0025330563
0.0035059298,0.0031597826,0.0023030813,0.0026806297,0.005782642,0.0021010072
0.0073976098,0.0046989457,0.0037717898,0.0018347653,0.002039533,0.004129361
0.0032379047,0.004347723,0.0017592434,0.0029416776,0.0038353514,0.0034168852
0.0027092972,0.001607969,0.00272975,0.0022729388,0.002568575,0.0023224978
0.0014161804,0.002430613,0.0022904112,0.0033927402,0.002194473,0.0017047634
0.0057121576,0.0032953096,0.0034839069,0.0090312185,0.0055346205,0.0055394922
0.001613739,0.00044956262,0.0035432985,0.0015528245,0.0012757207,0.0011622717
0.0020572098,0.0013611403,0.000932489,0.0022107454,0.0016626187,0.0036729963
0.0053623877,0.0026208102,0.0026558684,0.0065597333,0.0061651175,0.0045586666
0.0028588204,0.0025620135,0.0035702682,0.0034332126,0.0026887045,0.0029148746
0.0025605005,0.001682079,0.0020146393,0.004160927,0.0032205707,0.0026458735
0.0015469306,0.0037676475,0.0012110949,0.0028858096,0.0026682487,0.0014241665
mean absolute error
0.033727534,0.042254217,0.041838314,0.04354575,0.049475573,0.029602012
0.03030747,0.03861584,0.03529272,0.031801995,0.033767566,0.034271363
0.03380955,0.039856948,0.025342824,0.030271783,0.030502837,0.039599217
0.04903685,0.04107803,0.046637367,0.041423384,0.03098736,0.03221939
0.046248212,0.049961742,0.05193448,0.036969926,0.044395078,0.0743551
0.023746654,0.035008788,0.054033723,0.042470045,0.044729374,0.035992417
0.04042738,0.03318955,0.04604929,0.037197676,0.049010716,0.03911848
0.049615674,0.05075763,0.05272595,0.05811756,0.046741907,0.054607976
0.027921144,0.040151544,0.03400954,0.030119766,0.028375557,0.03795226
0.033411335,0.043219306,0.045354273,0.044961642,0.029290136,0.039704747
0.031127924,0.0324685,0.03408703,0.039864354,0.026124062,0.029602965
0.03208939,0.044595636,0.024728984,0.032603312,0.042315956,0.021919174
0.056653168,0.036837738,0.027869312,0.028324168,0.027946379,0.042454157
0.04538892,0.034906033,0.032770026,0.042441808,0.032837804,0.040317573
0.05270351,0.033147544,0.033437017,0.03314292,0.05006992,0.04071754
0.026864517,0.033863433,0.03571668,0.022185009,0.03266266,0.031730186
0.049653124,0.041009653,0.040982187,0.037246015,0.038102865,0.050008453
0.03111079,0.03944776,0.046169974,0.035735022,0.029970229,0.029130057
0.044523872,0.03891075,0.037116848,0.040107857,0.045666445,0.04415369
0.037398085,0.03222228,0.024864204,0.038671155,0.0341769,0.02647186
0.059693478,0.048776463,0.03611504,0.024722999,0.047202542,0.049084447
0.054396413,0.039963093,0.039146192,0.0568799,0.053729236,0.045631748
0.033985723,0.029754013,0.02621127,0.026868168,0.028341891,0.021629393
0.0200313,0.03338722,0.038927734,0.035592683,0.030063199,0.02033338
0.030914366,0.04478983,0.028335398,0.038136147,0.038526326,0.032425035
0.039070804,0.04825894,0.030828431,0.024895854,0.04108936,0.048595954
0.044215534,0.039022684,0.04107006,0.037644595,0.03146123,0.044432424
0.042058006,0.02604876,0.02557886,0.028403156,0.036496766,0.028795449
0.054084364,0.054928757,0.045163568,0.04439391,0.058004964,0.047115445
0.04364843,0.033580896,0.058561932,0.051428076,0.055460177,0.040770788
0.03190121,0.04045816,0.04163115,0.039920516,0.043346632,0.04035343
0.03489438,0.037912626,0.022677349,0.056256447,0.027483853,0.03150959
0.028170947,0.045699436,0.0371062,0.028641105,0.026375687,0.03849564
0.04042863,0.027300231,0.025292084,0.03756891,0.04049969,0.050079517
0.04245437,0.051162433,0.0450321,0.031952735,0.03781882,0.0399926
0.050476827,0.036225732,0.037000768,0.024766447,0.053003438,0.039509017
0.041138403,0.023642154,0.03857639,0.04210803,0.038735725,0.03416281
0.032706805,0.04312465,0.040755518,0.030726327,0.028921142,0.026614953
0.040441375,0.055726115,0.052961607,0.034270477,0.031901926,0.04168164
0.051611945,0.035131805,0.049809646,0.06596783,0.042291686,0.038010422
0.05134605,0.03090609,0.022475831,0.02966549,0.02589596,0.03122955
0.043078814,0.055891387,0.058616333,0.055602174,0.049010735,0.03846186
0.032140266,0.03646474,0.023270156,0.04437948,0.028296512,0.025794636
0.04313575,0.042640336,0.06205865,0.045426015,0.045726478,0.043097496
0.03826773,0.02748314,0.043153692,0.03510898,0.03934947,0.034373075
0.04403143,0.02646348,0.027524292,0.021989679,0.042522397,0.028573219
0.038587738,0.036095887,0.042280655,0.051752664,0.02191265,0.043336827
0.048700195,0.043921616,0.045407698,0.054641444,0.041234344,0.05152295
0.030395227,0.023363532,0.031082897,0.025866074,0.03377564,0.03377957
0.031316634,0.048626382,0.046170566,0.054010384,0.047492877,0.03602709
0.040087488,0.050999817,0.058384787,0.04295065,0.035445355,0.052932568
0.029931793,0.026898468,0.033155445,0.029718624,0.03412648,0.038605038
0.047181197,0.04372149,0.036590777,0.039984405,0.06134426,0.0346747
0.06713419,0.055557553,0.04744019,0.03318089,0.03424749,0.049637035
0.04410348,0.052259702,0.031874284,0.04292028,0.04754037,0.048122283
0.038374715,0.030841531,0.038806442,0.03473163,0.03754569,0.035478543
0.027864175,0.03839977,0.035333928,0.043734908,0.036321867,0.029167846
0.057143673,0.043961275,0.043868672,0.07634159,0.0572124,0.05452254
0.02872257,0.015974425,0.046273053,0.028961537,0.025400411,0.024794305
0.033684444,0.029024865,0.023176363,0.036903836,0.032474827,0.048031043
0.059172325,0.03837359,0.03736817,0.06578512,0.06004907,0.046433587
0.03979626,0.038833227,0.046474528,0.04484401,0.04048883,0.039743606
0.03698858,0.030665714,0.032672994,0.04912606,0.043799657,0.03882507
0.029690094,0.04975268,0.025866989,0.038975704,0.04174762,0.027591296


================================================================================
=== delta network
train time
1.2176937999999993,1.2313587999999989,1.2476233000000008,1.262642200000002,1.310360099999997,1.2467698999999968,1.476903500000006,1.2551783000000043,1.2467869000000036,1.5971716999999899,1.258640800000009,1.2533862000000084,1.4727886999999953,1.2519043000000067,1.2674999999999983,1.2625753000000088,1.2586827000000085,1.2944626999999969,1.2902397000000008,1.2879470999999967,1.2762720000000058,1.2542767999999853,1.9584073999999987,1.2596713999999736,1.2855054999999993,1.7656963000000019,1.3156941999999958,1.3796489000000065,1.298794799999996,1.3031047999999998,1.3109956000000125,1.3122899000000245,1.3110882000000288,1.3005251000000158,1.3120377999999846,1.3033770999999774,1.3112719000000084,1.344033999999965,1.3544251000000145,1.3968076000000451,1.3424555000000282,1.331988899999999,1.3541238999999905,1.3531234000000154,1.4152792000000431,1.3467564999999695,1.3594878999999764,1.3472332000000051,1.3669916999999714,1.3626862000000415,1.33775449999996,1.746501999999964,1.3660156999999913,1.367369100000019,1.3755054000000086,1.42027139999999,1.3787878999999634,1.4156373000000144,1.4539113000000157,1.3999810999999909,1.3983769999999822,1.4235593000000222,1.4250184999999647,1.4350922999999511
mean squared error
0.0028040467,0.003907745,0.0018052114,0.0028472936,0.0040404866,0.0014251684
0.0028358577,0.003039893,0.0024394947,0.0045092427,0.0019144383,0.039182752
0.005413851,0.0025147856,0.023713721,0.0021862532,0.022012366,0.0060538566
0.02890091,0.011273969,0.0022897653,0.030185236,0.0038434158,0.018018823
0.012387215,0.0059745545,0.015338892,0.0069500664,0.015659187,0.011318617
0.003363603,0.003149617,0.009304986,0.041625373,0.0113588665,0.0027141625
0.0562049,0.00547991,0.0041998546,0.0053597502,0.01305809,0.004227707
0.011689692,0.003464472,0.007440529,0.031230936,0.004790519,0.0046004816
0.0026415987,0.0036712864,0.008145334,0.0022056187,0.001887592,0.010424311
0.0025201077,0.0023302967,0.002975,0.0047084563,0.0023447839,0.0020469215
0.001583484,0.002211839,0.0019192016,0.0033410909,0.001582778,0.0024676137
0.0033723756,0.0023429617,0.0026137542,0.0084771365,0.0029482814,0.008048678
0.0024094495,0.002173045,0.001790886,0.002045309,0.0018214255,0.002594558
0.009471471,0.005038253,0.002655821,0.0023606215,0.002817582,0.0033217752
0.009104641,0.0030541576,0.0028042167,0.0024338518,0.019183986,0.0031781518
0.0023255707,0.01359262,0.02380443,0.0035098135,0.011498456,0.0074024647
0.009533823,0.0047624875,0.00605455,0.0052005844,0.0046325075,0.0035764498
0.002291587,0.0016593254,0.005150993,0.0020888073,0.0030264792,0.002198692
0.01066315,0.009808418,0.074234545,0.0057927547,0.06233206,0.0066172983
0.0035645734,0.0034534263,0.0026509676,0.003083304,0.0029559364,0.0037730301
0.006939872,0.004525318,0.005440168,0.0047998754,0.008386545,0.01593938
0.00533067,0.006047349,0.0033914826,0.004383928,0.0045962823,0.0029932985
0.0017103456,0.0023560657,0.0014688061,0.0012404576,0.0013895459,0.0015677804
0.0014092898,0.0028333508,0.0024654681,0.009690406,0.0022407933,0.0019313822
0.0024700898,0.0020938187,0.0030778372,0.0024131772,0.0030418744,0.0026523732
0.001672806,0.0029504145,0.0013600352,0.0013678807,0.0036250292,0.0018178526
0.01921776,0.003540438,0.01037521,0.0042327833,0.0033443861,0.006311436
0.0032465842,0.0026512162,0.0033700203,0.002643219,0.0033072252,0.0026496784
0.0034836303,0.00609567,0.0033639092,0.024823515,0.003711551,0.0048309295
0.009463617,0.003444756,0.005859159,0.004522056,0.0049074953,0.0056565343
0.0031664148,0.0062889433,0.00535393,0.004944695,0.002003874,0.0024079417
0.00123957,0.0016123957,0.0012609452,0.0020829297,0.0021633275,0.0015726642
0.0024165981,0.0028289366,0.002904123,0.002099239,0.0016543802,0.0021262895
0.0016905158,0.0021604311,0.0018089516,0.0026694906,0.00310492,0.003094816
0.0061275377,0.004617731,0.0043248455,0.0043758038,0.0035800647,0.004247518
0.0040117777,0.025699943,0.005413295,0.004848575,0.014966162,0.0057437997
0.010689609,0.0030754453,0.006561734,0.0063433624,0.002863355,0.0044628712
0.0046362523,0.010794256,0.006129205,0.0026094983,0.0034854864,0.0026997833
0.010911228,0.0066677006,0.032790292,0.008262064,0.011116555,0.0058808085
0.0049120584,0.0027402383,0.0059919753,0.009786955,0.0036663953,0.0068102474
0.004247269,0.0019019982,0.0017628279,0.0021199994,0.0014294677,0.0034112204
0.002373631,0.0027547712,0.005352615,0.004165706,0.0018793335,0.0026115458
0.0031898043,0.0024453045,0.0024513847,0.00674099,0.002080562,0.0026643549
0.0040097153,0.0023408635,0.0024615228,0.0019852628,0.0019115862,0.0056602177
0.0015663535,0.0017768962,0.002572423,0.0017345296,0.0039117066,0.0017072221
0.022717277,0.0026292328,0.0024497171,0.0020731364,0.0046389205,0.0034312622
0.0050719413,0.003378904,0.006269277,0.0035340397,0.0035716884,0.0029507768
0.0072932797,0.03386482,0.021706074,0.0846707,0.016494589,0.0155794835
0.0018626456,0.010006449,0.004526607,0.0024502866,0.0025578367,0.03450739
0.005716975,0.06998093,0.006054349,0.008241465,0.0056462693,0.014911887
0.0028498212,0.0036823598,0.0059283585,0.0038300033,0.0027440323,0.004488074
0.0028482054,0.0034486505,0.003438721,0.0030176993,0.0027598438,0.0031702304
0.019842612,0.02558525,0.0029386387,0.0040534404,0.008074631,0.0025779235
0.030267982,0.015184741,0.004707535,0.0043857037,0.0058461805,0.005172898
0.0057391217,0.024126971,0.006572957,0.03501924,0.005753262,0.021330202
0.03604701,0.016482502,0.011052665,0.003039675,0.0023887025,0.0038377084
0.003456714,0.0033372573,0.0050144875,0.0068249395,0.0034302946,0.0029519983
0.0059462916,0.0024877223,0.0034259064,0.004371538,0.0032296441,0.007599568
0.0023091692,0.0017763276,0.0036325806,0.0024685333,0.0018214073,0.001978483
0.0020670379,0.0032447104,0.002748344,0.004077655,0.0032666242,0.0074206223
0.008599213,0.005474735,0.006348493,0.0069017876,0.008005296,0.009047079
0.0031704735,0.0061422666,0.026315212,0.0053331126,0.0047603343,0.0052596405
0.004024668,0.0037339404,0.032130748,0.023537219,0.0067689056,0.008749587
0.0017091663,0.0035629189,0.0019185722,0.0047022537,0.0033217329,0.0026652643
mean absolute error
0.04099982,0.047197502,0.032491434,0.04092384,0.049397584,0.029279852
0.041222654,0.04161638,0.037893668,0.053683575,0.033851437,0.16756064
0.056880623,0.038493205,0.1266792,0.036411405,0.1202048,0.062460795
0.13686635,0.08526634,0.03633221,0.13952596,0.04796135,0.1084655
0.08822232,0.05919683,0.099041134,0.063694246,0.09863991,0.08181281
0.0444509,0.042624746,0.073020004,0.17251222,0.08503816,0.039986398
0.19737442,0.058827974,0.049439322,0.055432543,0.09221529,0.05088108
0.085145056,0.044248383,0.06697373,0.14756416,0.0526589,0.05047863
0.038697965,0.047196325,0.07094399,0.03563109,0.03330955,0.08158541
0.038770948,0.035954617,0.04251162,0.052931674,0.03648884,0.035065494
0.030355541,0.03555032,0.033090398,0.04490001,0.030416885,0.038228557
0.043888517,0.037006464,0.039077964,0.07039964,0.041250993,0.0712558
0.03805046,0.03590261,0.033139583,0.034452744,0.03306901,0.03987587
0.078864455,0.056284025,0.03959851,0.036990233,0.04122787,0.043711755
0.07659171,0.04228387,0.040240943,0.037450325,0.11429403,0.042797297
0.03695252,0.09385227,0.12684844,0.04703205,0.086017825,0.06930177
0.07559428,0.05302655,0.05979844,0.054988574,0.051258367,0.045534506
0.036622103,0.031166393,0.05614735,0.034457806,0.042118207,0.035994906
0.08195624,0.07822087,0.22628513,0.05899528,0.21187235,0.0640151
0.045784388,0.044582758,0.039331507,0.042272523,0.041365255,0.047364883
0.063574165,0.051158134,0.056923065,0.05366425,0.070921436,0.10509539
0.05604271,0.060023643,0.0448639,0.05140532,0.052497037,0.042163488
0.03203228,0.036516275,0.030059785,0.026532648,0.028067073,0.030023023
0.028560318,0.040531803,0.038407393,0.08061444,0.037597056,0.03345956
0.037765674,0.03493551,0.042331085,0.03858338,0.04242998,0.040159892
0.031358473,0.04146926,0.028169926,0.027855387,0.047147505,0.032781422
0.11560167,0.045736074,0.08049647,0.04976877,0.044330172,0.062360805
0.043515652,0.039088473,0.04458492,0.040116824,0.043248538,0.039556097
0.045437686,0.06043284,0.045026906,0.13098654,0.046186503,0.053709064
0.07720916,0.046135064,0.05789045,0.051257614,0.0545908,0.057640348
0.041876163,0.062268976,0.057156116,0.05497355,0.03422674,0.037228215
0.026785843,0.031198505,0.027268326,0.035076085,0.035257153,0.03002512
0.03809702,0.041124385,0.041503392,0.034969877,0.031144341,0.034890562
0.031499244,0.0363172,0.03248823,0.039974242,0.04339917,0.042185456
0.059399296,0.050934058,0.050815877,0.051185057,0.045734856,0.049252067
0.048173673,0.13129865,0.05595289,0.052992597,0.10002824,0.057851546
0.08187387,0.043668024,0.062636,0.061795715,0.041281592,0.051885854
0.052933607,0.08226687,0.061927203,0.038801003,0.04521242,0.03844995
0.082592264,0.06368037,0.14929856,0.070202604,0.08209574,0.058892105
0.055252887,0.039971393,0.05871922,0.07653334,0.046317138,0.062913015
0.051710322,0.032555606,0.03202257,0.03524871,0.028743036,0.044985652
0.037368026,0.041085873,0.05642381,0.049514875,0.03244201,0.039693996
0.043809485,0.037865687,0.038203795,0.06525567,0.034779876,0.039800763
0.047039144,0.037404552,0.037730593,0.034074754,0.03313923,0.05779158
0.030000428,0.03181062,0.0392813,0.032009225,0.048819635,0.030797962
0.12655713,0.03994535,0.038677793,0.034217015,0.05247464,0.04520632
0.055906355,0.044665404,0.061213236,0.04510716,0.04648491,0.041553322
0.06476761,0.15127826,0.11770265,0.24489689,0.103678234,0.10083978
0.033338916,0.08059887,0.051666353,0.03815318,0.040008307,0.15615633
0.057633903,0.22056271,0.06019637,0.07010915,0.058392983,0.100354336
0.04062898,0.047570523,0.060599223,0.048643205,0.039723795,0.051805966
0.039622363,0.045222376,0.04498525,0.04243134,0.0403738,0.044070408
0.11537841,0.13293442,0.042172804,0.049836162,0.07254017,0.03956978
0.143119,0.09699643,0.05114191,0.05017855,0.059653245,0.05450742
0.058610052,0.12608533,0.063334025,0.15318282,0.059417836,0.122200504
0.15802191,0.103805624,0.0847808,0.04194678,0.03765974,0.048131984
0.044700187,0.04460485,0.054120652,0.06362979,0.04581643,0.041848622
0.057315927,0.038732126,0.044641785,0.05135707,0.043465342,0.06729145
0.038049553,0.031534,0.04708217,0.03812861,0.033416256,0.033794645
0.034758456,0.04361733,0.040146712,0.049740102,0.044695802,0.06723008
0.071289815,0.05700754,0.06164036,0.06367132,0.06836336,0.07352521
0.04298835,0.05977084,0.13711716,0.055763915,0.052842423,0.055388384
0.047197245,0.046806782,0.14719625,0.12573248,0.06465907,0.0725341
0.031080017,0.04594472,0.034016866,0.052937392,0.043976467,0.039491728


