================================================================================
=== value network
train time
1.2206558000000003,2.6136803000000004,1.9634521000000014,2.5820095999999992,2.573915399999997,2.208089000000001,2.5939784000000046,2.8133985999999993,2.585777499999999,2.589925699999995,2.5951318999999984,1.8993466999999953,2.5818834999999893,2.0702309999999926,2.3120317000000057,3.121193000000005,3.076874900000007,5.316431499999993,3.435572900000011,3.422557299999994,3.437800299999992,1.5012447000000009,3.314768700000002,4.007798699999995,3.364535499999988,2.6927897999999857,2.6176565000000096,2.6594828000000064,2.613928099999981,2.5155287999999985,2.4463039000000038,2.1960248999999976,2.074355500000024,2.282669800000008,2.643463199999985,2.6561214999999834,2.545307600000001,2.225749399999984,2.6886921999999913,2.387026999999989,2.280148200000042,2.7040509999999927,2.6219350000000077,2.0441646999999534,2.7137610999999993,2.668023000000005,1.2119457000000011,1.9741282999999612,2.4422767000000363,2.7393875999999864,2.731937300000027,2.7435565999999767,2.598492599999986,2.2814842000000226,2.762621999999965,2.729404699999975,2.8009035999999696,2.441657799999973,2.731527099999994,3.8913445000000024,2.7750558000000183,2.3000049999999987,2.8042363000000137,2.8201261000000386
mean squared error
0.003469349,0.0057110186,0.0074021164,0.009641774
0.008970273,0.0030009456,0.0041468227,0.018916234
0.0077426597,0.006262063,0.010079865,0.011093522
0.010568769,0.0056479927,0.019992864,0.017489078
0.0026057302,0.005208352,0.0016702677,0.0022349886
0.0016040931,0.0026252721,0.0032477549,0.0016177668
0.010506586,0.00706403,0.022145253,0.010256301
0.0019698127,0.0030227054,0.0029908617,0.0033590521
0.0049507516,0.0032438354,0.013653354,0.004736762
0.004314179,0.0159083,0.013783799,0.0033045406
0.009157461,0.0051481486,0.0034519886,0.0024384626
0.0030610075,0.006253491,0.006214732,0.0015871967
0.0124903275,0.007134407,0.005682534,0.007337695
0.0020483478,0.004332185,0.006456478,0.0037982846
0.0085313115,0.007438111,0.000742212,0.004174978
0.004585901,0.005044245,0.003301739,0.002346586
0.0041396883,0.009110526,0.007891397,0.006372522
0.002844034,0.0021264295,0.011107138,0.0051939962
0.01042601,0.016705113,0.007772845,0.03299805
0.008879336,0.005281425,0.006440734,0.003096524
0.004560361,0.002163793,0.005452108,0.0018717024
0.005427736,0.0036107178,0.0029011618,0.007435755
0.004782314,0.005729092,0.0030017945,0.0062953676
0.0048374245,0.0045579956,0.004422053,0.0064981473
0.010435,0.015506823,0.005601744,0.0010465833
0.004349983,0.006291051,0.003494186,0.007255714
0.013196658,0.0061294087,0.03144949,0.0057425457
0.01954156,0.025826698,0.022148222,0.009107258
0.0036635874,0.0041139675,0.007822889,0.00505773
0.0074017164,0.002964753,0.010902993,0.0043363217
0.0027492302,0.0021573103,0.0042511593,0.0024576478
0.0065274984,0.0051820083,0.0036424245,0.006509128
0.008830057,0.0040544313,0.0046503125,0.0062931394
0.0049242885,0.004588404,0.009523375,0.0059026494
0.010065695,0.008147241,0.024235334,0.008398427
0.00783368,0.011369648,0.006505359,0.0070515857
0.002829689,0.007694553,0.0028098274,0.0058987015
0.0050114235,0.0020524177,0.008789419,0.0058133635
0.0059381737,0.007499907,0.004976635,0.006207411
0.0025012644,0.0038983305,0.0035579286,0.004912625
0.0068849875,0.008413897,0.010386528,0.005467718
0.008299105,0.0017807293,0.010554109,0.004873052
0.0027899572,0.0029672522,0.002325666,0.0024277885
0.005432879,0.009365405,0.0044993656,0.013199868
0.0038715396,0.003380126,0.0020695066,0.0018765168
0.007884418,0.0077327215,0.005812584,0.005280103
0.0062862504,0.0040687397,0.0068307733,0.0034009537
0.010629577,0.011559149,0.008887708,0.019720891
0.016375843,0.009549338,0.0069063124,0.0065202904
0.013523919,0.014007393,0.0054960386,0.021409271
0.004017516,0.0057214713,0.011526837,0.0032456457
0.004254112,0.0039662,0.00517571,0.0010862497
0.006196821,0.005482309,0.0051521882,0.005972617
0.0030892668,0.012917996,0.008033456,0.00516382
0.0051775803,0.006706997,0.009239347,0.006971748
0.0066993353,0.006756143,0.0062468075,0.0116483
0.0031557,0.0051633916,0.008684331,0.00943806
0.0019885204,0.0040552993,0.005169318,0.0038209658
0.002884908,0.0041957893,0.004399868,0.0043957597
0.0034235253,0.0030921448,0.0050632176,0.009923979
0.0032797123,0.014686482,0.005250089,0.005837128
0.009010555,0.016109074,0.0032740503,0.0070759216
0.004758766,0.0056608096,0.0034225585,0.009463095
0.034747344,0.0033313895,0.00260579,0.011601452
mean absolute error
0.043384492,0.05823323,0.0634474,0.084650725
0.07709399,0.042008378,0.047703814,0.112353
0.06531837,0.058710374,0.08184301,0.084990285
0.07530907,0.06194686,0.11831017,0.10986967
0.040637124,0.0567454,0.028220333,0.036568902
0.028814284,0.03998941,0.041269865,0.030161522
0.07415817,0.06820967,0.11343358,0.08106122
0.035831332,0.041202758,0.041163154,0.045795407
0.057848167,0.038152162,0.09127762,0.05171149
0.054223444,0.10337496,0.09600009,0.04436813
0.07348416,0.05830253,0.043901224,0.03667813
0.04451534,0.06157626,0.05964239,0.029877095
0.08027376,0.07135352,0.053994827,0.066059
0.03635979,0.052897688,0.06659048,0.04423794
0.07139654,0.07324766,0.022081155,0.053943112
0.05012162,0.054780003,0.045306265,0.03663823
0.051344354,0.0761551,0.0697698,0.056431375
0.04274394,0.03474501,0.08310218,0.05747276
0.07517038,0.10066981,0.060443543,0.14733009
0.07434366,0.048780702,0.06774423,0.042934626
0.05372622,0.03332582,0.056230817,0.03308573
0.05917563,0.049368173,0.04459607,0.07198431
0.05111316,0.059573356,0.04358693,0.062337466
0.05213131,0.052674584,0.05192449,0.06457908
0.083367,0.10337221,0.059135035,0.024941364
0.049858317,0.063220724,0.03820218,0.062393602
0.084818624,0.058038484,0.14435309,0.05877239
0.11194754,0.115933485,0.11138949,0.07827236
0.048316322,0.04651267,0.06547372,0.05139016
0.06426177,0.041704513,0.08035297,0.047765717
0.040677164,0.035283893,0.047532327,0.032458134
0.05859392,0.058251467,0.047190573,0.06288555
0.0584866,0.04996646,0.05463685,0.06359752
0.050690603,0.049463436,0.074833475,0.055803794
0.07839524,0.06759114,0.12606387,0.07111781
0.070011385,0.08474237,0.061990146,0.065512985
0.042187735,0.06812509,0.039402466,0.055795178
0.054967236,0.035876468,0.07191862,0.060777064
0.059541196,0.06959824,0.05539495,0.061663486
0.03932808,0.045865994,0.04702688,0.052816395
0.06594431,0.07371531,0.06576744,0.0559833
0.06717053,0.032712154,0.0787582,0.05542045
0.040587794,0.045670375,0.036504097,0.035622455
0.05401903,0.07718027,0.054166425,0.09210089
0.049001448,0.04568806,0.03348574,0.032986358
0.07296882,0.06824327,0.05898549,0.057598542
0.05865884,0.048211683,0.06202663,0.048383623
0.08576992,0.08274853,0.06973099,0.10907869
0.10159443,0.078029975,0.063658394,0.05853942
0.08854605,0.09647957,0.056915134,0.117873676
0.048590973,0.06233982,0.076624416,0.04249779
0.050405875,0.046989065,0.05600437,0.023744611
0.06200807,0.056278236,0.054566517,0.05959595
0.04277632,0.09297548,0.07389431,0.055340104
0.05356269,0.0650773,0.07350796,0.06282789
0.063255556,0.06375804,0.054397363,0.06917713
0.040711336,0.05729018,0.07560268,0.07894653
0.031566117,0.0494119,0.055490967,0.048557617
0.041686065,0.046391983,0.054079972,0.050317343
0.04615498,0.04523654,0.0531377,0.078842774
0.041601222,0.096228056,0.05601867,0.06280335
0.06943369,0.1038285,0.04275811,0.06982278
0.05272516,0.056191806,0.044042725,0.07838738
0.15155773,0.04133667,0.0395917,0.08089422


================================================================================
=== twin network
train time
1.9342286,1.9819122999999994,1.0307628999999991,1.9853470000000009,2.1572174000000004,2.0266233000000042,2.0140148999999994,2.013270200000001,2.0133560000000017,2.0215736999999905,2.0195077999999995,2.023878400000001,2.024808500000006,2.4112637000000063,2.015203100000008,2.278103999999999,2.113683100000003,3.4904524000000094,2.741811200000001,2.682940799999983,2.6742684999999824,2.6255495000000053,2.791449099999994,2.606662699999987,2.654427999999996,2.056022499999983,2.040429699999976,2.05484899999999,2.0304975999999897,2.861336300000005,2.0540412999999944,1.1000966999999946,2.041629499999999,2.0402105000000006,2.0478880000000004,2.09153299999997,2.048066100000028,2.2527608999999984,2.2183562000000165,1.4866188999999963,2.109085200000038,2.1085285999999996,2.1183907000000204,2.1667726999999672,2.1100119000000177,2.1378814999999918,1.2980267000000367,3.4322604000000183,2.139492500000017,2.115918399999998,1.0703728999999953,2.119992200000013,2.1497903000000065,1.4801914999999894,2.152907099999993,2.1222592000000304,2.1670833000000016,1.3152757999999949,2.188404300000002,2.209856500000001,2.2677033999999594,2.20890159999999,1.1344588000000044,2.1968537000000197
mean squared error
0.0028380984,0.0019299587,0.0012547281,0.0015112421
0.0025952253,0.0027788952,0.0033431312,0.013726901
0.004689078,0.0024242348,0.0034857944,0.003993694
0.0034377521,0.0022140725,0.0029202425,0.001713421
0.00039373993,0.00088220165,0.00048678005,0.00056060817
0.0005162395,0.00065685395,0.0011128988,0.0007807806
0.0011226786,0.00037618505,0.0005703803,0.0013772822
0.00030651106,0.0007553932,0.00083314284,0.002031354
0.0014209866,0.0014084928,0.0032439795,0.0016102988
0.0015283959,0.00050888053,0.00081047794,0.0021139102
0.0042319675,0.004327749,0.0020846787,0.0015946048
0.0012380398,0.001711798,0.0018771475,0.0008423839
0.0039431355,0.004249082,0.0033293,0.0036429986
0.0004860387,0.0035887675,0.0015204059,0.0015936015
0.0014964559,0.00094695005,0.0005740275,0.00120347
0.0030224745,0.002154096,0.0013125284,0.0009917367
0.0031375326,0.0029169982,0.003320163,0.0015629895
0.0011438223,0.0011507561,0.0026615064,0.0017058263
0.0021030372,0.002556714,0.002260086,0.0036801882
0.0029375094,0.00067983405,0.0028571342,0.0016405819
0.0030392604,0.0012686922,0.0007757361,0.0008553882
0.0013382612,0.00084197987,0.00039413426,0.00091468403
0.0013699081,0.0010552924,0.0006771537,0.00091054646
0.0014823077,0.0011984808,0.00055020046,0.00068251125
0.0040416163,0.0024579787,0.0042326697,0.0008806912
0.002598727,0.002023832,0.0007066942,0.0020019652
0.0030506568,0.003704621,0.0019129933,0.0027561125
0.005748467,0.0019949728,0.0016215976,0.004390188
0.001423101,0.0029641325,0.0012510057,0.0013949692
0.0043295776,0.0012496216,0.005582352,0.0049655675
0.0010118701,0.0011194387,0.001615107,0.0010372273
0.0031880424,0.0033969297,0.0014970148,0.0015296828
0.0016170186,0.0018893465,0.0022694848,0.0017717616
0.001961454,0.001428709,0.004785559,0.0026130239
0.0012599461,0.0016526624,0.003720225,0.0026611967
0.0031658977,0.0014402092,0.0014641001,0.0025655911
0.0018048862,0.0013704846,0.0010681647,0.00093275553
0.0041592265,0.0011040715,0.0015876332,0.0033022298
0.0028767805,0.0029077474,0.0021233323,0.0025605164
0.0026038927,0.0005997811,0.0021948214,0.0026706299
0.0036397753,0.0048761815,0.0014357409,0.0013369253
0.005275113,0.00077487226,0.0025019476,0.0014158752
0.001160972,0.0021044787,0.00071621645,0.00067181926
0.0018014513,0.0026893956,0.0011540157,0.0013439321
0.00094032934,0.0013458054,0.0005999975,0.0004144598
0.0007352883,0.001896935,0.001386927,0.0015013766
0.0017971897,0.0018682006,0.001126335,0.0012906388
0.0032006667,0.002957094,0.0013977004,0.0023943388
0.0032633438,0.008227947,0.0052388213,0.0035388279
0.0026891276,0.0032497975,0.00076799747,0.0061172955
0.0039868928,0.0033477873,0.007029044,0.0027503467
0.0005607137,0.0008883934,0.0006853403,0.0007699924
0.003287867,0.00094109116,0.0014379264,0.0021298323
0.0022640664,0.0035553167,0.0021876695,0.0005247683
0.0011159048,0.0018031802,0.0020039377,0.001586143
0.0039943224,0.0022016757,0.0018874027,0.0017242492
0.0023610676,0.0009120369,0.0027018827,0.0013396032
0.00067113445,0.0010492395,0.0007043667,0.0012694977
0.0011420398,0.0010133251,0.00084894523,0.0014143352
0.0011293205,0.0007319425,0.0012500155,0.0011651277
0.00060507224,0.0004744344,0.0003997567,0.0006066167
0.0021896448,0.0012803364,0.0026001984,0.0044125454
0.0015874327,0.0045331973,0.003486077,0.0032373767
0.0016228368,0.0016088778,0.00050377153,0.0055005583
mean absolute error
0.042284004,0.034959737,0.026893739,0.030585445
0.040821884,0.04002996,0.043605488,0.09754548
0.05609389,0.034941785,0.04754108,0.05072017
0.046867788,0.03711231,0.04344543,0.031929936
0.014941009,0.022902867,0.0171344,0.018655758
0.01703937,0.020146396,0.025058484,0.020201914
0.0252001,0.014614654,0.017108502,0.02865689
0.013225051,0.019964665,0.021954339,0.037278768
0.030019937,0.026029855,0.04489229,0.031018998
0.03222338,0.015362794,0.021575332,0.038487792
0.050906517,0.05361616,0.035170857,0.02945729
0.024810359,0.031169081,0.033455823,0.022347799
0.047108885,0.054081235,0.0423507,0.04535932
0.017848399,0.050677218,0.029466538,0.027806405
0.02868256,0.021884456,0.017681563,0.027362114
0.04179899,0.03491785,0.028379958,0.024855865
0.0423025,0.040295467,0.04445447,0.027906178
0.026210602,0.026051939,0.040927883,0.034616895
0.034950927,0.039005477,0.039355103,0.048522446
0.041373655,0.020532763,0.043687817,0.030168993
0.043117117,0.026667424,0.021715585,0.022614304
0.027935268,0.022579674,0.014964459,0.023427054
0.028748292,0.023419699,0.020193897,0.02240198
0.030477026,0.023743754,0.018742803,0.020172551
0.053381886,0.03708678,0.052472796,0.023357088
0.040433023,0.035812806,0.019457953,0.03438751
0.038788695,0.04656953,0.031969927,0.039876174
0.061544716,0.031305786,0.02857158,0.050446015
0.030591622,0.04218624,0.026313566,0.027371371
0.054523412,0.024163453,0.062281538,0.056884512
0.021580637,0.025047937,0.030213607,0.022473037
0.04267719,0.045601852,0.03249216,0.030377904
0.030585634,0.030161215,0.037108067,0.029222049
0.031405807,0.029196868,0.055678613,0.037898168
0.027391735,0.028646858,0.04658321,0.03670292
0.039545186,0.028328465,0.02671763,0.039464843
0.03267627,0.027493076,0.022588888,0.02186405
0.04995188,0.024353387,0.028621385,0.047469947
0.040880073,0.04188364,0.0337232,0.03932194
0.040509146,0.017370641,0.036976263,0.041107055
0.047557797,0.057753447,0.027681304,0.028389946
0.05659426,0.020588482,0.04046558,0.028656453
0.026119275,0.03763083,0.02016027,0.018987838
0.033745293,0.04266509,0.026943328,0.029969607
0.021027382,0.028176466,0.017005878,0.0153423995
0.019617068,0.032826297,0.028370632,0.026510213
0.032614928,0.032101534,0.026052764,0.02660368
0.04470037,0.043137815,0.027124843,0.038147353
0.041127298,0.07298077,0.05779967,0.044687387
0.042216394,0.04640837,0.022924619,0.06285928
0.0502524,0.047144376,0.068406895,0.03884336
0.017903157,0.022089116,0.019512858,0.018968081
0.047130134,0.024252372,0.030033022,0.037668273
0.036325492,0.04579978,0.034812123,0.017409163
0.026295593,0.032424916,0.033276808,0.02962658
0.048850674,0.036433376,0.031880293,0.03134512
0.03628188,0.020971293,0.041425318,0.028060487
0.019321172,0.026074376,0.020903984,0.029265007
0.026423186,0.024790587,0.024443328,0.03038617
0.024188703,0.019546742,0.02766797,0.024518881
0.019009287,0.016324393,0.015151268,0.019511916
0.036777705,0.025853124,0.04113701,0.05382741
0.029376637,0.051726636,0.043847654,0.044629365
0.03138782,0.02914699,0.017763264,0.061195176


================================================================================
=== delta network
train time
1.1800378999999994,1.1604697000000002,1.1909253,1.2186433,1.1922905999999998,1.2122101,1.2144832999999977,1.2229361999999995,1.2085019999999957,1.556091600000002,1.1826848999999982,1.1967130999999966,1.2202291999999915,1.2122715,1.268804799999998,1.2859418999999974,1.2100329999999957,2.306582500000019,1.5792141999999956,1.5716996999999822,1.5797517999999968,1.5238349999999912,2.073789000000005,1.5309345999999948,1.5353324999999813,1.2309917999999982,1.2552473000000077,1.2005120000000034,1.178283499999992,1.2013360999999918,1.248357999999996,1.2396690000000206,1.242205399999989,1.2260056000000077,1.218634800000018,1.2182149999999865,1.2127487999999857,1.2415254000000004,2.1138199999999756,1.2288062999999738,1.222532000000001,1.2546613000000093,1.2571131000000264,1.2911399000000188,1.2776873999999907,1.2311166999999728,1.261365899999987,1.25169360000001,1.2771181999999612,1.2382916999999907,1.2408863999999653,1.2140682000000425,1.2612032000000113,1.2302640999999994,1.2529610999999932,1.282405200000028,1.256098799999961,1.2966421000000423,1.2429814000000192,1.2793190000000436,1.2652238000000011,1.2781440999999631,1.289366800000039,1.4912474999999858
mean squared error
0.0018935715,0.002319092,0.0023565344,0.0022669542
0.001676839,0.0022770106,0.0016444674,0.0026861758
0.005184563,0.0035006348,0.003023206,0.00295345
0.0013484053,0.0012615273,0.001989255,0.0022859175
0.0005558265,0.001452236,0.0008624295,0.0010573298
0.00096763455,0.0011847124,0.0011822587,0.001048417
0.001219311,0.001440991,0.0013598611,0.0024328036
0.0014390782,0.0012785335,0.0015275899,0.0021340756
0.002045786,0.0025655364,0.0024967268,0.0018675589
0.001546769,0.0015863643,0.00167165,0.0019491566
0.0012503372,0.0018945002,0.0007578002,0.00092337496
0.00065570796,0.0010852326,0.0012274568,0.0006690487
0.002294952,0.0049199467,0.0029788266,0.0020717988
0.0037515648,0.019637607,0.007924691,0.0059920405
0.0016308109,0.0041459003,0.0019112395,0.004933945
0.0019387642,0.0023552217,0.0023612163,0.0012532932
0.0013683009,0.0023173308,0.0022954335,0.0016329688
0.0009458215,0.00093876367,0.0015063202,0.0017515688
0.0014516033,0.0012259352,0.0021880253,0.0013647189
0.0030570375,0.002234388,0.0022061744,0.0015371204
0.001631889,0.001284414,0.0011162492,0.0016018098
0.0009703499,0.0010850569,0.0010377509,0.0015012217
0.0008734506,0.0010030642,0.0013585617,0.0017338813
0.0017904814,0.0015918325,0.0012934187,0.0019924229
0.001694426,0.0018110368,0.001733748,0.0012883429
0.00189186,0.001062131,0.00070906413,0.0013069279
0.001820397,0.0017941032,0.0015300934,0.0023238263
0.0025228083,0.002913486,0.0026500004,0.0018643126
0.001542055,0.002102481,0.003031541,0.0017646571
0.004198221,0.001619886,0.003344196,0.00306737
0.0026704613,0.004055785,0.0018342236,0.0016425558
0.0015569167,0.00088097365,0.0017995518,0.0014201086
0.0011769647,0.0017538221,0.0018589305,0.0016327254
0.0017701194,0.0019301006,0.0034697743,0.002017441
0.0019622461,0.0017814481,0.0027983647,0.0019122943
0.0018908686,0.0024999871,0.0023565844,0.0011800412
0.0033316698,0.0028679685,0.0023703105,0.003270049
0.010845895,0.0072002527,0.006274,0.007595146
0.0036316079,0.002294408,0.0013400969,0.0016906506
0.001509269,0.0008515648,0.0020659964,0.00097167026
0.001279791,0.0011605012,0.0017731754,0.0013483183
0.0026920098,0.0019555534,0.003036426,0.002875191
0.0011242905,0.0015165195,0.0010381243,0.0009867196
0.0019966154,0.0018081117,0.0020711157,0.0021312314
0.0020854203,0.001224896,0.0012604513,0.0014941933
0.0016334293,0.0013827783,0.0021759945,0.0025371553
0.0028124533,0.0018442535,0.0014717105,0.0019803818
0.003914568,0.0037636752,0.0021766988,0.0026841508
0.003849253,0.00452802,0.0034041381,0.0024658095
0.0017226675,0.0021773274,0.0019408216,0.002358037
0.0017543095,0.0039714086,0.003458296,0.0014403701
0.0009124379,0.0013395323,0.0010642777,0.0007055323
0.0009412668,0.0007159942,0.0008550009,0.00077961956
0.0023726805,0.0036144976,0.0017370086,0.0023114781
0.0015268308,0.0016014169,0.0019845872,0.0014417106
0.0036366505,0.0017123037,0.0022251816,0.00438692
0.0016663618,0.0012974412,0.0027161054,0.004135351
0.0010519957,0.0008790201,0.0012812353,0.0021269072
0.0016471638,0.001593106,0.0020763658,0.001354721
0.0018218133,0.001752137,0.0024018337,0.0022138946
0.00078802486,0.00067867164,0.0006928933,0.00099674
0.001313686,0.0016387096,0.000974439,0.0015037765
0.0021437902,0.002616755,0.0024055315,0.0036917161
0.0018216777,0.0022443947,0.0021531144,0.0029986096
mean absolute error
0.033753533,0.037143353,0.037533145,0.036732793
0.031485256,0.03629009,0.030741883,0.0386945
0.054511923,0.042901047,0.04308815,0.040491518
0.027999418,0.027796507,0.033566263,0.03689217
0.017995058,0.027857026,0.022414,0.024174469
0.023706503,0.02723557,0.024842741,0.024344947
0.026165474,0.029465966,0.028491687,0.036899235
0.02800045,0.027277382,0.029523684,0.035917137
0.0343532,0.0382605,0.039016243,0.03352771
0.030326316,0.03109581,0.031498037,0.0331012
0.0265833,0.033334043,0.021148378,0.023150943
0.020512614,0.024671111,0.025792474,0.019178994
0.0357843,0.052156877,0.043918192,0.035188764
0.04729418,0.11223594,0.065151766,0.058411088
0.031160997,0.050516494,0.0331246,0.053299606
0.033656318,0.036417168,0.03771783,0.026580995
0.029668527,0.037107244,0.035830215,0.030715529
0.022608044,0.023401145,0.02889475,0.031742495
0.029442003,0.02665354,0.03616473,0.02761258
0.043175884,0.035022993,0.036003437,0.029759264
0.029655598,0.027220331,0.025672914,0.030932399
0.02354891,0.02534112,0.02399076,0.029370526
0.022727724,0.02376161,0.027468054,0.03152672
0.03234551,0.029224692,0.02763945,0.034031376
0.031009968,0.032964654,0.032454696,0.027533624
0.03350654,0.024872227,0.020814946,0.027621115
0.032731116,0.03229679,0.029036112,0.037612252
0.038550682,0.042206556,0.039363477,0.035085157
0.031214342,0.035514813,0.043112874,0.031646818
0.05007552,0.030402219,0.043714378,0.040221825
0.038614627,0.048571654,0.033570983,0.030449474
0.028997341,0.022494445,0.032112107,0.029004619
0.025162794,0.031770837,0.032244515,0.031766165
0.03134045,0.03383928,0.043524828,0.033440232
0.033583798,0.03151368,0.04184487,0.034554385
0.032989636,0.03887309,0.038474016,0.025990983
0.044787224,0.03961186,0.037968077,0.04526785
0.08146608,0.06429241,0.06103053,0.06850806
0.04571322,0.03638344,0.02748879,0.031156033
0.028789908,0.022130886,0.03458457,0.024942245
0.02870472,0.025972385,0.032177284,0.02762403
0.04000065,0.03444526,0.041435204,0.042540852
0.02497129,0.029495139,0.0247944,0.02356965
0.035319746,0.032663554,0.03428926,0.035521146
0.034668986,0.028033746,0.02633602,0.028250597
0.030066084,0.029322214,0.035215646,0.039192606
0.040344503,0.032673772,0.028057871,0.03438775
0.04569833,0.046814114,0.036488727,0.03811822
0.047339335,0.050477058,0.045327224,0.037966393
0.032062374,0.034885377,0.034327287,0.037696794
0.03254422,0.04809093,0.045247503,0.029379783
0.022743776,0.027433325,0.02467318,0.019249216
0.02297286,0.02022348,0.022827933,0.021419061
0.037989806,0.045237906,0.03280568,0.037636086
0.030398525,0.02996072,0.03446728,0.028080871
0.04753291,0.031161442,0.036789637,0.05251635
0.031238496,0.02751239,0.04017344,0.04943074
0.024632549,0.023105774,0.027653148,0.035541873
0.030272279,0.029732443,0.034983467,0.027902838
0.03230837,0.032030664,0.037452746,0.03499319
0.021620983,0.019517511,0.020144962,0.023657735
0.026900364,0.030998038,0.022965223,0.030002465
0.036001436,0.0395192,0.038076174,0.04683433
0.03322119,0.03634433,0.036370512,0.041521568


