================================================================================
=== value network
train_time
9.0750184
4.572151400000003
7.230849799999994
7.330586699999998
7.228741499999998
7.380110400000007
4.676845100000008
7.394815600000015
7.351458099999974
6.443761799999976
7.355729300000007
6.289600000000007
7.412504200000001
7.692173799999978
6.65112529999999
7.258928800000035
7.7475749999999834
7.380256299999985
7.2521469999999795
7.423625700000002
7.345415199999991
7.387495800000011
7.17115960000001
7.300481800000057
7.313381699999923
4.543176200000062
7.880357099999969
7.381636400000048
7.354277000000025
7.468007099999909
7.337077499999964
7.463880000000017
5.569536600000106
7.366538400000081
4.531359899999984
7.424134999999978
7.318169000000012
7.207165099999997
7.316678700000011
7.2904773000000205
7.453772500000014
7.324314800000025
7.278769900000043
7.326484700000037
5.089039000000071
4.57586809999998
7.394908700000087
3.7225574000001416
7.167474699999957
2.28134319999981
7.201233199999933
7.389448099999981
7.398201400000062
7.460740999999871
2.511734899999965
7.318417299999965
9.140069200000198
7.416849400000046
7.304502599999978
2.1757912999999007
7.77082449999989
7.362810000000081
7.289538299999776
7.429512700000032
7.346079099999997
7.503741699999864
7.404922299999953
7.274355699999887
5.025211399999989
7.4064164999999775
5.920548699999927
7.300057600000173
7.1369342999998935
2.1822773999999754
7.357581400000072
7.263134300000047
7.215896599999951
7.300920399999995
7.405198700000028
7.428566700000147
7.3358180999998694
7.39773080000009
7.213037800000166
6.060546299999942
4.678727199999912
7.454078799999934
7.480135899999823
7.332846000000018
7.263158800000156
7.384718499999963
7.3726758999998765
7.086061700000073
7.345018099999834
4.589628900000207
6.9405486000000565
7.442280799999935
4.4707006000003275
7.177720799999861
7.204363899999862
7.258713299999727
7.526943200000005
7.320043899999746
7.344223800000236
2.520099500000015
7.167077999999947
7.336028900000201
7.657956000000013
7.125722800000403
7.2289356000001135
7.279126699999779
7.327430999999706
6.742836899999929
7.296812000000045
5.7348439000002145
7.280126599999676
4.501210400000218
7.205937600000198
7.375029799999993
7.262736000000132
7.455391099999815
7.435489299999972
6.170296100000087
7.466228599999795
7.663067200000114
7.287119000000075
5.008319300000039
7.670870299999933
7.327091099999961
test_delta_mean_squared_error
0.021912284195423126
0.023087022826075554
0.02704748511314392
0.021027779206633568
0.02423478476703167
0.020174365490674973
0.02449020929634571
0.021767856553196907
0.02538500539958477
0.026535125449299812
0.021510932594537735
0.020716622471809387
0.018338698893785477
0.0248939897865057
0.020758213475346565
0.02743862383067608
0.020807240158319473
0.022497620433568954
0.02466309256851673
0.02236820198595524
0.029090268537402153
0.023502813652157784
0.024581212550401688
0.022016942501068115
0.021286023780703545
0.026930900290608406
0.017844507470726967
0.02413807436823845
0.025626804679632187
0.024618659168481827
0.02497914619743824
0.0234930869191885
0.023470064625144005
0.019293982535600662
0.0234560277312994
0.018553221598267555
0.016259420663118362
0.022601045668125153
0.020075170323252678
0.020815769210457802
0.023611819371581078
0.026075642555952072
0.02210908569395542
0.01806809939444065
0.020239613950252533
0.024731341749429703
0.02619120478630066
0.026103243231773376
0.022461779415607452
0.02815103344619274
0.020354151725769043
0.02486545592546463
0.025818809866905212
0.021312342956662178
0.0209751445800066
0.028057478368282318
0.028759850189089775
0.01971115916967392
0.020304324105381966
0.01746080070734024
0.023222483694553375
0.022266779094934464
0.021173933520913124
0.022523149847984314
0.025125637650489807
0.02362748421728611
0.024760814383625984
0.025118160992860794
0.020176023244857788
0.022564658895134926
0.01951545663177967
0.02581958658993244
0.023194117471575737
0.026834135875105858
0.022030960768461227
0.01753455400466919
0.02139025181531906
0.020033102482557297
0.021516550332307816
0.019424552097916603
0.024223780259490013
0.020422104746103287
0.021351158618927002
0.01884722337126732
0.025836998596787453
0.016861801967024803
0.02389483153820038
0.016256198287010193
0.020578553900122643
0.022641785442829132
0.025178955867886543
0.018658040091395378
0.020676231011748314
0.029007431119680405
0.02533792145550251
0.01693766564130783
0.024835463613271713
0.021840278059244156
0.02299565263092518
0.02075059525668621
0.02039284072816372
0.019018059596419334
0.026190947741270065
0.02388160303235054
0.02100392058491707
0.02511446923017502
0.021893970668315887
0.025425156578421593
0.023775987327098846
0.02328832633793354
0.02267434261739254
0.022013800218701363
0.023750776425004005
0.020588764920830727
0.02174505591392517
0.02173992432653904
0.024644728749990463
0.027951082214713097
0.02417364902794361
0.02273373305797577
0.0246901735663414
0.024055661633610725
0.022995207458734512
0.019321586936712265
0.020414352416992188
0.02203173004090786
0.025371646508574486
0.025337981060147285
test_delta_mean_absolute_error
0.03623083233833313
0.039287347346544266
0.04623068869113922
0.03512348234653473
0.04052623733878136
0.03435388579964638
0.042036235332489014
0.03676246479153633
0.04248112067580223
0.04429057240486145
0.03662770986557007
0.03522028774023056
0.031188827008008957
0.0421021468937397
0.035049110651016235
0.04734041914343834
0.03519529476761818
0.038267832249403
0.042103588581085205
0.03778626024723053
0.04932469502091408
0.039464496076107025
0.04063762351870537
0.03744984045624733
0.036080501973629
0.04520401731133461
0.030421001836657524
0.039968524128198624
0.042549245059490204
0.0412636324763298
0.04231543093919754
0.03927929326891899
0.03850439935922623
0.032431021332740784
0.039466843008995056
0.03134298697113991
0.027468835934996605
0.038403596729040146
0.033930663019418716
0.03486887738108635
0.04022775962948799
0.04406462609767914
0.03791983425617218
0.030330924317240715
0.0341339148581028
0.041943393647670746
0.04602065309882164
0.04462896287441254
0.03855803981423378
0.04866704344749451
0.034557223320007324
0.042834509164094925
0.04354261979460716
0.036182403564453125
0.0356941893696785
0.04753832146525383
0.048521969467401505
0.03373098745942116
0.03493252769112587
0.03025870770215988
0.039166003465652466
0.03758935257792473
0.035533130168914795
0.037603940814733505
0.041950784623622894
0.04000795632600784
0.04254122078418732
0.043093036860227585
0.03415361046791077
0.03837963938713074
0.03360186889767647
0.04328511655330658
0.0391136035323143
0.0458967462182045
0.03768090903759003
0.029574362561106682
0.036173950880765915
0.03371191397309303
0.03672652691602707
0.032911114394664764
0.04044603556394577
0.03375482186675072
0.035385534167289734
0.031953178346157074
0.04374779760837555
0.027959957718849182
0.040486253798007965
0.027385234832763672
0.03478381037712097
0.038241833448410034
0.04321463033556938
0.03188745677471161
0.03470631688833237
0.04927178472280502
0.0435359813272953
0.02882176637649536
0.04176494479179382
0.03716319054365158
0.038872234523296356
0.035294800996780396
0.034576963633298874
0.03278939425945282
0.045000799000263214
0.04163583368062973
0.0355776883661747
0.041989974677562714
0.036398615688085556
0.04330534115433693
0.04034114629030228
0.03851023688912392
0.03886216878890991
0.03648204356431961
0.03994346037507057
0.035085707902908325
0.037101488560438156
0.03565710410475731
0.04122399166226387
0.0473858043551445
0.04098152369260788
0.03884299099445343
0.04186483472585678
0.04165561869740486
0.03852556273341179
0.032306645065546036
0.03404196724295616
0.037622082978487015
0.0430544912815094
0.042102254927158356


================================================================================
=== twin network
train_time
8.331159300000001
5.278230399999998
8.6534829
8.687664099999992
8.844964000000004
8.654756699999993
8.657538200000005
5.691956400000009
6.604778699999997
6.824538999999987
8.505357900000007
8.628449700000004
8.568794800000035
8.540084799999988
6.747226000000012
8.556654999999978
8.569450199999949
9.034587299999998
8.507012400000008
8.482120500000008
8.650997200000006
8.547544200000004
8.431173299999955
8.470379300000104
8.818603000000053
8.572635300000002
8.748354500000005
8.968593700000042
8.701117600000089
6.350706399999922
6.396805099999938
8.538058099999944
6.500287500000013
8.451964599999997
8.49405569999999
8.452191800000037
8.784990600000015
6.98070800000005
6.986699599999952
5.83220330000006
8.534231499999919
9.440733099999989
8.579253799999947
6.349463299999911
5.3837522000000035
8.446537199999966
8.525467099999787
8.527122400000053
8.652437899999995
8.475562300000092
8.540026000000125
8.431673900000078
8.481650400000035
8.689208000000008
8.835701799999924
8.69093769999995
8.818616799999972
8.59642400000007
8.522605899999917
8.43654349999997
8.381271100000049
8.549608099999887
8.640140399999837
8.640988500000049
8.493571299999985
8.597471499999983
8.708138400000053
6.642871000000014
5.540338100000099
7.854121999999961
6.137275199999976
8.596387399999912
8.603176000000076
10.800874499999964
8.531248000000005
7.456419900000128
8.503690399999869
8.469413600000053
8.71497670000008
5.763063899999906
7.981463000000076
8.763718799999879
5.460981400000037
8.604274000000032
6.158963999999969
8.655612799999972
6.69181679999997
8.889407899999924
6.92060349999997
8.623522499999808
8.494038199999977
8.469089200000099
8.486807200000158
8.504214300000058
5.580679400000008
8.481877700000041
5.37681079999993
8.622603400000116
8.505270900000141
8.91541129999996
8.645610600000055
8.498362699999689
8.760063400000035
3.039672399999745
5.40635310000016
8.613149299999804
8.940997000000152
8.70235270000012
8.61183260000007
7.238875700000335
8.610868999999639
6.141926799999965
11.549693500000103
7.971051699999862
8.57619479999994
5.369647500000156
8.545756399999846
9.25131859999965
8.589099499999975
8.817004600000018
6.135726099999829
6.5596175999999105
8.535162300000138
8.603027099999963
6.399350700000014
10.416537099999914
8.618726800000331
6.44897280000032
test_delta_mean_squared_error
0.01783209666609764
0.012991308234632015
0.017252380028367043
0.016070349141955376
0.010060662403702736
0.014744638465344906
0.017347779124975204
0.010794894769787788
0.012995698489248753
0.01531224325299263
0.014546656049787998
0.012270229868590832
0.013155228458344936
0.014466988854110241
0.013920971192419529
0.016578033566474915
0.016430405899882317
0.010536076501011848
0.013490287587046623
0.011882075108587742
0.0173466969281435
0.012922152876853943
0.01447452511638403
0.01361065823584795
0.016952089965343475
0.014355831779539585
0.014299788512289524
0.015268241986632347
0.012057101354002953
0.01510379184037447
0.013364382088184357
0.013842112384736538
0.01183902844786644
0.014214873313903809
0.016050683334469795
0.011786428280174732
0.014149843715131283
0.011872018687427044
0.013039537705481052
0.015042190439999104
0.01389926578849554
0.013109741732478142
0.017237473279237747
0.01339680328965187
0.013550320640206337
0.01992112770676613
0.01124222669750452
0.012191209942102432
0.013210883364081383
0.014402501285076141
0.015786299481987953
0.016565540805459023
0.011842061765491962
0.016002286225557327
0.011884192936122417
0.02009667456150055
0.014074839651584625
0.013123705983161926
0.010053576901555061
0.012075157836079597
0.01541982777416706
0.014472635462880135
0.014806540682911873
0.013655046001076698
0.013216678984463215
0.014686203561723232
0.013757416047155857
0.012059078551828861
0.011955710127949715
0.017966749146580696
0.015630818903446198
0.014519539661705494
0.01227282453328371
0.014059661887586117
0.015360547229647636
0.012770348228514194
0.013121920637786388
0.012495533563196659
0.017472248524427414
0.01107579842209816
0.01331248227506876
0.015600727871060371
0.011067825369536877
0.012615034356713295
0.01620924472808838
0.012986572459340096
0.017317388206720352
0.01099687535315752
0.014369728974997997
0.013271371833980083
0.012157758697867393
0.01344330981373787
0.014865613542497158
0.016033867374062538
0.017426537349820137
0.011928283609449863
0.016960468143224716
0.015841994434595108
0.0151656623929739
0.015595884993672371
0.014322709292173386
0.014753592200577259
0.014495030976831913
0.019327491521835327
0.016642631962895393
0.015833044424653053
0.013393493369221687
0.017003778368234634
0.015335018746554852
0.01228408608585596
0.014901976101100445
0.015504888258874416
0.01671411283314228
0.012325516901910305
0.014035042375326157
0.011447051540017128
0.01489049568772316
0.01819772645831108
0.013665951788425446
0.011965461075305939
0.015033618547022343
0.01224301103502512
0.014740539714694023
0.013233721256256104
0.013898897916078568
0.013918205164372921
0.017013369128108025
0.013631850481033325
test_delta_mean_absolute_error
0.02965216338634491
0.022135602310299873
0.029227856546640396
0.02739294245839119
0.017301298677921295
0.024591190740466118
0.02943902462720871
0.018305737525224686
0.022074442356824875
0.02570112608373165
0.024816466495394707
0.02077377960085869
0.022473067045211792
0.024373751133680344
0.023359548300504684
0.027895834296941757
0.028142539784312248
0.017961446195840836
0.023146774619817734
0.020084863528609276
0.02914760634303093
0.02169342152774334
0.02422195114195347
0.023044761270284653
0.028043562546372414
0.024563265964388847
0.024197326973080635
0.025582045316696167
0.020375322550535202
0.025842463597655296
0.022590085864067078
0.0234297476708889
0.02023046277463436
0.023922428488731384
0.02779519185423851
0.019887425005435944
0.02366062067449093
0.01990911178290844
0.022184621542692184
0.025156494230031967
0.0235992930829525
0.0221400149166584
0.029467303305864334
0.022533752024173737
0.02275688946247101
0.03345656022429466
0.019066395238041878
0.020324409008026123
0.02227172814309597
0.02413812465965748
0.026748601347208023
0.027835382148623466
0.02023373357951641
0.027073286473751068
0.020020045340061188
0.03435792401432991
0.024023625999689102
0.022266054525971413
0.017321035265922546
0.020402131602168083
0.0260492991656065
0.0246621984988451
0.024941328912973404
0.023192983120679855
0.02229841984808445
0.025050394237041473
0.02268238179385662
0.020431870594620705
0.020376726984977722
0.030287403613328934
0.026651937514543533
0.024571234360337257
0.020889762789011
0.023603767156600952
0.026082050055265427
0.021868392825126648
0.021943628787994385
0.021296020597219467
0.029836131259799004
0.018432093784213066
0.02255736105144024
0.02644714154303074
0.01847953163087368
0.02140880934894085
0.02747809700667858
0.021565604954957962
0.029765943065285683
0.018873000517487526
0.023960474878549576
0.02267364226281643
0.02036317065358162
0.022819312289357185
0.0248104315251112
0.0270826555788517
0.029881060123443604
0.020131245255470276
0.028485095128417015
0.02679656259715557
0.025492437183856964
0.026414310559630394
0.02369910292327404
0.024889368563890457
0.02443697489798069
0.03343714773654938
0.028140004724264145
0.02674836292862892
0.02268591895699501
0.028978247195482254
0.025711188092827797
0.020701181143522263
0.025123629719018936
0.026318499818444252
0.02832559123635292
0.020834069699048996
0.023908868432044983
0.019073590636253357
0.024906188249588013
0.031027810648083687
0.023029332980513573
0.020318498834967613
0.02539963461458683
0.020529013127088547
0.02532426454126835
0.02224172279238701
0.02377176284790039
0.02346600405871868
0.028725653886795044
0.023102043196558952


================================================================================
=== delta network
train_time
6.4109558
4.186340399999999
6.103981599999997
6.390241400000008
6.157961799999995
4.47340779999999
6.254547900000006
6.318717099999986
4.935073499999987
6.367812299999997
5.138141300000001
4.217422400000032
4.647549599999991
6.321055700000045
6.519802999999968
6.546902799999998
4.208563199999958
4.45769949999999
6.165792799999963
6.242460600000015
6.442853200000002
4.5021416999999815
6.872187999999994
6.2241496000000325
6.1543567999999595
4.229841699999952
6.369630200000074
7.75512070000002
7.0079925
4.91752699999995
4.948052599999983
6.241041399999972
6.728671200000008
4.441699599999993
6.378294600000004
6.657291299999997
6.263632899999948
4.9969740999999885
6.26960669999994
6.004638799999952
4.116196299999956
7.348357800000031
4.197783100000038
6.340941699999917
6.23949929999992
4.403816799999959
6.54830579999998
6.201356199999964
6.5846175000001494
6.212468299999955
4.285343199999943
6.132273199999872
4.383726000000024
4.650827100000015
4.224130999999943
4.426367600000049
4.408723999999893
4.778405099999873
6.2332850999998755
6.584474499999942
6.067143999999871
6.756649899999957
6.53948319999995
6.51450920000002
6.726082099999985
7.079537100000152
6.580357599999843
7.0581474999999045
3.992944800000032
8.058609299999944
6.425240600000052
4.755747500000098
6.158021499999904
4.130967999999939
6.370028599999841
2.231984900000043
7.312587399999984
6.551545399999895
6.211584200000061
6.236354500000061
5.343824499999982
5.828302799999847
4.25789020000002
6.806332800000064
6.137295099999847
5.925882300000012
6.550490800000034
4.369326099999853
5.116019600000072
6.340718899999956
6.183999399999948
3.953537800000049
6.309258299999783
5.207711799999743
6.445260000000417
4.221832499999891
6.811523599999873
7.882285800000318
6.675216799999816
4.602508299999954
6.134849000000031
5.230268100000103
6.648012199999812
5.692298299999948
5.043817599999784
6.383961900000031
4.544100900000103
6.494109700000081
6.094336200000271
6.151734999999917
6.432263300000159
7.727392699999655
6.172807599999942
5.499573500000224
6.268085000000156
4.88005720000001
6.146595000000161
6.342596699999831
4.103171000000202
6.18699289999995
6.492901900000106
7.05850670000018
5.595599799999945
4.459970599999906
4.662998900000275
6.63815250000016
6.795954400000028
6.857337399999778
test_delta_mean_squared_error
0.020480865612626076
0.01801551878452301
0.020278649404644966
0.017280476167798042
0.017133213579654694
0.01798800565302372
0.021894721314311028
0.01568656973540783
0.020228084176778793
0.018758416175842285
0.017204612493515015
0.018723923712968826
0.015252885408699512
0.021677257493138313
0.01792546920478344
0.02168870158493519
0.019620239734649658
0.01881137304008007
0.021680636331439018
0.016984930261969566
0.021642548963427544
0.016315817832946777
0.018940865993499756
0.018907086923718452
0.01868443749845028
0.018000638112425804
0.020562484860420227
0.02028973400592804
0.018800955265760422
0.017682986333966255
0.015596974641084671
0.019841311499476433
0.019863856956362724
0.01799253560602665
0.02099837176501751
0.01640932634472847
0.017145348712801933
0.019951926544308662
0.015167049132287502
0.014423079788684845
0.018088778480887413
0.021212879568338394
0.01924344338476658
0.016353614628314972
0.015578101389110088
0.01833992823958397
0.021877070888876915
0.01881387084722519
0.01748976670205593
0.019304079934954643
0.01808866485953331
0.018490083515644073
0.019224146381020546
0.01869615539908409
0.014312800951302052
0.019270632416009903
0.021001121029257774
0.013829797506332397
0.01589440554380417
0.016702555119991302
0.019795693457126617
0.016349606215953827
0.016937533393502235
0.02012486755847931
0.019062183797359467
0.0184389166533947
0.018842611461877823
0.016613511368632317
0.014979931525886059
0.016244180500507355
0.01595371589064598
0.020638929679989815
0.019202668219804764
0.018842024728655815
0.0186136644333601
0.023562677204608917
0.01718534342944622
0.018340177834033966
0.018487628549337387
0.01938156597316265
0.020578736439347267
0.018872233107686043
0.017194075509905815
0.015275198966264725
0.018977181985974312
0.015741724520921707
0.018433811143040657
0.016119569540023804
0.01500999741256237
0.018796924501657486
0.017943767830729485
0.015027006156742573
0.020804716274142265
0.01948472112417221
0.01932925172150135
0.016121914610266685
0.019803404808044434
0.018508892506361008
0.018996695056557655
0.01785598136484623
0.01751154102385044
0.01712457835674286
0.020363571122288704
0.018401246517896652
0.018623340874910355
0.018656617030501366
0.01822529174387455
0.02107049711048603
0.020652491599321365
0.0160345658659935
0.020024193450808525
0.01597623899579048
0.018343893811106682
0.017053615301847458
0.01738111488521099
0.01613948866724968
0.020321838557720184
0.02166922576725483
0.020292170345783234
0.017220372334122658
0.021831495687365532
0.018160048872232437
0.018354136496782303
0.019007686525583267
0.01731124147772789
0.018496010452508926
0.021912047639489174
0.021031348034739494
test_delta_mean_absolute_error
0.03420807421207428
0.029991136863827705
0.034389372915029526
0.028571633622050285
0.02892141416668892
0.030265267938375473
0.03722525015473366
0.026492368429899216
0.033823639154434204
0.03190125897526741
0.028991783037781715
0.03203371912240982
0.02583581767976284
0.036650676280260086
0.030127542093396187
0.036023303866386414
0.03320513293147087
0.0316879004240036
0.03712811321020126
0.0286647230386734
0.03704846277832985
0.027550747618079185
0.03164030611515045
0.031851354986429214
0.031192753463983536
0.030245956033468246
0.034105334430933
0.03449871763586998
0.03166676685214043
0.029639434069395065
0.02580326236784458
0.03300433233380318
0.03296366706490517
0.030217602849006653
0.035022057592868805
0.027732793241739273
0.02860039472579956
0.03367460146546364
0.02572055533528328
0.02453596703708172
0.030724264681339264
0.035748399794101715
0.03233076632022858
0.027607446536421776
0.026227479800581932
0.030985329300165176
0.036999307572841644
0.0317494198679924
0.02957729436457157
0.03269548714160919
0.030445285141468048
0.03136688470840454
0.03270074725151062
0.03111456334590912
0.024079665541648865
0.032709166407585144
0.03518403694033623
0.023266006261110306
0.027101963758468628
0.028476564213633537
0.03372839093208313
0.027759036049246788
0.028645401820540428
0.03398866206407547
0.03239734470844269
0.031160026788711548
0.03165338188409805
0.02757859230041504
0.02540787309408188
0.02739298716187477
0.026800673454999924
0.03436680883169174
0.03286418691277504
0.031541503965854645
0.031201058998703957
0.04000142216682434
0.02901623584330082
0.030599450692534447
0.031280744820833206
0.03276551887392998
0.03453592583537102
0.03185650706291199
0.02901025488972664
0.025927476584911346
0.03228101134300232
0.026186341419816017
0.03103668801486492
0.027199501171708107
0.0250187236815691
0.03184458613395691
0.029786717146635056
0.02510290965437889
0.03503473475575447
0.032878175377845764
0.03281795233488083
0.026781044900417328
0.0335572212934494
0.031186290085315704
0.03203393891453743
0.03014569729566574
0.029901908710598946
0.02910047583281994
0.03427084535360336
0.030891329050064087
0.03173164278268814
0.031531594693660736
0.030577292665839195
0.03574511408805847
0.03489384800195694
0.0268337894231081
0.0332852266728878
0.02679477445781231
0.03101913258433342
0.02864730730652809
0.02895188145339489
0.02652602456510067
0.03450068458914757
0.03659137710928917
0.03475772216916084
0.028913121670484543
0.0367397740483284
0.03067292645573616
0.03084852546453476
0.03225219249725342
0.02934040129184723
0.030613640323281288
0.03758623078465462
0.03507012128829956


