================================================================================
=== value network
train time
2.4853413999999994,2.5347477000000005,2.476465400000002,2.4768732,2.514830400000001,2.509375800000001,2.515130499999998,2.727787599999999,2.5072799000000003,2.563472399999995,2.8151498000000004,2.505774399999993,2.5225968000000023,2.498926400000002,2.5111677000000014,2.521262500000006,2.5226788999999883,0.9823570999999731,2.524798500000003,2.543713700000012,2.5395911999999896,2.532248899999985,2.5543452999999943,3.170514300000008,3.3247215000000097,2.5484739000000047,2.554791899999998,2.554871800000001,2.55534320000001,2.6055120999999986,2.576655399999993,2.469824799999998,2.9086765999999784,2.5777077999999847,2.57893439999998,2.5901130000000308,2.5675986999999623,2.579578099999992,2.58422539999998,2.686429300000043,2.5995421999999735,2.605028799999957,2.5991639000000077,2.6171357999999714,2.2430171000000314,2.0348529000000326,2.615390199999979,2.6469922999999653,2.6269877000000292,2.6409019999999828,2.6434082000000103,2.673603899999989,2.6780875999999694,2.6022266000000513,2.5561868000000345,2.697195700000009,2.674776500000007,2.7110807999999906,2.688952400000005,2.708351300000004,2.708134400000006,2.6401515000000018,2.7903751000000057,2.744445799999994
mean squared error
0.0090355845,0.009108654,0.0058901054,0.0066707092,0.0069618234,0.0051951525,0.008076273
0.01399285,0.009547877,0.0079657715,0.0073656915,0.007519467,0.0069250073,0.0065484247
0.008130043,0.0077723986,0.0045761913,0.007875961,0.003108811,0.0051538395,0.005275481
0.032558568,0.022656536,0.02949311,0.014508899,0.017817002,0.024774602,0.019227987
0.01064256,0.013056705,0.010043961,0.007797801,0.025363652,0.010576304,0.007944932
0.014988803,0.0069121583,0.009396577,0.010706991,0.010545881,0.009535917,0.008613254
0.005762586,0.008479892,0.010166044,0.005071966,0.005442479,0.0075976253,0.008574522
0.007504534,0.014756077,0.011249361,0.015800053,0.011063008,0.02687165,0.034520816
0.0046054497,0.0023121943,0.0034556459,0.0028008835,0.0020178293,0.0024693345,0.0058145896
0.012615342,0.014672319,0.020117313,0.009503477,0.006694311,0.0062947,0.009209448
0.0136073725,0.019631593,0.018534718,0.016198982,0.012389831,0.015857019,0.0066484353
0.012422173,0.02703071,0.021159038,0.031074505,0.028646905,0.014270093,0.010186228
0.0154044535,0.008409279,0.014464607,0.013753303,0.012298092,0.010619114,0.033750877
0.012894021,0.015751936,0.037235864,0.03925559,0.021496568,0.03972483,0.041622926
0.007485649,0.01966757,0.009079118,0.0062046056,0.012848263,0.03026176,0.015008354
0.008624415,0.009757566,0.009984305,0.013475966,0.008104817,0.02047574,0.017530248
0.009331351,0.028647095,0.026362479,0.048569687,0.019784087,0.04004563,0.054346066
0.026902167,0.051063873,0.010183304,0.038081564,0.02540112,0.010907204,0.042121124
0.018504921,0.013918498,0.015099351,0.009619702,0.012838109,0.04262024,0.027664999
0.0054063615,0.0039014462,0.0040452112,0.004768038,0.0025796776,0.009324762,0.011980599
0.0039402805,0.013236484,0.00805348,0.004620703,0.007988676,0.007308477,0.012096703
0.02292622,0.0165906,0.0104634315,0.019037494,0.008184658,0.0137481475,0.019965092
0.010676601,0.011043177,0.014764274,0.012131769,0.016951783,0.009442311,0.009485412
0.013414238,0.008485234,0.005203818,0.0021113318,0.004561993,0.004093685,0.0026989074
0.011710155,0.011407694,0.007969335,0.015491492,0.014933863,0.009124128,0.012460986
0.008680463,0.020264704,0.015426749,0.0069209547,0.008909451,0.0040161056,0.005288527
0.012297956,0.048548166,0.041297726,0.036162063,0.012303433,0.04122132,0.048789106
0.005593114,0.0076454435,0.009373008,0.007745258,0.004275294,0.006265199,0.0070631667
0.022018192,0.010251069,0.017147833,0.008451966,0.008946736,0.011466475,0.00753054
0.03866519,0.019443663,0.02652607,0.013848898,0.00786226,0.014645578,0.018141387
0.0064062607,0.046941224,0.008399122,0.010480502,0.011523366,0.005502697,0.0073933606
0.021109663,0.006449791,0.01120118,0.02638326,0.0122695705,0.010338646,0.01658418
0.022692623,0.009840139,0.023517033,0.008066995,0.017995203,0.0104564745,0.008330374
0.009862819,0.014435137,0.00915774,0.00986811,0.008077835,0.010820457,0.013241602
0.0065084924,0.004116316,0.0069259205,0.0074367817,0.0053689005,0.010062336,0.0055323
0.009886628,0.0064494573,0.008103622,0.010403718,0.006984122,0.0035336644,0.0058205356
0.004590729,0.0069118743,0.009050696,0.004476525,0.0061280546,0.007769954,0.004308482
0.004825379,0.0046849716,0.0052582677,0.0054022395,0.007890617,0.007640076,0.0041972203
0.009760797,0.008596502,0.0071314923,0.015631074,0.015516332,0.0109089315,0.007599968
0.0049207197,0.004167533,0.005019327,0.0060966243,0.011154169,0.0052271034,0.0076247496
0.034879845,0.015280584,0.013040789,0.044748195,0.008569972,0.010426737,0.038372938
0.006556493,0.0038761848,0.0084175905,0.008020393,0.009031022,0.0055370135,0.0066927187
0.0087299775,0.013247661,0.004893512,0.0068045375,0.005619019,0.006918738,0.006830622
0.004702404,0.005782294,0.005425552,0.004905135,0.0048482344,0.0037080287,0.010310218
0.004581514,0.0049772565,0.0047532497,0.004684787,0.0018434164,0.0033244947,0.0058301557
0.01056028,0.011604205,0.01696228,0.0103340065,0.02817559,0.04067788,0.02215883
0.017177409,0.0071233325,0.004682141,0.009406463,0.017480524,0.009718055,0.011206276
0.01683574,0.008302538,0.0071382625,0.00904295,0.008253721,0.006714055,0.005261464
0.032700066,0.008215415,0.011897699,0.008191703,0.03656728,0.023421437,0.009099684
0.010037392,0.004846803,0.005935855,0.0037724485,0.011078492,0.005388475,0.006964788
0.016628198,0.012721569,0.011083328,0.010558613,0.01414354,0.0104853455,0.011745369
0.0077722054,0.0061008427,0.012567797,0.00986595,0.013180735,0.010999634,0.007108465
0.01970144,0.010941406,0.032957345,0.018611744,0.012137483,0.020665077,0.019660732
0.015806643,0.013433316,0.021907844,0.01604618,0.014603435,0.019451661,0.013534425
0.0047141206,0.010375176,0.0063492996,0.005927025,0.0054793186,0.015694609,0.004088523
0.005632595,0.0077008046,0.011913813,0.011458313,0.013412426,0.016296465,0.0069255326
0.0112202605,0.024097428,0.014121315,0.043474462,0.016901094,0.01466799,0.024368975
0.027139323,0.02797797,0.0030922934,0.041170344,0.028069947,0.003708539,0.03859119
0.005940513,0.004434983,0.007861872,0.0048078233,0.0038738707,0.004198092,0.0057533816
0.026112022,0.016840694,0.03586438,0.010988908,0.013328533,0.01326732,0.00703177
0.0056449077,0.0054280944,0.0044800416,0.005739966,0.0067196833,0.007948919,0.0073724682
0.004618705,0.0070228856,0.00507593,0.012602057,0.009053773,0.010427546,0.008432332
0.009099032,0.012861908,0.009357065,0.025932116,0.010700579,0.0106524285,0.0056295134
0.006908172,0.017081568,0.0129266195,0.006487485,0.016917452,0.012552329,0.007300783
mean absolute error
0.07535174,0.074434966,0.060270473,0.062449828,0.06532897,0.056825396,0.072334126
0.09269471,0.07439156,0.06513774,0.068360634,0.067444615,0.06541301,0.06385051
0.0707242,0.06929409,0.053622082,0.07214381,0.04284841,0.05862795,0.057392746
0.14709328,0.11317527,0.13593695,0.09412349,0.10453836,0.12116117,0.11123196
0.07858046,0.089642204,0.074621774,0.07053234,0.12916802,0.07370751,0.06958076
0.09940148,0.061552946,0.07493072,0.08279243,0.07430181,0.07557992,0.07088064
0.05951826,0.072064295,0.07262696,0.05359038,0.056800317,0.0704781,0.075040966
0.06827806,0.094746344,0.08491688,0.09918255,0.08328793,0.12813984,0.14339814
0.053592183,0.037042458,0.045924224,0.04162544,0.035661235,0.03866114,0.057940435
0.087288365,0.09352121,0.11152284,0.07760096,0.06505937,0.062170014,0.077921495
0.09071506,0.11370352,0.109034054,0.10664353,0.089269735,0.09885055,0.06303661
0.088559106,0.1316434,0.11762101,0.13316937,0.13414621,0.0913077,0.07636636
0.09696911,0.06931568,0.094436705,0.090332426,0.08664858,0.08119841,0.1439175
0.084965184,0.09743092,0.15977454,0.15965421,0.12003307,0.1582759,0.16233066
0.06719114,0.111139156,0.07584983,0.06306881,0.087055095,0.13995527,0.09323422
0.06634427,0.0785601,0.07625922,0.08099736,0.07134361,0.11292801,0.10674644
0.07623495,0.13556543,0.12514193,0.17594747,0.11003691,0.15808581,0.19217052
0.13451314,0.17814283,0.07911244,0.15867986,0.13625196,0.08194503,0.15519315
0.10570474,0.09091758,0.09683281,0.07770862,0.09049069,0.16342342,0.12928285
0.05912564,0.048628766,0.049239244,0.052127693,0.036929104,0.067739725,0.08965019
0.047439322,0.08750173,0.06961593,0.05347536,0.06951523,0.06627708,0.07741423
0.1262754,0.103232205,0.0830234,0.10730501,0.06978015,0.0889866,0.11161721
0.08110254,0.082770795,0.096992835,0.084722385,0.1014261,0.078058966,0.07370584
0.09405076,0.073265694,0.056461453,0.035504434,0.05294091,0.050824683,0.038978346
0.082399845,0.08696107,0.07292836,0.099331684,0.09783998,0.076171555,0.0896795
0.07114067,0.113734744,0.09953175,0.06755735,0.07240344,0.051674154,0.055667028
0.08983237,0.17261495,0.15902275,0.15366225,0.084759444,0.16437313,0.18213718
0.05813606,0.06757598,0.070400484,0.06935309,0.05032565,0.06205664,0.06590337
0.12460817,0.0756039,0.10247054,0.06868554,0.074574,0.08082118,0.0662567
0.1549287,0.110400714,0.131143,0.092894174,0.06810728,0.09148492,0.10669417
0.06192794,0.17937149,0.07035656,0.08391319,0.083163194,0.05493681,0.06883807
0.11266212,0.066754155,0.086062625,0.13306925,0.08627539,0.080634035,0.1011831
0.11776324,0.07394304,0.12162922,0.06981881,0.10448731,0.079058275,0.07132077
0.07476828,0.09603596,0.07732373,0.078098126,0.06952733,0.08157383,0.08934664
0.061457552,0.05026505,0.06360508,0.069691375,0.05506871,0.07722955,0.05729322
0.07429512,0.06401948,0.06911443,0.07714836,0.062709175,0.04761974,0.05796663
0.053625815,0.06722893,0.07328563,0.048877936,0.06344531,0.07091831,0.047532007
0.05504272,0.05370931,0.055979606,0.057228483,0.07122525,0.06959749,0.05240958
0.07775444,0.07354654,0.065167494,0.09770291,0.10086315,0.082927264,0.06844628
0.05325414,0.049886353,0.051609397,0.06053533,0.078500204,0.05606356,0.06307269
0.1492341,0.0959978,0.091792,0.17352091,0.07204315,0.08200598,0.15627669
0.060839113,0.047501042,0.07293755,0.06649203,0.06893233,0.05540683,0.060773432
0.0726466,0.091813624,0.05437418,0.06317181,0.05679912,0.06278995,0.062424336
0.0527296,0.054550238,0.05932592,0.05410171,0.05474532,0.04660493,0.08354871
0.05309073,0.053001124,0.05345296,0.05454388,0.032341886,0.04380881,0.058899853
0.08122071,0.08131641,0.10099035,0.07924835,0.12982519,0.16167831,0.117265224
0.10095558,0.06686025,0.05351714,0.07165466,0.092025764,0.07725598,0.08254094
0.09200034,0.06647066,0.06577532,0.075507246,0.07157808,0.06000292,0.05652062
0.13798817,0.07071262,0.08159089,0.06785958,0.15028323,0.12056088,0.07356797
0.077935286,0.052875414,0.06071462,0.046657927,0.0842136,0.05577726,0.06463174
0.09994562,0.09011,0.08172775,0.0803579,0.094635755,0.07768958,0.084187455
0.06923419,0.0620758,0.090033375,0.06943268,0.09415129,0.079368114,0.0646341
0.111807786,0.07914391,0.13736194,0.10465731,0.087057844,0.11193801,0.104919545
0.09291788,0.09335553,0.12143929,0.09249478,0.09496496,0.10782797,0.09135899
0.053017616,0.07780178,0.06237219,0.05843707,0.0572298,0.09904481,0.04956261
0.0598667,0.06948501,0.0876197,0.083664864,0.08679054,0.09648021,0.06375272
0.08189749,0.13078064,0.0962977,0.17035115,0.10424148,0.0955622,0.12902898
0.1345817,0.13862608,0.04580701,0.16961884,0.13914269,0.047134656,0.15607065
0.06150998,0.050890736,0.06987306,0.053897426,0.04944148,0.049921438,0.06063417
0.12993547,0.1075126,0.15735409,0.08355185,0.0948337,0.09034179,0.06321787
0.057125073,0.0576312,0.05287123,0.05902816,0.06211429,0.070007466,0.070084624
0.051215228,0.062192272,0.05696382,0.08724105,0.074550934,0.079492345,0.07064313
0.073158294,0.082947485,0.07653656,0.13039185,0.08136692,0.081840865,0.058531377
0.06244853,0.100698374,0.08954124,0.061962616,0.0944103,0.08427392,0.06576545


================================================================================
=== twin network
train time
1.9070634999999996,2.013456399999999,1.979798800000001,1.985789600000004,1.9874128999999954,1.987865399999997,2.0139897000000033,2.0170942999999966,2.0186978999999923,2.009013100000004,2.0016945999999933,2.022303699999995,2.0015506000000016,2.392000600000003,2.0087986000000058,2.006727600000005,2.015200799999974,2.005034500000022,2.0350297999999896,2.013182499999999,2.0139475999999945,2.0119272000000024,2.0458225999999797,2.014946000000009,1.2029799999999966,2.075922999999989,2.0509751000000165,2.058592900000008,1.7994761999999866,2.1275950999999793,2.0857402000000036,2.0716287000000193,2.068450900000016,2.0630886999999802,2.0450307000000407,2.047765200000015,2.0442995000000224,2.0783544000000234,2.0874395000000163,2.081201099999987,2.0858420999999794,2.0681081000000177,2.0873780999999667,2.0730752000000052,2.0889488999999912,2.0717966000000274,2.0977662999999893,3.4263942000000043,2.276735199999962,2.111169000000018,2.141237399999966,2.1412454000000025,2.1334439000000316,2.151109500000018,2.155288599999949,2.146730199999979,2.1706345000000056,2.179617800000017,2.184009500000002,2.1862649999999917,2.2138911999999777,2.7931752000000074,2.236928599999999,2.1917290000000094
mean squared error
0.00161709,0.0021402389,0.002477803,0.0030384392,0.0028030786,0.0041928478,0.001290594
0.0064753797,0.0024325887,0.0024573526,0.0020702446,0.002469002,0.0021443411,0.0023501818
0.0032434505,0.0023204035,0.0015605865,0.0023124097,0.0018378146,0.0012543047,0.0022859578
0.0043988284,0.0041851187,0.007933415,0.00646219,0.004216348,0.0031081552,0.0062828385
0.0024381983,0.002237004,0.0021890372,0.002683985,0.003855677,0.0046643587,0.0034200917
0.0024691124,0.0026270382,0.0024716943,0.0029967346,0.002980443,0.0018804565,0.0026121766
0.0018821062,0.0023450877,0.0019896084,0.00092274975,0.0024578348,0.0024352623,0.0011402918
0.0027064995,0.0050374786,0.0054828473,0.0050204387,0.0033987893,0.0048882593,0.0041970653
0.0021976866,0.0009280455,0.0017324227,0.0015404734,0.0005324147,0.001024686,0.0020346944
0.0036319147,0.0039248182,0.004634864,0.004382962,0.003489052,0.0024536331,0.0016278842
0.0038633689,0.007246892,0.0076233894,0.0028874304,0.004118956,0.005515955,0.0026001635
0.0024778785,0.0049243183,0.003968611,0.008662269,0.009318655,0.005815585,0.0049043293
0.004034988,0.004548584,0.009164021,0.005604452,0.00504135,0.0048633018,0.010657662
0.003029433,0.0025160904,0.003280222,0.0039981348,0.0044902344,0.0024997673,0.0050310725
0.0050328397,0.006208536,0.0033809927,0.0024662083,0.0051269038,0.0029318393,0.005618651
0.006174839,0.0036690885,0.00468256,0.002284639,0.004733354,0.009256765,0.0060943156
0.0023613567,0.0077526984,0.004263372,0.005546097,0.010475608,0.0047605024,0.0021700503
0.004044184,0.0037688462,0.004880016,0.0025671767,0.0041622766,0.0046378006,0.0028881528
0.002107613,0.004415437,0.0033299334,0.0020882937,0.0035563977,0.002632929,0.0031997096
0.0010354378,0.0014565527,0.00145587,0.002709573,0.0013154632,0.003103102,0.0030168903
0.0013865974,0.002432883,0.0016912951,0.001527061,0.0035448454,0.002416217,0.0050861794
0.0070525664,0.00869139,0.003799347,0.006065024,0.005090535,0.0096932715,0.013687382
0.006641942,0.007791191,0.005667381,0.008931269,0.004550936,0.0037546512,0.004197557
0.0015978611,0.0020972716,0.0024275223,0.0011762689,0.0017671031,0.0017432717,0.0014131475
0.0038865812,0.0038522633,0.0029463468,0.0047496413,0.0031876564,0.0021481193,0.0026480043
0.002631601,0.0022584621,0.003001453,0.0025250008,0.0029994284,0.0013325237,0.0014625147
0.004469738,0.00780863,0.0051579652,0.0048414688,0.0058640894,0.008247011,0.0036828904
0.0015344012,0.0018930577,0.0018742838,0.0013222166,0.0021175328,0.0016575479,0.0011721217
0.0040685562,0.002365209,0.0041247527,0.0027534014,0.004031882,0.003938882,0.002465507
0.004371496,0.0028353329,0.0047637736,0.0035178782,0.006833259,0.0050043226,0.006047782
0.0015863645,0.0026277332,0.003992359,0.0033415582,0.0038247001,0.001175304,0.0025793621
0.0031625025,0.0020064015,0.006558283,0.0028373522,0.003068342,0.0031883097,0.0028019722
0.004791535,0.004029826,0.0029699798,0.006100744,0.0035571933,0.0033362266,0.0041795983
0.0027317314,0.0046866266,0.0053264857,0.003213163,0.0029442804,0.0044110045,0.0073777675
0.0029532975,0.0014112548,0.0039947024,0.0027227716,0.0017875283,0.0025213906,0.0030644054
0.001880753,0.0044608056,0.002347648,0.0046444843,0.0039682365,0.0015072022,0.0025438569
0.0043106913,0.002066058,0.0033582335,0.001115323,0.0027368173,0.0039130026,0.0026312536
0.002831749,0.0026904838,0.0021279117,0.0026021812,0.0018495119,0.0025271391,0.0014331099
0.004691048,0.0018600735,0.00129928,0.003831867,0.0033008293,0.00293213,0.005187507
0.0022680073,0.0018812818,0.0025742843,0.0017870663,0.0032375492,0.0030256244,0.004267705
0.0032820702,0.0034375195,0.0048370208,0.0049046623,0.004142933,0.0035114638,0.003812445
0.0023584322,0.0017580168,0.0032397967,0.003053014,0.003086518,0.0025239112,0.003052301
0.0030486726,0.0037685297,0.0017735834,0.0039741304,0.0014610979,0.00089102815,0.0020946122
0.0026742732,0.0019599057,0.00080367085,0.00207474,0.0023802263,0.0020394006,0.0028159579
0.0024461062,0.0022027853,0.0021306148,0.0013246756,0.0010986584,0.0009279101,0.0025348654
0.0038449168,0.003363154,0.0029110578,0.00088949275,0.0025463586,0.0021625308,0.0019328526
0.007290253,0.0033752269,0.0017000578,0.0042510694,0.005493869,0.0054860944,0.003870406
0.0020353883,0.0016710762,0.002432523,0.0015867979,0.00092317787,0.0018789031,0.001642898
0.0036775407,0.0018212224,0.004819124,0.0035379247,0.012151451,0.0038099545,0.0019162461
0.004423638,0.0020185176,0.0029279394,0.0015223093,0.0049930983,0.00090959785,0.002454705
0.0030381456,0.0039796797,0.0036974198,0.0033218984,0.0046598217,0.0044938303,0.0048551494
0.0031315044,0.0026770807,0.0041984525,0.001383352,0.0031679822,0.0014869904,0.0018636327
0.0033479547,0.0056193443,0.0061423634,0.003373428,0.002004954,0.0056743906,0.0049424046
0.007576129,0.007066123,0.009599543,0.0064682127,0.009010105,0.007841188,0.0052482034
0.0019254863,0.0023238813,0.0024115366,0.0019118756,0.0032711974,0.0024783835,0.0017043755
0.005361135,0.0064521213,0.0044086105,0.007516189,0.0027125648,0.0036091963,0.0042703073
0.0041452586,0.003908415,0.003863998,0.0026169522,0.005010645,0.0035388477,0.0015591994
0.0024990537,0.0018972026,0.0019485799,0.002007929,0.0019038259,0.0013602565,0.0034065826
0.0023110209,0.0010591974,0.0016214862,0.0016342938,0.0015216954,0.0009499993,0.0012000956
0.0019891805,0.0013387945,0.0015240537,0.0016717553,0.0023558023,0.003752517,0.0029228653
0.0030368476,0.0023720828,0.0016465632,0.0042196237,0.0041473485,0.003878568,0.0035622201
0.0019881465,0.0024395299,0.0021019196,0.0029455894,0.0029797922,0.0036243182,0.0022294025
0.002256645,0.0030840987,0.0050868117,0.0045190137,0.002067692,0.004607308,0.004562082
0.0035189854,0.005797827,0.0048545985,0.0028331347,0.010961841,0.004155615,0.0036196597
mean absolute error
0.0316249,0.03417834,0.037805587,0.04420177,0.04043646,0.049110543,0.027055781
0.060791012,0.036984567,0.035651937,0.035025675,0.037830725,0.034647368,0.037362933
0.042449456,0.03527979,0.029538255,0.036814008,0.034342982,0.0271942,0.039425522
0.051954497,0.050676614,0.07054768,0.06658198,0.046621434,0.04235951,0.056010388
0.039389744,0.035915993,0.03461184,0.039603744,0.051701814,0.05423122,0.04211218
0.036322925,0.03817108,0.03854195,0.04365819,0.039924297,0.03192392,0.038881708
0.032472827,0.03720426,0.035466406,0.023029372,0.036072563,0.037996355,0.025362713
0.041029382,0.05477169,0.05700793,0.05517125,0.046770122,0.054341823,0.046136737
0.036932684,0.022596309,0.030708117,0.030844094,0.017504808,0.024405833,0.034632713
0.043699767,0.047398247,0.053690225,0.05291271,0.04277583,0.036881845,0.032615095
0.04651211,0.06826138,0.07201168,0.039776485,0.05042244,0.05453652,0.03733576
0.03698908,0.05305237,0.047907542,0.0724859,0.07822746,0.0592308,0.053707678
0.049426176,0.050638165,0.07417689,0.057832494,0.054177016,0.048403878,0.081495464
0.039541963,0.03750001,0.042202342,0.050772842,0.053885527,0.03773297,0.05221889
0.05827937,0.06296592,0.042355962,0.04029139,0.05385687,0.04200146,0.057815257
0.05823137,0.045925938,0.052788068,0.034246426,0.055829965,0.07890383,0.06154327
0.038562313,0.06683657,0.051519815,0.055975273,0.07826159,0.051917244,0.035411753
0.04999123,0.04428494,0.049467076,0.037661895,0.04665722,0.05351725,0.04074123
0.03386525,0.051599484,0.045472592,0.035974015,0.045292463,0.038337395,0.043270778
0.025723476,0.029360278,0.030008994,0.04001914,0.027190555,0.044414114,0.044126302
0.028176328,0.038434025,0.02920775,0.02745392,0.047032565,0.038346034,0.054928288
0.066977344,0.07508944,0.047347687,0.06118065,0.055763673,0.07576448,0.095488794
0.06470974,0.07210415,0.059882797,0.07545162,0.05029045,0.044080023,0.05234728
0.030097349,0.03350065,0.037749287,0.024110882,0.030844787,0.032257203,0.029231293
0.050381906,0.048924305,0.04543849,0.05779088,0.04323473,0.034918696,0.039512772
0.035950255,0.036024723,0.043608643,0.038929023,0.042385146,0.028769257,0.027547443
0.056569293,0.06720571,0.05377199,0.054721925,0.0586684,0.07483594,0.047354624
0.030343048,0.032600693,0.034175172,0.027527936,0.0364282,0.03038277,0.025624767
0.049604528,0.035300963,0.048728243,0.037755623,0.046005107,0.046255175,0.037010465
0.049512725,0.03839696,0.0522603,0.04601057,0.064281605,0.0513481,0.061366357
0.030629382,0.039693702,0.051004715,0.046203375,0.046689484,0.026181167,0.0397416
0.042758036,0.03323268,0.06516953,0.04126895,0.041705184,0.042449925,0.038870484
0.05501622,0.047393452,0.041911453,0.0602281,0.044013638,0.045288138,0.04790558
0.040046126,0.054194357,0.057692826,0.042977944,0.041161492,0.05091996,0.067126825
0.041789837,0.028527215,0.04825692,0.0409403,0.03208506,0.036741722,0.04015011
0.032358322,0.05289036,0.03545445,0.0521785,0.05039111,0.0301179,0.03864104
0.050477766,0.034615457,0.04584385,0.025448637,0.042085327,0.05072099,0.039906874
0.043364618,0.03908787,0.034754936,0.037747167,0.03249133,0.040479925,0.029044045
0.05207097,0.03395378,0.027665742,0.049311098,0.044675305,0.041786086,0.055718295
0.036099333,0.031820033,0.039577786,0.030699987,0.043388005,0.041461643,0.050330956
0.04522144,0.04534189,0.051707808,0.052405134,0.0519617,0.043234244,0.046741273
0.03550047,0.032629088,0.04340846,0.042609327,0.04485819,0.0371337,0.04236223
0.044244893,0.04935398,0.03201743,0.047178093,0.028834907,0.022175416,0.034804154
0.0421533,0.034448545,0.021954842,0.03336203,0.03559808,0.032580294,0.042356364
0.0378942,0.036835372,0.034022048,0.027908787,0.02445484,0.023035854,0.03765943
0.050763402,0.043295376,0.040191103,0.022644224,0.037444912,0.036186244,0.03180608
0.06885759,0.043914866,0.030190239,0.050713822,0.05274406,0.05964448,0.049737915
0.032796193,0.03127613,0.036930792,0.030698746,0.023019958,0.033289682,0.030767137
0.047765322,0.031808898,0.054505,0.045116108,0.08874449,0.045843214,0.032122023
0.05012501,0.0326091,0.039930884,0.0291045,0.057604674,0.022818174,0.036726978
0.041928716,0.049494214,0.045253478,0.0433314,0.05232772,0.04816638,0.05206423
0.041990463,0.039904624,0.049254436,0.028125158,0.044588167,0.028471747,0.033680383
0.043457877,0.05761178,0.06281494,0.04287135,0.032957,0.05507417,0.05248095
0.06268209,0.068884745,0.07956968,0.05858042,0.07478341,0.06640896,0.05485329
0.032559123,0.034956735,0.036421686,0.03384093,0.04460254,0.038632955,0.03104468
0.058332812,0.058228955,0.043736648,0.06538431,0.03990091,0.044643898,0.04680387
0.047811806,0.04676182,0.0468946,0.039871253,0.050740667,0.044151984,0.030556098
0.037248567,0.034045793,0.036240436,0.03418389,0.03314875,0.028733661,0.04364304
0.037896235,0.024553679,0.030917369,0.029160766,0.030368427,0.023385594,0.026519107
0.033121523,0.027129883,0.029913457,0.029837703,0.03760874,0.04952058,0.040563572
0.043110218,0.036707316,0.030601304,0.049484104,0.04971254,0.0485503,0.05011848
0.032871317,0.036188453,0.03569458,0.043241575,0.04259091,0.043346893,0.03408802
0.03432558,0.042277787,0.054795068,0.05210076,0.034179367,0.05338929,0.04960267
0.04418693,0.057627093,0.055133805,0.040089805,0.08037959,0.04750041,0.04587591


================================================================================
=== delta network
train time
1.2277874000000004,1.2319151999999995,1.392118400000001,1.252633699999997,1.4161330999999961,1.248515300000001,1.2575201000000007,1.2530344000000042,1.2518512999999984,1.2806799999999896,1.261585999999994,1.2701294000000019,1.2468806999999913,1.2508583000000044,1.25353530000001,1.2682894000000147,1.2988325000000032,1.770270399999987,1.2796365000000094,1.2646006999999884,1.256035699999984,1.2623450999999761,1.2789458000000025,1.3737963000000093,1.268398000000019,1.2668140000000108,1.2979026000000147,1.2754601999999977,1.2842499000000203,2.0943789000000095,1.3046897999999771,1.2806361000000095,1.2931843000000072,1.3023350000000278,1.2910578999999984,1.3042613000000074,1.2913391999999817,2.3011544999999956,1.3014020999999616,1.304475200000013,1.301926299999991,1.3062255000000391,1.2907055000000014,1.3146212999999989,1.3071295000000305,1.3516218000000322,1.3429436000000123,1.3137421999999788,1.3564946999999847,1.3180030999999985,1.333253099999979,1.3218636999999944,1.332940199999996,1.3237798999999768,1.3290359999999737,1.346660600000007,1.348424800000032,1.343818400000032,1.352872399999967,1.3740682000000106,1.3796063000000345,1.7281270999999947,1.3566500999999676,1.3702569999999241
mean squared error
0.0037853848,0.0026200528,0.0020219896,0.004551644,0.0022908696,0.002522428,0.0018676565
0.023057465,0.012298681,0.004205415,0.005719692,0.0057626534,0.010589309,0.017618824
0.016713738,0.009632916,0.0035172221,0.033796936,0.0036437812,0.004251066,0.0035390514
0.005317872,0.00442222,0.007402417,0.006875263,0.008208925,0.0037419794,0.005635089
0.013453894,0.0035883994,0.0027060655,0.005563366,0.010134456,0.038896136,0.0063978448
0.0033441107,0.0026889087,0.003673798,0.0078206025,0.0043878206,0.003368607,0.00409006
0.0016288458,0.0016913732,0.02587576,0.0021000989,0.008916226,0.0047450787,0.0017384461
0.0040626763,0.0043644696,0.007102457,0.014418597,0.003562692,0.037324775,0.007238134
0.008568907,0.0080346465,0.033376463,0.03920672,0.028990189,0.0098629,0.0057111694
0.0075873532,0.0057416684,0.038971256,0.036510643,0.0038799585,0.0031116423,0.003525943
0.0115793655,0.027206551,0.04718821,0.006614885,0.005583125,0.025881557,0.005887547
0.0046387236,0.007200505,0.01166396,0.0067755757,0.008532644,0.008874266,0.010710135
0.005962688,0.0020755131,0.0043325033,0.005260577,0.003942272,0.0036916218,0.004818758
0.0064827176,0.00287172,0.0058638365,0.0033681386,0.008961245,0.0037656275,0.009811744
0.009670247,0.0308705,0.0060857185,0.0031359985,0.02541268,0.018402021,0.008244281
0.0036626614,0.002448922,0.0034553967,0.0048122574,0.004258307,0.00665796,0.0031642786
0.0051583312,0.0077316193,0.009452611,0.007020263,0.007959476,0.0077825366,0.00520566
0.005217946,0.0060533923,0.020858213,0.006268713,0.01125007,0.0065985126,0.0057689985
0.0029055735,0.008606988,0.00408168,0.0048128883,0.060267083,0.0036121383,0.0044979015
0.0021192497,0.0041224356,0.0017300906,0.0030811385,0.002041308,0.0037857473,0.0038685612
0.0036002323,0.01335258,0.0067650606,0.02279393,0.0038625342,0.029843811,0.029999975
0.006112417,0.013856082,0.005876314,0.023607252,0.008961981,0.006296769,0.037946273
0.010117268,0.029133588,0.01626878,0.008537247,0.049348097,0.0033686836,0.0033392536
0.03861177,0.0029522225,0.006041364,0.0024526124,0.009678193,0.0031414903,0.012651998
0.0034148556,0.0055128895,0.022806395,0.047467977,0.010075784,0.008469212,0.0036711947
0.0029108534,0.004000011,0.037759285,0.0043700454,0.0063869194,0.003326747,0.003251122
0.007139769,0.0073627643,0.004981976,0.032712072,0.0031064579,0.007954408,0.0068051443
0.0019199854,0.0030230642,0.0032730254,0.0024245451,0.0019367913,0.0031356749,0.0016441979
0.005492738,0.0026293013,0.0045026555,0.0027561025,0.0030590508,0.005718866,0.0044217817
0.010357912,0.008500143,0.01194732,0.041773442,0.0097213825,0.013885621,0.006031585
0.0026505068,0.0107847,0.019361345,0.018932313,0.027207725,0.0027517534,0.024208507
0.0040020226,0.0033625949,0.008496326,0.0050325696,0.0032468787,0.0026587788,0.0038077484
0.010332012,0.0048093772,0.004959293,0.0096073495,0.004764346,0.004861996,0.0051723416
0.0038753878,0.03266472,0.028129818,0.004479208,0.004935542,0.005825006,0.024863953
0.0030256333,0.0023673826,0.0037911672,0.002781086,0.0020872299,0.0040575573,0.0022307504
0.0041473866,0.0073718177,0.00433087,0.005792782,0.00604487,0.0045519103,0.012141433
0.0042627533,0.0029481074,0.004025609,0.0020225362,0.023169434,0.0038754526,0.0018463946
0.0048139673,0.0017471248,0.0017590201,0.017224522,0.0030467887,0.024593936,0.0020887193
0.0032747963,0.0022695703,0.0027672555,0.041924737,0.0029217883,0.0028149628,0.007541625
0.0034562696,0.0025121067,0.0044582575,0.002697933,0.004190733,0.0027481331,0.003144206
0.023963735,0.0071931602,0.007722692,0.0058482643,0.06563933,0.0048954026,0.006421945
0.0045829313,0.005295017,0.005290702,0.052653085,0.02211005,0.00565866,0.007956491
0.013571936,0.0036476024,0.002966282,0.03572862,0.0034487736,0.0034011533,0.00338854
0.0020136638,0.0017691567,0.0031518121,0.0029460613,0.0019968338,0.0018437859,0.0049042474
0.03514859,0.004648165,0.0033136685,0.0037505664,0.0030196158,0.00415056,0.0057811975
0.006682646,0.0036425092,0.0101981,0.0034475727,0.022942126,0.015110229,0.010843754
0.012010069,0.0036867647,0.0031081662,0.0022370492,0.008628379,0.007001207,0.036707245
0.032245774,0.009593659,0.02093182,0.04863996,0.010631985,0.0112194605,0.0037269383
0.0068290224,0.0045562503,0.00829818,0.02293626,0.014442697,0.026665812,0.0050545563
0.0044212304,0.01039253,0.0036593608,0.005097639,0.01062411,0.02881101,0.003386305
0.0037589965,0.005194598,0.0038013728,0.0075815604,0.00587169,0.0037418804,0.0059901653
0.013962964,0.005417299,0.0028700153,0.034687173,0.008798612,0.0035346393,0.011514374
0.008536047,0.079435244,0.010071685,0.0063311756,0.0049907514,0.009275812,0.0054706386
0.0056900303,0.015557994,0.008576871,0.007582657,0.0098562,0.006761958,0.005316034
0.0046236697,0.018916598,0.0024916402,0.010941918,0.02895426,0.0036457519,0.010371043
0.0029469456,0.0072740577,0.0054812054,0.00508492,0.0032924637,0.0037180306,0.0043262076
0.029982021,0.0067660105,0.050792355,0.008787224,0.014438268,0.008799091,0.006095532
0.0046622874,0.0024423571,0.005984817,0.004727559,0.002233179,0.0025987995,0.0037789731
0.006325655,0.003095564,0.002990134,0.0025732014,0.0024164016,0.0026105351,0.007779012
0.001847252,0.0024299514,0.0026396106,0.001209589,0.002903081,0.0031578075,0.0027431175
0.0039985967,0.002618729,0.0024044295,0.0036026782,0.005236763,0.0035290844,0.0043019503
0.0030634461,0.003883519,0.0052317833,0.0029906314,0.009138495,0.004177974,0.0034962203
0.004869115,0.004043359,0.010531795,0.010042497,0.00428327,0.0074193194,0.007248232
0.0055246963,0.0048175347,0.017030036,0.006880257,0.018463342,0.006664372,0.0089023365
mean absolute error
0.047601238,0.038760427,0.034502335,0.053618405,0.037487563,0.038275644,0.032648265
0.119733535,0.087166674,0.050988097,0.059904844,0.058661047,0.082447305,0.10768731
0.10487612,0.078364424,0.045301147,0.15121771,0.047020983,0.051271334,0.046005346
0.056869257,0.05122962,0.0668926,0.06437337,0.069500856,0.04677596,0.057893902
0.0939502,0.04689957,0.039736945,0.058473825,0.08232251,0.16318284,0.062437017
0.044218548,0.04028152,0.046546713,0.07125587,0.052439325,0.04546561,0.049648836
0.031067807,0.031185498,0.13564757,0.03478302,0.0745802,0.0545829,0.032243956
0.048886012,0.05157549,0.066689126,0.09438382,0.04513616,0.15797457,0.06725757
0.07281182,0.07218218,0.15315388,0.1671665,0.14290312,0.08013765,0.059542872
0.06841597,0.059791256,0.16569482,0.16052954,0.048470143,0.04220316,0.04585525
0.08523783,0.13443287,0.17706314,0.06147514,0.05755608,0.12762517,0.058747012
0.052702993,0.06554812,0.08576654,0.063801065,0.070655696,0.07298738,0.08040769
0.060225166,0.03552822,0.04986629,0.05515137,0.04808706,0.047624085,0.053244084
0.0626109,0.04035029,0.059661366,0.044169106,0.07376838,0.047029316,0.07662196
0.07878665,0.14430052,0.060096342,0.043111537,0.12990974,0.110430464,0.06982787
0.04825672,0.038139444,0.045723528,0.054553907,0.049694207,0.06345891,0.043833967
0.056052633,0.0665332,0.07553333,0.064767785,0.06904287,0.06915087,0.05517794
0.05585262,0.060830027,0.11684086,0.062092677,0.08265726,0.061982837,0.058912724
0.041570835,0.07322475,0.049181614,0.0543867,0.20738517,0.046479195,0.051020022
0.035052728,0.04836626,0.03156223,0.0427142,0.03525421,0.047358695,0.04823948
0.047067884,0.09363906,0.06484132,0.1264222,0.048634075,0.14472038,0.14058997
0.06043076,0.09324045,0.056308642,0.122303344,0.073312715,0.061047327,0.15998472
0.08015707,0.13796861,0.10318127,0.07363905,0.18036179,0.045418788,0.044852134
0.16411215,0.042517703,0.062232736,0.038775325,0.080297686,0.043476734,0.09366556
0.044395078,0.05761654,0.12538496,0.18429248,0.08007928,0.07408474,0.04754483
0.042029183,0.049911767,0.16081393,0.05328644,0.06335822,0.04503064,0.0440138
0.06631074,0.06762458,0.053580362,0.14882976,0.042564575,0.07042526,0.06517751
0.0337841,0.04238727,0.04399726,0.038545854,0.034207992,0.043313343,0.03109848
0.058730543,0.03968574,0.05185876,0.04014755,0.04188515,0.05794954,0.050212126
0.0806197,0.07224336,0.087404974,0.16757968,0.07594935,0.093343236,0.05959422
0.04008917,0.08354403,0.11308821,0.112519786,0.1345737,0.040980276,0.12691481
0.048588637,0.04491587,0.072543986,0.053860515,0.042818647,0.0393096,0.0481526
0.07717099,0.053849634,0.053782035,0.07713108,0.053788107,0.0529725,0.05562264
0.04821522,0.14836177,0.13647728,0.05222583,0.05415029,0.059278995,0.1305461
0.04281652,0.037574403,0.048668563,0.04133586,0.035622705,0.05003743,0.036694735
0.050218016,0.065671064,0.050576523,0.058720965,0.060201406,0.051932666,0.08969234
0.051576883,0.042511396,0.04902213,0.034964312,0.1281784,0.04866323,0.03287585
0.05495393,0.03192689,0.032025065,0.1081725,0.042826183,0.13012071,0.035927515
0.04505908,0.03666696,0.04090015,0.17356387,0.04138932,0.040748723,0.06914383
0.04637501,0.038004704,0.05123776,0.040106665,0.05059068,0.04017823,0.042876147
0.12516025,0.0652865,0.06911643,0.059747268,0.21078111,0.054572448,0.06320507
0.05248439,0.056651145,0.056341246,0.19240536,0.12505512,0.0591609,0.07075805
0.0947574,0.047380093,0.04250178,0.15669824,0.04605959,0.046283517,0.04543532
0.03365182,0.032068677,0.043420184,0.042100057,0.034297794,0.032848623,0.05619131
0.15922847,0.052219816,0.044648148,0.046560906,0.04324593,0.047393844,0.060327914
0.06393421,0.04683726,0.08105918,0.04565782,0.12148952,0.09939363,0.082779355
0.086701155,0.04654729,0.043144796,0.0366791,0.0740555,0.064970516,0.15930046
0.14570154,0.07844324,0.11739153,0.18614112,0.08360395,0.08435885,0.047591154
0.065360375,0.05184642,0.07059505,0.12275531,0.09599713,0.12999442,0.055087768
0.0523849,0.082324915,0.047034126,0.05673565,0.0822167,0.14067002,0.045230053
0.046550695,0.055623252,0.047519624,0.06856386,0.05818736,0.04747595,0.059735056
0.09557466,0.058401465,0.04204643,0.1508234,0.075547576,0.046697423,0.08636007
0.07271017,0.23689453,0.07848868,0.061230373,0.055458024,0.075414926,0.056255814
0.058698222,0.100468285,0.072766215,0.067183055,0.075700186,0.0642089,0.055949014
0.054692637,0.115298025,0.039157096,0.0853983,0.13874365,0.047224905,0.08336395
0.042482466,0.066112064,0.056532316,0.056369185,0.043779574,0.047759797,0.05115519
0.14001548,0.06349406,0.18250078,0.07466818,0.09681708,0.07453483,0.06105283
0.053737253,0.037880097,0.06105246,0.05448114,0.036090616,0.03860042,0.04719387
0.06355871,0.04265972,0.041366164,0.038645454,0.037976418,0.0396792,0.07168646
0.03337781,0.03792256,0.040091865,0.02705818,0.04211111,0.04331669,0.03989896
0.048491754,0.03948519,0.03718073,0.046672806,0.056285918,0.04668247,0.050674673
0.042709198,0.047243234,0.05584718,0.042227022,0.07478507,0.04936931,0.045259837
0.054323785,0.049151707,0.08001701,0.07890679,0.05040669,0.06558567,0.06593137
0.057100303,0.053992286,0.10488534,0.06436529,0.10734594,0.06338472,0.07235364


