================================================================================
=== value network
train time
7.6822484,7.480256300000001,7.416568400000003,7.391058100000009,7.509818499999994,7.4673248,7.247779899999983,5.573367299999973
mean squared error
0.00053329667,0.00039756697,0.00033488133,0.00059875497,0.00051820936,0.00038484496,0.0004256558,0.0005984526
0.00066420913,0.00035623717,0.0004844378,0.00040372837,0.00042465134,0.0005177638,0.00047435515,0.0003303809
0.00071382505,0.00068990333,0.00064131495,0.00063713966,0.00076036365,0.00080567395,0.0008076494,0.00063169375
0.0003714807,0.00073382515,0.00053623295,0.0003551537,0.00028410507,0.00022330259,0.00070981914,0.0005415842
0.00085751805,0.00056474935,0.0007259998,0.0007842549,0.0004907577,0.00085542037,0.0005364373,0.000692569
0.0007198218,0.0007804429,0.0007086213,0.00069114135,0.00041111946,0.00059438276,0.0005746431,0.00044179522
0.000304106,0.00045298948,0.00051050127,0.0004077969,0.00057347916,0.00051215006,0.0005680819,0.00048714803
0.00040906065,0.00031670925,0.0005007133,0.00039655034,0.00045824965,0.0003695674,0.00031498523,0.00060843583
mean absolute error
0.016760219,0.015122291,0.01383283,0.017856423,0.017202374,0.015248091,0.015542145,0.018691458
0.018557312,0.015059518,0.016137494,0.015131272,0.015431007,0.01694294,0.016136786,0.014163632
0.020127157,0.019842708,0.019623542,0.01929683,0.020863635,0.021754974,0.021196723,0.01937901
0.014617486,0.019819623,0.01726322,0.014479485,0.01321513,0.011545697,0.01999417,0.01724439
0.021837985,0.016811546,0.020962711,0.021351077,0.017229814,0.021978403,0.017246403,0.019974213
0.01837817,0.019304227,0.019489206,0.02043633,0.015200799,0.018398631,0.018070515,0.016199874
0.013392855,0.016862463,0.017792901,0.015097838,0.017171329,0.01762828,0.018646028,0.016788594
0.015112059,0.013981185,0.01627649,0.015264691,0.016381988,0.014851418,0.013849226,0.019385789


================================================================================
=== twin network
train time
2.630469400000001,8.861135899999997,8.621149799999998,3.056324100000012,2.7148442000000017,2.8037729999999925,2.6625768000000107,8.844269499999996
mean squared error
9.082082e-05,7.079175e-05,0.00012087065,0.0001467487,7.3034455e-05,8.2990926e-05,9.9597855e-05,0.00016477986
5.428173e-05,5.5455486e-05,4.839577e-05,6.289986e-05,1.946234e-05,5.0388557e-05,4.0485593e-05,4.224989e-05
6.1199855e-05,5.1235562e-05,3.4309713e-05,5.446067e-05,2.2049828e-05,2.5334353e-05,4.713833e-05,4.1644773e-05
0.0001362374,0.000109123706,8.138843e-05,9.004024e-05,4.450704e-05,9.50325e-05,9.2088034e-05,6.2679544e-05
8.346034e-05,4.000627e-05,6.8106594e-05,5.5311222e-05,9.801126e-05,8.726272e-05,7.619777e-05,0.00013628342
0.00015107736,7.79053e-05,0.00017072498,9.669666e-05,5.9518694e-05,0.00014692612,9.5659096e-05,0.00014495017
6.679986e-05,6.948461e-05,9.6514974e-05,8.617323e-05,6.89734e-05,9.102159e-05,0.00013075901,5.3677355e-05
4.440755e-05,5.0360766e-05,5.437101e-05,4.0990482e-05,4.236894e-05,4.9581675e-05,4.1348394e-05,6.212905e-05
mean absolute error
0.0072187865,0.0064392225,0.008708377,0.010139636,0.0067413673,0.0070265396,0.008060718,0.010751049
0.0055740164,0.005524188,0.0052399365,0.006013239,0.0034404062,0.0053222356,0.0047618123,0.004869652
0.005978789,0.0057221535,0.0046965396,0.005727936,0.003610225,0.0040864595,0.005369004,0.0047937646
0.009476221,0.008266749,0.0070336238,0.007451617,0.0050433534,0.008156352,0.0075351535,0.0060507543
0.0073241526,0.0051419297,0.0067592403,0.005820006,0.008533049,0.00754178,0.006971936,0.010078363
0.0102499155,0.006966332,0.010390712,0.00758826,0.0060026,0.010212034,0.0077381358,0.010270863
0.006602394,0.0066929366,0.007977496,0.007315956,0.00647358,0.0075955414,0.009259648,0.0057986276
0.0050411257,0.0053524096,0.005606862,0.0049327156,0.0049770037,0.0055221817,0.004886526,0.006073133


================================================================================
=== delta network
train time
6.5893186,6.371396599999997,6.567769800000001,6.2899962000000045,6.474927800000003,6.217850400000003,6.3127819000000045,6.3477220000000045
mean squared error
4.3566302e-05,5.3793003e-05,4.421453e-05,5.783795e-05,5.353833e-05,4.6509886e-05,4.936788e-05,4.284131e-05
5.1976836e-05,4.9965594e-05,5.6526755e-05,4.7301102e-05,3.7561367e-05,5.1624702e-05,5.4709413e-05,4.799163e-05
5.0274328e-05,6.417221e-05,4.874075e-05,5.0213603e-05,4.9698992e-05,5.870234e-05,3.821057e-05,4.337188e-05
4.3336386e-05,3.657148e-05,4.243859e-05,3.95662e-05,4.545405e-05,4.115721e-05,5.0182207e-05,4.09071e-05
8.3353945e-05,5.747606e-05,4.0740626e-05,7.2908835e-05,7.646305e-05,5.792986e-05,6.873592e-05,4.8127007e-05
4.7381818e-05,5.7985388e-05,5.025868e-05,4.080381e-05,4.654226e-05,5.4673237e-05,3.7799553e-05,4.7540983e-05
4.5339322e-05,4.4121833e-05,4.5930672e-05,4.8266487e-05,4.626531e-05,4.4260298e-05,4.4457902e-05,4.1375457e-05
4.022665e-05,3.8036138e-05,5.163066e-05,3.3731583e-05,4.3895314e-05,4.0557617e-05,4.2242104e-05,3.721055e-05
mean absolute error
0.0051951967,0.005896966,0.005266195,0.0060646776,0.0058326055,0.0054421625,0.0056576724,0.005263798
0.005780762,0.005584181,0.005988009,0.005501079,0.004880024,0.0057310895,0.0058066817,0.0054731728
0.005550402,0.006521251,0.0056041814,0.005631896,0.005602666,0.0061251963,0.0049387855,0.0052850526
0.0052225245,0.004839303,0.0051932153,0.005004317,0.0053439415,0.005156683,0.0055984175,0.005087838
0.0073767323,0.0061398353,0.0051724305,0.0068647447,0.007113032,0.0061204587,0.006683373,0.0055867312
0.005544194,0.006167035,0.0056724977,0.0050504548,0.005353079,0.0058366405,0.0048617763,0.0055284
0.0053092362,0.00532991,0.005374841,0.0054893084,0.0053446004,0.0053199613,0.005295903,0.0051203463
0.0050341785,0.00488154,0.005670962,0.0046354854,0.0052473084,0.00505699,0.005062798,0.0048304563


