================================================================================
=== value network
train time
1.7855695000000003,0.9146678000000001,0.8044639999999994,0.9059163999999988,1.5299240999999988,1.9607153000000004,0.8635848000000017,1.0691869000000054,1.047077999999999,0.7778244000000001,1.8170426000000006,0.8725124000000051,1.3729865000000032,1.0181188999999975,2.058171299999998,0.8686952000000048,2.0437107999999995,1.0026585999999895,1.0752032999999983,2.0743981999999903,1.6505305999999962,0.9905514999999951,1.847985499999993,1.398778799999988,0.928150500000001,2.105848199999997,1.1330072000000087,0.9284887999999967,2.111107000000004,0.8693173999999999,1.7173592999999983,1.000940700000001,1.105515099999991,1.0623166999999967,0.935540599999996,0.924509100000023,2.099113000000017,2.1323797000000013,1.0593439999999816,1.740767599999998,1.025049899999999,2.1661949999999877,0.9990920999999844,1.3086634999999944,2.1610292000000015,1.1778932999999938,1.1050029000000166,1.0100402999999858,2.1509027000000174,0.9666109000000063,1.2294141999999795,2.1853029999999762,2.3630837000000042,1.7616204999999923,2.2133821000000466,0.8603896000000191,1.1814755999999988,1.139465400000006,2.137425099999973,3.875681400000019,0.9193726000000311,1.0724014000000466,0.9521142000000395,2.1300696999999786
mean squared error
0.0043082656
0.0074618347
0.00010543135
0.00030770522
0.0021946207
0.00017280986
0.0009845546
0.0044344794
0.004581707
0.0012432934
0.0013735762
0.00072638685
0.0011898155
0.00019162969
0.0008640909
0.005367337
0.001049845
0.008246081
0.0010544528
0.008066182
0.0048950347
0.008812871
0.00040901123
0.0030824284
0.000572018
0.0013227423
0.00044389223
0.00030267556
0.0021500837
2.6995081e-05
0.0001865685
0.00028420688
0.0030163953
0.00029719746
0.0007005078
0.0033812304
0.0011443318
0.0022738993
0.0005759775
0.013820723
0.0048990375
0.007396519
0.012337569
0.0018286927
0.0043911138
0.0116193015
0.0011860405
0.00545277
5.885145e-05
0.00063774583
0.00020908685
0.009400304
0.000966574
0.0025012263
0.0024755537
0.0012332177
0.0017072788
0.0009163862
0.0011592364
0.0016786227
0.0003039417
0.00038979927
0.00021218663
0.00030390194
mean absolute error
0.052533206
0.063906334
0.007787015
0.015064681
0.033941165
0.01080124
0.022805732
0.05387622
0.052487213
0.028092628
0.020370832
0.024065202
0.026606575
0.008636832
0.026816696
0.054491814
0.026988266
0.06890114
0.022693124
0.07967722
0.05667948
0.06864829
0.015447606
0.047548458
0.0152735505
0.030738521
0.0154445665
0.015289435
0.039736032
0.0044608363
0.011394456
0.011603298
0.04257603
0.01197936
0.021209082
0.04884881
0.028947683
0.038403705
0.020502323
0.10117453
0.05704742
0.07379993
0.07259787
0.026253972
0.05553212
0.08594917
0.019174308
0.058373686
0.006965617
0.021690661
0.0122627895
0.08526204
0.02783054
0.04146824
0.043488137
0.030080648
0.025871776
0.024641879
0.020111179
0.028633723
0.015382575
0.01781905
0.011987896
0.015400827


================================================================================
=== twin network
train time
1.4831290999999993,1.9095443999999997,0.9435930000000017,1.2084827999999987,1.9963429999999995,1.1308469000000017,0.9199821999999998,1.342961300000006,1.1120683000000042,1.0007828000000032,0.996950499999997,0.9716236000000009,1.9490096999999977,1.578969100000002,1.9569534999999973,1.2214307999999932,1.0245127999999966,1.6090822999999972,1.398594799999998,1.9981989000000056,1.9539469999999994,2.008536400000011,2.0572159000000028,1.9230082999999922,1.1350884000000008,1.1095380999999946,1.216952699999979,0.9552754999999991,2.0235593000000165,1.3896487000000093,1.1612413000000004,1.1819900000000132,1.4347469999999873,1.1831430999999952,2.039742899999993,1.041792600000008,1.821466600000008,3.6356222000000002,0.9711118999999826,1.8529124000000081,2.0642016000000183,1.4522939000000008,1.1054536000000041,1.984593100000012,2.0868202999999994,1.5333305999999993,1.0412614000000247,2.791494499999999,1.006303800000012,1.0739718999999752,1.0670664000000158,1.41719599999999,1.171605999999997,2.0861792000000037,2.10901309999997,1.1723078999999643,1.1000362999999993,1.0865693000000078,1.6997599000000037,1.4092628000000218,1.3680974000000106,2.0162195999999994,1.3300236999999697,1.106852100000026
mean squared error
9.162879e-05
0.0020485334
8.4745654e-05
2.4122046e-05
0.0005673998
4.222936e-05
0.00019641637
0.0005352154
0.00030245548
0.000336032
0.00057470164
0.0006867335
0.0004911059
9.757357e-05
0.00021063628
0.00026406423
0.0025631322
0.00020675253
0.00012199927
0.001108247
0.00067208987
0.0012482954
0.0002271237
0.00023098875
3.911171e-05
0.00020745529
0.00040840355
0.00013106168
0.0007249392
2.774721e-05
0.00011313737
7.000955e-05
0.0012880457
4.4171742e-05
0.0005377322
4.8904792e-05
7.146957e-05
0.00016553554
0.00047739194
0.00026825824
0.0033706792
0.00021962466
0.001608
2.2288243e-05
0.0002335908
0.00032792115
0.000111881825
0.00010462986
0.00015535216
0.00037838795
0.0001398689
0.00018866897
0.0003563826
0.0012963696
8.429839e-05
9.308316e-05
7.5015145e-05
0.00062847935
0.00011687084
2.4886811e-05
0.0001686832
2.5814265e-05
0.0001038455
0.00027587457
mean absolute error
0.006737763
0.034680873
0.008889514
0.002841221
0.018357808
0.0047192075
0.011131894
0.019326711
0.012513504
0.012131297
0.019276721
0.022016993
0.017915657
0.0061335033
0.011354272
0.014366972
0.041716445
0.012896996
0.0067023956
0.02739284
0.021965038
0.02647521
0.010890187
0.013244752
0.0051474157
0.012906063
0.015861215
0.008986627
0.020351904
0.0042003053
0.0088376375
0.0060684606
0.029942304
0.005504291
0.017289566
0.0051656975
0.0066667176
0.010909612
0.01743902
0.013815574
0.049206678
0.01319546
0.034784175
0.0034292429
0.0110422475
0.011160822
0.009870793
0.008309354
0.00998003
0.016440095
0.010756694
0.010349205
0.0147849675
0.030138493
0.0065677343
0.007718923
0.007479264
0.019789074
0.007393547
0.004506491
0.009055192
0.0036332852
0.0058885426
0.012765665


================================================================================
=== delta network
train time
0.7347323000000001,0.7071135000000002,0.8311639,1.3755313999999998,0.7216696999999996,0.7125002999999985,0.6105862000000002,0.6435583000000022,0.6473954000000006,1.3090957000000003,1.3889801999999989,1.3566605000000038,1.4498800000000003,1.1139907999999963,1.0415801000000044,1.2376443999999935,0.6776837000000029,1.2137876999999975,1.4738721000000083,1.2306396999999976,1.4284821999999906,1.381695999999991,0.8191929000000044,1.3471911999999975,0.8201229999999953,1.4162584999999979,1.4940906999999868,1.455391800000001,1.3437077000000102,2.1510145999999963,0.9524782999999957,0.7231292000000167,1.1477306999999826,1.481227099999984,1.4383502999999962,0.8286445999999899,0.7966974999999934,1.3008178000000044,0.6704303000000209,1.1347867000000065,0.7850792000000126,0.8358317,1.4198763999999926,1.014007300000003,0.8854589999999973,0.7134340000000066,0.71121100000002,1.4391384999999843,0.8565116999999987,1.4444459999999992,0.6668955000000096,1.0098873000000026,0.8235359000000244,0.7876812000000086,1.445342499999981,0.7073661000000016,0.6713472000000138,1.4625939000000017,1.4075412999999912,1.4931542999999579,1.4951121999999941,1.4241095999999516,0.7973938999999746,1.3590929000000074
mean squared error
0.00018862048
0.00012570308
0.0005809256
0.00015102282
2.6767242e-05
0.00016979715
0.000868057
0.0020764808
0.0008460478
0.00014962778
1.6574058e-05
5.8988986e-05
4.3956235e-05
2.452608e-05
2.4782432e-05
0.00018480203
7.952156e-05
0.00036068086
0.00015065439
0.00021516383
0.00018041822
0.0005758693
1.8504885e-05
2.8766277e-05
5.818831e-05
0.0002882246
0.0006447401
2.7803559e-05
0.00013468324
1.5548745e-05
1.7554881e-05
3.6819154e-05
9.964095e-05
0.00012759803
7.904509e-05
0.0002667471
6.736167e-05
0.00023149505
0.0007836136
8.7530636e-05
7.639019e-05
0.00023758369
9.100747e-05
0.00013332284
5.7684047e-05
0.00012798727
0.0019362428
0.00036229187
7.8742734e-05
7.0102506e-05
0.00017163764
8.03681e-05
2.2904904e-05
0.0014797043
4.9965285e-05
9.8643344e-05
0.0033587173
0.00013037008
3.476448e-05
9.8968034e-05
0.000113922615
0.00023011447
8.786581e-05
4.4752727e-05
mean absolute error
0.012961899
0.009906694
0.020063523
0.008214027
0.004384866
0.011988563
0.027866764
0.04144365
0.028851014
0.009456092
0.0031696928
0.0064249663
0.004967792
0.0033164194
0.004028962
0.012004827
0.006414735
0.017022891
0.010518497
0.011145285
0.011291003
0.02082442
0.0031039272
0.0044545545
0.006185297
0.01356228
0.020312315
0.003462383
0.008582534
0.0034156344
0.0037307835
0.0050542243
0.008311349
0.010051866
0.0065301606
0.012475838
0.0069658053
0.01251534
0.026581671
0.0074199117
0.0067529054
0.012233399
0.007300135
0.009952916
0.0070008226
0.009546494
0.042861138
0.015798792
0.007240455
0.005353621
0.0115292035
0.0067181992
0.003512096
0.03687529
0.005965303
0.008651165
0.05765278
0.009883395
0.004213403
0.007841503
0.009093105
0.012803804
0.00774095
0.0051753866


