================================================================================
=== value network
train time
2.5742181000000004,2.2619691,2.580661799999998,2.1037633000000007,2.5640174999999985,2.462014500000002,2.476333199999999,2.5884642999999983,2.5737974000000037,1.3808958999999987,2.5880821000000083,2.6031640000000067,2.5851558999999895,2.6026500000000112,2.494444299999998,2.5939414999999997,2.5076430000000016,2.612631499999992,2.600882899999988,2.2444877000000076,2.5889326999999867,2.635895299999987,2.304967199999993,2.6291832,2.3379467000000034,2.6485546000000113,2.6760519000000045,2.587442199999998,2.6282529000000068,3.101248300000009,2.659527099999991,2.6359867999999835,2.653555400000016,2.651617200000004,2.379058900000018,2.6796813999999927,2.684051000000011,2.6461204000000293,2.6764294999999834,3.465356799999995,2.6791028999999753,2.684348399999976,3.014534900000001,2.7079259999999863,2.437681199999986,2.2609656999999856,2.244144199999994,2.7101107999999954,1.8854478000000086,1.8542022999999972,2.7858651999999893,1.7949226999999723,2.5744022999999743,2.7807493999999906,2.7887448999999833,1.8462842999999793,2.774533800000029,2.7911513999999897,2.7902313000000163,3.035377199999971,2.8527507000000014,2.8205601999999885,2.819723100000033,2.806092499999977
mean squared error
0.010211537,0.012053973,0.007408125,0.0060490025,0.010434861
0.0061257253,0.0047888267,0.008541723,0.013071495,0.0048403624
0.004826202,0.004835467,0.0025836914,0.009995015,0.0072755706
0.0111302715,0.007932967,0.00599778,0.005506725,0.008563769
0.0120818755,0.0037998045,0.0069902223,0.007871563,0.013541372
0.008965003,0.0040593697,0.0038883237,0.009024531,0.0034111037
0.0024483986,0.0059399744,0.004421331,0.005337785,0.0042664274
0.005664065,0.008077035,0.0069958633,0.0061154454,0.0045537325
0.0037729065,0.0037628238,0.003975931,0.0028133157,0.0057113506
0.0047818553,0.005291815,0.006032831,0.0054197065,0.0042805863
0.0033409186,0.008662409,0.003227732,0.004743393,0.0032519957
0.0055076648,0.0067752395,0.0041486723,0.0048559215,0.012145242
0.011473043,0.0077472134,0.0066178045,0.00979401,0.008669302
0.0062770406,0.0019798204,0.0034402132,0.003655485,0.004869521
0.005293108,0.0028471267,0.0074853464,0.0050994516,0.0055488595
0.025573744,0.011624557,0.02289041,0.019743659,0.029478123
0.004132314,0.002838599,0.0041027064,0.0033498048,0.0043421835
0.003545824,0.006112029,0.004028898,0.0073697283,0.0030143447
0.003817722,0.0053448793,0.0075130803,0.005541509,0.0035963198
0.006958246,0.0035377357,0.0076095504,0.008270499,0.009939261
0.006955066,0.0032059844,0.0042082155,0.004239286,0.005282243
0.008780405,0.015005006,0.014989465,0.0100193005,0.020241996
0.009938962,0.0045100152,0.0080087595,0.0077906004,0.009797703
0.0033752029,0.0036235538,0.0026626186,0.0041991137,0.0031686537
0.017030308,0.020027205,0.007055825,0.012041411,0.007444602
0.0122716585,0.01980823,0.013007654,0.02332066,0.011122761
0.0071018334,0.006670387,0.0019901756,0.0070748357,0.008537371
0.0065587573,0.005618522,0.0050152736,0.0076903473,0.010693338
0.005498138,0.004828073,0.0025539366,0.015826305,0.0045578433
0.0034063244,0.0049852687,0.0074393684,0.013081004,0.0027795022
0.010021435,0.01018878,0.014626354,0.006873017,0.022127803
0.0038500237,0.0068533714,0.009964601,0.0055881613,0.0031984341
0.015631272,0.0069641634,0.0067390264,0.009882808,0.003403472
0.008419939,0.012452817,0.0056950515,0.0077551426,0.0059063463
0.0018940595,0.0026364364,0.0033516488,0.005073116,0.0019858687
0.0026534665,0.0060102516,0.00881714,0.0041050413,0.0065170475
0.0049760435,0.0061617387,0.006029902,0.007438616,0.0057216305
0.0030464635,0.0033763573,0.0013514126,0.0054359958,0.005597791
0.008613223,0.01503109,0.0122559685,0.010606449,0.0065201577
0.006320888,0.00582403,0.0041046985,0.0025426485,0.0040865396
0.018487254,0.0060676034,0.003969501,0.0118408445,0.0046966732
0.008558736,0.009089643,0.0059981644,0.006683598,0.009381264
0.00727045,0.010948672,0.004273852,0.006419334,0.00432053
0.0067350515,0.0063204723,0.007022127,0.0075235977,0.0034369624
0.005530021,0.007360197,0.0016258182,0.0071181078,0.0072203586
0.004912814,0.008657206,0.0049374024,0.010946651,0.011685044
0.008169797,0.013487625,0.007898249,0.0052534915,0.009969667
0.0069022905,0.010984449,0.0073253955,0.0043281447,0.0089294445
0.0018725245,0.008371355,0.0047690654,0.0061493595,0.00501627
0.010217651,0.006324683,0.010834496,0.0051180543,0.0071374704
0.0053996616,0.005004141,0.005389475,0.005177904,0.004011435
0.007873347,0.0036869117,0.0030639062,0.010389742,0.0074970196
0.008976528,0.0042611887,0.019760488,0.017014008,0.012595893
0.0024582446,0.0018079302,0.006454154,0.0018250938,0.0031959417
0.005331847,0.010500167,0.0062092985,0.0066309483,0.0031799334
0.021121033,0.01135972,0.013819528,0.009356142,0.0090058185
0.031476296,0.0147336405,0.015135642,0.019458165,0.009017667
0.009290749,0.005913135,0.0053182053,0.00911695,0.01802114
0.011129331,0.0051898477,0.0060978443,0.0076713483,0.011304232
0.0035664819,0.0028365224,0.0047258297,0.0019497363,0.0018260241
0.014972234,0.01327941,0.0036642181,0.008521852,0.006901589
0.00576666,0.0066423924,0.006872869,0.0018297038,0.011420414
0.0112998085,0.010942685,0.009487221,0.005528583,0.010408327
0.0107250465,0.008633542,0.0068940716,0.0046729655,0.010263505
mean absolute error
0.080130205,0.088671416,0.06715085,0.057275403,0.07809317
0.057728037,0.055428393,0.074392244,0.08654662,0.051940717
0.05232479,0.052484762,0.039995383,0.0762785,0.0639082
0.08163913,0.070754185,0.060812823,0.05669988,0.070977375
0.08755168,0.048758555,0.07046744,0.069794364,0.08939254
0.07286788,0.047799133,0.049209163,0.07556152,0.039076973
0.039582256,0.05473798,0.052405756,0.050859198,0.047135815
0.060813665,0.070715174,0.069115505,0.05924391,0.05393594
0.047186133,0.04627228,0.047054127,0.041905526,0.058102623
0.056192752,0.05837877,0.06268784,0.05932056,0.050341368
0.044100955,0.07487316,0.0432399,0.05084805,0.041245308
0.058701508,0.065906584,0.049518514,0.052316766,0.08505934
0.08381147,0.068484105,0.06060824,0.08083493,0.07351649
0.06530463,0.031930864,0.044097498,0.048111815,0.054602977
0.051096104,0.04170301,0.066215,0.054600526,0.05787
0.13082418,0.0882133,0.12229956,0.10964368,0.1391379
0.049971577,0.041654084,0.051553845,0.045206722,0.050848722
0.045920562,0.06177126,0.04955794,0.064928606,0.044841066
0.04765083,0.05560921,0.06495482,0.05395717,0.04438257
0.06570193,0.04537169,0.067340046,0.07046228,0.08144268
0.061079405,0.044526808,0.04936194,0.050489247,0.054163553
0.06822824,0.09423751,0.0887933,0.073509656,0.110784784
0.082311034,0.049500518,0.0697899,0.06909031,0.07810967
0.045653194,0.045637652,0.037899584,0.051126532,0.04258744
0.09392214,0.11257708,0.06121804,0.087910175,0.06519656
0.080864035,0.10896292,0.084942915,0.12289431,0.077229194
0.063665636,0.05971703,0.036802914,0.060726143,0.066998504
0.06018261,0.05581254,0.05436795,0.067303695,0.08658352
0.058119807,0.054692034,0.04052282,0.083709754,0.056126136
0.04838415,0.057456475,0.06321719,0.08891621,0.039188933
0.07852101,0.07560516,0.09332982,0.06302104,0.11525985
0.04790641,0.064379364,0.078134045,0.059410203,0.042152535
0.09606082,0.0641642,0.06367018,0.077247076,0.047560018
0.0706447,0.086940385,0.05847839,0.07130033,0.0541359
0.03372404,0.0395893,0.046236858,0.057059534,0.03368561
0.040288053,0.060614314,0.07320485,0.05131812,0.059910372
0.05455161,0.060665324,0.060612343,0.06846005,0.056105293
0.04056259,0.0446646,0.02828527,0.055353504,0.05824257
0.07232788,0.09596914,0.087212525,0.08375834,0.060773917
0.06435685,0.0603309,0.048596907,0.040506244,0.04671769
0.11073765,0.054026626,0.051470608,0.08661171,0.054168057
0.07117433,0.07392807,0.05789514,0.06293154,0.077988625
0.064637914,0.082255095,0.049152818,0.05804758,0.04829124
0.063165516,0.060068835,0.0644652,0.0656159,0.046052113
0.055967394,0.06832512,0.030942855,0.06931499,0.065730564
0.050958503,0.07082415,0.054502387,0.085271716,0.086715154
0.06948148,0.08250798,0.072392665,0.05748842,0.07690586
0.061248504,0.08336919,0.06226371,0.05020192,0.07354978
0.03336018,0.07191632,0.048193473,0.058412876,0.053912956
0.07999014,0.061132703,0.07488915,0.054636806,0.06442935
0.055992562,0.053706534,0.056404896,0.057414044,0.049911212
0.06902523,0.047121152,0.04668316,0.08394854,0.070432484
0.07331724,0.051116373,0.10761492,0.09414141,0.08412674
0.038168717,0.03254355,0.06009158,0.034426253,0.041906845
0.056513745,0.08395347,0.06220862,0.0631215,0.043869138
0.114516675,0.081780694,0.09230223,0.07410317,0.07191375
0.13316482,0.087168485,0.090452805,0.10740214,0.074202344
0.074326575,0.055562954,0.055830654,0.07335447,0.11161688
0.080451176,0.056815155,0.060566567,0.06910511,0.086941026
0.044084534,0.040944878,0.049765754,0.03395543,0.033918396
0.094640836,0.09181684,0.046750374,0.07442804,0.06230279
0.058442652,0.06428811,0.064943485,0.031964533,0.07981522
0.08484874,0.085755244,0.07278532,0.057548273,0.06851028
0.07748527,0.07064769,0.063501224,0.052116476,0.07951382


================================================================================
=== twin network
train time
1.9774566,1.9704753000000004,2.1379081000000006,2.0082316999999996,2.1692269999999994,2.0121313,2.0003195999999974,2.0034605000000028,1.9839349999999882,2.1364197000000047,1.2379835999999926,2.0021420000000063,2.016537100000008,2.4230984999999947,1.2582919000000032,2.0020650000000018,2.020491100000001,2.5243321000000094,2.0521716000000083,2.047417800000005,1.8937671000000194,2.018640000000005,2.042405799999983,2.0497256000000164,2.0251065999999867,2.0420000999999957,2.4910619999999994,2.042456299999998,2.25528749999998,2.047367600000001,2.0524595999999917,2.0740715000000023,2.048408099999989,2.0851180000000227,1.4200678999999923,2.0621451000000093,2.0969444999999496,2.120278799999994,1.0381843999999774,2.2662823000000003,2.0725033999999596,1.1923413999999752,1.0598312000000192,2.116919199999984,2.128552799999966,2.1237633000000073,3.460969500000033,2.122377800000038,1.0990100999999868,1.4782178000000386,2.148409700000002,2.1408409000000006,2.129748100000029,2.178511300000025,1.431461200000001,2.154358699999989,2.1478685000000155,2.164107900000033,2.2072066000000063,2.203194900000028,2.2058265000000006,2.2030730999999832,2.2197587999999655,2.200988699999982
mean squared error
0.0023843881,0.0029027557,0.0023991081,0.0018466401,0.00094403717
0.00097133155,0.000970211,0.0023515397,0.0014052774,0.00090362236
0.0023330413,0.0014215753,0.00069237605,0.0034531397,0.001143129
0.0036383837,0.0030742052,0.0032549612,0.0012144597,0.0029052394
0.0013361434,0.0007929317,0.0027422975,0.0018300163,0.0018294125
0.0021296313,0.002027702,0.0014365136,0.001942017,0.0012071106
0.00070111756,0.0016880682,0.001515997,0.0012380935,0.0018817501
0.0010630676,0.0015510728,0.00069231057,0.000932824,0.0011856318
0.0020216606,0.0014792054,0.001076613,0.0011730309,0.0015521043
0.0014827834,0.0020491823,0.0017546233,0.0017619132,0.00062213937
0.0011437059,0.0010715999,0.0015038354,0.0014226541,0.0006330286
0.0018548339,0.0018816036,0.0022152194,0.0028639731,0.0017822599
0.003855562,0.0035269423,0.0016799007,0.002385541,0.0029656852
0.0026547795,0.0011902377,0.0011186062,0.0013822963,0.00050236
0.0012627658,0.0008981068,0.0020066213,0.0019110929,0.001528599
0.0025986484,0.0030752076,0.0029602067,0.0024024248,0.0026147012
0.0010581561,0.00068550627,0.0016508524,0.0012755007,0.0010899606
0.0019396411,0.0021890567,0.0011734972,0.0009856969,0.0009596917
0.0016873152,0.001273684,0.0011865962,0.0016742324,0.0012167633
0.0016939197,0.0017630352,0.0016252587,0.0035899896,0.003940238
0.0037918813,0.00058897585,0.0023700267,0.0016659808,0.002562117
0.0025048328,0.0018175981,0.004326184,0.0014984487,0.0054350146
0.001201118,0.002004949,0.0012252614,0.0033725381,0.0037893658
0.0012471364,0.00050690706,0.001236737,0.0015266663,0.00088845944
0.005835267,0.0046121944,0.0012686687,0.0025865855,0.0031111056
0.0034097915,0.005186128,0.002911893,0.0074441815,0.003489595
0.002485615,0.0015983013,0.00086740416,0.004208785,0.002238986
0.002151791,0.0016971186,0.0022601446,0.003432407,0.0011269809
0.002725124,0.002451897,0.0005452358,0.0012621299,0.0009431764
0.001316793,0.0028234955,0.003034966,0.0046422905,0.001179345
0.0022839766,0.004079498,0.00091064617,0.0029544989,0.0029936554
0.0022146776,0.0025317883,0.003417657,0.0011902859,0.0013734472
0.0032061983,0.0011479519,0.0011582569,0.00092344295,0.0014384699
0.0018806244,0.0022265508,0.0017037997,0.0033902633,0.0022451482
0.0005754902,0.0011079053,0.0009892426,0.0015117517,0.0019715559
0.0011055814,0.002423097,0.0009890838,0.002101603,0.0015921937
0.0023284375,0.003332245,0.003697777,0.0051411213,0.0053416276
0.0014468586,0.0015600979,0.0011016207,0.00160494,0.0008547348
0.0027373233,0.0021545403,0.0014952007,0.004156198,0.0012627079
0.002293982,0.0008880701,0.0012441748,0.0010826575,0.0011122494
0.0050074602,0.0021290472,0.0011333335,0.0033934535,0.0011895095
0.004246068,0.0057104407,0.0035860997,0.0032441383,0.0060731946
0.0019152254,0.0030700644,0.0005425842,0.0022529569,0.0007995164
0.0034989142,0.0032124748,0.002024421,0.0020496682,0.0013059498
0.0026912622,0.0026414152,0.0011567569,0.002122748,0.0029620682
0.0021657788,0.003992269,0.00249336,0.0034391736,0.0065120184
0.004117567,0.0032515624,0.002498072,0.0024017268,0.0017835185
0.0016585832,0.0019008227,0.004019415,0.0028692964,0.0025312658
0.0010343881,0.004046642,0.0030400332,0.0025066754,0.004438773
0.0031112607,0.001143311,0.0024653038,0.0016620463,0.002999281
0.0011015723,0.0026960704,0.0011453049,0.0011108951,0.0016615643
0.0025275014,0.002635898,0.00087635877,0.004319598,0.0041881376
0.0018340965,0.0023590266,0.009161851,0.0020724274,0.00549888
0.002297562,0.0010051107,0.001875581,0.00073071587,0.0014989905
0.001780666,0.0011885145,0.0012700424,0.0011685083,0.0014229817
0.0030170218,0.0060541113,0.002571851,0.0029088021,0.0034562189
0.003420035,0.002659026,0.0023094,0.004477967,0.0027988756
0.00090662163,0.001413936,0.0014428892,0.0011509336,0.0011697107
0.0016712979,0.0009469994,0.0018866509,0.0021186948,0.0022770364
0.0016885125,0.0011610792,0.0016897599,0.0006474805,0.0007820173
0.0050942963,0.0047981506,0.0020919626,0.0019048657,0.003061899
0.0016320054,0.00193178,0.00061263604,0.002060467,0.0035551472
0.002875915,0.0018233677,0.0018544054,0.0021901634,0.0030824286
0.002196905,0.0023174668,0.0014854339,0.00069574686,0.002531049
mean absolute error
0.03540982,0.0423561,0.038577087,0.030441716,0.023463218
0.02162413,0.02293586,0.036008667,0.028381187,0.023396503
0.034423362,0.026556587,0.02038141,0.04494857,0.025274204
0.048910744,0.044808745,0.042771775,0.0285915,0.041083816
0.026841532,0.020833962,0.042558514,0.032114796,0.033899356
0.03478101,0.034089837,0.028609898,0.03551717,0.024593245
0.021172145,0.029750276,0.028344397,0.02472092,0.032668237
0.024071988,0.031055408,0.01994411,0.022954708,0.027357666
0.035554107,0.026276829,0.025655882,0.025686542,0.030529307
0.029398484,0.03370045,0.031586863,0.033388454,0.01926898
0.025229907,0.0246996,0.02680401,0.028416384,0.019933809
0.031001594,0.033537265,0.035065714,0.040251676,0.03234295
0.049444675,0.044270564,0.032351922,0.03755578,0.042854663
0.042707503,0.024850903,0.025902703,0.028304726,0.016830396
0.026896544,0.023974873,0.034546096,0.031755432,0.029032866
0.038515974,0.04291808,0.042127755,0.038512956,0.039246596
0.023914225,0.019137658,0.033084333,0.026016828,0.024154935
0.03530211,0.036647808,0.026517013,0.023024598,0.024186306
0.028600935,0.027451916,0.026281277,0.030771954,0.026488524
0.03096904,0.03068727,0.02964164,0.046649225,0.05158265
0.049703456,0.01902763,0.03669764,0.029708896,0.037424527
0.03695413,0.031343818,0.045848332,0.028795019,0.058737427
0.027381152,0.035322174,0.025458338,0.046441417,0.05052005
0.026821679,0.016449202,0.02809633,0.032107186,0.022132793
0.058797814,0.052702006,0.026080187,0.03849875,0.04185292
0.045749787,0.0541858,0.0413533,0.068859786,0.04649745
0.035705525,0.028528947,0.02325456,0.0512093,0.035391897
0.03470211,0.030152312,0.035863705,0.04502038,0.026973717
0.042511847,0.040457703,0.01888418,0.026225846,0.025052626
0.027345952,0.041543007,0.04343196,0.056320213,0.025876833
0.035742547,0.04948622,0.022456603,0.043422785,0.04105461
0.03523036,0.037894357,0.046205748,0.025631405,0.02655112
0.04372377,0.025407476,0.025129497,0.023617642,0.028828705
0.0325485,0.03682733,0.032802995,0.044567205,0.0372415
0.017141195,0.024129072,0.024498826,0.02952196,0.03418816
0.023805238,0.04025426,0.023880191,0.036011547,0.029475108
0.03512605,0.04254097,0.04709594,0.05660489,0.055853713
0.029257108,0.031782363,0.024268312,0.030593483,0.021256238
0.040573694,0.03836714,0.030440126,0.054179724,0.026239969
0.038250014,0.022684177,0.027164606,0.025904844,0.025444364
0.05728432,0.035854977,0.026492158,0.04722076,0.024950929
0.049539044,0.060193308,0.049044583,0.04501348,0.061023764
0.03259535,0.04582913,0.017925104,0.03496842,0.020909
0.04686696,0.044640686,0.034143437,0.034681,0.02840351
0.03861593,0.041504003,0.0254322,0.03672041,0.040820315
0.03335302,0.04737898,0.037320822,0.044870023,0.06273913
0.05074703,0.040013656,0.03948965,0.03535089,0.031817302
0.029886609,0.033035256,0.049318507,0.03982452,0.037509207
0.023750167,0.05245756,0.041867357,0.039369795,0.05323486
0.045563716,0.025674399,0.035582528,0.031459544,0.045798678
0.024581414,0.039571006,0.024948427,0.02705077,0.030891342
0.037929412,0.03980482,0.02034098,0.052105363,0.05143815
0.03314155,0.03852382,0.07696989,0.033784993,0.05899133
0.037247658,0.023361638,0.03215183,0.019538581,0.029911565
0.031850934,0.025154546,0.027251642,0.026456373,0.028752185
0.04303879,0.061556965,0.036549937,0.042483352,0.044328675
0.04165483,0.036358315,0.037922822,0.05207324,0.039753746
0.022816313,0.027100796,0.029000297,0.024677513,0.026960019
0.03209935,0.022805337,0.032317046,0.037129108,0.03639893
0.031163584,0.025442015,0.030947706,0.01893159,0.019613247
0.057525318,0.054700404,0.035323743,0.033175383,0.042200424
0.031147787,0.03442291,0.019220296,0.0333721,0.04583987
0.039806332,0.03490952,0.033336002,0.035899457,0.038668055
0.035229787,0.03624412,0.028808372,0.020418286,0.04019273


================================================================================
=== delta network
train time
1.2216752,1.2804908000000008,1.277744600000002,1.259701800000002,1.264128999999997,1.2658263000000005,1.5199742,1.2489017999999987,1.2340910999999863,1.5861577000000011,1.2995031000000097,1.2740528999999867,1.258500500000011,1.2574352999999974,1.2643561999999946,1.253003899999996,1.2717439000000041,1.2938249000000042,1.2899117999999987,1.2626579999999876,1.270438200000001,1.2528475999999955,1.9716478999999936,1.261755800000003,1.2632071000000167,1.2760177000000112,1.3845740999999805,1.312914500000005,1.2770126000000062,1.2905305999999825,1.2773606999999743,1.3053376999999955,1.2830115000000148,1.2806813000000261,1.2940284999999676,1.300099399999965,1.2759896999999683,1.3022187999999915,1.4293369000000098,1.3265860000000202,1.2780010999999831,1.2849075999999968,1.2887872000000016,1.2961505000000102,1.3260879999999702,1.3075534000000175,1.425611100000026,1.3423124999999914,1.3108389000000216,1.3266806999999972,1.329697699999997,1.3212817999999515,1.3246818000000076,1.3281671999999958,1.3445097000000032,1.357017400000018,1.3462643999999955,1.3284098000000313,1.397566100000006,1.3740909999999644,1.355296199999998,1.3631856000000084,1.3834100999999919,1.3606763999999885
mean squared error
0.0025021676,0.0027458998,0.0022038436,0.0015772518,0.0031666292
0.0016683883,0.0016956767,0.0025910165,0.0029567177,0.0021725425
0.00399831,0.0034305456,0.0051105325,0.0071207816,0.0047413446
0.0052337805,0.003473378,0.006499039,0.0033589313,0.004925994
0.0024543728,0.0019265692,0.003957482,0.0019016176,0.008047672
0.0015721999,0.0023015914,0.0015155239,0.002330544,0.0012804852
0.003909437,0.0033928622,0.031065099,0.003946361,0.0032457842
0.002328558,0.0026842232,0.0022497147,0.00081747177,0.0027448414
0.018838493,0.020616213,0.0018280434,0.0017735509,0.009464367
0.001532869,0.0018871482,0.0020913503,0.000915008,0.00077985163
0.0013457432,0.0018336144,0.0013067299,0.0012704633,0.0017760962
0.004210854,0.0063983803,0.0043302164,0.005376027,0.016734881
0.003205512,0.0022484832,0.0014984409,0.0031086418,0.0044687833
0.015836682,0.0028641887,0.0023109461,0.0027913565,0.0024229009
0.0011061408,0.0013097652,0.004872243,0.020158472,0.004347552
0.0020859214,0.0021985604,0.0034804689,0.0020302127,0.0017885695
0.0016898391,0.0017915969,0.0026320252,0.0023798284,0.002292769
0.0079624,0.0061785635,0.0021402312,0.0031873356,0.0020271314
0.0015444172,0.0016904055,0.0023944185,0.002491297,0.0013168455
0.002026969,0.0015933636,0.0014514141,0.0020428838,0.0025149263
0.002626179,0.0015276643,0.0032355534,0.0024229237,0.001713056
0.002859083,0.0022285131,0.004288692,0.0037555224,0.0033835368
0.0033040377,0.0043004625,0.0021231768,0.0046774037,0.0027224694
0.0033221478,0.0017813758,0.0025300712,0.0033445065,0.0038022473
0.021430284,0.016890088,0.0052398257,0.004364064,0.0044054347
0.0053577316,0.005620257,0.0042000697,0.0067902682,0.002722555
0.0030318291,0.0032048528,0.0025274523,0.010127782,0.0051971427
0.004054947,0.0028264518,0.002449628,0.0042967037,0.0021001752
0.0015838601,0.0017403187,0.0009685665,0.0012838902,0.0011552827
0.0018386587,0.002489488,0.004186969,0.006004539,0.0025945664
0.0047263517,0.004669195,0.0041639158,0.0042382907,0.006683496
0.0027376427,0.0025007122,0.0046006916,0.005036646,0.002537092
0.0025538097,0.0016288161,0.0019432073,0.0018494722,0.0017158326
0.0032955045,0.0031103767,0.002413647,0.0022751905,0.0027995382
0.0009602593,0.0011761694,0.0017609531,0.0020942972,0.0029413549
0.0017398522,0.003543616,0.0034728951,0.0017866334,0.0040538954
0.002325502,0.002625285,0.0057351673,0.004092687,0.003654225
0.0023481648,0.005726165,0.0018272002,0.006506921,0.0022053935
0.002881785,0.0034232242,0.0020604483,0.0033610358,0.0027665803
0.0011795838,0.0008826481,0.0015248494,0.001050435,0.000838642
0.019773794,0.0043559526,0.0036399355,0.021765824,0.023576654
0.0038406819,0.0023636713,0.0037968373,0.00262273,0.005549952
0.0013280623,0.0026948007,0.0015367144,0.0013255863,0.001347493
0.003828309,0.0027476721,0.0020915668,0.0053478177,0.002451696
0.003514805,0.0052356683,0.002065392,0.0042507034,0.0023512524
0.0031467783,0.0031957615,0.0040742396,0.0049053943,0.006177239
0.003906949,0.006754741,0.019800855,0.0035638479,0.00518192
0.0013450691,0.001918487,0.0015408902,0.0015679474,0.001673827
0.020285822,0.010237913,0.005332766,0.0075834175,0.0069967895
0.0019837066,0.00093031116,0.0014135088,0.002161481,0.0019714779
0.0010663146,0.0025804525,0.0013463219,0.0012726744,0.0024598367
0.002969171,0.0018937687,0.0013725052,0.0022018747,0.0015186582
0.005452529,0.005789025,0.0051747616,0.004034905,0.007198314
0.0015650016,0.0020126228,0.0035579677,0.0018953035,0.0017240652
0.0021329173,0.0012460891,0.0013617959,0.0025022363,0.0009097021
0.0057020537,0.0040385323,0.004635892,0.0032586255,0.00326435
0.004660382,0.0034632958,0.011019504,0.008956501,0.0031710498
0.00073585735,0.0012569291,0.00091601437,0.00088449824,0.0015889852
0.0018831935,0.0008974087,0.0009695975,0.0021014467,0.0017448191
0.0021914039,0.0010499448,0.0009138229,0.0014954557,0.0010151528
0.0031339382,0.004034437,0.0020813947,0.0026219657,0.0026550647
0.002849939,0.0019164005,0.0021659138,0.0017960286,0.004052163
0.0015837802,0.0023763753,0.0025598337,0.0012706616,0.0014672845
0.0034484451,0.0029629404,0.0037417805,0.004743645,0.007071298
mean absolute error
0.039113782,0.04042314,0.03587964,0.030464962,0.04256857
0.03157664,0.032052603,0.038745906,0.041732736,0.033937447
0.04765407,0.045078028,0.05473355,0.06467313,0.053928137
0.05524176,0.045212585,0.063343346,0.044263367,0.052396215
0.037253812,0.033824965,0.0471329,0.03392776,0.07105111
0.02996394,0.036918197,0.030397383,0.03713854,0.026745912
0.046206363,0.045627072,0.14878222,0.04833205,0.04315903
0.035764206,0.040085185,0.0351559,0.022626204,0.040823974
0.112610355,0.11651218,0.032646827,0.032446705,0.07829911
0.029733326,0.03340206,0.03514685,0.02359198,0.022134006
0.028015,0.033790674,0.027367374,0.027622705,0.031534035
0.049525343,0.06247769,0.049739663,0.056192055,0.10557918
0.043371096,0.036438294,0.029663168,0.042592905,0.051295448
0.10701358,0.040644836,0.03674565,0.041383967,0.037340008
0.02540724,0.027993636,0.055408757,0.11877494,0.052869774
0.034824442,0.03626747,0.04649786,0.033574685,0.031921126
0.031773284,0.032813597,0.039784554,0.037948865,0.036765058
0.070036806,0.061010882,0.0350037,0.043147184,0.034426562
0.029590132,0.030899243,0.03861733,0.038902633,0.028361138
0.035494566,0.029702911,0.029476956,0.03444688,0.03610709
0.039157275,0.030183705,0.044510618,0.037749134,0.031441454
0.039076343,0.036685985,0.04991122,0.046897363,0.044389796
0.045624234,0.05090991,0.036070503,0.052641366,0.03984966
0.04467998,0.03271488,0.03848926,0.044200137,0.04681529
0.11844296,0.104080446,0.055649646,0.050483853,0.05117847
0.055886574,0.056782853,0.049165532,0.06390191,0.039603703
0.041595485,0.04417493,0.038135022,0.07790505,0.055640537
0.047980525,0.04015893,0.037449107,0.049719345,0.03455786
0.030888112,0.03131663,0.023598744,0.026575297,0.025932344
0.03324624,0.037882395,0.05003833,0.061807655,0.03863996
0.05363881,0.053071782,0.049896818,0.049667254,0.061864696
0.040371064,0.038363926,0.05258637,0.05447082,0.039494395
0.038333293,0.031209106,0.033991173,0.032419443,0.029826723
0.044984896,0.043022394,0.037004303,0.036493618,0.040615562
0.023986269,0.026102394,0.03229206,0.035407856,0.041236933
0.03159772,0.04671762,0.04511596,0.031863526,0.048825547
0.037294775,0.0392994,0.059217885,0.05018096,0.04555704
0.03659592,0.05711456,0.033660434,0.063150786,0.03603663
0.042376254,0.045185585,0.034655612,0.043619405,0.03990776
0.026326207,0.022975737,0.031257022,0.025066141,0.0222969
0.11433178,0.048659705,0.04719837,0.12411713,0.12687285
0.047262803,0.03683057,0.046800397,0.03918577,0.055124708
0.027803274,0.039133873,0.029474407,0.028723693,0.02814105
0.04752141,0.03919845,0.035431728,0.056161087,0.03734739
0.04552088,0.056595523,0.034963686,0.04981605,0.03755968
0.04341746,0.04318795,0.050072126,0.05386911,0.06072414
0.048315424,0.06281388,0.1171923,0.046279192,0.055254217
0.027876914,0.0343568,0.030290537,0.030188646,0.03143084
0.11725758,0.079968445,0.056781687,0.066061065,0.064689286
0.034145802,0.023201203,0.029175445,0.035401244,0.0338998
0.025359299,0.039291456,0.02840885,0.026957454,0.038431387
0.041763883,0.03344876,0.028975781,0.035619352,0.02950706
0.057286225,0.058431488,0.05413978,0.048349623,0.06671688
0.029958379,0.034544818,0.046793845,0.032511063,0.032004703
0.035391007,0.027159942,0.028035672,0.03806115,0.023196284
0.054312725,0.04838941,0.05153262,0.04508631,0.04393
0.05299781,0.045758735,0.08149328,0.07153409,0.042693406
0.020854576,0.025860282,0.022317426,0.022691002,0.030328667
0.033266995,0.023210458,0.023936663,0.034816727,0.032482732
0.036644194,0.024973894,0.023084749,0.029359264,0.024319846
0.04358464,0.048605207,0.035768144,0.039170098,0.039263602
0.041651733,0.033404045,0.035652883,0.032714486,0.049582
0.030818444,0.03668738,0.03901624,0.027497323,0.029960686
0.04444045,0.040896684,0.045967147,0.05285102,0.065174304


