================================================================================
=== value network
train time
1.8770996999999996,1.9347789000000013,2.3229863,2.3567268000000006,1.1337687999999986,2.7040144999999995,2.328565900000001,2.2356629000000012,2.3798386000000065,2.0904766000000023,2.230302100000003,2.379940099999999,2.432805600000009,2.3890217000000007,2.076751900000005,2.396086800000006,1.6126062000000019,2.403484700000007,2.4219958999999847,2.3560104000000024,2.395218299999982,2.420952800000009,2.4073568000000023,2.321245900000008,2.432228899999984,2.3641944999999964,2.2929136999999855,2.438673999999992,2.437464800000015,2.500374800000003,2.432030900000001,2.449082000000004,2.4600339000000133,2.016109400000005,2.4732937999999933,2.469559899999979,2.4777627999999936,2.505079300000034,2.4753429999999526,2.4980686000000105,2.058280599999989,2.2719612999999867,1.8739028999999618,1.3602297000000476,1.9304327000000399,2.5707373999999845,2.3182899999999904,1.8729900000000157,2.176725900000008,1.1204955999999697,2.563191599999982,2.5630667999999446,2.433732099999986,2.572931799999992,2.1199976000000333,2.0555918999999676,2.6215594999999894,1.2370471000000407,2.588259800000003,4.408552099999952,2.2596959999999626,2.5828990999999633,2.611043699999982,2.5619911
mean squared error
0.0045812484,0.0055794255,0.0007331056
0.0033975546,0.0016156666,0.00047536113
0.0060905907,0.011820718,0.010909381
0.0055393297,0.0066517214,0.0071929675
0.0028619096,0.0017037538,0.0024309515
0.0036113595,0.006175325,0.0029025015
0.0014009002,0.0023955926,0.007943454
0.013734231,0.0030659512,0.0035182983
0.002743506,0.0023789206,0.004562359
0.0027403366,0.0062456913,0.0067814346
0.002402238,0.006296058,0.0036103108
0.003021577,0.0010135224,0.0014383247
0.0045529017,0.0021242427,0.0027893428
0.00417556,0.00787223,0.001272216
0.0008004191,0.0016607798,0.0016181597
0.012704459,0.010771594,0.0071129766
0.0029219715,0.0020331768,0.0039293906
0.0015765905,0.0028444447,0.0029633588
0.015175364,0.0035385536,0.0036231433
0.0024393692,0.0044628857,0.002618842
0.0026475352,0.003879159,0.005242511
0.004605321,0.004625892,0.005857012
0.028471868,0.021380935,0.0066177826
0.0123312855,0.0031124586,0.0034333263
0.0023190249,0.0031937251,0.0022844255
0.008485516,0.0051811445,0.0047652083
0.003337084,0.004430944,0.00389703
0.006347124,0.0076746913,0.004112163
0.001450762,0.002103665,0.0023000122
0.012887095,0.017107768,0.006657494
0.0021980407,0.00090488896,0.0031630134
0.008902045,0.03541308,0.018334758
0.0008803262,0.0032150003,0.0044688587
0.0018634521,0.0052834055,0.0016767252
0.0054560476,0.009591144,0.0054375962
0.003334928,0.0025929895,0.0022043101
0.004384208,0.0018157839,0.0012300884
0.0050309664,0.00837495,0.005197174
0.008249038,0.0025826436,0.0004236973
0.0062418743,0.0065385196,0.013411512
0.0043216473,0.010571742,0.0083103655
0.002941604,0.0038181462,0.004125342
0.007948254,0.0035859253,0.004458811
0.0038989326,0.002754168,0.0049565076
0.0043154466,0.0020868683,0.013381659
0.007914709,0.005310614,0.014303394
0.006756744,0.0051402473,0.0051317704
0.0026651372,0.0017679036,0.0019429146
0.001987189,0.00065897044,0.0047263536
0.006850643,0.0062066615,0.004051832
0.0008722158,0.0011283989,0.0017484889
0.00094361795,0.0010311574,0.00048170926
0.011667896,0.0075307675,0.009826777
0.004762589,0.0021826115,0.012470147
0.004835742,0.008108467,0.0053602816
0.00818893,0.017457642,0.00982138
0.004493818,0.0023618082,0.0017851854
0.0015758853,0.00296738,0.0012791428
0.0008355782,0.004952101,0.0007814703
0.0022266186,0.0016974942,0.0057837176
0.006326004,0.015603131,0.0031256804
0.0031700518,0.0005071757,0.0010177018
0.0053947507,0.0033387437,0.0012656911
0.0031320509,0.0077419025,0.005371296
mean absolute error
0.051359102,0.06143569,0.022090184
0.04533095,0.028618412,0.015860392
0.06513052,0.09191878,0.084024474
0.059193034,0.057825226,0.06544442
0.039541274,0.02891044,0.039168105
0.046042398,0.05987115,0.042668004
0.027578354,0.039359566,0.06655988
0.09416893,0.040105704,0.04597412
0.039170317,0.037408013,0.047917146
0.043272436,0.06302018,0.06766922
0.036483485,0.06521667,0.048846807
0.042650703,0.025022289,0.029155148
0.05105648,0.033549044,0.042778958
0.04637998,0.0721266,0.027537959
0.023262804,0.032128237,0.03332385
0.08928988,0.08148315,0.06500946
0.041180067,0.03503567,0.04769896
0.028475484,0.040188596,0.04362636
0.09999498,0.04511038,0.04734067
0.038885172,0.048106402,0.037939854
0.0347747,0.038754396,0.060566008
0.051041357,0.05063455,0.052430194
0.1361765,0.1175917,0.06435384
0.0809444,0.042130735,0.047138873
0.032745283,0.04045468,0.035928078
0.07444007,0.055018753,0.052755028
0.04228451,0.052510526,0.04689038
0.058206394,0.07013837,0.05117846
0.03079338,0.031387582,0.038137656
0.08976083,0.10715634,0.0688777
0.034627035,0.023866018,0.04433251
0.06852612,0.15529557,0.108223364
0.023788124,0.044664156,0.052323233
0.03518545,0.054125346,0.030020157
0.05249647,0.06459188,0.057614315
0.040604316,0.042848438,0.036090516
0.05004242,0.034948677,0.024495168
0.05223882,0.06478896,0.05821941
0.0741091,0.03592272,0.015264301
0.061677977,0.0661166,0.0815121
0.053198747,0.07870676,0.076184206
0.04262118,0.0466503,0.051137045
0.07328797,0.04558839,0.050590627
0.047104526,0.037191432,0.057658207
0.047483474,0.032918997,0.092159204
0.069970496,0.060075045,0.086798355
0.06442189,0.052213278,0.05256488
0.040087573,0.0326893,0.034590103
0.032837175,0.01818335,0.05790186
0.06284321,0.061336152,0.04633927
0.02315322,0.0254021,0.030867312
0.020252682,0.02581147,0.016439466
0.085651934,0.06747074,0.075092934
0.057773143,0.031006133,0.072266474
0.054113567,0.07343276,0.054402627
0.06792266,0.104070425,0.07817762
0.052995764,0.03817467,0.032991596
0.029594455,0.04551232,0.025905982
0.023648044,0.053964913,0.020997643
0.036235616,0.033825886,0.06397636
0.0645971,0.10316369,0.04213515
0.045601454,0.017632749,0.02073219
0.05836626,0.042732447,0.027322024
0.04499181,0.071814366,0.057727523


================================================================================
=== twin network
train time
1.9249698999999998,1.3959697999999996,2.0001548999999983,2.0188585000000003,2.3253649000000003,1.1412554999999998,1.9969991000000036,2.0070818999999958,2.0127957999999992,2.0367761000000115,2.0091718000000043,1.79102970000001,2.0205636000000027,2.4356408999999957,2.04252910000001,2.063367999999997,2.0522815000000065,2.062913899999998,2.0512146000000087,2.052847700000001,2.072493900000012,2.048440999999997,2.0552477999999894,2.0803914999999904,2.0663245000000074,2.076866800000005,2.0796641999999963,2.0722974999999906,2.072983800000003,1.5071457999999893,2.075413999999995,2.0811357000000044,2.0847657999999853,2.101911599999994,2.08698050000001,2.0999456000000123,2.1291695999999547,2.1328675999999973,2.1262189000000262,2.137188299999991,1.8657981000000063,2.1183201000000054,2.144669799999974,2.156989899999985,1.4469550999999683,1.223080600000003,2.16712339999998,2.4558132999999884,2.7582991999999535,2.199901099999977,2.151668099999995,1.1109620999999947,2.2158875999999736,2.1627719999999613,2.202692899999988,2.204219099999989,2.0610770999999772,2.23235980000004,2.2548336000000404,2.3041678999999817,2.2240752999999813,2.236530700000003,2.24953830000004,1.0160753000000113
mean squared error
0.001708689,0.001858374,0.0006127282
0.00014204034,0.00019725971,0.00019375146
0.0003522329,0.0010608048,0.0006361718
0.0009500374,0.0006461088,0.0035784985
0.00043059295,0.00067351095,0.0007343668
0.000370215,0.0005224552,0.0002932991
0.00040109345,0.00031164874,0.0007228701
0.0018138015,0.0011967767,0.0010466244
0.0017651091,0.00054002204,0.000861042
0.0020439804,0.0018251865,0.0014852786
0.00085360056,0.00060282374,0.00094696425
0.0008971546,0.000619707,0.000442886
0.00089525495,0.0011351666,0.0007012013
0.0009039655,0.0022519443,0.0007514352
0.00022417285,0.000516475,0.0006235627
0.0063084634,0.0027875393,0.0014930888
0.0008837111,0.0012716837,0.0010138528
0.00052754325,0.00089005387,0.00090499583
0.00047142003,0.00061930734,0.0013809658
0.0031616867,0.0026731149,0.0018595749
0.00069360057,0.0012007088,0.002311116
0.001990978,0.0012372297,0.0010273429
0.0003492645,0.00046367414,0.00142093
0.0007620463,0.000533245,0.00070258835
0.000774461,0.00036253393,0.00025282303
0.0012806138,0.0013953641,0.0011354075
0.0014149892,0.0004191585,0.0005424855
0.0020371834,0.0006072335,0.0017808804
0.00057487783,0.0005713366,0.00059993105
0.0012925857,0.0025131884,0.0015871293
0.00043563748,0.0004853609,0.0033099265
0.0014770987,0.00093148183,0.0016908386
0.0005470117,0.0020752617,0.0014293946
0.0015313311,0.0010072074,0.0013399775
0.00020421253,0.0009279891,0.00038489987
0.00025614252,0.0010744564,0.0008186546
0.0011090472,0.001745198,0.0022492297
0.0028107748,0.0026124355,0.0016775482
0.0005099403,0.0005205834,0.00038936737
0.002961626,0.0041084467,0.002654408
0.0012932447,0.0010393439,0.0006799032
0.0009966596,0.000392739,0.00264712
0.0011635171,0.002656801,0.0028463465
0.0014292758,0.0016550964,0.0032210806
0.0030463526,0.0020636963,0.0034771222
0.00042414077,0.00072024856,0.00065449555
0.0020010087,0.0017634386,0.00094664586
0.0012371746,0.0013003917,0.0022976375
0.00080660527,0.00032221523,0.0009334993
0.0030229914,0.0013234861,0.00079540606
0.00054768857,0.0011467836,0.00077973655
0.000650011,0.0009111589,0.00022218235
0.0036220758,0.0015217668,0.0032957948
0.0010093099,0.0006434333,0.0017054253
0.0011111662,0.0030146253,0.00045094197
0.0028260993,0.007872054,0.0021407686
0.00068751,0.00040472584,0.0005816378
0.0007383467,0.0008838974,0.00051963754
0.00038395732,0.00034415213,0.00021176376
0.0016299919,0.0007983936,0.002052165
0.0037165997,0.0030309819,0.0016585047
0.0016378067,0.00016087033,0.00018582052
0.00030170585,0.00074526714,0.0008064616
0.0021247205,0.0021114438,0.0011655857
mean absolute error
0.030332962,0.034842614,0.018314397
0.008941252,0.009786459,0.010266498
0.013861997,0.02551647,0.020946678
0.024285408,0.019790439,0.049999446
0.01357422,0.017724445,0.01940726
0.013201306,0.01840789,0.012997804
0.014638179,0.013918172,0.02090213
0.032721277,0.025664423,0.022761846
0.035186347,0.017236413,0.021689082
0.037274115,0.034717165,0.03101099
0.02264029,0.018871987,0.023799045
0.021595826,0.018590009,0.015845066
0.021904493,0.024121592,0.02068908
0.022461003,0.03523031,0.019995036
0.011591051,0.016620327,0.0191529
0.06378385,0.0410508,0.026569366
0.021632424,0.026292644,0.025845427
0.017644407,0.022691939,0.022575358
0.017448263,0.020184848,0.027043885
0.043773293,0.036837846,0.03044993
0.019527718,0.023915125,0.040404323
0.03260854,0.025187984,0.025077501
0.012984196,0.017062835,0.02815496
0.020017227,0.017185235,0.019037152
0.018588224,0.014007136,0.009155435
0.026972542,0.028429156,0.025060501
0.028737755,0.013812563,0.015752701
0.033729274,0.017433546,0.035292383
0.017861558,0.016946815,0.01845038
0.027263233,0.0392453,0.032700624
0.015908968,0.016903717,0.04858099
0.027762244,0.022014432,0.031148942
0.019089418,0.036348358,0.029843511
0.027950482,0.02391137,0.025901832
0.010592862,0.020628942,0.015112235
0.011528879,0.025075752,0.02320783
0.027878907,0.03518831,0.039226342
0.04280162,0.03860218,0.029800717
0.016862866,0.015620777,0.013691752
0.04235027,0.05222078,0.037281007
0.026537178,0.022972537,0.017757047
0.025628496,0.014721857,0.042414717
0.024707315,0.040146507,0.043787185
0.027929708,0.028599406,0.042764045
0.042689417,0.035997037,0.049227703
0.015465757,0.021566268,0.01838351
0.035207164,0.034112237,0.019941766
0.026261633,0.02611562,0.039135445
0.021123217,0.013483136,0.02242529
0.0442757,0.028917147,0.021389024
0.015791913,0.0254581,0.020087183
0.017697407,0.022724016,0.010457569
0.049407654,0.032168046,0.0444502
0.02526787,0.01900986,0.031115612
0.027031831,0.044373434,0.015820904
0.04103886,0.07356347,0.037263844
0.018335218,0.013717353,0.018477347
0.019563964,0.02303832,0.016303794
0.0156069305,0.01351059,0.009330822
0.030867584,0.020877792,0.037241675
0.046514913,0.044248413,0.02856764
0.034083247,0.009675656,0.010259606
0.0130442735,0.018863235,0.022492709
0.03968959,0.036292937,0.027411485


================================================================================
=== delta network
train time
1.2813737000000014,1.3069869,1.4409939999999999,1.3120715999999994,1.869347299999994,1.3577003999999988,1.3130096000000009,1.3034042000000028,1.302503299999998,1.313014999999993,1.3413302999999956,1.3207685999999939,1.3536558999999926,1.3459532999999908,1.35166550000001,1.3261417999999878,1.332989799999993,1.9017644999999987,1.3412188000000071,1.3467745000000093,1.3608049999999992,1.3326102000000049,1.3365246000000184,1.327748200000002,1.352191299999987,1.3509180000000072,1.3479403999999988,1.3591408999999999,1.3589893000000188,2.204253599999987,1.3543036000000086,1.3615216000000032,1.3592041999999935,1.3577889999999968,1.371610799999985,1.40360960000001,1.3953794000000244,2.427714499999979,1.374633000000017,1.4081684000000223,1.3957207999999923,1.3880628000000002,1.3946419000000105,1.421246799999949,1.4317386999999826,1.392421000000013,1.4445521999999755,1.4324010000000271,1.7988383,0.9723904999999604,1.4152748000000202,1.4296163999999862,1.4302313999999683,1.4274849999999901,1.4228405999999723,1.4293318999999656,1.4241584000000103,1.437704999999994,1.4463211000000342,1.4811276000000362,1.4398646000000213,1.4345250000000078,1.469422800000018,1.4594180999999935
mean squared error
0.0017238507,0.0014391618,0.0007440432
0.00053484953,0.00039833438,0.0004183148
0.00094375137,0.001142712,0.00085612095
0.00043861696,0.00045153085,0.0007949514
0.00052241323,0.0006037496,0.0006049455
0.00050224626,0.00042061356,0.000579438
0.0012584206,0.00121275,0.0021213088
0.0006341779,0.0006154112,0.00059036206
0.0011620056,0.00052325043,0.00086495414
0.0009453027,0.0010690348,0.0004433068
0.00043962174,0.0006993712,0.00030197942
0.0009919947,0.0007894917,0.0007196809
0.0014952221,0.0007791137,0.00058997556
0.0014028406,0.0013167834,0.00093092653
0.00044245433,0.00080619054,0.00031217514
0.0016751566,0.0016477942,0.0016253606
0.0010741734,0.00083744933,0.0012638002
0.0014541391,0.0015304524,0.0012069085
0.00042610383,0.00043825508,0.0010080284
0.0010529403,0.0015542553,0.0007009268
0.0011342728,0.0008567641,0.0017957187
0.0019688252,0.001329626,0.0018722599
0.0008508471,0.001424624,0.0014171256
0.0003789658,0.00068096456,0.0008279794
0.00095462357,0.0006261282,0.00059493014
0.0006671361,0.0005452254,0.0017345895
0.0010520539,0.00095104193,0.0012400389
0.0006257072,0.00075519946,0.0007265374
0.00055019336,0.0005366268,0.0004964975
0.0028130373,0.0014249838,0.0018002236
0.00038087578,0.0006426396,0.0006806582
0.0016482152,0.0016376826,0.0017341108
0.0004586682,0.0007317712,0.00077832857
0.0008537776,0.0019127653,0.0011086696
0.00047751077,0.0008919351,0.00051616586
0.00026253576,0.00072574336,0.0003440319
0.0012442747,0.0009201141,0.0012507689
0.002956628,0.0022931064,0.000935931
0.0006945275,0.0007770207,0.0007879719
0.0009397634,0.0011909808,0.0023370988
0.0019203689,0.0024084984,0.0033090312
0.0012054458,0.0009786219,0.0023419643
0.001670879,0.0013197429,0.0015215101
0.0022314414,0.00271503,0.0042112586
0.0016287853,0.0012172352,0.0019422993
0.0011025583,0.0008023826,0.0008298727
0.0014735392,0.00054848014,0.0009737878
0.00077564997,0.00031190598,0.00030465293
0.0007237729,0.00067327765,0.0013941878
0.0014902056,0.00078443094,0.0011390756
0.00041057833,0.000444492,0.00042884765
0.00053464697,0.00034091738,0.0007222879
0.0020869297,0.002289089,0.002344427
0.00080703566,0.0006329948,0.0011987604
0.00090535433,0.00057988,0.00036493817
0.0010178713,0.0006215979,0.0008537426
0.0009739126,0.0006626356,0.00052637624
0.00080576754,0.0013535366,0.0009142106
0.0003233397,0.00052301615,0.0003774083
0.0012942902,0.0011351021,0.0014129708
0.00068304624,0.0009794168,0.00070529315
0.0009424012,0.00051383494,0.00064418087
0.0006024964,0.00045343162,0.0005140718
0.0011346138,0.001181309,0.0010236697
mean absolute error
0.03211939,0.028852127,0.021549447
0.01740699,0.01511702,0.014766046
0.024522599,0.023654873,0.021546196
0.015889855,0.015490297,0.022769555
0.017093632,0.019883672,0.018577198
0.017165631,0.015579722,0.018016042
0.027126046,0.027354965,0.033951066
0.019639561,0.018894754,0.019306958
0.025525654,0.017372034,0.021066125
0.022556374,0.02654178,0.015811361
0.016904067,0.019343572,0.013094088
0.023553254,0.021076594,0.020365825
0.030337282,0.021923851,0.018860709
0.027547939,0.028556824,0.02293622
0.016781794,0.022287473,0.01336149
0.028370202,0.029557507,0.032440588
0.02525239,0.021496244,0.026067864
0.029113758,0.02879438,0.027352834
0.015093204,0.01666182,0.025473157
0.024087248,0.030848162,0.019252753
0.023624595,0.021769617,0.033370238
0.034724116,0.02720114,0.032928746
0.022267157,0.029411603,0.030847538
0.014842567,0.020192018,0.022494914
0.0239606,0.019864421,0.018519327
0.020368496,0.01754629,0.029325012
0.02572376,0.024167154,0.027207792
0.01943422,0.019836709,0.020420827
0.017554738,0.017932544,0.016806833
0.040130414,0.02887474,0.03315786
0.014549519,0.018066341,0.020949678
0.03168102,0.030055916,0.03325352
0.016480781,0.019679122,0.023297478
0.023096874,0.034164935,0.026113156
0.016666943,0.023659507,0.017651329
0.01228488,0.01917225,0.01370812
0.027446527,0.024180477,0.02696808
0.041964505,0.036469474,0.024407374
0.020072319,0.020934045,0.022057366
0.024380656,0.026727166,0.03850769
0.034309007,0.037133627,0.045250166
0.026495213,0.024698118,0.037385616
0.030569011,0.02675997,0.03066251
0.035400428,0.039953783,0.047485057
0.030986745,0.027802587,0.033997584
0.025396906,0.0223628,0.020705014
0.02918446,0.018328292,0.022751879
0.02082515,0.013554632,0.012860572
0.021203885,0.01972511,0.026460255
0.028108504,0.0217936,0.02485973
0.015260295,0.016467743,0.015665287
0.01771659,0.014691492,0.020097263
0.034271214,0.036234416,0.03588324
0.022535147,0.019387906,0.027271656
0.020443385,0.017418906,0.013680903
0.024406848,0.019682731,0.022869442
0.024088595,0.020418776,0.016945748
0.02109143,0.028884519,0.023094198
0.012743834,0.018448416,0.014757961
0.027909473,0.024659252,0.02813465
0.019873144,0.02341094,0.021705851
0.0241537,0.016623033,0.019519739
0.019262644,0.016302949,0.016808113
0.02533818,0.027081985,0.025499946


