================================================================================
=== payoff network
train_time
40.7279737
39.0603624
21.782751899999994
36.3354999
40.820457499999975
35.835799300000076
36.31838719999996
38.32768569999996
38.62417770000002
37.004523699999936
35.926808000000165
36.932497499999954
36.43446289999997
45.384269299999914
37.375648100000035
37.73091669999985


================================================================================
=== twin network
train_time
47.9932871
54.54243210000001
27.9013597
43.9997942
43.783365
44.509150100000056
47.91095930000006
45.04292869999995
51.537981800000125
49.58582650000017
44.47711939999999
44.69350899999995
45.86146950000011
52.84383049999997
45.03317979999997
46.816341300000204


================================================================================
=== adjoint network
train_time
35.501198999999986
30.7842622
30.209483999999975
32.12467220000002
30.870389000000046
30.926162100000056
37.0901116
32.60318910000001
36.972100199999886
42.84452979999992
36.48905579999996
30.60587129999999
34.83180470000002
34.78119030000016
32.12805000000003
30.705984799999896


================================================================================
=== continuous-time
train_risk
4.7875905
4.6380835
4.982174
4.7126017
4.715542
5.1303434
4.960414
4.563267
4.832172
4.7039557
5.0125833
5.2060175
4.893517
5.084053
4.669207
4.8792453
test_risk
4.726391
4.7041674
5.07456
4.659159
4.7542214
5.146226
5.060229
4.561532
4.909993
4.796095
4.927519
5.3540244
4.9772468
5.098491
4.612294
4.8055716
test_mean_value
-0.0029763908
-0.0034069456
-0.0040271655
-0.0030235604
0.005976903
-0.0026795145
-0.008574243
0.0065305517
-0.0067749536
-0.00050858356
-0.0050493903
-0.0022357435
-0.0060646366
-0.0002148834
-0.0024423727
-0.0027803422
test_mean_abs_value
1.283152
1.2530389
1.5789937
1.3318077
1.3587652
1.579732
1.4493104
1.2069615
1.4087307
1.3638918
1.3469192
1.816702
1.4290915
1.4907168
1.2467648
1.2814877
test_variance_value
2.5195096
2.40744
3.6749132
2.734906
2.8269362
3.7768614
3.1844501
2.2467284
3.0250628
2.8420072
2.7987256
4.8101373
3.0981996
3.3805585
2.3965333
2.595943
test_mean_costs
0.0
0.0
0.0
0.0
0.0
0.0
0.0
0.0
0.0
0.0
0.0
0.0
0.0
0.0
0.0
0.0
test_mean_abs_costs
0.0
0.0
0.0
0.0
0.0
0.0
0.0
0.0
0.0
0.0
0.0
0.0
0.0
0.0
0.0
0.0
test_variance_costs
0.0
0.0
0.0
0.0
0.0
0.0
0.0
0.0
0.0
0.0
0.0
0.0
0.0
0.0
0.0
0.0
test_mean_wealth
-2.9555912
-2.9279008
-3.0086224
-2.720662
-2.863538
-2.9046307
-3.1664484
-2.7753577
-3.1295886
-2.904647
-3.1389072
-3.18857
-3.0285144
-3.1499715
-2.813884
-3.0441594
test_mean_abs_wealth
2.9579594
2.9301333
3.0167696
2.7277787
2.8685496
2.915733
3.1701674
2.7786589
3.132217
2.9087417
3.1407275
3.1985533
3.0321267
3.154644
2.8174355
3.0463626
test_variance_wealth
0.7003787
0.7045411
0.93903923
0.8086718
0.77414846
0.9715589
0.7786204
0.72128594
0.71278733
0.74897397
0.6857115
1.007536
0.75579625
0.83795536
0.72533125
0.69458634
test_wealth_with_price_abs_mean
0.64622605
0.64986014
0.73839843
0.68764263
0.67303795
0.7349801
0.67230725
0.6585374
0.6493355
0.6615336
0.6354389
0.75351167
0.65939105
0.6993639
0.6586125
0.64286757
test_wealth_with_price_variance
0.7003787
0.7045411
0.93903923
0.8086718
0.77414846
0.9715589
0.7786204
0.72128594
0.71278733
0.74897397
0.6857115
1.007536
0.75579625
0.83795536
0.72533125
0.69458634
price
2.9573972
2.9286823
3.0086064
2.718335
2.8639371
2.9065003
3.1683016
2.7767353
3.1294954
2.9065635
3.1410708
3.1900554
3.0280664
3.1502075
2.8160925
3.0448093
train_time
0.3885864000000083
0.3266409999999951
0.31164139999998497
0.3186040000000503
0.30252199999995355
0.3033398000000034
0.333797699999991
0.31687590000001364
0.351876700000048
0.3532188000001497
0.3061883000000307
0.2942214000001968
0.3232405999999628
0.30566189999990456
0.2915161999999327
0.3149978999999803


================================================================================
=== payoff network
train_risk
4.890378
4.7245817
4.9893208
4.7957706
4.881515
5.191419
5.0304217
4.6893373
4.9671903
4.7889786
4.997961
5.233154
5.064096
5.1023073
4.775398
4.8861375
test_risk
4.807714
4.8284693
5.1251493
4.751714
4.8837156
5.124277
5.0749054
4.67167
5.016266
4.858588
4.985385
5.3481703
5.0902605
5.173267
4.741366
4.8511744
test_mean_value
-0.0038325852
-0.00410191
-0.004468351
-0.0024520603
0.0021115043
-0.00842104
-0.007098748
0.010994252
-0.009244473
0.0052752094
-0.0071364497
-0.010102183
-0.005452684
0.003618437
-0.00750891
0.0033028768
test_mean_abs_value
1.3484493
1.22606
1.5719353
1.3118159
1.3355963
1.6483107
1.5252628
1.2168694
1.4256884
1.4083638
1.4345809
1.910526
1.397268
1.4776957
1.2480489
1.3474252
test_variance_value
2.809341
2.3159804
3.6534343
2.7076705
2.7851708
4.1937127
3.5407598
2.3072999
3.1309233
3.0149317
3.2215188
5.393751
3.047403
3.3437688
2.4111693
2.8651493
test_mean_costs
0.0
0.0
0.0
0.0
0.0
0.0
0.0
0.0
0.0
0.0
0.0
0.0
0.0
0.0
0.0
0.0
test_mean_abs_costs
0.0
0.0
0.0
0.0
0.0
0.0
0.0
0.0
0.0
0.0
0.0
0.0
0.0
0.0
0.0
0.0
test_variance_costs
0.0
0.0
0.0
0.0
0.0
0.0
0.0
0.0
0.0
0.0
0.0
0.0
0.0
0.0
0.0
0.0
test_mean_wealth
-2.9564474
-2.9285958
-3.0090635
-2.7200906
-2.8674033
-2.910372
-3.164973
-2.770894
-3.1320581
-2.8988633
-3.1409943
-3.1964366
-3.0279024
-3.1461382
-2.8189504
-3.0380762
test_mean_abs_wealth
2.9614534
2.9316566
3.0186913
2.7297502
2.8758903
2.9291935
3.172221
2.776217
3.1367383
2.9047525
3.146234
3.2150426
3.0331528
3.1522365
2.82378
3.0430899
test_variance_wealth
0.8441255
0.8197444
1.0475525
0.92978656
0.92527056
1.1426884
0.9113485
0.8696506
0.859763
0.87244874
0.85687953
1.2326993
0.8827288
0.9379832
0.8671315
0.8251433
test_wealth_with_price_abs_mean
0.71496946
0.7084278
0.79006743
0.74955386
0.74470925
0.81062174
0.7324538
0.7323847
0.721651
0.7218363
0.7159785
0.842599
0.7209785
0.7477916
0.7301873
0.70243615
test_wealth_with_price_variance
0.8441255
0.8197444
1.0475525
0.92978656
0.92527056
1.1426884
0.9113485
0.8696506
0.859763
0.87244874
0.85687953
1.2326993
0.8827288
0.9379832
0.8671315
0.8251433
price
2.9573972
2.9286823
3.0086064
2.718335
2.8639371
2.9065003
3.1683016
2.7767353
3.1294954
2.9065635
3.1410708
3.1900554
3.0280664
3.1502075
2.8160925
3.0448093
train_time
0.3218355999999858
0.32823360000003277
0.2908851999999911
0.2886974999999552
0.29237190000003466
0.2852470000000267
0.3261720000000423
0.29706549999991694
0.29480320000016036
0.7450191999998879
0.2810020000001714
0.2869194999998399
0.29017830000020695
0.2794773999999052
0.30035479999992276
0.29116409999960524


================================================================================
=== twin network
train_risk
4.801174
4.656177
5.0057964
4.7517366
4.720085
5.0966163
4.946726
4.595393
4.8332915
4.7444897
5.0079436
5.171691
4.92019
5.0714836
4.7278624
4.8876643
test_risk
4.755429
4.7469926
5.0904346
4.6921387
4.7863317
5.08525
5.0430374
4.6044664
4.90853
4.815423
4.936324
5.332328
5.002618
5.095263
4.6592607
4.8465676
test_mean_value
-0.0056794905
-0.0019841257
-4.4913733e-05
-0.0012575606
0.002597117
-0.0032737262
-0.006100696
0.00823695
-0.0039076554
0.0006147367
-0.0071271653
-0.0063706506
-0.0037723687
-0.0011708466
-0.0028848713
-0.0020635948
test_mean_abs_value
1.2936121
1.2426213
1.6028109
1.3339355
1.3685199
1.6427674
1.4851083
1.2090896
1.4474548
1.3819181
1.3821794
1.860614
1.4234567
1.5212525
1.2401484
1.2797519
test_variance_value
2.5687988
2.37344
3.7607467
2.7307065
2.8708992
4.1272373
3.3484495
2.254477
3.202862
2.9209929
2.936137
5.06406
3.1021268
3.5116162
2.3674116
2.5704837
test_mean_costs
0.0
0.0
0.0
0.0
0.0
0.0
0.0
0.0
0.0
0.0
0.0
0.0
0.0
0.0
0.0
0.0
test_mean_abs_costs
0.0
0.0
0.0
0.0
0.0
0.0
0.0
0.0
0.0
0.0
0.0
0.0
0.0
0.0
0.0
0.0
test_variance_costs
0.0
0.0
0.0
0.0
0.0
0.0
0.0
0.0
0.0
0.0
0.0
0.0
0.0
0.0
0.0
0.0
test_mean_wealth
-2.9582942
-2.926478
-3.00464
-2.7188962
-2.8669176
-2.9052248
-3.163975
-2.7736514
-3.1267211
-2.903524
-3.140985
-3.192705
-3.0262222
-3.1509275
-2.8143265
-3.0434427
test_mean_abs_wealth
2.9612265
2.928986
3.0135455
2.726249
2.8728118
2.9213874
3.1689546
2.777404
3.1303868
2.908128
3.143518
3.205102
3.0304933
3.1565301
2.8183694
3.045741
test_variance_wealth
0.7419469
0.7520452
0.9787372
0.8505069
0.8219348
1.0306244
0.8166063
0.7674264
0.75837576
0.79155403
0.7332077
1.0538095
0.7994347
0.8743512
0.77390563
0.73671734
test_wealth_with_price_abs_mean
0.6674562
0.67449933
0.75501925
0.7087247
0.6960397
0.75751275
0.6893733
0.6806307
0.669644
0.68238103
0.65694714
0.7710361
0.68076915
0.71493214
0.6832994
0.6644976
test_wealth_with_price_variance
0.7419469
0.7520452
0.9787372
0.8505069
0.8219348
1.0306244
0.8166063
0.7674264
0.75837576
0.79155403
0.7332077
1.0538095
0.7994347
0.8743512
0.77390563
0.73671734
price
2.9573972
2.9286823
3.0086064
2.718335
2.8639371
2.9065003
3.1683016
2.7767353
3.1294954
2.9065635
3.1410708
3.1900554
3.0280664
3.1502075
2.8160925
3.0448093
train_time
0.3103967000000125
0.288877599999978
0.2929126000000224
0.2823515000000043
0.2959857999999258
0.2839082000000417
0.3328842999999324
0.2898493000000144
0.28665780000005725
0.3289036000001033
0.2765508999998474
0.30741599999987557
0.4164744000001974
0.2856477000000268
0.27483989999996083
0.27438230000007025


================================================================================
=== adjoint network
train_risk
4.889432
4.721986
5.0980215
4.8158007
4.8061366
5.138671
5.107561
4.7295556
4.9822454
4.903485
5.113567
5.3546267
5.0947504
5.0462723
4.801258
4.9418473
test_risk
4.8799176
4.8057117
5.151436
4.768554
4.8758607
5.2119713
5.173245
4.6930833
5.039664
4.954778
5.077348
5.5010962
5.107562
5.1558824
4.742228
4.93885
test_mean_value
-0.014189373
0.003257232
0.0012209093
0.0016286025
0.011056649
-0.0016332208
-0.009390311
0.0014338315
-0.0052270964
-0.0024735173
-0.010955162
-4.0583855e-05
-0.0064752847
-0.001484619
0.002133451
-0.002748248
test_mean_abs_value
1.2129914
1.2156633
1.5229145
1.2954293
1.2914563
1.5672561
1.3858826
1.1637031
1.3781368
1.2868037
1.2754389
1.7007525
1.3553107
1.490158
1.1746234
1.2193209
test_variance_value
2.2699354
2.287036
3.4592087
2.6123145
2.5890706
3.792142
2.9634573
2.1027954
2.9214253
2.5536156
2.5267258
4.2808585
2.8413863
3.4071069
2.1419644
2.3535311
test_mean_costs
0.0
0.0
0.0
0.0
0.0
0.0
0.0
0.0
0.0
0.0
0.0
0.0
0.0
0.0
0.0
0.0
test_mean_abs_costs
0.0
0.0
0.0
0.0
0.0
0.0
0.0
0.0
0.0
0.0
0.0
0.0
0.0
0.0
0.0
0.0
test_variance_costs
0.0
0.0
0.0
0.0
0.0
0.0
0.0
0.0
0.0
0.0
0.0
0.0
0.0
0.0
0.0
0.0
test_mean_wealth
-2.966804
-2.9212368
-3.0033743
-2.71601
-2.8584583
-2.9035842
-3.1672645
-2.7804544
-3.1280406
-2.9066122
-3.144813
-3.186375
-3.0289252
-3.1512413
-2.809308
-3.0441272
test_mean_abs_wealth
2.9695551
2.9246542
3.01348
2.7252998
2.864888
2.91944
3.1722808
2.784735
3.1315968
2.9112356
3.1470945
3.1966138
3.0333858
3.1584346
2.8137984
3.0467265
test_variance_wealth
0.8291101
0.83977795
1.095557
0.9668937
0.9105155
1.1275883
0.90783775
0.8451428
0.8644654
0.8856011
0.8089412
1.1790689
0.8781424
0.97824615
0.85119635
0.81786644
test_wealth_with_price_abs_mean
0.7128868
0.717557
0.8128347
0.76428765
0.740287
0.8029655
0.7355105
0.718751
0.72528446
0.7294768
0.6976841
0.83804154
0.71986514
0.7622133
0.72101843
0.7054896
test_wealth_with_price_variance
0.8291101
0.83977795
1.095557
0.9668937
0.9105155
1.1275883
0.90783775
0.8451428
0.8644654
0.8856011
0.8089412
1.1790689
0.8781424
0.97824615
0.85119635
0.81786644
price
2.9573972
2.9286823
3.0086064
2.718335
2.8639371
2.9065003
3.1683016
2.7767353
3.1294954
2.9065635
3.1410708
3.1900554
3.0280664
3.1502075
2.8160925
3.0448093
train_time
0.31574150000000145
0.29561390000003485
0.2854899999999816
0.28274850000002516
0.28986779999991086
0.292659800000024
0.30849000000000615
0.29604029999995873
0.30003800000008596
0.3334271000001081
0.2820807999999033
0.2889496999998755
0.4587702999999692
0.3239614999999958
0.27687970000010864
0.27970200000027035


