================================================================================
=== payoff network
train_time
42.400288800000006
39.25574230000001
38.36627680000004
40.23295030000003
42.542688
39.00581229999989
41.24759269999993
41.134667700000136
42.723812899999984
44.2887702999999
42.199722300000076
44.128014899999926
43.446144600000025
45.03232109999999
43.977127499999824
44.462459899999885


================================================================================
=== twin network
train_time
47.2764346
47.35678250000001
49.47713249999998
45.7210245
48.91229520000002
50.48751930000003
50.59587619999991
49.52390880000007
61.22083449999991
51.72649020000017
50.20191049999994
52.564242999999806
57.304729499999894
59.316025699999955
57.874877899999774
53.97330490000013


================================================================================
=== adjoint network
train_time
37.3569847
34.65119579999998
35.61308679999996
34.22728410000002
35.90912639999999
38.35492160000001
41.24628250000001
37.99229309999987
39.94828970000003
37.72925129999999
44.798953600000004
40.428689100000156
36.81622370000014
38.85510470000008
37.62736240000004
34.492263900000125


================================================================================
=== continuous-time
train_risk
4.2970552
4.0490828
4.0746512
4.091521
4.056823
4.059883
4.4124494
3.9864323
4.374439
4.2365623
4.274868
4.0360837
4.2263546
4.2028656
4.034988
4.174331
test_risk
4.319299
3.9858217
4.126731
4.129729
4.073852
4.1420765
4.4636574
4.03591
4.372915
4.1605134
4.258865
4.0958223
4.29944
4.19074
4.0655656
4.113731
test_mean_value
-0.0023731976
-0.0047385334
-0.0046651596
-0.003622488
-0.002744332
-0.0051871804
-0.008016388
-0.0040285112
-0.0072900183
-0.0031070288
-0.0120250685
-0.004680455
-0.002641015
-0.005174423
0.0019150359
-0.0048456145
test_mean_abs_value
0.90597105
0.839505
0.85318637
0.8625498
0.85882103
0.8797295
0.93057644
0.84419686
0.9144422
0.8955592
0.8971708
0.84284294
0.9334888
0.89780015
0.8385184
0.82894045
test_variance_value
1.2767497
1.096954
1.1381803
1.1584461
1.1529119
1.2090636
1.3496714
1.1082256
1.301429
1.2475876
1.2504607
1.1091923
1.354316
1.2491105
1.103842
1.07553
test_mean_costs
0.0
0.0
0.0
0.0
0.0
0.0
0.0
0.0
0.0
0.0
0.0
0.0
0.0
0.0
0.0
0.0
test_mean_abs_costs
0.0
0.0
0.0
0.0
0.0
0.0
0.0
0.0
0.0
0.0
0.0
0.0
0.0
0.0
0.0
0.0
test_variance_costs
0.0
0.0
0.0
0.0
0.0
0.0
0.0
0.0
0.0
0.0
0.0
0.0
0.0
0.0
0.0
0.0
test_mean_wealth
-3.2116246
-2.8333263
-3.0151715
-3.0182533
-2.9417543
-3.0103061
-3.3575337
-2.9012804
-3.2782376
-3.0156379
-3.1483178
-2.9746137
-3.1561787
-3.0659928
-2.9407914
-3.0125024
test_mean_abs_wealth
3.2116334
2.8333848
3.0151784
3.018279
2.9417858
3.0103567
3.3575413
2.9013202
3.2782397
3.015654
3.1483302
2.9746406
3.1562052
3.0660253
2.9408014
3.012508
test_variance_wealth
0.2830412
0.3054034
0.28662607
0.28853095
0.2957483
0.29568705
0.28089797
0.29707515
0.27875608
0.2990798
0.28490382
0.28921923
0.30123064
0.29276377
0.29147166
0.2812585
test_wealth_with_price_abs_mean
0.4165163
0.43251315
0.4197092
0.42161238
0.42626
0.4252493
0.41490203
0.42701846
0.41327503
0.4267818
0.41743854
0.42184022
0.42794538
0.4232859
0.4232522
0.41640642
test_wealth_with_price_variance
0.2830412
0.3054034
0.28662607
0.28853095
0.2957483
0.29568705
0.28089797
0.29707515
0.27875608
0.2990798
0.28490382
0.28921923
0.30123064
0.29276377
0.29147166
0.2812585
price
3.2127423
2.8351107
3.016129
3.0195858
2.9427466
3.0119271
3.3563075
2.9026108
3.28054
3.0170655
3.1480432
2.9742813
3.1585565
3.066765
2.9408984
3.0136776
train_time
0.39404530000001614
0.3743657999999641
0.3080193000000122
0.5713662000000568
0.3044810999999754
0.3933552000000873
0.29659019999985503
0.29611980000004223
0.4677626999998665
0.3717490000001362
0.35351489999993646
0.3675395000000208
0.32989980000002106
0.36987870000029943
0.37108330000000933
0.3343823000000157


================================================================================
=== payoff network
train_risk
5.037331
4.6660295
4.669151
4.7270555
4.6984744
4.729501
5.044284
4.52674
4.8735833
4.7470946
4.81219
4.690307
4.740126
4.741306
4.6281595
4.7716956
test_risk
4.9509935
4.632576
4.7554727
4.7829475
4.7133512
4.7348156
5.054009
4.6286993
4.9099274
4.7406917
4.8047886
4.7095013
4.851197
4.69849
4.628038
4.6622415
test_mean_value
-0.009646743
-0.007310829
-0.008634823
-0.011336825
-0.0017877194
-0.007438134
-0.0062122867
0.00043507805
-0.0024534252
-0.014692344
-0.009320695
-0.011815884
-0.014579416
-0.0037561234
-0.009238807
-0.008446456
test_mean_abs_value
0.79959077
0.68402666
0.7317967
0.7858477
0.7033166
0.77029425
0.8361616
0.77591944
0.79973376
0.8271862
0.8170428
0.7084259
0.84298974
0.8441047
0.73538214
0.70897937
test_variance_value
0.9765314
0.728977
0.831636
0.9532403
0.7669431
0.91505504
1.0670167
0.95282894
0.9854173
1.0642343
1.0196255
0.77024966
1.098852
1.1098725
0.833331
0.77715176
test_mean_costs
0.0
0.0
0.0
0.0
0.0
0.0
0.0
0.0
0.0
0.0
0.0
0.0
0.0
0.0
0.0
0.0
test_mean_abs_costs
0.0
0.0
0.0
0.0
0.0
0.0
0.0
0.0
0.0
0.0
0.0
0.0
0.0
0.0
0.0
0.0
test_variance_costs
0.0
0.0
0.0
0.0
0.0
0.0
0.0
0.0
0.0
0.0
0.0
0.0
0.0
0.0
0.0
0.0
test_mean_wealth
-3.218898
-2.8358986
-3.0191412
-3.0259678
-2.9407976
-3.012557
-3.3557296
-2.896817
-3.2734008
-3.0272233
-3.1456134
-2.981749
-3.168117
-3.0645745
-2.9519453
-3.0161033
test_mean_abs_wealth
3.2189052
2.835941
3.0191534
3.0259955
2.940824
3.012586
3.3557365
2.8968995
3.2734034
3.027259
3.1456194
2.9817598
3.1681411
3.0645912
2.9519653
3.0161226
test_variance_wealth
0.67916846
0.7179585
0.68916374
0.6963696
0.7011551
0.66910774
0.6735072
0.67546874
0.61977565
0.6494769
0.6295138
0.6628105
0.6358255
0.60249275
0.6353505
0.6143906
test_wealth_with_price_abs_mean
0.6579964
0.678897
0.66478074
0.6666695
0.66973835
0.65370643
0.6566885
0.65647936
0.6293628
0.64279664
0.63401777
0.65092635
0.63648057
0.6193837
0.63735676
0.62715405
test_wealth_with_price_variance
0.67916846
0.7179585
0.68916374
0.6963696
0.7011551
0.66910774
0.6735072
0.67546874
0.61977565
0.6494769
0.6295138
0.6628105
0.6358255
0.60249275
0.6353505
0.6143906
price
3.2127423
2.8351107
3.016129
3.0195858
2.9427466
3.0119271
3.3563075
2.9026108
3.28054
3.0170655
3.1480432
2.9742813
3.1585565
3.066765
2.9408984
3.0136776
train_time
0.3244397999999933
0.2910967000000255
0.28638140000003887
0.5965239999999312
0.29939089999993485
0.39122359999998935
0.28680260000010094
0.3286702999998852
0.45143780000012157
0.31755520000001525
0.32352530000002844
0.328194799999892
0.3070082999997794
0.33639499999981126
0.3705623000000742
0.33914610000010725


================================================================================
=== twin network
train_risk
4.467322
4.2388544
4.35455
4.387513
4.2847133
4.29469
4.5960097
4.143034
4.5639486
4.4106874
4.4350066
4.22459
4.40526
4.33653
4.3376513
4.418879
test_risk
4.4895015
4.1870246
4.35663
4.3971853
4.3097205
4.3254447
4.672328
4.209451
4.5370817
4.3305087
4.3990107
4.2349806
4.443777
4.3328376
4.341459
4.3074274
test_mean_value
-0.0029616682
-0.006428671
-0.004947369
-0.0049702385
-0.0005553509
-0.004689694
-0.0056255474
0.001120284
-0.0063885115
-0.003314171
-0.005850655
-0.003591652
-0.008229974
-0.0049956315
-0.0033427507
-0.005166218
test_mean_abs_value
0.90483105
0.8115442
0.82557505
0.84121764
0.7979335
0.8389431
0.9111174
0.82861364
0.91012084
0.8697156
0.8909563
0.83361274
0.92680883
0.9021874
0.7796343
0.7794934
test_variance_value
1.2679547
1.023531
1.0681857
1.0973248
0.99162674
1.0966423
1.2797029
1.0700172
1.2856346
1.1796274
1.2237003
1.0798119
1.3310304
1.2662151
0.9401993
0.94412786
test_mean_costs
0.0
0.0
0.0
0.0
0.0
0.0
0.0
0.0
0.0
0.0
0.0
0.0
0.0
0.0
0.0
0.0
test_mean_abs_costs
0.0
0.0
0.0
0.0
0.0
0.0
0.0
0.0
0.0
0.0
0.0
0.0
0.0
0.0
0.0
0.0
test_variance_costs
0.0
0.0
0.0
0.0
0.0
0.0
0.0
0.0
0.0
0.0
0.0
0.0
0.0
0.0
0.0
0.0
test_mean_wealth
-3.212213
-2.8350165
-3.0154538
-3.019601
-2.9395652
-3.0098085
-3.3551428
-2.8961318
-3.277336
-3.015845
-3.1421435
-2.9735248
-3.1617677
-3.065814
-2.9460492
-3.012823
test_mean_abs_wealth
3.212221
2.8350713
3.0154622
3.0196366
2.939584
3.0098548
3.3551486
2.8961704
3.277341
3.015869
3.1421561
2.9735575
3.16179
3.065844
2.9460628
3.0128284
test_variance_wealth
0.38623652
0.41858178
0.4219597
0.44281298
0.43028936
0.3958933
0.40661407
0.4029804
0.37972718
0.39976272
0.37190872
0.37135568
0.38652402
0.38336003
0.44175166
0.3840263
test_wealth_with_price_abs_mean
0.49256015
0.51419014
0.5170747
0.52983105
0.52259654
0.49975368
0.50692177
0.5038725
0.48877776
0.50139666
0.48341754
0.48272517
0.49117458
0.49017107
0.529733
0.49322927
test_wealth_with_price_variance
0.38623652
0.41858178
0.4219597
0.44281298
0.43028936
0.3958933
0.40661407
0.4029804
0.37972718
0.39976272
0.37190872
0.37135568
0.38652402
0.38336003
0.44175166
0.3840263
price
3.2127423
2.8351107
3.016129
3.0195858
2.9427466
3.0119271
3.3563075
2.9026108
3.28054
3.0170655
3.1480432
2.9742813
3.1585565
3.066765
2.9408984
3.0136776
train_time
0.30563309999999433
0.30095910000000003
0.280163400000049
0.35798349999993206
0.30828710000002957
0.3278259999999591
0.2962217000001601
0.30855700000006436
0.37411070000007385
0.31400689999986753
0.30928130000006604
0.3460059999999885
0.2893608000003951
0.31238359999997556
0.329177399999935
0.3420787999998538


================================================================================
=== adjoint network
train_risk
4.665664
4.3980074
4.479332
4.458588
4.4434896
4.457002
4.741533
4.2945695
4.8044286
4.587742
4.703846
4.4691997
4.583256
4.5322447
4.3603907
4.662612
test_risk
4.727027
4.365473
4.491378
4.4545727
4.471128
4.5648446
4.851634
4.3706284
4.766689
4.530904
4.6717377
4.4623337
4.6635027
4.567137
4.397275
4.5137677
test_mean_value
-0.0022280368
-0.012024159
-0.008528856
-0.009661334
0.0024264713
-0.007440893
-0.0073717474
-0.0015548557
-0.008563782
-0.0036808203
-0.005843311
-0.0026532083
-0.008141743
-0.011525102
0.0007539965
-0.0013410075
test_mean_abs_value
0.7251087
0.68512636
0.71286315
0.7393789
0.70156264
0.71295506
0.76395804
0.70703334
0.7413584
0.7226332
0.72217906
0.69307077
0.7681888
0.74817044
0.71682143
0.6824116
test_variance_value
0.8211064
0.7353828
0.79907006
0.8580487
0.7743735
0.7994626
0.91329575
0.78224087
0.86177766
0.8187236
0.81606543
0.7544685
0.9235772
0.8726639
0.8069995
0.72985214
test_mean_costs
0.0
0.0
0.0
0.0
0.0
0.0
0.0
0.0
0.0
0.0
0.0
0.0
0.0
0.0
0.0
0.0
test_mean_abs_costs
0.0
0.0
0.0
0.0
0.0
0.0
0.0
0.0
0.0
0.0
0.0
0.0
0.0
0.0
0.0
0.0
test_variance_costs
0.0
0.0
0.0
0.0
0.0
0.0
0.0
0.0
0.0
0.0
0.0
0.0
0.0
0.0
0.0
0.0
test_mean_wealth
-3.2114794
-2.840612
-3.0190353
-3.0242922
-2.9365835
-3.01256
-3.356889
-2.8988068
-3.2795112
-3.0162117
-3.142136
-2.9725864
-3.1616795
-3.0723436
-2.9419525
-3.0089977
test_mean_abs_wealth
3.211482
2.840629
3.0190456
3.024316
2.9366071
3.0125854
3.3568993
2.8988273
3.2795174
3.0162156
3.142137
2.9726017
3.1616926
3.0723522
2.9419603
3.009003
test_variance_wealth
0.48741132
0.49797964
0.47133276
0.45534357
0.50675344
0.5121959
0.47145528
0.47200266
0.48677474
0.4836543
0.49568462
0.47593477
0.4815263
0.48678085
0.45592684
0.48671585
test_wealth_with_price_abs_mean
0.5555791
0.5615942
0.545724
0.53655577
0.5661448
0.5683902
0.54534405
0.5456431
0.55518717
0.5520171
0.5602142
0.5482888
0.55084056
0.554168
0.5353857
0.5553922
test_wealth_with_price_variance
0.48741132
0.49797964
0.47133276
0.45534357
0.50675344
0.5121959
0.47145528
0.47200266
0.48677474
0.4836543
0.49568462
0.47593477
0.4815263
0.48678085
0.45592684
0.48671585
price
3.2127423
2.8351107
3.016129
3.0195858
2.9427466
3.0119271
3.3563075
2.9026108
3.28054
3.0170655
3.1480432
2.9742813
3.1585565
3.066765
2.9408984
3.0136776
train_time
0.3162732000000119
0.29417559999996
0.304075599999976
0.29647130000000743
0.3297451999999339
0.2896032000001014
0.29606399999988753
0.3395178000000669
0.31285909999996875
0.3285717000001114
0.37733669999988706
0.3135560999999143
0.292533999999705
0.33595510000031936
0.3325027000000773
0.31891300000006595


