================================================================================
=== payoff network
train_time
36.1177899
41.34796460000001
35.919016699999986
46.38636130000003
38.20194289999995
43.429876300000046
39.21752779999997
42.265529300000026
42.33655899999985
46.91068610000002
46.092006900000115
38.295404799999915
23.193177399999968
43.58999300000005
43.32659340000009
41.132225599999856


================================================================================
=== twin network
train_time
44.242117300000004
46.3119361
56.52349170000002
45.13911589999998
47.2708447
49.89772000000005
46.581380699999954
52.57619399999999
52.53272370000013
51.286614899999904
48.593952800000125
46.58626830000003
48.05091390000007
58.9045123999997
56.635520799999995
47.37273090000008


================================================================================
=== adjoint network
train_time
31.477142600000008
33.22225829999999
42.211886100000015
33.20610570000008
33.788739899999996
34.01491429999999
34.477626999999984
36.62488189999999
36.390333000000055
37.03467869999986
39.19962820000001
38.596976299999824
34.86911870000017
36.36030259999961
34.42482160000009
38.5197589000004


================================================================================
=== continuous-time
train_risk
4.3355904
4.075629
4.1879363
4.1751695
4.1892557
4.18317
4.504421
4.1675835
4.3597126
4.2049627
4.1868167
4.136095
4.4407105
4.234542
4.1323276
4.1031933
test_risk
4.348077
4.0605516
4.183279
4.2169437
4.1616364
4.1621513
4.4734173
4.0889935
4.440304
4.227423
4.2402964
4.19237
4.3962226
4.271188
4.2146664
4.155829
test_mean_value
-0.0015335298
-0.0004494208
-0.0020256445
-0.002311412
-0.004546384
-0.0038210487
-0.004466604
-0.006098178
-0.0070432415
-0.005977356
-0.010296794
-0.0033513973
-0.005960822
-0.0024839712
-0.0072701727
-0.007418209
test_mean_abs_value
0.95079863
0.88213944
0.9097377
0.95406526
0.950151
0.8792777
0.95806164
0.89954793
1.0025033
0.9417242
0.8819176
0.9166032
0.9735798
0.9209303
0.9684595
0.90655845
test_variance_value
1.404105
1.2198249
1.2897203
1.4075775
1.4048415
1.2062726
1.420696
1.2558188
1.5535612
1.3882498
1.2126466
1.3099076
1.4711555
1.3201097
1.4453918
1.2781194
test_mean_costs
0.0
0.0
0.0
0.0
0.0
0.0
0.0
0.0
0.0
0.0
0.0
0.0
0.0
0.0
0.0
0.0
test_mean_abs_costs
0.0
0.0
0.0
0.0
0.0
0.0
0.0
0.0
0.0
0.0
0.0
0.0
0.0
0.0
0.0
0.0
test_variance_costs
0.0
0.0
0.0
0.0
0.0
0.0
0.0
0.0
0.0
0.0
0.0
0.0
0.0
0.0
0.0
0.0
test_mean_wealth
-3.1620452
-2.850147
-2.9922361
-2.9878676
-2.9166806
-2.9955165
-3.3230367
-2.876144
-3.2513874
-3.0233014
-3.0927022
-3.0063455
-3.2177362
-3.1028774
-2.9764848
-2.9607797
test_mean_abs_wealth
3.1620715
2.850221
2.9922922
2.9880311
2.9168432
2.9955423
3.3230534
2.8762221
3.2514124
3.0233803
3.0927176
3.0063884
3.2177658
3.1029084
2.976588
2.9608438
test_variance_wealth
0.32423118
0.33542925
0.3273858
0.34460354
0.35142434
0.31702557
0.30602515
0.33633092
0.3259864
0.3317895
0.30524734
0.3270719
0.31717846
0.31607327
0.3466427
0.33009565
test_wealth_with_price_abs_mean
0.445084
0.45313495
0.4480418
0.45749655
0.46092847
0.44138497
0.43245295
0.45324826
0.4451362
0.449227
0.4331565
0.44735634
0.43890017
0.44041845
0.45795044
0.44902796
test_wealth_with_price_variance
0.32423118
0.33542925
0.3273858
0.34460354
0.35142434
0.31702557
0.30602515
0.33633092
0.3259864
0.3317895
0.30524734
0.3270719
0.31717846
0.31607327
0.3466427
0.33009565
price
3.1639602
2.851808
2.9909806
2.989981
2.917811
2.995528
3.3232539
2.877152
3.2520845
3.0247953
3.094374
3.0063295
3.2190402
3.1035786
2.978107
2.9619856
train_time
0.348291500000002
0.30516069999998763
0.39277079999999387
0.3210435000000871
0.3216281999999637
0.3086708999999246
0.3002065999999104
0.3040507000000616
0.35279239999999845
0.30561489999990954
0.29415050000011433
0.30743889999985186
0.2987732000001415
0.3629055999999764
0.3114840000002914
0.30967059999966295


================================================================================
=== payoff network
train_risk
4.9042106
4.5778637
4.8521657
4.67834
4.713185
4.6353993
5.1804757
4.661076
5.009283
4.8294067
4.6320324
4.6168947
4.8754787
4.8211846
4.664266
4.635954
test_risk
4.8602057
4.612376
4.7896876
4.7528067
4.7286773
4.688167
5.0417557
4.6294403
4.9880333
4.753359
4.7753286
4.7488184
4.8339944
4.7910213
4.720818
4.683577
test_mean_value
-0.008877246
-0.007050624
-0.001994532
-0.0028891047
-0.0005461078
-0.010265901
0.005505822
-0.00778297
0.000173173
0.00165348
-0.01571775
-0.005567636
-0.007364565
-0.0048991954
-0.021832407
-0.015949408
test_mean_abs_value
0.8718216
0.8281249
0.77893686
0.9300006
0.9273863
0.81478345
1.0031241
0.7889126
0.9131133
0.9456371
0.81002134
0.8233561
0.901972
0.8622064
0.8431463
0.77417
test_variance_value
1.1657197
1.0743823
0.94037104
1.3313421
1.3397717
1.0370071
1.5382634
0.97678757
1.2584484
1.4035722
1.0217711
1.046197
1.2462931
1.1691661
1.0940636
0.9221416
test_mean_costs
0.0
0.0
0.0
0.0
0.0
0.0
0.0
0.0
0.0
0.0
0.0
0.0
0.0
0.0
0.0
0.0
test_mean_abs_costs
0.0
0.0
0.0
0.0
0.0
0.0
0.0
0.0
0.0
0.0
0.0
0.0
0.0
0.0
0.0
0.0
test_variance_costs
0.0
0.0
0.0
0.0
0.0
0.0
0.0
0.0
0.0
0.0
0.0
0.0
0.0
0.0
0.0
0.0
test_mean_wealth
-3.169389
-2.8567483
-2.9922051
-2.9884453
-2.9126804
-3.0019612
-3.3130643
-2.8778288
-3.244171
-3.0156705
-3.098123
-3.0085616
-3.21914
-3.1052926
-2.991047
-2.969311
test_mean_abs_wealth
3.1694121
2.8568492
2.9922397
2.9886475
2.913077
3.0019994
3.3131168
2.8778896
3.2442174
3.0159101
3.0981338
3.0086143
3.2191694
3.1053212
2.9911113
2.969364
test_variance_wealth
0.65124035
0.695023
0.72782934
0.7028057
0.76688933
0.64803284
0.70156336
0.68544227
0.7054401
0.7117528
0.64066184
0.68944925
0.60452235
0.6553955
0.66232985
0.6626094
test_wealth_with_price_abs_mean
0.64515245
0.6658571
0.6830773
0.66739607
0.69808877
0.64303595
0.6665453
0.6614877
0.6706826
0.6721017
0.6401128
0.66428196
0.6197601
0.64627934
0.64959073
0.6508215
test_wealth_with_price_variance
0.65124035
0.695023
0.72782934
0.7028057
0.76688933
0.64803284
0.70156336
0.68544227
0.7054401
0.7117528
0.64066184
0.68944925
0.60452235
0.6553955
0.66232985
0.6626094
price
3.1639602
2.851808
2.9909806
2.989981
2.917811
2.995528
3.3232539
2.877152
3.2520845
3.0247953
3.094374
3.0063295
3.2190402
3.1035786
2.978107
2.9619856
train_time
0.2797386000000017
0.2774372000000085
0.5914473999999927
0.3160705999999891
0.2769461999999976
0.3433109999999715
0.28570680000007087
0.3118577999998706
0.3058553999999276
0.29213919999983773
0.3020527999999558
0.2980579999998554
0.2800923999998304
0.37043190000031245
0.31737359999988257
0.2978250000001026


================================================================================
=== twin network
train_risk
4.4576073
4.205212
4.4551806
4.3805523
4.3796215
4.3254247
4.6371236
4.249811
4.517875
4.372887
4.2905054
4.2560773
4.539427
4.346676
4.3201985
4.2734585
test_risk
4.47018
4.2214603
4.391084
4.402361
4.323115
4.308205
4.602208
4.2352195
4.553098
4.34597
4.366768
4.307937
4.5070868
4.406849
4.3996563
4.307528
test_mean_value
-0.002248427
-0.0012727599
-0.0010569635
-0.0025440885
-0.0014764731
-0.007431808
-0.0007690175
-0.004704133
-0.0008073028
-0.0030563115
-0.008229149
-0.0057599596
-0.0071049337
-0.0019720898
-0.01731812
-0.010049468
test_mean_abs_value
0.9740579
0.87222034
0.8737495
0.9523695
0.95448273
0.86641574
0.9946623
0.86793745
1.0102624
0.9601585
0.87316245
0.8906625
0.9785616
0.9155521
0.9321922
0.87931186
test_variance_value
1.4762095
1.1860733
1.1854082
1.4002368
1.4146376
1.171766
1.5253998
1.1683432
1.5737532
1.4357328
1.1826637
1.2322823
1.4736385
1.3011388
1.3332042
1.1960099
test_mean_costs
0.0
0.0
0.0
0.0
0.0
0.0
0.0
0.0
0.0
0.0
0.0
0.0
0.0
0.0
0.0
0.0
test_mean_abs_costs
0.0
0.0
0.0
0.0
0.0
0.0
0.0
0.0
0.0
0.0
0.0
0.0
0.0
0.0
0.0
0.0
test_variance_costs
0.0
0.0
0.0
0.0
0.0
0.0
0.0
0.0
0.0
0.0
0.0
0.0
0.0
0.0
0.0
0.0
test_mean_wealth
-3.16276
-2.8509705
-2.9912674
-2.9881003
-2.9136107
-2.9991271
-3.319339
-2.87475
-3.2451515
-3.0203803
-3.0906346
-3.008754
-3.2188804
-3.1023655
-2.9865327
-2.9634109
test_mean_abs_wealth
3.162801
2.8510363
2.9913154
2.9882898
2.9137857
2.9991639
3.3193548
2.8748393
3.2451937
3.0205202
3.0906503
3.008812
3.218936
3.1024103
2.98663
2.9634972
test_variance_wealth
0.41540363
0.43607357
0.45015603
0.46604076
0.4702694
0.40478554
0.40299937
0.42832154
0.41060913
0.42754847
0.3825857
0.39613053
0.39249715
0.40744776
0.45270407
0.4199193
test_wealth_with_price_abs_mean
0.5090363
0.5238806
0.5332517
0.53974324
0.5426701
0.50390035
0.50165534
0.5186426
0.5054925
0.51643854
0.490129
0.4980618
0.49399966
0.5054458
0.53230673
0.51327235
test_wealth_with_price_variance
0.41540363
0.43607357
0.45015603
0.46604076
0.4702694
0.40478554
0.40299937
0.42832154
0.41060913
0.42754847
0.3825857
0.39613053
0.39249715
0.40744776
0.45270407
0.4199193
price
3.1639602
2.851808
2.9909806
2.989981
2.917811
2.995528
3.3232539
2.877152
3.2520845
3.0247953
3.094374
3.0063295
3.2190402
3.1035786
2.978107
2.9619856
train_time
0.2833189000000118
0.27743800000001784
0.4531906999999933
0.32485929999995733
0.28580239999996593
0.30027019999999993
0.298845700000129
0.3075460000000021
0.3212356000001364
0.45933369999988827
0.3538579999999456
0.3003166999999394
0.28567900000007285
0.27770849999978964
0.31527169999981197
0.2843931000002158


================================================================================
=== adjoint network
train_risk
4.8160067
4.449374
4.591626
4.587696
4.505966
4.4270167
4.871033
4.5527496
4.807745
4.551792
4.486018
4.460231
4.924327
4.55509
4.5125437
4.423103
test_risk
4.740744
4.394638
4.5171714
4.589169
4.5065274
4.4260993
4.869343
4.4193797
4.8416314
4.578948
4.5657525
4.5392423
4.7857594
4.5611744
4.58535
4.500355
test_mean_value
-0.0038274927
0.0007142301
-0.0072865924
-0.006831381
-0.004745047
-0.0059396457
-0.0104211895
-0.0056057894
-0.0068467683
-0.00319563
-0.0033793575
-0.0039375094
-0.0051248088
-0.0062288786
-0.013859637
-0.0071988045
test_mean_abs_value
0.798653
0.76124895
0.7786927
0.7983841
0.81184816
0.7759108
0.79466224
0.759099
0.82704955
0.7824916
0.74604225
0.77615434
0.81810135
0.7906015
0.8179515
0.7630385
test_variance_value
0.9954809
0.9092229
0.95164317
0.99240434
1.0369604
0.94467515
0.98395246
0.90319985
1.0708085
0.9613857
0.87113565
0.9467182
1.0399323
0.9787923
1.0451329
0.91217285
test_mean_costs
0.0
0.0
0.0
0.0
0.0
0.0
0.0
0.0
0.0
0.0
0.0
0.0
0.0
0.0
0.0
0.0
test_mean_abs_costs
0.0
0.0
0.0
0.0
0.0
0.0
0.0
0.0
0.0
0.0
0.0
0.0
0.0
0.0
0.0
0.0
test_variance_costs
0.0
0.0
0.0
0.0
0.0
0.0
0.0
0.0
0.0
0.0
0.0
0.0
0.0
0.0
0.0
0.0
test_mean_wealth
-3.164339
-2.8489835
-2.997497
-2.9923875
-2.9168792
-2.9976351
-3.3289914
-2.8756516
-3.251191
-3.0205197
-3.0857847
-3.0069315
-3.2169003
-3.1066222
-2.9830742
-2.9605603
test_mean_abs_wealth
3.1643567
2.8490603
2.9975297
2.9924736
2.9169722
2.9976494
3.3289979
2.875709
3.2512178
3.0205605
3.0858016
3.0069907
3.2169113
3.1066391
2.983148
2.9605882
test_variance_wealth
0.5366628
0.5157981
0.5045709
0.54849404
0.53988343
0.456741
0.5131717
0.51098984
0.54410577
0.51690555
0.48286256
0.5175802
0.51985013
0.46535343
0.5438851
0.5120713
test_wealth_with_price_abs_mean
0.581285
0.56959003
0.56467676
0.5878488
0.5821888
0.5356799
0.5690263
0.56722814
0.58731914
0.5694528
0.5521829
0.5715276
0.5707341
0.5416281
0.5846482
0.5679626
test_wealth_with_price_variance
0.5366628
0.5157981
0.5045709
0.54849404
0.53988343
0.456741
0.5131717
0.51098984
0.54410577
0.51690555
0.48286256
0.5175802
0.51985013
0.46535343
0.5438851
0.5120713
price
3.1639602
2.851808
2.9909806
2.989981
2.917811
2.995528
3.3232539
2.877152
3.2520845
3.0247953
3.094374
3.0063295
3.2190402
3.1035786
2.978107
2.9619856
train_time
0.2954033000000038
0.28745839999999134
0.3942633999999998
0.30999480000002677
0.2924601000000848
0.3314277999999149
0.30759790000001885
0.33679770000003373
0.32539279999991777
0.30296180000004824
0.33341489999997975
0.2876274000000194
0.27968510000005153
0.4191243999998733
0.31304150000005393
0.31692370000018855


