================================================================================
=== payoff network
train_time
35.980497
34.859587300000015
38.35741350000001
23.25384729999996
36.80937179999995
33.9950996
36.73548599999992
36.53796109999996
38.98687300000006
39.743639999999914
38.73303570000007
39.93741769999997
39.05984770000009
42.639993300000015
48.01587540000014
36.70670989999985


================================================================================
=== twin network
train_time
44.5784918
47.232187599999975
43.62132439999999
43.7451221
42.513734699999986
44.96832500000005
43.33314829999995
45.985967200000005
47.35248889999991
45.602995599999986
46.59478409999997
47.276240200000075
49.5481049
50.74924659999988
47.74258299999997
44.93111769999996


================================================================================
=== adjoint network
train_time
33.748104100000006
32.71251320000002
18.948539900000014
30.400579900000025
18.140303899999935
30.090525400000047
31.10962630000006
29.81594229999996
33.43845810000016
21.04989180000007
34.30234590000009
32.84072590000005
35.60920149999993
34.62047889999985
32.750913200000014
30.88798480000014


================================================================================
=== continuous-time
train_risk
6.50999
5.7000833
6.223439
5.3710704
5.4371667
6.285105
6.384903
6.469254
5.4025936
5.864336
5.7972693
6.4319773
6.3920937
6.4565682
6.3005753
6.5473742
test_risk
6.4410386
6.0192914
6.1340666
5.340965
5.725719
6.3420377
6.287755
6.2677665
5.3135505
5.7894263
5.8460245
6.371201
6.5611362
6.447286
6.361561
6.524828
test_mean_value
0.0008640284
-0.020807223
-0.00054074446
-0.0004765618
0.0038812403
0.004352046
-0.015682658
0.0045807385
0.0015205819
-0.0026516465
-0.012847982
-0.010484585
-0.0034022732
-0.015420414
0.0033088056
-0.0064410637
test_mean_abs_value
2.4153526
2.2525012
2.353816
1.6579304
2.0840867
2.429745
2.4434133
2.3647308
1.6537828
2.1239107
2.0208368
2.493496
2.52757
2.481977
2.4281054
2.5812428
test_variance_value
8.01603
6.9811654
7.562505
4.171037
6.1332498
8.023908
8.082241
7.70309
4.1489224
6.3505225
5.935756
8.414381
8.6510315
8.34549
8.0693655
8.945688
test_mean_costs
0.0
0.0
0.0
0.0
0.0
0.0
0.0
0.0
0.0
0.0
0.0
0.0
0.0
0.0
0.0
0.0
test_mean_abs_costs
0.0
0.0
0.0
0.0
0.0
0.0
0.0
0.0
0.0
0.0
0.0
0.0
0.0
0.0
0.0
0.0
test_variance_costs
0.0
0.0
0.0
0.0
0.0
0.0
0.0
0.0
0.0
0.0
0.0
0.0
0.0
0.0
0.0
0.0
test_mean_wealth
-2.7693002
-3.0460038
-3.1477015
-2.7971334
-2.8165348
-3.0296674
-3.328613
-2.740302
-2.7470036
-2.9933643
-3.3884037
-3.1497946
-3.1530616
-3.1374066
-2.8461227
-3.4245002
test_mean_abs_wealth
2.8685927
3.0889482
3.189449
2.822844
2.8633542
3.092678
3.364193
2.835297
2.776263
3.0279186
3.4017985
3.206064
3.2180462
3.19719
2.9336023
3.4655542
test_variance_wealth
2.6560173
1.8012683
1.8683058
1.4009608
1.7170221
2.2376654
1.8705285
2.5157218
1.4296004
1.6155354
1.3140886
2.192009
2.3712718
2.2416954
2.5139832
2.0627995
test_wealth_with_price_abs_mean
1.1868812
0.98742515
1.0122421
0.90050113
0.9649229
1.1005216
1.0181551
1.1574733
0.90785205
0.94346684
0.86533034
1.0951269
1.130286
1.0994427
1.1604923
1.0674523
test_wealth_with_price_variance
2.6560173
1.8012683
1.8683058
1.4009608
1.7170221
2.2376654
1.8705285
2.5157218
1.4296004
1.6155354
1.3140886
2.192009
2.3712718
2.2416954
2.5139832
2.0627995
price
2.7681346
3.0470562
3.1466262
2.7995296
2.8161662
3.0330162
3.3307168
2.7419357
2.743174
2.9973154
3.3904488
3.1560326
3.153871
3.1376088
2.8470795
3.4288197
train_time
0.32685449999999605
0.3656391000000099
0.3144560999999726
0.3399325000000317
0.30061699999998837
0.33062489999997524
0.2965745000000197
0.305661299999997
0.33882410000001073
0.3041923000000679
0.3157304999999724
0.3245366000001013
0.3619882000000416
0.35993170000006103
0.3132454999999936
0.30560080000009293


================================================================================
=== payoff network
train_risk
6.5934825
5.745829
6.3288455
5.3983073
5.359738
6.4490314
6.544819
6.478283
5.4534802
5.85073
5.865316
6.4559636
6.638307
6.536172
6.3290243
6.566405
test_risk
6.5267916
6.0078597
6.208678
5.366417
5.666054
6.4780836
6.4543133
6.3108697
5.3542686
5.8234634
5.917347
6.4574723
6.7294
6.5006614
6.3883386
6.57871
test_mean_value
3.6928086e-05
-0.008094413
-0.004399689
-0.00048823352
-0.0020801376
0.0070175077
-0.017458707
0.0023695962
0.0035819337
0.0033165156
-0.018445335
-0.012495184
-0.00013846967
-0.024983758
0.009002782
-0.010023457
test_mean_abs_value
2.3971722
2.3322425
2.3187287
1.7381688
2.1793654
2.372418
2.4250212
2.383592
1.6476147
2.1604028
2.0363517
2.4221747
2.489552
2.5170367
2.4987204
2.6091342
test_variance_value
7.841938
7.5174484
7.443296
4.606462
6.706488
7.677092
7.9859257
7.9256973
4.155922
6.539781
6.0355177
8.137383
8.386161
8.685495
8.597498
9.186365
test_mean_costs
0.0
0.0
0.0
0.0
0.0
0.0
0.0
0.0
0.0
0.0
0.0
0.0
0.0
0.0
0.0
0.0
test_mean_abs_costs
0.0
0.0
0.0
0.0
0.0
0.0
0.0
0.0
0.0
0.0
0.0
0.0
0.0
0.0
0.0
0.0
test_variance_costs
0.0
0.0
0.0
0.0
0.0
0.0
0.0
0.0
0.0
0.0
0.0
0.0
0.0
0.0
0.0
0.0
test_mean_wealth
-2.7701275
-3.0332909
-3.1515605
-2.7971451
-2.8224962
-3.027002
-3.330389
-2.7425132
-2.7449422
-2.9873962
-3.394001
-3.1518052
-3.1497977
-3.14697
-2.8404286
-3.4280825
test_mean_abs_wealth
2.8665218
3.0870826
3.1977098
2.8301022
2.8833392
3.0845342
3.3625562
2.8483856
2.7777371
3.0274546
3.4080672
3.2109196
3.209958
3.2169547
2.9436934
3.4746644
test_variance_wealth
2.736714
1.9154599
2.0127306
1.5120466
1.8429893
2.3289323
2.004614
2.6458082
1.5259591
1.7358948
1.4120215
2.2994316
2.5035748
2.3787177
2.6836767
2.16774
test_wealth_with_price_abs_mean
1.2151567
1.0157992
1.0599458
0.93481505
1.0014354
1.1361924
1.064816
1.1952134
0.9453436
0.9836589
0.90015674
1.1339751
1.1712602
1.1326494
1.2003258
1.0940067
test_wealth_with_price_variance
2.736714
1.9154599
2.0127306
1.5120466
1.8429893
2.3289323
2.004614
2.6458082
1.5259591
1.7358948
1.4120215
2.2994316
2.5035748
2.3787177
2.6836767
2.16774
price
2.7681346
3.0470562
3.1466262
2.7995296
2.8161662
3.0330162
3.3307168
2.7419357
2.743174
2.9973154
3.3904488
3.1560326
3.153871
3.1376088
2.8470795
3.4288197
train_time
0.28541150000000926
0.3790994000000012
0.27885009999999966
0.30194089999997686
0.28625269999997727
0.28074180000010074
0.278469399999949
0.2773931999998922
0.3087169999998878
0.28978410000013355
0.28638219999993453
0.2949140000000625
0.45960280000008424
0.44984900000008565
0.2940303000000313
0.3155243999999584


================================================================================
=== twin network
train_risk
6.527958
5.706786
6.264665
5.4091315
5.4056883
6.3083844
6.458957
6.562413
5.423666
5.939471
5.8410597
6.38295
6.411371
6.513149
6.3926644
6.5367346
test_risk
6.4635625
6.0254292
6.211422
5.364792
5.6783113
6.361094
6.3697195
6.341036
5.3231606
5.874467
5.919474
6.3447742
6.580689
6.4839606
6.4112587
6.5233645
test_mean_value
0.0044013304
-0.019095361
-0.002309569
-0.0013043174
0.004032041
0.003641872
-0.015153386
0.0037213727
0.005136061
-0.0027314548
-0.017495004
-0.014767306
0.0004412449
-0.02017507
0.00786468
-0.0070960186
test_mean_abs_value
2.445064
2.243603
2.3228152
1.6599493
2.1326916
2.433215
2.4055643
2.3298764
1.6483169
2.092246
2.0070908
2.5199654
2.527146
2.5061586
2.427594
2.6077769
test_variance_value
8.212019
6.949559
7.356333
4.1900415
6.4561334
8.066005
7.8408966
7.492852
4.1180964
6.1739087
5.845956
8.611513
8.682659
8.490861
8.061542
9.132616
test_mean_costs
0.0
0.0
0.0
0.0
0.0
0.0
0.0
0.0
0.0
0.0
0.0
0.0
0.0
0.0
0.0
0.0
test_mean_abs_costs
0.0
0.0
0.0
0.0
0.0
0.0
0.0
0.0
0.0
0.0
0.0
0.0
0.0
0.0
0.0
0.0
test_variance_costs
0.0
0.0
0.0
0.0
0.0
0.0
0.0
0.0
0.0
0.0
0.0
0.0
0.0
0.0
0.0
0.0
test_mean_wealth
-2.765763
-3.044292
-3.1494703
-2.7979612
-2.816384
-3.0303776
-3.3280838
-2.7411613
-2.7433882
-2.9934442
-3.3930507
-3.1540773
-3.149218
-3.1421614
-2.8415668
-3.4251552
test_mean_abs_wealth
2.8679411
3.090292
3.1884413
2.8240454
2.8700423
3.0931473
3.3602066
2.8302782
2.7759743
3.0259888
3.4052582
3.2159264
3.2159925
3.2014112
2.9276485
3.4690065
test_variance_wealth
2.702106
1.840716
1.9215122
1.4319348
1.770417
2.263199
1.8917475
2.5493
1.4782141
1.6630203
1.3553141
2.2232852
2.4114852
2.281221
2.565498
2.0983899
test_wealth_with_price_abs_mean
1.1983004
1.0019093
1.0333488
0.91253203
0.98014843
1.1093583
1.0309418
1.1727753
0.92563903
0.96409744
0.8822219
1.1005801
1.141971
1.1125631
1.1785432
1.0737159
test_wealth_with_price_variance
2.702106
1.840716
1.9215122
1.4319348
1.770417
2.263199
1.8917475
2.5493
1.4782141
1.6630203
1.3553141
2.2232852
2.4114852
2.281221
2.565498
2.0983899
price
2.7681346
3.0470562
3.1466262
2.7995296
2.8161662
3.0330162
3.3307168
2.7419357
2.743174
2.9973154
3.3904488
3.1560326
3.153871
3.1376088
2.8470795
3.4288197
train_time
0.3548151999999902
0.3035924999999793
0.3179507000000399
0.29785429999998314
0.3078627999999526
0.28178779999996095
0.2746739000000389
0.2766180999999506
0.31199480000009316
0.28010279999989507
0.2802252999999837
0.3016538000001674
0.33214589999988675
0.3608071999999538
0.2960809999999583
0.2951759000000038


================================================================================
=== adjoint network
train_risk
6.424461
5.7087917
6.1590967
5.388302
5.4594536
6.1324306
6.424957
6.504437
5.4520826
5.889631
5.855734
6.2808948
6.270382
6.35197
6.305979
6.384171
test_risk
6.385259
5.994655
6.1030464
5.3860636
5.7513046
6.258587
6.344549
6.2748694
5.3609405
5.8290095
5.8741636
6.2580056
6.447357
6.427477
6.377447
6.382835
test_mean_value
0.0087717725
-0.03308761
0.006418267
-0.0065904344
0.010687205
-0.0015902543
-0.009041746
0.005741547
0.014676198
-0.0164232
-0.020168273
-0.0058439164
0.015126409
-0.0146067655
0.0020698912
-0.0059089446
test_mean_abs_value
2.3503141
2.2094634
2.2995942
1.6107569
1.9736315
2.4947968
2.286591
2.2713945
1.6209368
2.0458229
2.0261574
2.51664
2.5206704
2.4358978
2.2937224
2.6617362
test_variance_value
7.767537
6.8398495
7.3109827
3.9797702
5.6448307
8.605911
7.184507
7.2232776
4.0159826
5.9883237
5.989403
8.70776
8.799446
8.172964
7.359243
9.685376
test_mean_costs
0.0
0.0
0.0
0.0
0.0
0.0
0.0
0.0
0.0
0.0
0.0
0.0
0.0
0.0
0.0
0.0
test_mean_abs_costs
0.0
0.0
0.0
0.0
0.0
0.0
0.0
0.0
0.0
0.0
0.0
0.0
0.0
0.0
0.0
0.0
test_variance_costs
0.0
0.0
0.0
0.0
0.0
0.0
0.0
0.0
0.0
0.0
0.0
0.0
0.0
0.0
0.0
0.0
test_mean_wealth
-2.7613926
-3.058284
-3.1407425
-2.8032475
-2.8097289
-3.0356097
-3.3219721
-2.7391412
-2.733848
-3.0071359
-3.395724
-3.145154
-3.134533
-3.136593
-2.8473616
-3.423968
test_mean_abs_wealth
2.8706565
3.1090832
3.187552
2.8327045
2.859414
3.1159258
3.354365
2.834299
2.7703998
3.0418532
3.412195
3.2203631
3.2195613
3.2007675
2.9345632
3.4887123
test_variance_wealth
2.8046038
1.9557257
2.0205543
1.5263938
1.8835496
2.4228714
2.0068994
2.6447268
1.607296
1.7395356
1.448458
2.3653202
2.6218898
2.3694553
2.6780531
2.3309567
test_wealth_with_price_abs_mean
1.2410406
1.047832
1.0721277
0.953789
1.0403514
1.1575539
1.0847965
1.2113578
0.9767164
1.0021058
0.9200613
1.1444337
1.2153451
1.1503936
1.230878
1.1373982
test_wealth_with_price_variance
2.8046038
1.9557257
2.0205543
1.5263938
1.8835496
2.4228714
2.0068994
2.6447268
1.607296
1.7395356
1.448458
2.3653202
2.6218898
2.3694553
2.6780531
2.3309567
price
2.7681346
3.0470562
3.1466262
2.7995296
2.8161662
3.0330162
3.3307168
2.7419357
2.743174
2.9973154
3.3904488
3.1560326
3.153871
3.1376088
2.8470795
3.4288197
train_time
0.2976769999999931
0.30544629999999984
0.2793186000000105
0.33003150000001824
0.37259480000000167
0.2807792999999492
0.28200010000000475
0.27733710000006795
0.304116699999895
0.2736832000000504
0.2791314999999486
0.3088284000000385
0.36872440000001916
0.30915170000002945
0.30367819999992207
0.3000483999999233


