================================================================================
=== payoff network
train_time
35.6241027
43.37047049999998
45.97592709999998
41.25563949999997
40.767097300000046
40.382105300000035
41.531588599999964
41.80613100000005
38.29308920000017
37.4309439000001
38.427787999999964
38.22268870000016
35.62018790000002
39.76212720000012
38.80790509999997
40.61837820000028


================================================================================
=== twin network
train_time
48.329597199999995
55.04484069999998
66.22119049999998
46.81332669999995
51.2864912
49.48741770000004
49.685676599999965
47.75238669999999
48.79366929999992
52.37702809999996
43.581271100000095
45.73699119999992
47.37663500000008
54.35068390000015
49.6710685999999
52.48513890000004


================================================================================
=== adjoint network
train_time
37.52525920000001
35.1907655
48.08984559999999
33.75094940000008
32.07117210000001
33.86290369999995
35.11107389999995
34.46693449999998
39.275520800000095
33.34998889999997
31.829852600000095
30.31467879999991
35.58047170000009
33.21492809999995
35.30208259999972
36.73418020000008


================================================================================
=== continuous-time
train_risk
5.0871654
4.9549603
5.0482464
5.422109
4.923593
5.4267883
5.219835
5.0107107
5.294252
5.2779946
5.476894
5.102669
5.253128
5.147511
4.7623434
5.096751
test_risk
5.011188
4.967113
5.098029
5.436464
4.842494
5.412125
5.2772827
4.9068294
5.3525953
5.224157
5.5236473
5.168566
5.3512826
5.18126
4.8272343
5.151849
test_mean_value
-0.0033864707
-0.003936124
-0.012539886
-0.002503366
-0.005239787
-0.014723587
-0.0067343744
-0.0032517891
0.0036350468
0.0028147849
-0.00687906
-0.011119054
-0.0055516493
-0.00041832868
-0.001292138
-0.005639372
test_mean_abs_value
1.5014819
1.4303476
1.4866018
1.9556873
1.3770468
1.8441399
1.5927225
1.4457957
1.627638
1.6698966
1.8003919
1.4354839
1.7203157
1.5535787
1.378728
1.5475338
test_variance_value
3.4226732
3.1323838
3.3596387
5.420142
2.9092565
4.9389486
3.8718805
3.1926095
4.0863733
4.1371517
4.7797318
3.1517725
4.445141
3.6482332
2.9176009
3.6142504
test_mean_costs
0.0
0.0
0.0
0.0
0.0
0.0
0.0
0.0
0.0
0.0
0.0
0.0
0.0
0.0
0.0
0.0
test_mean_abs_costs
0.0
0.0
0.0
0.0
0.0
0.0
0.0
0.0
0.0
0.0
0.0
0.0
0.0
0.0
0.0
0.0
test_variance_costs
0.0
0.0
0.0
0.0
0.0
0.0
0.0
0.0
0.0
0.0
0.0
0.0
0.0
0.0
0.0
0.0
test_mean_wealth
-2.921797
-2.905311
-3.1358593
-2.7556446
-2.7795484
-2.9528742
-3.1368802
-2.8132164
-2.9774256
-2.90041
-3.2897105
-3.30819
-3.050078
-3.0746002
-2.7555108
-3.1528058
test_mean_abs_wealth
2.9305854
2.9135633
3.139971
2.7922766
2.7878098
2.975642
3.1443198
2.8233378
2.9935758
2.9174547
3.299251
3.3101752
3.0638652
3.082204
2.765229
3.1580205
test_variance_wealth
0.966946
0.93962675
0.87007564
1.4531331
0.9491833
1.2581686
0.9616711
0.96970093
1.1401525
1.166801
1.0930903
0.80023503
1.088699
0.9633625
0.9598779
0.89806783
test_wealth_with_price_abs_mean
0.7531018
0.74226093
0.71847904
0.88786656
0.75124043
0.8331355
0.74225426
0.7540092
0.7969394
0.81740713
0.79160756
0.69276774
0.7801158
0.74763405
0.75380176
0.72664773
test_wealth_with_price_variance
0.966946
0.93962675
0.87007564
1.4531331
0.9491833
1.2581686
0.9616711
0.96970093
1.1401525
1.166801
1.0930903
0.80023503
1.088699
0.9633625
0.9598779
0.89806783
price
2.9213314
2.902945
3.1385202
2.7549806
2.779005
2.9592767
3.1403368
2.8148098
2.9773643
2.9008067
3.2946672
3.309418
3.0503886
3.0764992
2.754558
3.1534624
train_time
0.5715581999999984
0.3791922999999997
0.44647919999999885
0.3431519999999182
0.3425904000000628
0.3267157999999881
0.48578969999994115
0.32484249999993153
0.3123015999999552
0.3164945999999418
0.3003813000000264
0.3168334000001778
0.3430014000000483
0.3088708999998744
0.30697479999980715
0.3291431999996348


================================================================================
=== payoff network
train_risk
5.1407385
5.0468473
5.105924
5.4996705
5.015973
5.521475
5.2734632
5.04748
5.3376064
5.2832594
5.4918323
5.154044
5.28162
5.1992435
4.797857
5.1347804
test_risk
5.095909
5.050198
5.162376
5.5111313
4.942185
5.4535327
5.3322825
4.9591765
5.3765364
5.306233
5.534983
5.247549
5.3120084
5.242144
4.9148273
5.202115
test_mean_value
-0.0048305755
-0.012633744
-0.0139547
-0.002995063
-0.0047716373
-0.014883235
-0.0073009
-0.0006753104
0.002264178
0.0018658523
-0.00760737
-0.014647835
-0.002112282
-0.00023497001
0.0032450268
-0.0055717234
test_mean_abs_value
1.4787843
1.4795309
1.5277084
1.9708514
1.3657974
1.8148272
1.567679
1.4968252
1.6822723
1.6815052
1.7922488
1.447221
1.806488
1.577801
1.3726768
1.5542083
test_variance_value
3.3578386
3.3093157
3.558951
5.511428
2.9027576
4.866992
3.7798643
3.4702666
4.485592
4.244853
4.861345
3.220196
4.898557
3.7887833
2.9179873
3.6790218
test_mean_costs
0.0
0.0
0.0
0.0
0.0
0.0
0.0
0.0
0.0
0.0
0.0
0.0
0.0
0.0
0.0
0.0
test_mean_abs_costs
0.0
0.0
0.0
0.0
0.0
0.0
0.0
0.0
0.0
0.0
0.0
0.0
0.0
0.0
0.0
0.0
test_variance_costs
0.0
0.0
0.0
0.0
0.0
0.0
0.0
0.0
0.0
0.0
0.0
0.0
0.0
0.0
0.0
0.0
test_mean_wealth
-2.9232411
-2.9140086
-3.1372743
-2.7561362
-2.7790802
-2.9530337
-3.1374466
-2.8106399
-2.9787962
-2.9013588
-3.290439
-3.311719
-3.0466385
-3.0744169
-2.7509735
-3.152738
test_mean_abs_wealth
2.934159
2.926419
3.144064
2.801327
2.7909615
2.9842358
3.1455193
2.827087
3.0086715
2.9228616
3.3053935
3.3147097
3.0673225
3.0848937
2.7630875
3.1605754
test_variance_wealth
1.0805984
1.0770581
0.98627746
1.6019452
1.0805124
1.414834
1.0584793
1.115821
1.3275923
1.3103726
1.2424214
0.89988965
1.2141095
1.0885442
1.0715529
1.0002332
test_wealth_with_price_abs_mean
0.80482787
0.7971765
0.76577705
0.93715084
0.8076732
0.8983217
0.79067177
0.81137115
0.8603008
0.87316614
0.852174
0.73756313
0.82665026
0.80155957
0.8038755
0.7713021
test_wealth_with_price_variance
1.0805984
1.0770581
0.98627746
1.6019452
1.0805124
1.414834
1.0584793
1.115821
1.3275923
1.3103726
1.2424214
0.89988965
1.2141095
1.0885442
1.0715529
1.0002332
price
2.9213314
2.902945
3.1385202
2.7549806
2.779005
2.9592767
3.1403368
2.8148098
2.9773643
2.9008067
3.2946672
3.309418
3.0503886
3.0764992
2.754558
3.1534624
train_time
0.3626180999999917
0.3781306999999856
0.3473539000000301
0.4199839000000338
0.3059668999999303
0.33040840000001026
0.4658133000000362
0.27787370000010014
0.27857459999995626
0.2882915000000139
0.2897422999999435
0.2935301999998501
0.3032832999999755
0.29824889999986226
0.2852445999997144
0.466959400000178


================================================================================
=== twin network
train_risk
5.115891
4.982932
5.043581
5.4574103
4.935354
5.5019474
5.265855
5.0380754
5.3059473
5.34119
5.485209
5.1371512
5.1905603
5.1202674
4.7654853
5.1111093
test_risk
5.052454
4.983659
5.1312876
5.458738
4.874317
5.4776816
5.315628
4.9327483
5.3663006
5.268244
5.5073743
5.1897473
5.30115
5.168885
4.8618884
5.170006
test_mean_value
-0.000981997
-0.011012726
-0.009043884
-0.0014061101
-0.0056547904
-0.017766131
-0.0059565306
-0.0029600146
0.0026798428
-0.0003595212
-0.0077027325
-0.015793597
-0.003886835
0.0038860994
0.0021383953
-0.0067649567
test_mean_abs_value
1.4806317
1.4704163
1.4749571
1.9496912
1.3777796
1.8145314
1.5742197
1.4447751
1.6326991
1.6635003
1.8300413
1.4687595
1.7714882
1.5846425
1.3787967
1.5501555
test_variance_value
3.3552465
3.281364
3.3123717
5.378501
2.9304128
4.7941637
3.7908273
3.1862204
4.1051435
4.136112
4.945724
3.2982724
4.715131
3.7939844
2.9203799
3.62473
test_mean_costs
0.0
0.0
0.0
0.0
0.0
0.0
0.0
0.0
0.0
0.0
0.0
0.0
0.0
0.0
0.0
0.0
test_mean_abs_costs
0.0
0.0
0.0
0.0
0.0
0.0
0.0
0.0
0.0
0.0
0.0
0.0
0.0
0.0
0.0
0.0
test_variance_costs
0.0
0.0
0.0
0.0
0.0
0.0
0.0
0.0
0.0
0.0
0.0
0.0
0.0
0.0
0.0
0.0
test_mean_wealth
-2.9193926
-2.9123876
-3.1323633
-2.7545474
-2.7799633
-2.9559166
-3.1361022
-2.8129246
-2.9783807
-2.9035842
-3.2905343
-3.3128648
-3.048413
-3.0702958
-2.7520802
-3.1539314
test_mean_abs_wealth
2.9286656
2.9222014
3.1367352
2.7922993
2.7889047
2.978164
3.1436188
2.8233716
2.9957526
2.921559
3.3016014
3.315222
3.066079
3.0796702
2.7628975
3.1598673
test_variance_wealth
1.0073441
0.99205285
0.9024009
1.4991877
0.996785
1.2964458
0.99938345
1.0035518
1.1740212
1.2138183
1.1227474
0.82756525
1.1257592
1.0028112
1.0099715
0.93314964
test_wealth_with_price_abs_mean
0.7723905
0.7629409
0.7331909
0.90779734
0.77354413
0.8531775
0.76062423
0.7698384
0.81109464
0.8363678
0.8017005
0.7035188
0.7918631
0.76273286
0.77649903
0.74235034
test_wealth_with_price_variance
1.0073441
0.99205285
0.9024009
1.4991877
0.996785
1.2964458
0.99938345
1.0035518
1.1740212
1.2138183
1.1227474
0.82756525
1.1257592
1.0028112
1.0099715
0.93314964
price
2.9213314
2.902945
3.1385202
2.7549806
2.779005
2.9592767
3.1403368
2.8148098
2.9773643
2.9008067
3.2946672
3.309418
3.0503886
3.0764992
2.754558
3.1534624
train_time
0.43093200000001275
0.549512400000026
0.40452759999999444
0.3417670000000044
0.36335479999991094
0.39946150000002945
0.40841869999985647
0.28354719999992994
0.30677600000012717
0.2863891000001786
0.3019080000001395
0.2825692999999774
0.3096981000001051
0.2917606999999407
0.29420429999981934
0.3172636999997849


================================================================================
=== adjoint network
train_risk
5.169595
5.0891824
5.153513
5.464257
5.0168967
5.4749346
5.2701564
5.0225716
5.409668
5.3911858
5.41864
5.1872296
5.285475
5.212945
4.903601
5.153684
test_risk
5.0763497
5.0290427
5.153903
5.518857
4.930491
5.494217
5.3313084
4.996446
5.4429407
5.299554
5.537443
5.2190886
5.3829308
5.230865
4.91914
5.246694
test_mean_value
0.008942341
-0.0036694321
-0.0044109207
0.0035965673
-0.010121275
-0.017800387
0.0055697747
-0.0035964216
0.002778154
0.00042014985
-0.003368628
-0.016137986
-0.0015657132
0.0022704408
0.0014129166
0.002177785
test_mean_abs_value
1.4655327
1.4178048
1.4627137
1.844698
1.344861
1.7651366
1.5435873
1.40099
1.5571448
1.6116717
1.7816672
1.4533236
1.6848959
1.5247661
1.3503311
1.4846445
test_variance_value
3.3034923
3.0980227
3.2817528
4.914111
2.7937427
4.5926123
3.686299
3.019845
3.8007376
3.9227362
4.7537885
3.2473278
4.323187
3.5473373
2.8158329
3.3596385
test_mean_costs
0.0
0.0
0.0
0.0
0.0
0.0
0.0
0.0
0.0
0.0
0.0
0.0
0.0
0.0
0.0
0.0
test_mean_abs_costs
0.0
0.0
0.0
0.0
0.0
0.0
0.0
0.0
0.0
0.0
0.0
0.0
0.0
0.0
0.0
0.0
test_variance_costs
0.0
0.0
0.0
0.0
0.0
0.0
0.0
0.0
0.0
0.0
0.0
0.0
0.0
0.0
0.0
0.0
test_mean_wealth
-2.9094684
-2.9050443
-3.1277304
-2.7495446
-2.7844298
-2.955951
-3.124576
-2.813561
-2.9782825
-2.9028044
-3.2862
-3.313209
-3.046092
-3.0719116
-2.7528057
-3.1449885
test_mean_abs_wealth
2.9217584
2.9159255
3.133414
2.788718
2.794994
2.978404
3.1344717
2.8263981
2.9962575
2.9225423
3.2997005
3.3164024
3.0640132
3.082642
2.765284
3.1515622
test_variance_wealth
1.1079807
1.0555212
0.9825349
1.64219
1.0696756
1.3971024
1.0989243
1.1014922
1.2964443
1.3182938
1.2305204
0.91782707
1.220133
1.0951669
1.0974385
1.0290161
test_wealth_with_price_abs_mean
0.81450313
0.7923255
0.7701445
0.97133994
0.80516386
0.90118635
0.80503815
0.8142746
0.8677028
0.884681
0.84793544
0.74696785
0.8380128
0.8066862
0.8146132
0.7886277
test_wealth_with_price_variance
1.1079807
1.0555212
0.9825349
1.64219
1.0696756
1.3971024
1.0989243
1.1014922
1.2964443
1.3182938
1.2305204
0.91782707
1.220133
1.0951669
1.0974385
1.0290161
price
2.9213314
2.902945
3.1385202
2.7549806
2.779005
2.9592767
3.1403368
2.8148098
2.9773643
2.9008067
3.2946672
3.309418
3.0503886
3.0764992
2.754558
3.1534624
train_time
0.36947989999998754
0.35090589999998656
0.455080799999962
0.33428969999999936
0.3063012999999728
0.3717542000000549
0.3567352000000028
0.2922290999999859
0.2909660000000258
0.2937223000001268
0.2845665999998346
0.3170543999999609
0.3043930999999702
0.28992699999980687
0.38353979999965304
0.3313779000000068


