================================================================================
=== value network layers 2
train_time
3.606240400000001
3.628234500000005
3.6481206999999927
3.6610531999999694
3.673421200000007
3.650553200000047
3.6545339000000467
3.6332357


================================================================================
=== twin network layers 2
train_time
3.5850882000000013
3.66890699999999
3.6499819000000002
5.39617800000002
3.6754838999999606
3.682762700000012
3.9214534000000185
3.7031456000000844


================================================================================
=== delta network layers 2
train_time
3.487824
3.52269729999999
3.6635734000000184
3.4572805000000244
3.533636300000012
2.9287734000000114
3.5465169999999944
3.5585435000000416


================================================================================
=== value network layers 3
train_time
5.1861575
6.0437206
5.466721499999977
5.420625199999961
5.423987099999977
5.761218999999983
5.433767200000034
5.435916200000065


================================================================================
=== twin network layers 3
train_time
5.420845400000001
5.407914600000012
5.4071888
5.425583700000004
5.454742500000009
5.441879299999982
5.411592100000007
5.438305900000046


================================================================================
=== delta network layers 3
train_time
5.184762499999998
5.315546600000005
5.317695499999985
5.26918569999998
5.320795299999986
5.3343037999999865
5.2727125000000115
5.31994409999993


================================================================================
=== value network layers 4
train_time
7.252772999999998
7.175588799999986
7.263393700000023
7.195267000000001
7.197312399999987
7.162869900000032
7.167192499999942
11.298993999999993


================================================================================
=== twin network layers 4
train_time
7.3311846
7.176996400000007
8.546351299999998
7.1870677
7.19424140000001
7.304266299999995
7.275262199999929
7.174557599999957


================================================================================
=== delta network layers 4
train_time
7.174712400000004
7.893379699999997
8.835929600000014
7.062204000000008
7.098896700000012
7.13876950000008
7.088446900000008
8.034886799999981


================================================================================
=== value network layers 5
train_time
8.983994399999993
8.892700899999994
9.060711500000025
9.074255899999969
9.059449900000004
8.949871699999903
9.188006400000063
9.025232899999992


================================================================================
=== twin network layers 5
train_time
9.257588599999991
9.001042999999981
9.00184889999997
8.977277700000002
8.957563800000003
10.487777800000003
9.076697599999989
9.29583720000005


================================================================================
=== delta network layers 5
train_time
8.812568200000001
8.8613766
8.923388799999998
10.915720600000043
11.560613699999976
8.967762600000015
8.874379800000042
9.180559300000027


================================================================================
=== continuous-time
test_risk
3.2507606
3.2467074
3.249999
3.2580483
3.262879
3.2474923
3.253118
3.2502975
test_wealth_with_price_abs_mean
0.6532878
0.652867
0.6546255
0.655268
0.65522337
0.655648
0.65412456
0.65124947
test_wealth_with_price_variance
0.8802159
0.882435
0.88432246
0.8863273
0.89049834
0.88795626
0.88469833
0.8787204
price
0.97654533
0.97654533
0.97654533
0.97654533
0.97654533
0.97654533
0.97654533
0.97654533
train_time
0.3172481000000005
0.31187719999999786
0.2918176000000017
0.30842410000002474
0.30386459999999715
0.297152399999959
0.2891466999999466
0.2885889000000361


================================================================================
=== value network layers 2
test_risk
4.6228695
4.6105733
4.6359005
4.632994
4.6279044
4.618446
4.6382136
4.626874
test_wealth_with_price_abs_mean
1.2393974
1.2328758
1.2466156
1.2440747
1.2414752
1.2355115
1.250992
1.2407867
test_wealth_with_price_variance
2.223461
2.2036338
2.2463543
2.235513
2.2289279
2.2128787
2.2580614
2.224278
price
0.97654533
0.97654533
0.97654533
0.97654533
0.97654533
0.97654533
0.97654533
0.97654533
train_time
0.2744083000000046
0.2687693999999965
0.2776681999999937
0.27562969999996767
0.2713758000000439
0.2796397000000752
0.2764392000000271
0.27637509999999565


================================================================================
=== twin network layers 2
test_risk
4.6597114
4.6467223
4.6448803
4.6546087
4.652897
4.637927
4.6541314
4.633028
test_wealth_with_price_abs_mean
1.2574515
1.2534615
1.2512399
1.2578303
1.2555099
1.246793
1.2597558
1.2441291
test_wealth_with_price_variance
2.279081
2.2636635
2.2593825
2.2743647
2.270084
2.244582
2.2837737
2.2342968
price
0.97654533
0.97654533
0.97654533
0.97654533
0.97654533
0.97654533
0.97654533
0.97654533
train_time
0.2660398000000015
0.277493800000002
0.2755961999999954
0.2713721000000078
0.2642819000000145
0.27827609999997094
0.27259680000008757
0.2665154999999686


================================================================================
=== delta network layers 2
test_risk
4.654043
4.6519995
4.653388
4.651435
4.653552
4.6524386
4.6578193
4.6530437
test_wealth_with_price_abs_mean
1.2483277
1.2636319
1.248167
1.2591304
1.2497609
1.259824
1.2685934
1.2629232
test_wealth_with_price_variance
2.2595115
2.2909672
2.2613244
2.276798
2.2604458
2.2804236
2.3132417
2.2887607
price
0.97654533
0.97654533
0.97654533
0.97654533
0.97654533
0.97654533
0.97654533
0.97654533
train_time
0.8189277000000033
0.26694009999999935
0.27098130000001674
0.26708139999999503
0.26732499999997117
0.27339760000006663
0.2773025999999845
0.27389549999998053


================================================================================
=== value network layers 3
test_risk
4.200479
4.5759006
4.5728297
4.365067
4.4478583
4.514559
4.44942
4.5837855
test_wealth_with_price_abs_mean
1.030574
1.2082409
1.2015376
1.0749431
1.1166904
1.1694485
1.1230688
1.2131339
test_wealth_with_price_variance
1.6437992
2.147892
2.143937
1.8035281
1.954404
2.041802
1.9589785
2.1534593
price
0.97654533
0.97654533
0.97654533
0.97654533
0.97654533
0.97654533
0.97654533
0.97654533
train_time
0.2639896999999962
0.2670979000000102
0.26627189999999246
0.27541420000000016
0.2624106000000097
0.269766900000036
0.2779496000000563
0.27860129999999117


================================================================================
=== twin network layers 3
test_risk
4.5990634
4.607531
4.581829
4.617828
4.5336223
4.592657
4.5602794
4.600039
test_wealth_with_price_abs_mean
1.2220354
1.2304063
1.2105408
1.2346319
1.182674
1.2206872
1.2025665
1.2234609
test_wealth_with_price_variance
2.1772468
2.2018733
2.1518438
2.2087996
2.0676723
2.1697278
2.1240783
2.1801546
price
0.97654533
0.97654533
0.97654533
0.97654533
0.97654533
0.97654533
0.97654533
0.97654533
train_time
0.27106950000001007
0.26504010000002154
0.274922800000013
0.2714089000000399
0.26623499999999467
0.2782646000000568
0.2841244999999617
0.2661736000000019


================================================================================
=== delta network layers 3
test_risk
4.586893
4.6363225
4.6473327
4.6538067
4.6514187
4.6466203
4.6393356
4.6264935
test_wealth_with_price_abs_mean
1.209336
1.2555139
1.2422374
1.2622309
1.2496259
1.2554277
1.2615312
1.2492297
test_wealth_with_price_variance
2.1564267
2.267766
2.2474215
2.2862859
2.2585492
2.2674842
2.2911673
2.2513864
price
0.97654533
0.97654533
0.97654533
0.97654533
0.97654533
0.97654533
0.97654533
0.97654533
train_time
0.2704195000000027
1.366950299999985
0.2718433999999661
0.2740726000000109
0.2681855000000155
0.27027330000009897
0.274483000000032
0.27184569999997166


================================================================================
=== value network layers 4
test_risk
3.6152732
4.1258936
4.4627967
3.5752811
4.194855
4.2305617
4.072372
3.989262
test_wealth_with_price_abs_mean
0.7971944
0.97042495
1.1304662
0.7572633
0.9755748
1.0028358
0.9561072
0.9429618
test_wealth_with_price_variance
1.1042253
1.581639
1.9907917
1.0508724
1.5837215
1.6666893
1.5596238
1.4380337
price
0.97654533
0.97654533
0.97654533
0.97654533
0.97654533
0.97654533
0.97654533
0.97654533
train_time
0.27145950000000596
0.26419530000001146
0.2722287999999935
0.2731161999999472
0.2620064000000184
0.27363769999999477
0.2772619999999506
0.2792924000000312


================================================================================
=== twin network layers 4
test_risk
4.0556974
4.0964303
4.4289646
4.470357
4.3057723
4.503254
4.180504
3.669491
test_wealth_with_price_abs_mean
0.9323354
0.97200733
1.086924
1.1207472
1.0417479
1.1422417
0.98761237
0.818448
test_wealth_with_price_variance
1.452853
1.5213339
1.9144622
1.9750462
1.741402
2.0346327
1.5818868
1.1474409
price
0.97654533
0.97654533
0.97654533
0.97654533
0.97654533
0.97654533
0.97654533
0.97654533
train_time
0.2680737000000022
0.2662583999999981
0.27584269999999833
0.27160420000001295
0.27217039999999315
3.7071256000000403
0.27126239999995505
0.2697152000000642


================================================================================
=== delta network layers 4
test_risk
4.6354876
4.5312004
4.6400337
4.6185803
4.6398616
4.6308355
4.615118
4.5843987
test_wealth_with_price_abs_mean
1.2345314
1.1840396
1.2388071
1.2296827
1.2406337
1.2475564
1.2446547
1.2210408
test_wealth_with_price_variance
2.2262936
2.096285
2.2363274
2.217114
2.237428
2.2479591
2.2460966
2.1792617
price
0.97654533
0.97654533
0.97654533
0.97654533
0.97654533
0.97654533
0.97654533
0.97654533
train_time
0.28003119999999626
0.2721168999999861
0.27406339999998863
0.2685455000000161
0.2689526999999998
0.268588799999975
0.27545120000002044
0.2664826999999832


================================================================================
=== value network layers 5
test_risk
3.5541446
3.8506875
3.558664
3.8483632
3.777988
3.4451315
3.7192898
3.6287038
test_wealth_with_price_abs_mean
0.76973903
0.84765697
0.7857022
0.8536422
0.8212392
0.7382572
0.79651034
0.8017805
test_wealth_with_price_variance
1.0699129
1.2801546
1.1185074
1.2565205
1.2149434
1.0035641
1.1272742
1.1173034
price
0.97654533
0.97654533
0.97654533
0.97654533
0.97654533
0.97654533
0.97654533
0.97654533
train_time
0.2645279000000045
0.27334189999999126
0.26864499999999225
0.2760480999999686
0.26783730000005335
0.26454880000005687
0.2743913000000475
0.27342720000001464


================================================================================
=== twin network layers 5
test_risk
4.129608
4.063847
3.742469
3.983612
3.4930582
4.077022
4.4334984
4.3186884
test_wealth_with_price_abs_mean
0.9536411
0.9537214
0.84290195
0.9387666
0.7604514
0.9280893
1.0903841
1.0349662
test_wealth_with_price_variance
1.5953982
1.4881591
1.2184325
1.4230417
1.0447773
1.5454836
1.920405
1.7731125
price
0.97654533
0.97654533
0.97654533
0.97654533
0.97654533
0.97654533
0.97654533
0.97654533
train_time
0.2671425000000056
0.26350850000000037
0.2738747999999873
0.2746015999999827
0.2712680000000205
0.26280850000000555
0.26438900000005106
0.27557039999999233


================================================================================
=== delta network layers 5
test_risk
4.6279
4.1618314
4.6146965
4.6083307
4.4335513
4.642154
4.6211176
4.6126785
test_wealth_with_price_abs_mean
1.2319018
0.985551
1.220556
1.2347037
1.0856657
1.2550874
1.2475232
1.2305586
test_wealth_with_price_variance
2.2169693
1.5824046
2.195072
2.2120025
1.8843182
2.265804
2.2505398
2.2275565
price
0.97654533
0.97654533
0.97654533
0.97654533
0.97654533
0.97654533
0.97654533
0.97654533
train_time
0.27176839999999913
0.27475509999999304
0.2729456000000141
0.27053330000001097
0.2693651000000159
0.2688729000000194
0.27082629999995333
0.2691449999999804


