================================================================================
=== value network layers 2
train_time
1.9167041000000005
1.780088500000005
1.8376698999999945
3.4929696000000092
1.776125900000011
1.783399099999997
1.7817799999999693
2.0119662000000176


================================================================================
=== twin network layers 2
train_time
2.246637400000001
2.2319372999999985
2.1980819999999994
2.205457999999993
2.1963831999999854
2.1975936000000047
2.2103098000000045
2.207319400000017


================================================================================
=== delta network layers 2
train_time
1.8187718999999998
1.7383748000000026
1.7474407999999926
1.7077572999999973
1.7103367999999932
1.6931726000000253
1.7020890000000009
1.70711510000001


================================================================================
=== value network layers 3
train_time
2.4503960000000014
3.2006536999999895
2.5354164000000026
2.5589163000000212
2.501111399999985
2.5236770000000206
2.5329247999999893
2.5307895999999914


================================================================================
=== twin network layers 3
train_time
3.1923712
3.0943943000000047
3.101338499999997
3.0974585999999817
3.098471499999988
3.0783475999999723
3.1024773000000323
3.2160532999999987


================================================================================
=== delta network layers 3
train_time
2.3904348000000013
2.425696700000003
2.4728606000000184
2.426519000000013
2.4676048000000037
2.4807094000000234
2.441424100000006
6.719525900000008


================================================================================
=== value network layers 4
train_time
3.4327999999999967
3.2388961999999992
4.658891699999998
3.2498080999999956
3.2772423999999774
3.2784537999999657
3.2704021000000125
3.301585999999986


================================================================================
=== twin network layers 4
train_time
4.219445499999999
4.826316800000001
4.125350499999996
3.9844901000000164
3.9773720000000026
4.005835599999955
3.992596400000025
4.059862399999986


================================================================================
=== delta network layers 4
train_time
3.5241633000000014
3.1426105999999976
3.1973422000000085
3.1873620000000074
3.2137553000000025
3.1970292000000313
3.206658799999957
3.1791891000000305


================================================================================
=== value network layers 5
train_time
4.6399384000000055
4.012586499999998
4.014335799999998
4.021897100000018
3.9883024999999748
4.023052500000006
4.03955830000001
4.013694900000019


================================================================================
=== twin network layers 5
train_time
5.292836399999999
4.8931201999999985
4.871702800000008
4.9461929
7.559643900000026
4.964977599999997
4.939842300000009
4.893336999999974


================================================================================
=== delta network layers 5
train_time
3.8885492
3.9177686000000023
3.9271961000000033
3.920151500000003
3.866723200000024
3.9623864999999796
3.9409431999999924
3.9252287999999567


================================================================================
=== continuous-time
test_risk
3.2564514
3.2598126
3.2444785
3.2534053
3.2436423
3.2374804
3.2542279
3.251294
test_wealth_with_price_abs_mean
0.6547115
0.6531374
0.6517167
0.65288335
0.65291846
0.6512863
0.6551475
0.654774
test_wealth_with_price_variance
0.882266
0.8822573
0.88087946
0.8784456
0.87918603
0.87352645
0.8866553
0.881055
price
0.97654533
0.97654533
0.97654533
0.97654533
0.97654533
0.97654533
0.97654533
0.97654533
train_time
0.3245958999999985
0.31320699999999135
0.27729270000000383
0.2815546999999867
0.290252100000032
0.2869286000000102
0.27849000000003343
0.2872310999999854


================================================================================
=== value network layers 2
test_risk
4.6645646
4.6711593
4.6751566
4.668939
4.674618
4.6650095
4.6751223
4.6731443
test_wealth_with_price_abs_mean
1.2653707
1.2669268
1.2696806
1.2669349
1.2680979
1.2671154
1.2704419
1.2660875
test_wealth_with_price_variance
2.3045316
2.3066232
2.309685
2.3049076
2.306705
2.3026307
2.3178701
2.3036308
price
0.97654533
0.97654533
0.97654533
0.97654533
0.97654533
0.97654533
0.97654533
0.97654533
train_time
0.25770550000000014
0.2632088999999951
0.263808900000015
0.266050000000007
0.25826109999997016
3.6299458999999956
0.26291330000003654
0.26323880000001054


================================================================================
=== twin network layers 2
test_risk
4.682531
4.6827927
4.6748157
4.6780195
4.6765676
4.672001
4.6765194
4.6765566
test_wealth_with_price_abs_mean
1.277554
1.2717286
1.268635
1.273622
1.2683934
1.2705905
1.2719074
1.2653968
test_wealth_with_price_variance
2.3406432
2.3242562
2.3076108
2.3240225
2.3086433
2.3138268
2.3219404
2.304293
price
0.97654533
0.97654533
0.97654533
0.97654533
0.97654533
0.97654533
0.97654533
0.97654533
train_time
0.8143242000000015
0.2586775999999986
0.2624653999999964
0.2585114000000033
0.2565139999999815
0.2553736000000413
0.2635222999999769
0.2575360999999816


================================================================================
=== delta network layers 2
test_risk
4.670221
4.683386
4.6639543
4.690222
4.6721487
4.646847
4.75207
4.674321
test_wealth_with_price_abs_mean
1.2564001
1.2825991
1.2812681
1.2701638
1.2684361
1.2578356
1.2534685
1.2743183
test_wealth_with_price_variance
2.2962914
2.3816402
2.3608847
2.3404257
2.3134503
2.2754805
2.3864844
2.344674
price
0.97654533
0.97654533
0.97654533
0.97654533
0.97654533
0.97654533
0.97654533
0.97654533
train_time
0.2612948999999958
1.3386567000000014
0.25878160000002026
0.2639088999999899
0.2608510000000024
0.25841289999999617
0.2652202000000443
0.2639729999999645


================================================================================
=== value network layers 3
test_risk
4.6755137
4.6623325
4.6620946
4.663483
4.67525
4.6652136
4.658645
4.6700053
test_wealth_with_price_abs_mean
1.2727336
1.2603391
1.2615038
1.2634792
1.2675227
1.2667234
1.261917
1.2642186
test_wealth_with_price_variance
2.325966
2.288303
2.285408
2.295268
2.3061647
2.3021977
2.2910917
2.2977123
price
0.97654533
0.97654533
0.97654533
0.97654533
0.97654533
0.97654533
0.97654533
0.97654533
train_time
0.25750380000000206
0.2630199000000033
0.2625434999999925
0.26245539999999323
0.263377700000035
0.260626000000002
0.27487589999998363
0.2662626999999702


================================================================================
=== twin network layers 3
test_risk
4.6796064
4.6859193
4.6740084
4.673652
4.6759605
4.665374
4.67953
4.677866
test_wealth_with_price_abs_mean
1.2725432
1.2734787
1.268804
1.2704656
1.2693332
1.2680634
1.2720305
1.2682405
test_wealth_with_price_variance
2.3280017
2.3294652
2.3072972
2.3148303
2.310142
2.3052225
2.323975
2.310675
price
0.97654533
0.97654533
0.97654533
0.97654533
0.97654533
0.97654533
0.97654533
0.97654533
train_time
0.25897489999999834
0.25689629999999397
0.2605210000000113
0.2602350999999885
0.2571854999999914
0.25640379999998686
0.25879329999997935
0.2601323000000093


================================================================================
=== delta network layers 3
test_risk
4.6642194
4.6654325
4.6525874
4.6546416
4.6614914
4.651393
4.656201
4.655803
test_wealth_with_price_abs_mean
1.2526634
1.2771423
1.2688004
1.2626745
1.257025
1.2599721
1.2609619
1.2656829
test_wealth_with_price_variance
2.2865994
2.357231
2.3065953
2.2900138
2.2784977
2.2810624
2.2884989
2.3006496
price
0.97654533
0.97654533
0.97654533
0.97654533
0.97654533
0.97654533
0.97654533
0.97654533
train_time
0.2618433999999965
0.2598014999999947
0.2610085999999967
0.2574606000000017
0.26466019999998025
0.2563790000000381
0.25792819999998073
0.2673359000000346


================================================================================
=== value network layers 4
test_risk
4.668256
4.668303
4.66204
4.6676426
4.672692
4.6649127
4.6550155
4.6749535
test_wealth_with_price_abs_mean
1.2678039
1.2639973
1.2603887
1.2671378
1.2670842
1.2673811
1.2581468
1.2667481
test_wealth_with_price_variance
2.3122113
2.2996373
2.2836742
2.3050778
2.303421
2.3032708
2.2825844
2.3056421
price
0.97654533
0.97654533
0.97654533
0.97654533
0.97654533
0.97654533
0.97654533
0.97654533
train_time
0.25527480000000224
0.2626066999999921
0.2604829999999936
0.26132880000000114
0.25865479999998797
0.26128479999999854
0.26449669999999514
0.2695280000000366


================================================================================
=== twin network layers 4
test_risk
4.6798387
4.6804705
4.6798587
4.6817765
4.679794
4.674274
4.677464
4.66967
test_wealth_with_price_abs_mean
1.272566
1.2721823
1.2715864
1.2739271
1.2701948
1.2721825
1.2716496
1.2629791
test_wealth_with_price_variance
2.3282201
2.3229795
2.316363
2.326895
2.314323
2.3186755
2.3216658
2.295281
price
0.97654533
0.97654533
0.97654533
0.97654533
0.97654533
0.97654533
0.97654533
0.97654533
train_time
0.2605402000000012
0.2684793999999897
0.26172900000000254
0.26298260000001505
0.257520999999997
0.26041429999997945
0.27398840000000746
0.26186260000002903


================================================================================
=== delta network layers 4
test_risk
4.663526
4.666816
4.655441
4.654716
4.6604347
4.6502028
4.6587257
4.7023673
test_wealth_with_price_abs_mean
1.2574981
1.281317
1.272867
1.2657858
1.2663859
1.260454
1.2630941
1.288815
test_wealth_with_price_variance
2.2911954
2.3556092
2.320291
2.29897
2.29822
2.2811482
2.293864
2.3930573
price
0.97654533
0.97654533
0.97654533
0.97654533
0.97654533
0.97654533
0.97654533
0.97654533
train_time
0.2581308999999976
0.25815120000000036
0.2597609000000034
0.25787900000000263
0.2619667000000163
0.2555262000000198
0.2591395000000034
0.25895009999999274


================================================================================
=== value network layers 5
test_risk
4.5458336
4.6552205
4.672742
4.630214
4.637548
4.670904
4.6614738
4.5965285
test_wealth_with_price_abs_mean
1.1697431
1.2540561
1.2671912
1.2409171
1.231391
1.2700406
1.2631788
1.2209773
test_wealth_with_price_variance
2.089095
2.2755654
2.3036337
2.2357314
2.230232
2.3120236
2.2956173
2.174028
price
0.97654533
0.97654533
0.97654533
0.97654533
0.97654533
0.97654533
0.97654533
0.97654533
train_time
0.2607556000000031
0.2615401999999989
0.25522479999997927
0.2638443000000166
0.25992220000000543
0.26020460000000867
0.2642113999999651
0.27059159999998883


================================================================================
=== twin network layers 5
test_risk
4.6825294
4.6652646
4.682183
4.6837125
4.680903
4.6289935
4.681398
4.683207
test_wealth_with_price_abs_mean
1.2745817
1.2623342
1.2726626
1.2747685
1.2706338
1.246135
1.2734905
1.270318
test_wealth_with_price_variance
2.3339791
2.2952569
2.319909
2.329907
2.3160174
2.2425234
2.327878
2.3181393
price
0.97654533
0.97654533
0.97654533
0.97654533
0.97654533
0.97654533
0.97654533
0.97654533
train_time
0.26099209999999573
0.2622841999999963
0.26526119999999764
0.2635602000000006
0.25831739999995307
0.26295970000001034
0.2666825000000017
0.26374829999997473


================================================================================
=== delta network layers 5
test_risk
4.6614313
4.666362
4.6613417
4.657992
4.665475
4.6510444
4.6640563
4.6695757
test_wealth_with_price_abs_mean
1.254984
1.280387
1.2769166
1.2666119
1.268033
1.2613217
1.2667203
1.2763411
test_wealth_with_price_variance
2.2857118
2.3493047
2.3333404
2.3005471
2.3028765
2.2838478
2.3048635
2.3334174
price
0.97654533
0.97654533
0.97654533
0.97654533
0.97654533
0.97654533
0.97654533
0.97654533
train_time
0.2659756999999985
0.2550071999999943
0.258658099999991
0.26041900000001306
0.2565766000000167
0.2589203999999654
0.25859210000004396
0.2595731999999771


