================================================================================
=== value network layers 2
train_time
1.6331292
1.580041399999999
1.5413388999999995
3.5983381000000065
1.5261564999999848
1.9099459999999908
1.567641100000003
1.6106278000000316


================================================================================
=== twin network layers 2
train_time
2.1221797999999996
1.9319963000000016
1.919852199999994
1.93950430000001
1.91838580000001
2.153049900000042
2.055244200000004
2.4830463000000123


================================================================================
=== delta network layers 2
train_time
1.6435934000000003
1.496461399999994
1.492605999999995
1.5056212000000073
1.494862999999981
1.5259917999999857
1.50250630000005
1.5121932999999785


================================================================================
=== value network layers 3
train_time
2.2520372999999996
2.8256397000000035
2.120093600000004
2.1407259000000067
2.109720199999998
2.1296222000000284
2.1479181999999923
2.161543800000004


================================================================================
=== twin network layers 3
train_time
3.2297148
2.712824899999987
2.6769158000000033
2.711412800000005
2.715964100000008
2.697274899999968
2.764576799999986
6.89902219999999


================================================================================
=== delta network layers 3
train_time
2.0795256
2.1619858999999906
2.0730720999999903
2.095280300000013
2.084926600000017
2.083385700000008
2.0778391000000056
2.1040664999999876


================================================================================
=== value network layers 4
train_time
2.7283408000000016
2.7181599000000034
4.105669400000011
2.7550237000000095
2.7422017999999753
2.723138000000006
2.7204522999999767
2.7495958999999743


================================================================================
=== twin network layers 4
train_time
3.7515803000000005
4.319535099999996
3.4473933999999957
3.5099653999999987
3.071898400000009
3.5156916999999908
3.4711382000000413
3.453209799999968


================================================================================
=== delta network layers 4
train_time
2.755177500000002
2.660390199999995
2.6357737000000157
2.6988715999999897
2.6915317999999786
2.7050153999999793
2.8465463
2.6799186000000077


================================================================================
=== value network layers 5
train_time
3.368546200000001
3.317099600000006
3.3023431999999957
3.349359100000015
3.3225578999999925
3.339437000000032
3.3759140999999886
3.3339975000000095


================================================================================
=== twin network layers 5
train_time
4.2467106
4.181571699999992
4.197140699999977
6.317030899999992
6.867928000000006
4.311287200000038
4.210721100000001
4.247665100000006


================================================================================
=== delta network layers 5
train_time
3.2986590000000007
3.2644399999999933
3.2739415000000065
3.2755004999999926
3.2563109000000168
3.2596627000000353
3.315671199999997
3.2716748999999936


================================================================================
=== continuous-time
test_risk
3.257584
3.2460074
3.2593465
3.2473483
3.2446067
3.2547257
3.2568882
3.2428975
test_wealth_with_price_abs_mean
0.655452
0.6525922
0.6571512
0.65407294
0.6522526
0.65376866
0.6549843
0.653119
test_wealth_with_price_variance
0.88792825
0.87831324
0.89203846
0.8839241
0.8780955
0.88036394
0.8882752
0.8812354
price
0.97654533
0.97654533
0.97654533
0.97654533
0.97654533
0.97654533
0.97654533
0.97654533
train_time
0.3287154000000001
0.2720453999999961
0.3146776000000102
0.27064419999999245
0.2889179000000013
3.609764700000028
0.2669569999999908
0.29631699999998773


================================================================================
=== value network layers 2
test_risk
4.6817856
4.6759458
4.680491
4.6865034
4.6743703
4.6812205
4.674569
4.67651
test_wealth_with_price_abs_mean
1.2728858
1.2675555
1.2707987
1.2700785
1.265803
1.2725031
1.2676922
1.2687039
test_wealth_with_price_variance
2.3246164
2.3056164
2.3213353
2.317259
2.2981212
2.3233805
2.3081164
2.3064513
price
0.97654533
0.97654533
0.97654533
0.97654533
0.97654533
0.97654533
0.97654533
0.97654533
train_time
0.7995174999999932
0.25496040000000164
0.25339389999999185
0.25630480000000944
0.2538115999999775
0.25851990000001024
0.2548223000000007
0.25679719999999406


================================================================================
=== twin network layers 2
test_risk
4.6915135
4.6869497
4.6930504
4.6863303
4.681553
4.688225
4.692058
4.6869783
test_wealth_with_price_abs_mean
1.2758209
1.274164
1.2779529
1.2716783
1.2683761
1.2753134
1.2763649
1.2734329
test_wealth_with_price_variance
2.3383675
2.3276887
2.3446343
2.3198323
2.3086476
2.335263
2.3410552
2.3236868
price
0.97654533
0.97654533
0.97654533
0.97654533
0.97654533
0.97654533
0.97654533
0.97654533
train_time
0.2666614000000038
1.32876610000001
0.2548861999999872
0.2613304999999855
0.2570777999999905
0.25759449999998196
0.25850750000000744
0.2575575999999842


================================================================================
=== delta network layers 2
test_risk
4.682504
4.9106297
4.6676483
4.708246
4.944725
4.7070622
4.6898084
4.6580763
test_wealth_with_price_abs_mean
1.2700504
1.3105911
1.2410812
1.2862065
1.3754792
1.2761053
1.2909455
1.2632523
test_wealth_with_price_variance
2.326324
2.6713705
2.2752466
2.3986683
2.9286866
2.379586
2.4311779
2.3083198
price
0.97654533
0.97654533
0.97654533
0.97654533
0.97654533
0.97654533
0.97654533
0.97654533
train_time
0.26399299999999926
0.26355590000000007
0.255906600000003
0.26140810000001125
0.2653561000000195
0.2543104999999741
0.2597090999999523
0.2571925000000306


================================================================================
=== value network layers 3
test_risk
4.677019
4.6776047
4.6793327
4.6802373
4.677869
4.684038
4.6779156
4.6676474
test_wealth_with_price_abs_mean
1.2714622
1.2682121
1.2721273
1.2695832
1.2679441
1.2734454
1.2701163
1.2618871
test_wealth_with_price_variance
2.318098
2.3076055
2.32339
2.3119025
2.304514
2.3270912
2.3149412
2.28712
price
0.97654533
0.97654533
0.97654533
0.97654533
0.97654533
0.97654533
0.97654533
0.97654533
train_time
0.25670840000000084
0.2578354999999988
0.25573669999999993
0.2549442000000113
0.2536399999999901
0.25590599999998176
0.2565563999999654
0.25946399999997993


================================================================================
=== twin network layers 3
test_risk
4.68233
4.682745
4.687266
4.6874714
4.6814528
4.6853614
4.676963
4.682348
test_wealth_with_price_abs_mean
1.2732053
1.2711562
1.2734913
1.2726041
1.2679683
1.274533
1.2708032
1.268606
test_wealth_with_price_variance
2.325282
2.317001
2.3315036
2.3228426
2.3075495
2.3303013
2.3160582
2.310104
price
0.97654533
0.97654533
0.97654533
0.97654533
0.97654533
0.97654533
0.97654533
0.97654533
train_time
0.25994939999999644
0.25224190000000135
0.256120199999998
0.2615865999999869
0.2539820000000077
0.2561873000000219
0.25664990000001353
0.2567247999999722


================================================================================
=== delta network layers 3
test_risk
4.6725345
4.667617
4.6494765
4.7292233
4.665234
4.6621804
4.7067266
4.6540556
test_wealth_with_price_abs_mean
1.2686306
1.2741196
1.2397801
1.2775742
1.2624744
1.2555751
1.3202487
1.2705344
test_wealth_with_price_variance
2.3135133
2.323506
2.252973
2.4053404
2.2891262
2.2811077
2.6001737
2.316253
price
0.97654533
0.97654533
0.97654533
0.97654533
0.97654533
0.97654533
0.97654533
0.97654533
train_time
0.2623960999999966
0.25786250000000166
0.26890280000000644
0.263333700000004
0.2609180999999978
0.25871160000002646
0.25785360000003266
0.2635561000000166


================================================================================
=== value network layers 4
test_risk
4.6815243
4.6827126
4.668159
4.6854672
4.6726265
4.681642
4.679248
4.6756673
test_wealth_with_price_abs_mean
1.2729394
1.269818
1.2651129
1.2719135
1.2653631
1.2698468
1.2706472
1.266108
test_wealth_with_price_variance
2.3241062
2.3144355
2.3033826
2.3195043
2.295883
2.3180819
2.317117
2.2999647
price
0.97654533
0.97654533
0.97654533
0.97654533
0.97654533
0.97654533
0.97654533
0.97654533
train_time
0.2548573000000047
0.2598457999999937
0.25846279999998956
0.25584689999999455
0.2617567000000065
0.27397929999995085
0.2568093999999519
0.2618375000000128


================================================================================
=== twin network layers 4
test_risk
4.682269
4.682511
4.6855426
4.687157
4.68185
4.6854835
4.681026
4.6777673
test_wealth_with_price_abs_mean
1.2727909
1.269688
1.2726848
1.2724913
1.2695206
1.2728719
1.2715598
1.2674959
test_wealth_with_price_variance
2.3242495
2.3138402
2.3282113
2.3219378
2.3101444
2.3267844
2.3199863
2.3043296
price
0.97654533
0.97654533
0.97654533
0.97654533
0.97654533
0.97654533
0.97654533
0.97654533
train_time
0.2559506000000056
0.26167039999999986
0.25429529999999545
0.25715600000000904
0.2549590000000137
0.2593684999999937
0.2666501000000494
0.257828199999949


================================================================================
=== delta network layers 4
test_risk
4.684139
4.66554
4.655386
4.808663
4.665083
4.66334
4.6701555
4.6722307
test_wealth_with_price_abs_mean
1.2857342
1.2716993
1.2395173
1.3033594
1.2527664
1.260721
1.298644
1.2779628
test_wealth_with_price_variance
2.3687353
2.317814
2.26281
2.558084
2.2813847
2.2949224
2.4410818
2.3476472
price
0.97654533
0.97654533
0.97654533
0.97654533
0.97654533
0.97654533
0.97654533
0.97654533
train_time
0.2649750999999938
0.2568363999999974
0.25544890000000464
0.2627578000000028
0.25852330000000734
0.2570050000000492
0.2542825000000448
0.25911239999999225


================================================================================
=== value network layers 5
test_risk
4.6678667
4.6783037
4.685645
4.6832986
4.6785808
4.6690273
4.6808486
4.6799307
test_wealth_with_price_abs_mean
1.2658768
1.2673682
1.2744099
1.2710264
1.26906
1.2634997
1.2721995
1.269216
test_wealth_with_price_variance
2.3015764
2.3064525
2.3317254
2.3164248
2.307011
2.2977698
2.3210788
2.3091211
price
0.97654533
0.97654533
0.97654533
0.97654533
0.97654533
0.97654533
0.97654533
0.97654533
train_time
0.27442770000000394
0.26062619999999015
0.26044749999999794
0.2633490999999992
0.28968119999998976
0.2590281000000232
0.25989550000002737
0.2605525999999827


================================================================================
=== twin network layers 5
test_risk
4.6834793
4.6818156
4.6882367
4.68765
4.683022
4.686784
4.680521
4.679812
test_wealth_with_price_abs_mean
1.274397
1.2703487
1.2745562
1.2724986
1.2707858
1.2720532
1.2701718
1.2695954
test_wealth_with_price_variance
2.3280804
2.314774
2.3337743
2.3222275
2.3133776
2.326175
2.3172266
2.3098812
price
0.97654533
0.97654533
0.97654533
0.97654533
0.97654533
0.97654533
0.97654533
0.97654533
train_time
0.25599620000000556
0.2565128000000101
0.25801960000001145
0.25824360000001434
0.26008690000000456
0.26215109999998276
0.2624298000000067
0.25909080000002405


================================================================================
=== delta network layers 5
test_risk
4.678163
4.6640472
4.6749167
4.670127
4.665244
4.675532
4.6703987
4.670995
test_wealth_with_price_abs_mean
1.2805421
1.2732698
1.2504101
1.2694058
1.2674223
1.270124
1.3051777
1.2771016
test_wealth_with_price_variance
2.3438845
2.320317
2.295371
2.3086326
2.2993813
2.3161964
2.4759593
2.3338993
price
0.97654533
0.97654533
0.97654533
0.97654533
0.97654533
0.97654533
0.97654533
0.97654533
train_time
0.29390169999999927
0.2542846999999995
0.25816050000000246
0.26171910000002185
0.2552685000000281
0.25743499999998676
0.25583340000002863
0.25715470000000096


