================================================================================
=== value network layers 2
train_time
2.4146710000000002
2.408620499999998
2.390938499999976
4.0625287999999955
2.3966643999999633
2.4245007999999757
2.383380499999987
2.888040999999987


================================================================================
=== twin network layers 2
train_time
2.7248529999999995
2.667998400000002
2.690159799999975
2.6531327999999803
2.8851585999999543
2.695531399999993
2.667888699999992
2.703577600000017


================================================================================
=== delta network layers 2
train_time
2.4085590000000003
2.295122500000005
2.2861659000000145
2.2454931000000045
2.3120218999999906
2.315617599999996
2.989619799999957
2.328972799999974


================================================================================
=== value network layers 3
train_time
3.3622875999999984
4.1276340000000005
3.4606627999999944
3.412994200000014
3.4567938999999797
3.5051717000000053
3.682103199999972
3.5095329000000106


================================================================================
=== twin network layers 3
train_time
3.9094657999999995
3.939980200000008
3.8660461999999995
4.3599365999999975
3.8600827999999865
3.8725431999999955
3.8773003000000017
3.8550478000000226


================================================================================
=== delta network layers 3
train_time
3.253511999999997
3.35623249999999
3.3253123000000073
4.18967219999999
3.380181700000037
3.347496000000035
3.3562878000000183
7.540851999999973


================================================================================
=== value network layers 4
train_time
4.7241085
4.492346600000005
5.866118999999998
4.519806700000004
4.534825000000012
4.485927800000013
4.542683399999987
4.511598000000049


================================================================================
=== twin network layers 4
train_time
5.2658533
5.838007599999997
4.961575199999999
5.029736899999989
5.008864799999969
4.995631399999979
5.011362600000041
5.016235300000062


================================================================================
=== delta network layers 4
train_time
4.414453600000002
4.413846499999991
4.388003900000001
4.587530099999981
4.447760399999993
4.4562995
4.461706600000014
4.45136889999992


================================================================================
=== value network layers 5
train_time
5.555945799999996
5.570676900000009
5.540925299999998
5.608514799999995
5.580755799999963
5.61212119999999
5.675931700000035
7.127755900000011


================================================================================
=== twin network layers 5
train_time
6.577072600000001
6.1613901000000055
6.111123599999985
8.226904000000019
8.812425599999983
6.184251700000004
6.207735800000023
6.269522800000004


================================================================================
=== delta network layers 5
train_time
5.490564199999994
5.46448190000001
5.532670299999978
5.470373900000027
5.453367900000046
5.467855400000019
5.539265999999998
5.5387373000000935


================================================================================
=== continuous-time
test_risk
3.2536845
3.255541
3.252416
3.2450716
3.2445695
3.2516806
3.2551632
3.2537422
test_wealth_with_price_abs_mean
0.6532049
0.6534684
0.65540856
0.6531882
0.65375173
0.6541662
0.6544856
0.6549445
test_wealth_with_price_variance
0.8817434
0.88314116
0.8884561
0.880955
0.88577855
0.8876074
0.88923424
0.8895386
price
0.97654533
0.97654533
0.97654533
0.97654533
0.97654533
0.97654533
0.97654533
0.97654533
train_time
0.34437710000000266
0.29327630000000227
0.2841688999999974
0.30891250000001946
0.2662326999999891
3.645240099999967
0.2982789000000139
0.29260039999996934


================================================================================
=== value network layers 2
test_risk
4.6681476
4.669752
4.657297
4.6645346
4.6532297
4.6495595
4.6522427
4.664012
test_wealth_with_price_abs_mean
1.2664735
1.264576
1.2588775
1.2642437
1.2571548
1.2555584
1.2522241
1.2623659
test_wealth_with_price_variance
2.303466
2.2979262
2.2818193
2.2932038
2.2737749
2.2669804
2.2630522
2.2892797
price
0.97654533
0.97654533
0.97654533
0.97654533
0.97654533
0.97654533
0.97654533
0.97654533
train_time
0.26550559999999734
0.2643645999999933
0.2641830000000027
0.2646221999999625
0.26580730000000585
0.25860309999995934
0.27120400000001155
0.2709676000000627


================================================================================
=== twin network layers 2
test_risk
4.6671853
4.6767893
4.6670403
4.669299
4.6692348
4.662984
4.665974
4.6661215
test_wealth_with_price_abs_mean
1.2663556
1.2675545
1.2653694
1.2659742
1.2672427
1.2635155
1.2601593
1.2634655
test_wealth_with_price_variance
2.3021579
2.3078852
2.3005514
2.299455
2.3038957
2.290388
2.286706
2.2927434
price
0.97654533
0.97654533
0.97654533
0.97654533
0.97654533
0.97654533
0.97654533
0.97654533
train_time
0.8028527999999966
1.3402463999999839
0.2707043999999996
0.2652005999999574
0.2653633000000468
0.2623967000000107
0.26672349999995504
0.2731863000000203


================================================================================
=== delta network layers 2
test_risk
4.665898
4.663237
4.665277
4.6560006
4.655932
4.647478
4.665225
4.663262
test_wealth_with_price_abs_mean
1.2714022
1.2607054
1.2680427
1.2604754
1.2686208
1.2547419
1.2767173
1.2595798
test_wealth_with_price_variance
2.3276572
2.2877452
2.310212
2.282997
2.3101568
2.2644014
2.3470845
2.283746
price
0.97654533
0.97654533
0.97654533
0.97654533
0.97654533
0.97654533
0.97654533
0.97654533
train_time
0.2607481000000007
0.25736469999998235
0.2830007000000023
0.2663289000000191
0.26264120000001867
0.25878970000002255
0.26664810000005446
0.2722706999999218


================================================================================
=== value network layers 3
test_risk
4.6245832
4.6478167
4.645358
4.652763
4.6307564
4.608997
4.6362295
4.6152616
test_wealth_with_price_abs_mean
1.2410151
1.2506219
1.2510499
1.2563999
1.2444446
1.2307092
1.240912
1.2323653
test_wealth_with_price_variance
2.22882
2.257874
2.2591107
2.2706919
2.2360067
2.1954818
2.2334435
2.2044353
price
0.97654533
0.97654533
0.97654533
0.97654533
0.97654533
0.97654533
0.97654533
0.97654533
train_time
0.26598979999999983
0.2612997999999891
0.26309530000000336
0.2645708000000013
0.26505280000003495
0.25354659999999285
0.27297370000002275
0.26713100000006307


================================================================================
=== twin network layers 3
test_risk
4.650857
4.670457
4.66974
4.6504354
4.648997
4.666738
4.655998
4.6672444
test_wealth_with_price_abs_mean
1.2561698
1.263771
1.2659512
1.2557914
1.256093
1.2668083
1.2533758
1.2641871
test_wealth_with_price_variance
2.2737093
2.2969222
2.3034604
2.2678602
2.2697613
2.2997954
2.268041
2.2950447
price
0.97654533
0.97654533
0.97654533
0.97654533
0.97654533
0.97654533
0.97654533
0.97654533
train_time
0.27448530000000204
0.2642151999999953
0.26701010000002157
0.27178129999998646
0.26775040000001127
0.2623006000000032
0.2660932999999659
0.2709840999999642


================================================================================
=== delta network layers 3
test_risk
4.6567564
4.651102
4.658019
4.6459327
4.6616225
4.646483
4.6588798
4.6522074
test_wealth_with_price_abs_mean
1.2793392
1.2507496
1.2649254
1.2533097
1.2765231
1.2548169
1.2718419
1.2558091
test_wealth_with_price_variance
2.3508065
2.2596502
2.2974508
2.2603965
2.3344588
2.263963
2.3265524
2.2693245
price
0.97654533
0.97654533
0.97654533
0.97654533
0.97654533
0.97654533
0.97654533
0.97654533
train_time
0.26443510000000003
0.2599739999999997
0.2662669000000051
0.26892559999998866
0.2646244000000024
0.2631939999999986
0.27274720000002617
0.27396070000008876


================================================================================
=== value network layers 4
test_risk
4.330453
4.6252418
4.588003
4.595855
4.654378
4.5372596
4.5199065
4.596524
test_wealth_with_price_abs_mean
1.0651413
1.2343297
1.2159348
1.2201711
1.2565453
1.1750526
1.1346678
1.218474
test_wealth_with_price_variance
1.7511741
2.2168956
2.1639822
2.1764855
2.276172
2.0805805
2.0219612
2.170743
price
0.97654533
0.97654533
0.97654533
0.97654533
0.97654533
0.97654533
0.97654533
0.97654533
train_time
0.2601712999999961
0.26154220000000805
0.26769749999999704
0.2605413999999655
0.2631013999999823
0.25850869999999304
0.26264120000001867
0.27094869999996263


================================================================================
=== twin network layers 4
test_risk
4.5717535
4.645846
4.6135755
4.67174
4.6335616
4.65369
4.6388936
4.675639
test_wealth_with_price_abs_mean
1.2037189
1.248891
1.2268485
1.2683883
1.2436991
1.2572395
1.2416539
1.2678404
test_wealth_with_price_variance
2.1409638
2.2543683
2.2076483
2.3058186
2.2385633
2.2727025
2.236292
2.307442
price
0.97654533
0.97654533
0.97654533
0.97654533
0.97654533
0.97654533
0.97654533
0.97654533
train_time
0.2690574000000012
0.26139440000000036
0.2619822000000056
0.2671746999999982
0.264898799999969
0.26075509999998303
0.2715231999999901
0.2686161000000311


================================================================================
=== delta network layers 4
test_risk
4.63042
4.6453147
4.6561594
4.654411
4.643191
4.6372476
4.6489105
4.648456
test_wealth_with_price_abs_mean
1.2591746
1.251046
1.2655386
1.2595587
1.2657517
1.249847
1.2704098
1.2535567
test_wealth_with_price_variance
2.2990925
2.2569113
2.2988648
2.2787583
2.3054283
2.2486897
2.3283343
2.2627125
price
0.97654533
0.97654533
0.97654533
0.97654533
0.97654533
0.97654533
0.97654533
0.97654533
train_time
0.2677449999999979
0.26930090000001883
0.2705553999999779
0.2690119000000095
0.26312660000002097
0.2594464999999673
0.2663572999999815
0.26909969999996974


================================================================================
=== value network layers 5
test_risk
3.8955941
4.487649
4.394872
4.2311606
4.594246
4.5007195
4.2752132
4.488266
test_wealth_with_price_abs_mean
0.875783
1.1281904
1.0853637
0.99412847
1.2171044
1.1552945
1.0260884
1.1344081
test_wealth_with_price_variance
1.3081678
1.9964615
1.8816276
1.6304252
2.171105
2.0323868
1.6691759
1.9950792
price
0.97654533
0.97654533
0.97654533
0.97654533
0.97654533
0.97654533
0.97654533
0.97654533
train_time
0.26447499999999735
0.26032820000000356
0.26656099999999583
0.2671219999999721
0.2608706000000325
0.2591641000000209
0.2625117999999702
0.2634437000000389


================================================================================
=== twin network layers 5
test_risk
4.6290064
4.2648716
4.61387
4.5278773
4.5398307
4.2074156
4.649553
4.600418
test_wealth_with_price_abs_mean
1.2412759
1.0387443
1.2278165
1.15067
1.1849883
1.008528
1.2441126
1.2243905
test_wealth_with_price_variance
2.2389436
1.687762
2.2028084
2.0535843
2.0832887
1.6030138
2.256852
2.1836371
price
0.97654533
0.97654533
0.97654533
0.97654533
0.97654533
0.97654533
0.97654533
0.97654533
train_time
0.2617609999999999
0.2636435000000006
0.2613089999999829
0.257779400000004
0.26266830000002983
0.2567175000000361
0.2667521999999849
0.26634889999991174


================================================================================
=== delta network layers 5
test_risk
4.6554856
4.6459537
4.6318536
4.622401
4.649321
4.653081
4.653327
4.653482
test_wealth_with_price_abs_mean
1.27708
1.2545046
1.2503369
1.2402045
1.2681156
1.2601085
1.269289
1.2572901
test_wealth_with_price_variance
2.3402698
2.2658334
2.2564347
2.2239716
2.308481
2.2782378
2.3199959
2.2730088
price
0.97654533
0.97654533
0.97654533
0.97654533
0.97654533
0.97654533
0.97654533
0.97654533
train_time
0.259285399999996
0.26286729999998215
0.2685342999999989
0.26394499999997834
0.266373700000031
0.2653736999999978
0.26469350000002123
0.26743360000000393


