================================================================================
=== value network layers 2
train_time
5.818052700000001
6.020406800000018
6.013015300000006
6.081183400000043
6.108998999999926
6.072804800000085
6.075358800000004
6.08301490000008


================================================================================
=== twin network layers 2
train_time
5.473223600000001
5.5488867000000255
5.502908200000036
7.237220600000001
5.601794400000017
5.566702700000064
5.525439099999971
5.618746599999895


================================================================================
=== delta network layers 2
train_time
5.8048524000000015
3.9957358999999997
5.80923580000001
5.851178800000014
5.921106599999916
4.400639899999987
5.896447999999964
5.9313675999999305


================================================================================
=== value network layers 3
train_time
9.116401500000002
9.795096000000001
9.192406099999971
9.150790500000028
9.186024399999951
9.246068199999968
9.257188099999894
9.335461599999917


================================================================================
=== twin network layers 3
train_time
8.598091500000002
8.449258200000003
8.396975300000008
8.394739799999968
8.464077100000054
8.483716900000104
8.44171659999995
8.55409469999995


================================================================================
=== delta network layers 3
train_time
10.364816400000002
8.911635399999994
9.108466000000021
8.975748500000009
9.262326099999996
9.053402000000006
9.071670700000027
9.133608699999968


================================================================================
=== value network layers 4
train_time
12.425783900000006
12.223950300000013
14.110295500000007
12.308617800000036
12.432639499999937
12.382989000000066
12.548156500000005
12.559872999999925


================================================================================
=== twin network layers 4
train_time
11.385988999999995
11.24148439999999
12.611859400000014
11.193938900000035
13.04014559999996
11.348310800000036
11.45396089999997
15.51267740000003


================================================================================
=== delta network layers 4
train_time
11.976629099999997
12.939674499999995
12.164063100000021
12.239389800000026
12.254266400000006
13.092878900000073
14.145098200000007
12.34169380000003


================================================================================
=== value network layers 5
train_time
15.369487800000002
15.5331549
15.488996499999985
15.463391000000001
15.882828899999936
16.910237100000018
15.720142699999997
15.845384400000057


================================================================================
=== twin network layers 5
train_time
14.542911500000002
14.312713499999973
14.12578830000001
14.266012100000012
14.279474100000016
14.419334000000049
14.49874740000007
14.616777499999898


================================================================================
=== delta network layers 5
train_time
15.313240899999997
15.278285499999981
15.373017000000004
17.344050899999957
17.947394700000018
15.57545980000009
15.457316699999978
15.49240450000002


================================================================================
=== continuous-time
test_risk
3.2548208
3.2524707
3.243241
3.262432
3.2522655
3.2565029
3.2513583
3.2460694
test_wealth_with_price_abs_mean
0.6537266
0.6535407
0.65283686
0.6556142
0.65341127
0.65387785
0.6528673
0.6531823
test_wealth_with_price_variance
0.8837962
0.8831391
0.884077
0.8897113
0.8839459
0.88569546
0.88224745
0.8790037
price
0.97654533
0.97654533
0.97654533
0.97654533
0.97654533
0.97654533
0.97654533
0.97654533
train_time
0.3103284999999971
0.30938859999997703
0.2895409999999856
0.2855233999999882
0.31042120000006435
0.28709359999993467
0.2902604999999312
0.30081719999998313


================================================================================
=== value network layers 2
test_risk
4.5964723
4.5787425
4.567191
4.5893087
4.5268526
4.592039
4.609939
4.522038
test_wealth_with_price_abs_mean
1.2179832
1.2123629
1.2046291
1.2145073
1.1818496
1.2219414
1.230471
1.1754229
test_wealth_with_price_variance
2.168811
2.1480372
2.1223123
2.1577616
2.060179
2.1705542
2.1963835
2.049702
price
0.97654533
0.97654533
0.97654533
0.97654533
0.97654533
0.97654533
0.97654533
0.97654533
train_time
0.26104440000000295
0.2728106000000139
0.275218700000039
0.2742465999999695
0.2652312999999822
0.2731019999999944
0.2774305000000368
0.2737207000000126


================================================================================
=== twin network layers 2
test_risk
4.6021523
4.622618
4.6129303
4.6391497
4.610657
4.6137314
4.6213303
4.583556
test_wealth_with_price_abs_mean
1.2232908
1.2387979
1.2319225
1.2440543
1.2283837
1.2342405
1.2380179
1.2135212
test_wealth_with_price_variance
2.1813133
2.2231
2.198325
2.240878
2.1922855
2.205746
2.215774
2.1509297
price
0.97654533
0.97654533
0.97654533
0.97654533
0.97654533
0.97654533
0.97654533
0.97654533
train_time
0.2712491000000057
0.26545140000001766
0.2777408999999693
0.2637520000000677
0.2642609000000675
0.2678002000000106
0.2732068000000254
0.27108290000001034


================================================================================
=== delta network layers 2
test_risk
4.6559095
4.6592646
4.647168
4.657543
4.6556115
4.647756
4.6516395
4.6529937
test_wealth_with_price_abs_mean
1.2551936
1.26972
1.2489182
1.2583674
1.264384
1.2509301
1.2582178
1.24797
test_wealth_with_price_variance
2.271058
2.311859
2.2500875
2.2796102
2.2930858
2.256536
2.2728348
2.255788
price
0.97654533
0.97654533
0.97654533
0.97654533
0.97654533
0.97654533
0.97654533
0.97654533
train_time
0.2762433000000044
0.2654585999999881
0.2704540999999949
0.27487909999990734
0.2746918000000278
0.2846094000000221
0.27246279999997114
0.2766692000000148


================================================================================
=== value network layers 3
test_risk
3.4730337
3.9395769
4.1724215
4.3297668
3.7629933
3.4501657
4.136384
3.9167762
test_wealth_with_price_abs_mean
0.72787404
0.88644964
0.96854746
1.0370538
0.81473976
0.7172354
0.9594626
0.8690352
test_wealth_with_price_variance
0.99598545
1.3179829
1.5596817
1.7707928
1.1796066
0.9765101
1.5822132
1.3101355
price
0.97654533
0.97654533
0.97654533
0.97654533
0.97654533
0.97654533
0.97654533
0.97654533
train_time
0.8162577999999883
0.2684447999999975
0.27172780000000785
0.2671752999999626
0.2653338000000076
0.28123840000000655
0.2794953999999734
0.27531130000011217


================================================================================
=== twin network layers 3
test_risk
4.3458567
4.3412466
3.8807337
4.2322803
3.9053402
3.9942973
4.4304194
4.547835
test_wealth_with_price_abs_mean
1.0685116
1.0415672
0.86168194
1.0181888
0.85879683
0.8970801
1.1046829
1.1828328
test_wealth_with_price_variance
1.8217409
1.7970176
1.2644364
1.720249
1.2830518
1.3715504
1.9501227
2.0981662
price
0.97654533
0.97654533
0.97654533
0.97654533
0.97654533
0.97654533
0.97654533
0.97654533
train_time
0.26847579999997606
0.26786959999998317
0.2686272000000258
0.2665944999999965
0.2662231999998994
0.27078659999995125
0.2878648000000794
0.270962499999996


================================================================================
=== delta network layers 3
test_risk
4.6411524
4.556206
4.378664
4.564371
4.5904264
4.5889783
4.579119
4.6243277
test_wealth_with_price_abs_mean
1.2453109
1.189499
1.080211
1.1948426
1.2226936
1.2114376
1.2017535
1.2273059
test_wealth_with_price_variance
2.2466042
2.130208
1.843135
2.1281164
2.1859486
2.1623166
2.1479657
2.2062871
price
0.97654533
0.97654533
0.97654533
0.97654533
0.97654533
0.97654533
0.97654533
0.97654533
train_time
0.2675269000000071
0.27417019999995773
0.2715761000000043
0.2830312999999478
0.27296089999993
0.26899950000006356
0.2761053000001539
0.2700035000000298


================================================================================
=== value network layers 4
test_risk
3.2735934
3.5852327
3.3108292
3.3589964
3.5831254
3.6960888
3.4889855
3.290896
test_wealth_with_price_abs_mean
0.6698024
0.7746535
0.6724434
0.7081815
0.7741469
0.8011376
0.73304623
0.6853806
test_wealth_with_price_variance
0.9106943
1.0750409
0.90560615
0.9644647
1.0810204
1.1760218
1.0181681
0.9280062
price
0.97654533
0.97654533
0.97654533
0.97654533
0.97654533
0.97654533
0.97654533
0.97654533
train_time
0.2649453999999878
1.3748467000000346
0.26924730000001773
0.27040120000003753
0.2822965000000295
0.2784930999999915
0.27875440000002527
0.2797040000000379


================================================================================
=== twin network layers 4
test_risk
4.163648
3.5053368
3.518065
4.089272
3.3770916
4.013993
3.9399693
3.8418822
test_wealth_with_price_abs_mean
0.95587873
0.7610459
0.74149865
0.932495
0.74245393
0.905588
0.9140232
0.86114365
test_wealth_with_price_variance
1.6198777
1.0643101
1.0303271
1.5624802
1.0130157
1.4490767
1.3968127
1.2947713
price
0.97654533
0.97654533
0.97654533
0.97654533
0.97654533
0.97654533
0.97654533
0.97654533
train_time
0.27211269999997967
0.26540419999997766
0.275524100000041
0.27109530000007
0.26571469999998953
0.27118429999995897
0.2731593000000885
0.2692696999999953


================================================================================
=== delta network layers 4
test_risk
4.4983125
4.374098
4.489643
4.4709954
4.6127887
3.8985353
4.5449615
4.527736
test_wealth_with_price_abs_mean
1.113361
1.0759244
1.1332443
1.1002144
1.2310959
0.90631413
1.1917608
1.1499285
test_wealth_with_price_variance
1.9890012
1.8699455
1.9801389
1.9691305
2.218914
1.3462875
2.0987272
2.0431135
price
0.97654533
0.97654533
0.97654533
0.97654533
0.97654533
0.97654533
0.97654533
0.97654533
train_time
0.2698767999999916
0.26834209999998393
0.2721324999999979
0.26230610000004617
0.2666891000000078
0.2718027999999322
0.27542140000014115
0.2703973000000133


================================================================================
=== value network layers 5
test_risk
3.2927818
3.5693731
3.4177864
3.5368853
3.397554
3.3236897
3.3165467
3.3298323
test_wealth_with_price_abs_mean
0.6804286
0.757849
0.7172527
0.74453807
0.70255154
0.70580614
0.67247164
0.6756637
test_wealth_with_price_variance
0.94725204
1.0576102
0.975085
1.0293489
0.96033007
0.96464354
0.906821
0.9142572
price
0.97654533
0.97654533
0.97654533
0.97654533
0.97654533
0.97654533
0.97654533
0.97654533
train_time
0.2670478000000003
0.26649600000001783
0.26861930000001166
0.27052359999993314
0.2724717999999484
0.27881380000007994
0.2775444999999763
0.27759390000005624


================================================================================
=== twin network layers 5
test_risk
4.124012
3.2350705
3.4257753
3.2820058
4.051194
3.420954
3.522585
3.6201081
test_wealth_with_price_abs_mean
0.94408697
0.6622106
0.7284294
0.6641746
0.9120981
0.71303266
0.74097717
0.76536983
test_wealth_with_price_variance
1.5759282
0.9026755
0.99140996
0.90457714
1.5276841
0.97685856
1.0276943
1.0958153
price
0.97654533
0.97654533
0.97654533
0.97654533
0.97654533
0.97654533
0.97654533
0.97654533
train_time
0.26578010000000063
0.2664115000000038
0.2712166000000025
0.2947944999999663
0.26378699999997934
0.27000710000004347
0.27538060000006226
0.2772437999999511


================================================================================
=== delta network layers 5
test_risk
4.002377
4.3976293
4.5431056
4.4782333
4.021723
4.430191
4.438933
4.4606967
test_wealth_with_price_abs_mean
0.94866705
1.080788
1.1607165
1.1266245
0.96542996
1.0942156
1.0863358
1.1021159
test_wealth_with_price_variance
1.4798977
1.9107131
2.0719728
1.9989964
1.4904499
1.9273663
1.9250869
1.9396139
price
0.97654533
0.97654533
0.97654533
0.97654533
0.97654533
0.97654533
0.97654533
0.97654533
train_time
0.2680823999999973
0.26643580000001066
0.27577180000002954
0.26995820000001913
0.25935260000005655
3.7167010999999093
0.26829189999989467
0.2681385999999293


