================================================================================
=== continuous-time
train_risk
2.6901588
0.67732346
-1.1868588
3.7487993
9.889949
0.2094663
3.2162795
0.3156269
test_risk
2.6854515
0.6793958
-1.189734
3.7505052
9.882901
0.21107209
3.2352533
0.3182571
test_mean_value
0.00075771724
-0.0001466693
-0.0061281146
0.0054190625
0.009341359
0.00013578034
0.00017976029
0.000978477
test_mean_abs_value
2.018116
0.055832606
1.9767399
3.019321
6.141999
0.041255787
0.6619776
0.44074595
test_variance_value
6.9291444
0.010087621
6.00834
14.856142
55.92556
0.054922543
1.1331574
0.85993826
test_mean_costs
0.0
0.0
0.0
0.0
0.0
0.0
0.0
0.0
test_mean_abs_costs
0.0
0.0
0.0
0.0
0.0
0.0
0.0
0.0
test_variance_costs
0.0
0.0
0.0
0.0
0.0
0.0
0.0
0.0
test_mean_wealth
-1.7099489
-0.040093914
1.8050793
-2.5980246
-8.165099
-0.011482953
-0.4270297
0.2438751
test_mean_abs_wealth
1.7099489
0.07580805
1.8050793
2.5980246
8.165099
0.034558807
0.61189044
0.28091106
test_variance_wealth
0.17148983
0.039637078
0.088300884
0.25595248
0.3179153
0.011205335
0.86749244
0.06575015
test_wealth_with_price_abs_mean
0.3135534
0.068291165
0.22289205
0.38651386
0.3122391
0.030331481
0.46799964
0.1584167
test_wealth_with_price_variance
0.17148983
0.039637078
0.088300884
0.25595248
0.3179153
0.011205335
0.8674924
0.06575016
price
1.7094839
0.02750004
-1.7778352
2.5692697
8.101991
0.015961813
0.33584058
-0.24329677
train_time
2.6605977000000003
1.872190900000021
3.140234699999951
2.081115299999965
2.2656202000000576
4.4910783000000265
1.6924540999998499
1.7666952999998102


================================================================================
=== deep network
train_risk
2.5813978
0.54387164
-0.70856756
3.7961257
9.420837
0.22680455
3.292498
0.0001581938
test_risk
2.5804286
0.545205
-0.70361775
3.800964
9.422663
0.23271869
3.2835133
7.592806e-05
test_mean_value
0.00020057512
-0.00034715192
-0.008050836
0.0070956927
0.006791884
-3.3644378e-07
-0.0006732113
0.00031106084
test_mean_abs_value
1.9767041
0.22136106
2.1609838
2.8594046
5.6715884
0.00015706115
1.5963128
0.18582007
test_variance_value
6.6565423
0.08483436
7.3221426
13.5560465
48.617085
4.6372673e-08
4.294362
0.36038616
test_mean_costs
0.0
0.0
0.0
0.0
0.0
0.0
0.0
0.0
test_mean_abs_costs
0.0
0.0
0.0
0.0
0.0
0.0
0.0
0.0
test_variance_costs
0.0
0.0
0.0
0.0
0.0
0.0
0.0
0.0
test_mean_wealth
-1.710506
-0.040294394
1.8031566
-2.596348
-8.167649
-0.01161907
-0.42788267
0.2432077
test_mean_abs_wealth
1.710506
0.21578924
1.8189291
2.6410813
8.18872
0.0117726065
1.4410472
0.24352041
test_variance_wealth
0.20931032
0.081807874
0.5142816
0.6605845
1.5347385
0.06537083
3.2732477
0.3513894
test_wealth_with_price_abs_mean
0.8771484
0.5161568
1.1266675
1.2138864
1.2662765
0.2425795
2.885505
0.24359453
test_wealth_with_price_variance
0.20931032
0.081807874
0.5142815
0.6605845
1.5347385
0.065370835
3.2732475
0.35138938
price
2.5804286
0.545205
-0.70361775
3.800964
9.422663
0.23271869
3.2835133
7.592806e-05
train_time
89.71916
61.304420300000004
67.54617839999992
41.2979157000002
43.83846849999986
108.84086040000011
40.96847209999987
115.96612390000018


================================================================================
=== identity feature map
train_risk
2.6305761
0.5600149
-1.2217915
3.706527
9.475179
0.19756137
2.8098867
9.1256465e-05
test_risk
2.6263278
0.56126606
-1.2235824
3.7085187
9.476687
0.20108846
2.8202047
9.199137e-05
test_mean_value
0.0006460367
-0.00035829312
-0.006441296
0.005396246
0.008916012
0.000100913705
-0.0002907509
4.2692457e-07
test_mean_abs_value
2.0053566
0.18333639
2.0603774
2.939918
5.8333178
0.044828642
1.0752449
0.00018172471
test_variance_value
6.743284
0.06769951
6.5435653
14.045286
50.4646
0.052411832
2.219198
1.6249896e-07
test_mean_costs
0.0
0.0
0.0
0.0
0.0
0.0
0.0
0.0
test_mean_abs_costs
0.0
0.0
0.0
0.0
0.0
0.0
0.0
0.0
test_variance_costs
0.0
0.0
0.0
0.0
0.0
0.0
0.0
0.0
test_mean_wealth
-1.7100606
-0.040305536
1.8047662
-2.5980475
-8.1655245
-0.01151782
-0.42750022
0.24289705
test_mean_abs_wealth
1.7100606
0.17879736
1.8047662
2.5980475
8.1655245
0.038576588
0.8984925
0.24291058
test_variance_wealth
0.18539096
0.06675502
0.10847593
0.26649386
0.4074459
0.011997017
1.285741
0.92764455
test_wealth_with_price_abs_mean
0.92494977
0.5344144
0.58561164
1.1212174
1.3284328
0.19892769
2.4326377
0.2429911
test_wealth_with_price_variance
0.18539096
0.06675502
0.10847593
0.26649386
0.4074459
0.011997018
1.285741
0.92764455
price
2.6263278
0.56126606
-1.2235824
3.7085187
9.476687
0.20108846
2.8202047
9.199137e-05
train_time
5.536291300000002
5.730011300000001
4.53668719999996
5.136999199999991
4.328136699999959
10.498057599999811
2.999413199999708
7.314656399999876


================================================================================
=== deep memory network
train_risk
2.579813
0.4989727
-1.2778438
3.736298
9.256584
0.2274305
2.2528615
0.00014782583
test_risk
2.5793998
0.5024326
-1.2795613
3.7440977
9.260703
0.23335183
2.2469418
0.000351134
test_mean_value
0.00017219242
0.00021012273
-0.0060091517
0.0070309606
0.006773257
1.2388028e-06
-0.0015776297
0.00059891737
test_mean_abs_value
1.976482
0.22100602
2.0172875
2.9007795
5.693414
0.00044291833
1.293949
0.21289805
test_variance_value
6.6603527
0.096223935
6.269456
13.849904
48.773323
4.1806746e-07
3.0644412
0.44082066
test_mean_costs
0.0
0.0
0.0
0.0
0.0
0.0
0.0
0.0
test_mean_abs_costs
0.0
0.0
0.0
0.0
0.0
0.0
0.0
0.0
test_variance_costs
0.0
0.0
0.0
0.0
0.0
0.0
0.0
0.0
test_mean_wealth
-1.7105345
-0.03973712
1.8051983
-2.5964127
-8.167667
-0.011617495
-0.42878708
0.24349554
test_mean_abs_wealth
1.7105345
0.21066456
1.8057675
2.6280081
8.181616
0.0120498035
1.1022564
0.24390718
test_variance_wealth
0.21043271
0.08538337
0.31633753
0.5431884
1.0593835
0.06534351
1.9691625
0.3114208
test_wealth_with_price_abs_mean
0.87607354
0.47288513
0.5292513
1.1570196
1.1027707
0.24320163
1.8429713
0.24424958
test_wealth_with_price_variance
0.21043271
0.08538337
0.31633753
0.5431884
1.0593835
0.06534351
1.9691625
0.31142083
price
2.5793998
0.5024326
-1.2795613
3.7440977
9.260703
0.23335183
2.2469418
0.000351134
train_time
129.7572667
100.18592489999992
187.18037319999996
91.94200039999987
131.8545865000001
180.9695926999998
152.0553307
148.15227060000007


================================================================================
=== lstm
train_risk
2.5481527
0.46728662
-1.3176918
3.6258047
9.136817
0.5200877
2.156571
-0.0060715564
test_risk
2.550495
0.47263142
-1.3160706
3.6377606
9.145161
0.52597994
2.1594427
-0.0052258098
test_mean_value
0.00023189625
0.00013018477
-0.00566655
0.007897795
0.007893394
4.29833e-05
-0.0012220335
0.0008734051
test_mean_abs_value
1.9612428
0.23834158
2.0203629
2.8954508
5.693201
0.1189929
1.3426032
0.21628836
test_variance_value
6.5339503
0.11513927
6.2828603
13.833254
48.974545
0.022279086
3.3298182
0.4549497
test_mean_costs
0.0
0.0
0.0
0.0
0.0
0.0
0.0
0.0
test_mean_abs_costs
0.0
0.0
0.0
0.0
0.0
0.0
0.0
0.0
test_variance_costs
0.0
0.0
0.0
0.0
0.0
0.0
0.0
0.0
test_mean_wealth
-1.7104747
-0.039817058
1.8055409
-2.595546
-8.166548
-0.01157575
-0.4284315
0.24377003
test_mean_abs_wealth
1.710475
0.224348
1.8060673
2.6229048
8.178425
0.1302072
1.146832
0.24440737
test_variance_wealth
0.25072932
0.09794512
0.4129947
0.5697098
0.99261206
0.08800672
2.2378683
0.3057015
test_wealth_with_price_abs_mean
0.84752303
0.4424701
0.49363786
1.0513769
0.9904775
0.5340826
1.756652
0.23926489
test_wealth_with_price_variance
0.25072932
0.09794512
0.4129947
0.5697098
0.99261206
0.08800672
2.2378683
0.30570146
price
2.550495
0.47263142
-1.3160706
3.6377606
9.145161
0.52597994
2.1594427
-0.0052258098
train_time
130.54399949999998
118.32166089999998
108.22472720000019
123.29505089999998
139.63181540000005
93.04065440000022
188.81073809999998
190.79328280000027


