================================================================================
=== continuous-time
train_risk
3.4279308
3.4208858
3.7718232
3.403391
3.3965337
3.8784037
3.805947
3.9004762
test_risk
3.438242
3.4176738
3.7603745
3.3860013
3.3950133
3.8950412
3.8047044
3.8715358
test_mean_value
-0.0005633761
0.0020720183
-0.002019911
0.0017244034
0.007535878
0.009182723
0.003621073
0.004101755
test_mean_abs_value
0.8679834
0.8964536
1.6474123
1.1960492
0.93118846
1.7145058
1.6726414
1.7076684
test_variance_value
1.2395372
1.3035232
4.1465735
2.1879487
1.3718681
4.5761566
4.3100505
4.535218
test_mean_costs
0.0
0.0
0.0
0.0
0.0
0.0
0.0
0.0
test_mean_abs_costs
0.0
0.0
0.0
0.0
0.0
0.0
0.0
0.0
test_variance_costs
0.0
0.0
0.0
0.0
0.0
0.0
0.0
0.0
test_mean_wealth
-1.5432018
-1.5437167
-1.5455072
-1.542896
-1.5441824
-1.5416085
-1.5458062
-1.5411855
test_mean_abs_wealth
1.577348
1.5779511
1.6015263
1.5791229
1.5779612
1.6118754
1.6058455
1.609961
test_variance_wealth
0.52458936
0.5088186
0.6994253
0.49101496
0.4973391
0.82038236
0.73175025
0.8097087
test_wealth_with_price_abs_mean
0.45179352
0.44006664
0.46254385
0.41399822
0.4324029
0.48945642
0.47108278
0.4875876
test_wealth_with_price_variance
0.52458936
0.5088186
0.6994253
0.49101496
0.4973391
0.82038236
0.73175025
0.8097087
price
1.5021892
1.5021892
1.5021892
1.5021925
1.5021932
1.5021892
1.5021892
1.5021892
train_time
2.0440609999999992
1.8558782000000065
1.5734778999999435
2.1932914000001347
2.1897140999999465
3.2467172000001483
2.6272126999997454
2.4684211000003415


================================================================================
=== deep network
train_risk
2.64866
2.619617
2.6729243
2.522825
2.638927
2.7053409
2.6787016
2.6964622
test_risk
2.653577
2.619757
2.6741972
2.5281157
2.6395502
2.7095592
2.6809177
2.6969569
test_mean_value
-0.0011762282
0.003540254
-0.0005357052
-0.00036147167
0.0058225156
0.006631862
0.0029603103
0.003657565
test_mean_abs_value
0.88288486
0.91744494
1.9833653
1.3858973
0.96984893
2.0150037
1.9924059
2.0206032
test_variance_value
1.1642485
1.2704338
6.058551
2.815356
1.391613
6.2493067
6.0956497
6.264093
test_mean_costs
0.0
0.0
0.0
0.0
0.0
0.0
0.0
0.0
test_mean_abs_costs
0.0
0.0
0.0
0.0
0.0
0.0
0.0
0.0
test_variance_costs
0.0
0.0
0.0
0.0
0.0
0.0
0.0
0.0
test_mean_wealth
-1.5438147
-1.5422484
-1.5440229
-1.544982
-1.5458958
-1.5441593
-1.546467
-1.5416298
test_mean_abs_wealth
1.8154954
1.8161079
1.9523153
1.8905911
1.8306924
1.979263
1.9517235
1.9684486
test_variance_wealth
1.1452546
1.1329191
2.0797222
1.3516676
1.1632024
2.3412058
2.0774817
2.254857
test_wealth_with_price_abs_mean
0.6747631
0.6551283
0.7170282
0.6620241
0.654906
0.7391473
0.71534795
0.73129946
test_wealth_with_price_variance
1.1452546
1.1329191
2.0797222
1.3516676
1.1632024
2.3412058
2.0774817
2.254857
price
1.5021892
1.5021892
1.5021892
1.5021925
1.5021932
1.5021892
1.5021892
1.5021892
train_time
78.2433902
93.37635990000007
76.74515840000004
65.76736770000002
69.16868829999999
66.25637349999988
68.45525729999963
96.59066570000005


================================================================================
=== identity feature map
train_risk
3.21074
3.331045
3.248886
3.0583494
3.3747964
3.3385959
3.2846832
3.4570105
test_risk
3.2159529
3.330476
3.2427287
3.0550466
3.3802474
3.3593426
3.2818532
3.4336665
test_mean_value
-0.00061683793
0.0015259089
-0.0010563157
0.0020325163
0.0069923713
0.008885886
0.004835833
0.004970968
test_mean_abs_value
0.8612349
0.95873964
1.960538
1.3408912
1.0045067
2.018598
1.9562993
2.005455
test_variance_value
1.1569391
1.423231
5.5771713
2.6968827
1.549895
5.9785476
5.5911264
5.9173
test_mean_costs
0.0
0.0
0.0
0.0
0.0
0.0
0.0
0.0
test_mean_abs_costs
0.0
0.0
0.0
0.0
0.0
0.0
0.0
0.0
test_variance_costs
0.0
0.0
0.0
0.0
0.0
0.0
0.0
0.0
test_mean_wealth
-1.5432553
-1.5442628
-1.5445435
-1.542588
-1.5447259
-1.5419053
-1.5445914
-1.5403163
test_mean_abs_wealth
1.5994657
1.5845375
1.6461743
1.5956497
1.584228
1.6619184
1.6457449
1.6635923
test_variance_wealth
0.64594966
0.6000646
0.8352569
0.55279326
0.621842
0.95841014
0.83692104
1.0032976
test_wealth_with_price_abs_mean
0.57694066
0.5468929
0.6132991
0.51352084
0.55982983
0.64787847
0.6097823
0.67082596
test_wealth_with_price_variance
0.64594966
0.6000646
0.8352569
0.55279326
0.621842
0.95841014
0.83692104
1.0032976
price
1.5021892
1.5021892
1.5021892
1.5021925
1.5021932
1.5021892
1.5021892
1.5021892
train_time
3.859492099999997
3.5343791000000238
7.141282799999999
5.418998799999827
4.180286199999955
6.7666048999999475
4.400207499999851
4.635924900000191


================================================================================
=== deep memory network
train_risk
2.629297
2.6503546
2.6611803
2.5112872
2.5957837
2.692753
2.6725247
2.69297
test_risk
2.6347344
2.649716
2.663664
2.5194898
2.5974832
2.6987147
2.6743174
2.6931067
test_mean_value
8.857143e-05
0.0037164001
-0.00040984555
-0.00063565065
0.0053014155
0.0076059755
0.0033328158
0.0035579314
test_mean_abs_value
0.88059276
0.906256
1.971907
1.3791986
0.95350385
2.0048535
1.9844015
2.0174415
test_variance_value
1.1799943
1.2475786
5.9492893
2.8002744
1.346653
6.1685147
6.0165353
6.237625
test_mean_costs
0.0
0.0
0.0
0.0
0.0
0.0
0.0
0.0
test_mean_abs_costs
0.0
0.0
0.0
0.0
0.0
0.0
0.0
0.0
test_variance_costs
0.0
0.0
0.0
0.0
0.0
0.0
0.0
0.0
test_mean_wealth
-1.5425498
-1.5420723
-1.543897
-1.5452561
-1.5464169
-1.5431852
-1.5460944
-1.5417293
test_mean_abs_wealth
1.7999839
1.8264803
1.9294235
1.8813791
1.8155057
1.9611104
1.9385116
1.9670757
test_variance_wealth
1.1126028
1.1776415
1.9163411
1.3157628
1.1000664
2.2157795
1.9796551
2.2441254
test_wealth_with_price_abs_mean
0.660106
0.67387617
0.7020327
0.65378934
0.63880175
0.72652394
0.7060903
0.73119664
test_wealth_with_price_variance
1.1126028
1.1776415
1.9163411
1.3157628
1.1000664
2.2157795
1.9796551
2.2441254
price
1.5021892
1.5021892
1.5021892
1.5021925
1.5021932
1.5021892
1.5021892
1.5021892
train_time
122.89739989999998
94.01022840000007
126.86860360000003
106.96115050000003
116.35688960000016
111.31824920000008
112.80693999999994
151.1529416999997


================================================================================
=== lstm
train_risk
2.600004
2.5729864
2.639511
2.4664953
2.5863016
2.6308613
2.6714835
2.6441765
test_risk
2.611552
2.5761178
2.6445644
2.4758432
2.58603
2.6406028
2.6741786
2.6435616
test_mean_value
0.00022153095
0.00340721
-0.0018516501
-0.0009915603
0.005745936
0.0077000465
0.004392613
0.005447918
test_mean_abs_value
0.8608611
0.89810836
1.9583813
1.357857
0.92667097
1.969912
1.9936932
1.9676378
test_variance_value
1.1979748
1.2734687
5.9458857
2.7483096
1.2955431
6.117576
6.131937
6.158553
test_mean_costs
0.0
0.0
0.0
0.0
0.0
0.0
0.0
0.0
test_mean_abs_costs
0.0
0.0
0.0
0.0
0.0
0.0
0.0
0.0
test_variance_costs
0.0
0.0
0.0
0.0
0.0
0.0
0.0
0.0
test_mean_wealth
-1.5424169
-1.5423814
-1.5453389
-1.545612
-1.5459723
-1.5430912
-1.5450346
-1.5398394
test_mean_abs_wealth
1.7553614
1.7627636
1.8950006
1.8161592
1.7629658
1.9002514
1.8840361
1.8973751
test_variance_wealth
0.99986744
0.9886136
1.7484972
1.1044384
0.95024836
1.9706252
1.6920536
1.9851795
test_wealth_with_price_abs_mean
0.62588257
0.6104318
0.6909712
0.59935415
0.5977282
0.71024024
0.6716607
0.71789646
test_wealth_with_price_variance
0.99986744
0.9886136
1.7484972
1.1044384
0.95024836
1.9706252
1.6920536
1.9851795
price
1.5021892
1.5021892
1.5021892
1.5021925
1.5021932
1.5021892
1.5021892
1.5021892
train_time
125.18399269999998
144.35333300000002
81.9370649
120.61552740000002
79.46737989999997
150.38083740000002
75.4916562000003
160.71965199999977


