================================================================================
=== continuous-time
train_risk
9.776179
5.34883
8.411866
19.172234
19.214994
6.9181156
13.177985
14.496465
test_risk
9.788989
5.3390756
8.445815
19.161158
19.213318
6.953812
13.212263
14.549046
test_mean_value
-0.02272898
0.020611797
0.022028204
-0.015921427
-0.007154554
0.019142825
0.022578519
-0.01421891
test_mean_abs_value
5.3731685
3.7205462
4.5115085
6.559154
10.198588
3.519095
8.762102
5.8137255
test_variance_value
44.46065
26.491037
33.169903
73.13016
164.72351
22.676367
138.05096
62.516968
test_mean_costs
0.0
0.0
0.0
0.0
0.0
0.0
0.0
0.0
test_mean_abs_costs
0.0
0.0
0.0
0.0
0.0
0.0
0.0
0.0
test_variance_costs
0.0
0.0
0.0
0.0
0.0
0.0
0.0
0.0
test_mean_wealth
-4.318972
-3.0998275
-4.726828
-14.506904
-13.814161
-2.9616587
-6.0557013
-9.390552
test_mean_abs_wealth
4.4233494
3.0999277
4.7361355
14.506988
13.81462
3.0078907
6.1811185
9.409752
test_variance_wealth
5.894154
0.8089173
2.4002528
3.753739
5.275946
2.3588176
10.446571
5.5880365
test_wealth_with_price_abs_mean
1.8340008
0.67369235
1.1076521
1.4357492
1.6930201
1.0846113
2.505303
1.5828509
test_wealth_with_price_variance
5.894154
0.8089173
2.4002528
3.753739
5.275946
2.3588176
10.446571
5.5880365
price
4.5384836
3.097333
4.794398
14.43437
13.397912
2.953536
6.6983004
9.413158
train_time
3.311115700000016
3.9272247999999763
4.7521130000000085
7.5588776000004145
4.629021199999897
2.5147803000004387
2.877807400000165
3.1326374000000214


================================================================================
=== deep network
train_risk
9.362329
5.259032
7.8208847
19.379723
19.133986
7.364954
12.4486475
13.31079
test_risk
9.381347
5.24976
7.8560524
19.44352
19.212479
7.3986683
12.514258
13.3120365
test_mean_value
-0.017892651
0.021899216
0.024312468
-0.013013079
-0.0056731813
0.014168335
0.021884035
-0.012733628
test_mean_abs_value
4.620282
3.8700545
4.1454053
7.040332
10.325791
4.131152
10.036622
5.1103578
test_variance_value
33.55792
27.959698
28.67992
80.14605
165.51826
27.485146
171.22098
48.224903
test_mean_costs
0.0
0.0
0.0
0.0
0.0
0.0
0.0
0.0
test_mean_abs_costs
0.0
0.0
0.0
0.0
0.0
0.0
0.0
0.0
test_variance_costs
0.0
0.0
0.0
0.0
0.0
0.0
0.0
0.0
test_mean_wealth
-4.314136
-3.0985403
-4.7245436
-14.503995
-13.81268
-2.9666333
-6.0563955
-9.389067
test_mean_abs_wealth
4.528281
3.100701
4.8001275
14.504148
13.87533
3.7438698
7.5139356
9.467906
test_variance_wealth
7.861808
1.101953
4.3944006
6.666707
16.15099
8.475376
30.961031
9.329244
test_wealth_with_price_abs_mean
5.1069565
2.178245
3.1587074
4.982991
5.4299955
4.485639
6.4896083
3.9485838
test_wealth_with_price_variance
7.861808
1.101953
4.3944006
6.666707
16.15099
8.475376
30.961031
9.329244
price
9.381347
5.24976
7.8560524
19.44352
19.212479
7.3986683
12.514258
13.3120365
train_time
65.84219969999998
86.6511675999999
73.4002997
115.31797200000028
85.15613629999962
42.023582299999816
118.66810559999976
86.84795380000014


================================================================================
=== identity feature map
train_risk
9.5115595
5.25041
7.7557597
18.81454
18.549784
6.37852
12.470042
13.175636
test_risk
9.518116
5.2434177
7.792864
18.826221
18.566675
6.4031157
12.501568
13.210543
test_mean_value
-0.023537816
0.021262525
0.022847606
-0.0167743
-0.008718871
0.018001618
0.022152767
-0.013837657
test_mean_abs_value
4.9397707
3.8293307
4.2506466
6.795117
9.899821
3.751977
8.818137
5.3654523
test_variance_value
38.305843
27.562607
29.850729
77.05918
154.87563
24.160835
136.99849
54.558178
test_mean_costs
0.0
0.0
0.0
0.0
0.0
0.0
0.0
0.0
test_mean_abs_costs
0.0
0.0
0.0
0.0
0.0
0.0
0.0
0.0
test_variance_costs
0.0
0.0
0.0
0.0
0.0
0.0
0.0
0.0
test_mean_wealth
-4.319781
-3.099177
-4.7260084
-14.507756
-13.815726
-2.9628
-6.0561266
-9.390171
test_mean_abs_wealth
4.4576416
3.0995777
4.745322
14.507756
13.81593
3.0768602
6.1836615
9.417593
test_variance_wealth
6.6526527
0.919504
2.9847927
3.7162802
5.526813
2.799701
10.331966
5.996323
test_wealth_with_price_abs_mean
5.245019
2.1663182
3.09689
4.360511
4.797997
3.479756
6.5030956
3.8540008
test_wealth_with_price_variance
6.6526527
0.919504
2.9847927
3.7162802
5.526813
2.799701
10.331966
5.996323
price
9.518116
5.2434177
7.792864
18.826221
18.566675
6.4031157
12.501568
13.210543
train_time
4.638241500000021
6.605932699999926
9.60810020000008
10.92732870000009
7.827881499999876
9.026518199999828
4.77547820000018
9.021590199999991


================================================================================
=== deep memory network
train_risk
9.304211
5.258604
7.8053885
19.510649
18.781452
6.6554093
12.412336
13.112892
test_risk
9.336452
5.2528777
7.84584
19.565098
18.850584
6.7369456
12.4818
13.125895
test_mean_value
-0.019549567
0.02194197
0.024488753
-0.01401618
-0.004558606
0.01219016
0.021386163
-0.013013877
test_mean_abs_value
4.5859814
3.8723354
4.159827
7.0171814
10.309129
4.0136404
10.02144
5.168116
test_variance_value
33.048294
27.982353
28.806187
79.42883
165.34096
27.252878
170.6834
49.46207
test_mean_costs
0.0
0.0
0.0
0.0
0.0
0.0
0.0
0.0
test_mean_abs_costs
0.0
0.0
0.0
0.0
0.0
0.0
0.0
0.0
test_variance_costs
0.0
0.0
0.0
0.0
0.0
0.0
0.0
0.0
test_mean_wealth
-4.3157926
-3.0984974
-4.7243676
-14.504998
-13.811565
-2.9686115
-6.0568933
-9.389347
test_mean_abs_wealth
4.534294
3.1007955
4.797857
14.505117
13.852102
3.4669902
7.47803
9.4636
test_variance_wealth
7.892227
1.1089953
4.3339696
6.782984
13.126198
6.0361986
30.333172
8.809439
test_wealth_with_price_abs_mean
5.059018
2.1812332
3.1488926
5.1035037
5.0685906
3.8055308
6.4572096
3.7614424
test_wealth_with_price_variance
7.892227
1.1089953
4.3339696
6.782984
13.126198
6.0361986
30.333172
8.809439
price
9.336452
5.2528777
7.84584
19.565098
18.850584
6.7369456
12.4818
13.125895
train_time
91.67994820000001
134.6745909
108.66668269999991
108.54926260000002
169.78220720000036
131.6881211
185.66155600000002
186.0769874000007


================================================================================
=== lstm
train_risk
9.136981
5.1538696
7.6959963
18.802496
18.097689
6.284183
12.218089
12.765122
test_risk
9.207055
5.1703725
7.756882
18.881432
18.162823
6.3728642
12.304281
12.804552
test_mean_value
-0.021300735
0.022106897
0.024109341
-0.017701402
-0.006560793
0.014285429
0.023297677
-0.01412128
test_mean_abs_value
4.721268
3.9195964
4.179534
6.952609
10.131793
4.0038095
9.9456415
5.151961
test_variance_value
35.166595
28.575806
29.170223
78.90891
160.41179
27.403988
167.30484
49.856934
test_mean_costs
0.0
0.0
0.0
0.0
0.0
0.0
0.0
0.0
test_mean_abs_costs
0.0
0.0
0.0
0.0
0.0
0.0
0.0
0.0
test_variance_costs
0.0
0.0
0.0
0.0
0.0
0.0
0.0
0.0
test_mean_wealth
-4.317544
-3.0983324
-4.7247467
-14.508683
-13.813568
-2.966516
-6.0549817
-9.390454
test_mean_abs_wealth
4.537155
3.1041005
4.796118
14.509114
13.839213
3.4199367
7.3012037
9.459852
test_variance_wealth
7.6532216
1.1829318
4.305045
6.0839095
10.671558
5.3876886
27.483812
8.303648
test_wealth_with_price_abs_mean
4.9289117
2.095148
3.0595725
4.4081125
4.377897
3.4400325
6.2856874
3.4378412
test_wealth_with_price_variance
7.6532216
1.1829318
4.305045
6.0839095
10.671558
5.3876886
27.483812
8.303648
price
9.207055
5.1703725
7.756882
18.881432
18.162823
6.3728642
12.304281
12.804552
train_time
157.292147
217.8332714999999
144.1906196
240.35403700000006
199.64803940000002
151.52427599999965
148.87958179999987
231.02667099999962


