================================================================================
=== continuous-time
train_risk
26.98374
-4.5806036
17.039164
18.781908
32.363827
8.21711
12.30323
17.618742
test_risk
26.989965
-4.5750504
17.082327
18.755749
32.367035
8.210355
12.356139
17.565102
test_mean_value
0.025393289
0.011074616
0.022561312
-0.016613755
0.046983182
-0.005277632
-0.0031011503
0.006856825
test_mean_abs_value
12.951372
8.859832
6.9737887
7.445361
12.524338
6.209782
5.1269097
7.87134
test_variance_value
275.0022
132.89104
76.89926
90.28881
245.27298
70.17168
47.241146
99.09054
test_mean_costs
0.0
0.0
0.0
0.0
0.0
0.0
0.0
0.0
test_mean_abs_costs
0.0
0.0
0.0
0.0
0.0
0.0
0.0
0.0
test_variance_costs
0.0
0.0
0.0
0.0
0.0
0.0
0.0
0.0
test_mean_wealth
-18.92254
8.23232
-12.04009
-11.593328
-25.422884
-1.1962782
-6.354023
-11.097909
test_mean_abs_wealth
18.922934
8.232612
12.040154
11.605716
25.422884
2.5337615
6.426604
11.106991
test_variance_wealth
13.303212
2.6972065
5.5853004
11.291836
10.485141
9.9662075
7.1068397
9.268908
test_wealth_with_price_abs_mean
2.824051
1.2966905
1.8188444
2.6045861
2.5324395
2.2743595
1.9779422
2.2825813
test_wealth_with_price_variance
13.303212
2.6972065
5.5853004
11.291836
10.485141
9.9662075
7.1068397
9.268908
price
19.618177
-8.014049
12.18092
12.309682
24.758919
1.2817149
6.7923474
11.482962
train_time
6.087774700000011
3.0045881999999438
4.358225599999969
4.5316264000002775
5.020052400000168
4.919896999999764
5.830617899999197
4.861837499999638


================================================================================
=== deep network
train_risk
29.42691
-2.3391697
19.23647
21.709694
34.053757
8.502808
12.546744
17.425156
test_risk
29.734032
-2.2405212
19.442316
21.964327
34.315228
8.636146
12.641537
17.564747
test_mean_value
0.04410093
0.014879846
0.025321404
-0.024547847
0.03968392
-0.017269515
-0.011475875
-0.009099021
test_mean_abs_value
12.2706785
8.842648
6.2003627
7.556557
11.709976
5.452942
5.3299966
7.093513
test_variance_value
248.08125
131.45259
60.774296
89.34314
214.96167
54.66598
48.827263
81.930305
test_mean_costs
0.0
0.0
0.0
0.0
0.0
0.0
0.0
0.0
test_mean_abs_costs
0.0
0.0
0.0
0.0
0.0
0.0
0.0
0.0
test_variance_costs
0.0
0.0
0.0
0.0
0.0
0.0
0.0
0.0
test_mean_wealth
-18.903833
8.236125
-12.03733
-11.601263
-25.430182
-1.2082702
-6.362398
-11.113865
test_mean_abs_wealth
18.911629
8.272017
12.05689
11.689387
25.439322
3.8857195
6.8093815
11.147154
test_variance_wealth
30.797695
7.123343
14.697169
28.052996
30.229427
21.418444
15.775662
15.254047
test_wealth_with_price_abs_mean
10.910995
6.0730515
7.470775
10.439926
8.93817
7.4927125
6.320717
6.489134
test_wealth_with_price_variance
30.797695
7.1233425
14.697169
28.052996
30.229427
21.418444
15.775662
15.254047
price
29.734032
-2.2405212
19.442316
21.964327
34.315228
8.636146
12.641537
17.564747
train_time
72.55168559999998
61.65298289999987
99.20034739999983
103.88016200000038
157.5501489000003
74.5703569999996
97.42889269999978
99.98221699999976


================================================================================
=== identity feature map
train_risk
26.528217
-4.696028
16.785477
18.213696
31.73241
6.7033677
11.54146
16.668116
test_risk
26.554121
-4.6742234
16.824282
18.236147
31.781977
6.6761856
11.5994835
16.682087
test_mean_value
0.0302152
0.011182005
0.02301325
-0.020157339
0.04639851
-0.008885596
-0.005604791
0.0031228047
test_mean_abs_value
12.627234
8.787694
6.672382
6.97768
11.965752
5.6238832
4.9857655
7.2912507
test_variance_value
261.47348
131.27919
70.20373
79.19293
224.11
57.205276
44.095123
86.145004
test_mean_costs
0.0
0.0
0.0
0.0
0.0
0.0
0.0
0.0
test_mean_abs_costs
0.0
0.0
0.0
0.0
0.0
0.0
0.0
0.0
test_variance_costs
0.0
0.0
0.0
0.0
0.0
0.0
0.0
0.0
test_mean_wealth
-18.917719
8.232428
-12.039638
-11.596872
-25.423468
-1.1998862
-6.356527
-11.101644
test_mean_abs_wealth
18.917719
8.232613
12.039674
11.601631
25.423468
2.8344977
6.426217
11.108629
test_variance_wealth
12.990753
2.7311215
5.4070206
10.912462
10.392035
10.886289
7.067883
9.441924
test_wealth_with_price_abs_mean
7.704799
3.588573
4.8259206
6.693324
6.4098625
5.519372
5.2911377
5.6233206
test_wealth_with_price_variance
12.990753
2.7311215
5.4070206
10.912462
10.392035
10.886289
7.067883
9.441924
price
26.554121
-4.6742234
16.824282
18.236147
31.781977
6.6761856
11.5994835
16.682087
train_time
7.447877000000005
13.72673349999991
10.3838496999997
9.087847700000111
20.733384699999988
9.58861059999981
16.73495769999954
22.969448800000464


================================================================================
=== deep memory network
train_risk
29.3291
-2.4956517
18.551641
22.056385
33.691395
7.9759097
12.5344715
17.466946
test_risk
29.647823
-2.3802629
18.751057
22.23323
33.943897
8.203509
12.636411
17.622095
test_mean_value
0.046517666
0.016226457
0.020862104
-0.027243026
0.03650666
-0.017917125
-0.011316668
-0.008314714
test_mean_abs_value
12.277634
8.855628
6.210876
7.4657874
11.717095
5.555187
5.3210506
7.11473
test_variance_value
248.202
131.47673
60.784687
87.59814
215.17267
56.82207
48.771175
82.37458
test_mean_costs
0.0
0.0
0.0
0.0
0.0
0.0
0.0
0.0
test_mean_abs_costs
0.0
0.0
0.0
0.0
0.0
0.0
0.0
0.0
test_variance_costs
0.0
0.0
0.0
0.0
0.0
0.0
0.0
0.0
test_mean_wealth
-18.901417
8.237472
-12.041789
-11.603958
-25.43336
-1.2089177
-6.362239
-11.113081
test_mean_abs_wealth
18.908968
8.267274
12.0703745
11.698013
25.436249
3.7262545
6.807812
11.147682
test_variance_wealth
30.447369
7.1438136
14.021822
29.329754
25.651491
19.696789
15.692084
15.488457
test_wealth_with_price_abs_mean
10.827865
5.928205
6.7642574
10.705935
8.56463
7.054332
6.3156543
6.5479646
test_wealth_with_price_variance
30.447369
7.143814
14.021822
29.329754
25.651491
19.696789
15.692084
15.488457
price
29.647823
-2.3802629
18.751057
22.23323
33.943897
8.203509
12.636411
17.622095
train_time
206.4849711
93.95617919999995
159.4761156999998
79.30885649999982
193.2767816000005
288.6115414999995
133.78044189999946
122.8217937999998


================================================================================
=== lstm
train_risk
27.87243
-3.4393594
18.067831
19.61963
33.39291
7.35027
11.91006
17.187975
test_risk
28.077906
-3.3275712
18.255775
19.937803
33.57704
7.502165
12.066406
17.322527
test_mean_value
0.031328905
0.015847474
0.0313407
-0.026330834
0.031071706
-0.020350557
-0.011107342
-0.005649426
test_mean_abs_value
12.328014
8.765755
6.2983985
7.2270894
11.765022
5.578391
5.1880627
7.116855
test_variance_value
249.2701
130.02722
62.4819
84.18307
216.42107
57.320663
46.52893
82.527725
test_mean_costs
0.0
0.0
0.0
0.0
0.0
0.0
0.0
0.0
test_mean_abs_costs
0.0
0.0
0.0
0.0
0.0
0.0
0.0
0.0
test_variance_costs
0.0
0.0
0.0
0.0
0.0
0.0
0.0
0.0
test_mean_wealth
-18.916605
8.237093
-12.03131
-11.603045
-25.438795
-1.2113512
-6.3620296
-11.110415
test_mean_abs_wealth
18.919203
8.251163
12.055234
11.656713
25.441187
3.721429
6.6503143
11.13895
test_variance_wealth
22.690508
5.6307006
12.588573
19.386366
22.922413
19.091597
11.893858
14.368763
test_wealth_with_price_abs_mean
9.232853
4.9634933
6.2753706
8.403683
8.1920185
6.3330584
5.7500567
6.2487645
test_wealth_with_price_variance
22.690508
5.630701
12.588573
19.386366
22.922413
19.091597
11.893858
14.368763
price
28.077906
-3.3275712
18.255775
19.937803
33.57704
7.502165
12.066406
17.322527
train_time
175.5456432000001
152.86802720000014
128.9689410000001
206.36759549999988
129.53094679999958
261.26062660000025
272.7371825
268.68320119999953


