================================================================================
=== payoff network
train_time
21.600666
35.39126390000001
34.07761450000001
35.20031929999999
35.244254900000044
34.76828950000004
36.921182000000044
40.28077570000005
33.47971049999978
45.095053999999436
42.34461750000082
44.848210300000574
41.28478769999856
37.94500610000068
41.694270300000426
37.56782729999941


================================================================================
=== twin network
train_time
27.5279071
42.28484449999999
43.4943265
43.959215400000005
45.96492910000006
43.714585000000056
44.703339500000084
53.11183530000005
45.67906890000086
50.86535820000063
47.958550400000604
50.56435489999967
50.32622110000011
55.65739070000018
53.486975699999675
48.72663189999912


================================================================================
=== adjoint network
train_time
31.067946400000004
29.75163619999998
29.69054920000002
31.79903139999999
30.59931819999997
30.25346939999997
35.69683280000004
38.99315480000007
38.097045100001196
36.55183340000076
41.463428199998816
36.877747000000454
36.68121820000124
33.02559229999861
35.45784019999883
33.633389599999646


================================================================================
=== continuous-time
train_risk
4.8749413
4.4073844
4.592009
4.4305787
4.590754
4.6939793
4.765081
4.5583377
4.735885
4.7492156
4.6416974
4.7134404
4.663676
4.7226024
4.6523223
4.551389
test_risk
4.880337
4.499816
4.5891433
4.508062
4.5484943
4.725519
4.784592
4.568267
4.765929
4.719495
4.626379
4.6735983
4.7388616
4.6654863
4.580615
4.629015
test_mean_value
-0.009154878
-0.003013232
-0.0034445394
-0.0021578511
-0.0006590402
-0.0034264415
-0.0053163776
-0.0035902387
-0.0037792893
-0.0008673684
-0.0027224924
-0.0038453254
-0.0048605865
-0.00395328
-0.0022411908
-0.0073695006
test_mean_abs_value
1.387243
1.1576182
1.1479504
1.2177563
1.2390646
1.35256
1.2006395
1.2793218
1.2745761
1.3775836
1.2122008
1.2112399
1.2901742
1.2177155
1.2091386
1.2311895
test_variance_value
2.9453437
2.0822365
2.0295362
2.2975142
2.3676794
2.777191
2.2339053
2.5283227
2.4947248
2.881082
2.2388685
2.2749734
2.5336542
2.288996
2.2891078
2.31417
test_mean_costs
0.0
0.0
0.0
0.0
0.0
0.0
0.0
0.0
0.0
0.0
0.0
0.0
0.0
0.0
0.0
0.0
test_mean_abs_costs
0.0
0.0
0.0
0.0
0.0
0.0
0.0
0.0
0.0
0.0
0.0
0.0
0.0
0.0
0.0
0.0
test_variance_costs
0.0
0.0
0.0
0.0
0.0
0.0
0.0
0.0
0.0
0.0
0.0
0.0
0.0
0.0
0.0
0.0
test_mean_wealth
-3.1862051
-2.8809438
-3.0515137
-2.783546
-2.8660676
-2.8902657
-3.263704
-2.7947989
-3.1646428
-2.9058902
-3.026808
-3.077915
-3.0585928
-3.0831406
-2.947896
-2.9627984
test_mean_abs_wealth
3.1879394
2.8823063
3.0522206
2.7867656
2.8685853
2.8950088
3.2640972
2.798888
3.1657019
2.9102225
3.0280633
3.0787766
3.0605297
3.0841398
2.9496515
2.9652057
test_variance_wealth
0.63762826
0.58381397
0.54679996
0.63723385
0.6285576
0.72031575
0.5251293
0.6765972
0.5778587
0.71259946
0.5744415
0.5665077
0.6152372
0.5636094
0.59519035
0.6162043
test_wealth_with_price_abs_mean
0.6120569
0.591565
0.5758895
0.61182505
0.60992813
0.64588666
0.56320834
0.6275086
0.5868927
0.6429779
0.586014
0.5820161
0.6023599
0.58043224
0.5942311
0.60300374
test_wealth_with_price_variance
0.63762826
0.58381397
0.54679996
0.63723385
0.6285576
0.72031575
0.5251293
0.6765972
0.5778587
0.71259946
0.5744415
0.5665077
0.6152372
0.5636094
0.59519035
0.6162043
price
3.1880863
2.8817353
3.051804
2.7858353
2.8657308
2.8876987
3.2644978
2.7939084
3.163577
2.90553
3.027388
3.0780861
3.0575852
3.081761
2.9488776
2.9649827
train_time
0.3379695999999939
0.31265940000000114
0.3053625000000011
0.30151610000001483
0.31710769999995136
0.2898913999999877
0.41561139999998886
0.3133904999999686
0.3213752999999997
0.53416930000094
0.35676880000028177
0.3787635999997292
0.3472892000008869
0.3077314000001934
0.4100106000005326
0.3189753999995446


================================================================================
=== payoff network
train_risk
4.989506
4.6411653
4.7561417
4.641535
4.740122
4.811722
4.956723
4.6389422
4.962152
4.751381
4.939913
4.9398623
4.807314
4.782594
4.778653
4.76215
test_risk
5.0248075
4.6834345
4.7843494
4.660003
4.7567225
4.8793297
4.947579
4.689786
4.9332294
4.815707
4.9040046
4.888467
4.909727
4.7669096
4.7763853
4.8130827
test_mean_value
-0.008661791
-0.011607986
-0.009673715
-0.012079959
-0.002378463
-0.0063193846
-0.010015669
0.0023028948
5.1406743e-05
0.008302564
-0.014666659
-0.0035942749
-0.0096642915
-0.003581711
-0.0088032335
-0.007892319
test_mean_abs_value
1.3828105
1.1999372
1.1389397
1.2701813
1.2213308
1.2932743
1.2900368
1.3115565
1.2781235
1.418843
1.1362159
1.2214848
1.2354186
1.214359
1.2013904
1.2053393
test_variance_value
2.9252796
2.2437608
2.0097232
2.5125194
2.3082347
2.5509033
2.6074383
2.7015066
2.547655
3.0773745
1.9718256
2.2933288
2.3495994
2.301703
2.295858
2.2153537
test_mean_costs
0.0
0.0
0.0
0.0
0.0
0.0
0.0
0.0
0.0
0.0
0.0
0.0
0.0
0.0
0.0
0.0
test_mean_abs_costs
0.0
0.0
0.0
0.0
0.0
0.0
0.0
0.0
0.0
0.0
0.0
0.0
0.0
0.0
0.0
0.0
test_variance_costs
0.0
0.0
0.0
0.0
0.0
0.0
0.0
0.0
0.0
0.0
0.0
0.0
0.0
0.0
0.0
0.0
test_mean_wealth
-3.185712
-2.8895385
-3.0577428
-2.793468
-2.8677871
-2.8931587
-3.2684035
-2.7889056
-3.1608121
-2.8967202
-3.0387523
-3.077664
-3.0633965
-3.082769
-2.954458
-2.9633212
test_mean_abs_wealth
3.1879015
2.892177
3.0586774
2.7987237
2.8707662
2.8970826
3.2698328
2.7964816
3.162986
2.904028
3.0398068
3.078786
3.0657222
3.0846517
2.9573545
2.965685
test_variance_wealth
0.8086164
0.76226485
0.7087961
0.8100239
0.8330394
0.84343183
0.71872205
0.8780724
0.7604051
0.889786
0.78509295
0.7776565
0.7863893
0.6878744
0.785742
0.7820835
test_wealth_with_price_abs_mean
0.7019089
0.68525803
0.6665842
0.70128095
0.7191276
0.71572185
0.664546
0.7296464
0.6853803
0.7309667
0.7023144
0.6963289
0.69662243
0.65016025
0.6968465
0.6938093
test_wealth_with_price_variance
0.8086164
0.76226485
0.7087961
0.8100239
0.8330394
0.84343183
0.71872205
0.8780724
0.7604051
0.889786
0.78509295
0.7776565
0.7863893
0.6878744
0.785742
0.7820835
price
3.1880863
2.8817353
3.051804
2.7858353
2.8657308
2.8876987
3.2644978
2.7939084
3.163577
2.90553
3.027388
3.0780861
3.0575852
3.081761
2.9488776
2.9649827
train_time
0.273901500000008
0.2880850999999893
0.2866253000000256
0.28145060000002786
0.27999309999995603
0.29555600000003324
0.3046712000000298
0.2934368999999606
0.2770295000009355
0.361042799999268
0.2827971999995498
0.36293660000046657
0.3060676000004605
0.2923071000004711
0.3896930999999313
0.3146369999994931


================================================================================
=== twin network
train_risk
4.9137626
4.40279
4.6593423
4.4801655
4.5677614
4.7325325
4.7752542
4.5717664
4.7707357
4.7601585
4.677592
4.7251873
4.719848
4.7509446
4.635744
4.5844126
test_risk
4.913482
4.509054
4.628517
4.5338674
4.5575466
4.7882094
4.8070917
4.5911245
4.8090434
4.733697
4.6421237
4.6912727
4.805314
4.692801
4.5981483
4.676111
test_mean_value
-0.008644175
-0.0037506681
-0.00868771
-0.0038000594
-0.0017956524
-0.0058907527
-0.009071011
9.295109e-05
0.0003429592
0.0015719562
-0.012948773
-0.00546766
-0.006421475
-0.0042555262
-0.0029619506
-0.00970309
test_mean_abs_value
1.3878452
1.2025355
1.165544
1.2459545
1.2827835
1.3273127
1.244405
1.3134111
1.2641424
1.3956282
1.2471176
1.2444383
1.2553612
1.2143497
1.2428911
1.2340206
test_variance_value
2.9524162
2.249424
2.0880256
2.4048512
2.5371368
2.674536
2.3943758
2.6571822
2.45385
2.9534233
2.3684797
2.3993368
2.3949194
2.2829046
2.4160569
2.323663
test_mean_costs
0.0
0.0
0.0
0.0
0.0
0.0
0.0
0.0
0.0
0.0
0.0
0.0
0.0
0.0
0.0
0.0
test_mean_abs_costs
0.0
0.0
0.0
0.0
0.0
0.0
0.0
0.0
0.0
0.0
0.0
0.0
0.0
0.0
0.0
0.0
test_variance_costs
0.0
0.0
0.0
0.0
0.0
0.0
0.0
0.0
0.0
0.0
0.0
0.0
0.0
0.0
0.0
0.0
test_mean_wealth
-3.1856945
-2.8816812
-3.056757
-2.7851882
-2.8672044
-2.89273
-3.2674587
-2.7911158
-3.1605206
-2.9034507
-3.0370343
-3.0795374
-3.0601537
-3.0834427
-2.9486167
-2.965132
test_mean_abs_wealth
3.187589
2.8838134
3.0577915
2.789482
2.8706965
2.897353
3.2681308
2.7962646
3.1616485
2.908354
3.0387383
3.0807147
3.0617557
3.084651
2.9510467
2.9680524
test_variance_wealth
0.69295937
0.6339258
0.5961147
0.6956926
0.6797363
0.761346
0.58702713
0.72826964
0.61983764
0.76332986
0.62033373
0.61268646
0.6529351
0.6051447
0.6434843
0.6647038
test_wealth_with_price_abs_mean
0.6423196
0.6174568
0.6023483
0.6425339
0.6354516
0.6694698
0.5973465
0.6526208
0.61015254
0.66915065
0.61072004
0.6072033
0.6248004
0.6052799
0.6200693
0.6295866
test_wealth_with_price_variance
0.69295937
0.6339258
0.5961147
0.6956926
0.6797363
0.761346
0.58702713
0.72826964
0.61983764
0.76332986
0.62033373
0.61268646
0.6529351
0.6051447
0.6434843
0.6647038
price
3.1880863
2.8817353
3.051804
2.7858353
2.8657308
2.8876987
3.2644978
2.7939084
3.163577
2.90553
3.027388
3.0780861
3.0575852
3.081761
2.9488776
2.9649827
train_time
0.2846623000000079
0.27830249999999523
0.28075330000001486
0.2901267999999959
0.2912306000000626
0.2841098000000102
0.29171599999995124
0.4042554000000109
0.2937710000005609
0.45434240000031423
0.312359400000787
0.3175517999989097
0.3115397999990819
0.3266961999997875
0.40764189999936207
0.3175788000007742


================================================================================
=== adjoint network
train_risk
5.053541
4.5518594
4.7282653
4.5907245
4.7243433
4.903479
4.9850345
4.7727995
4.961549
4.9032154
4.853124
4.856424
4.868101
4.8575616
4.803015
4.707542
test_risk
5.04559
4.638282
4.747463
4.6600833
4.7546954
4.9032016
4.956549
4.7702794
4.94353
4.89603
4.810532
4.8233643
4.9432993
4.8376427
4.731618
4.7955394
test_mean_value
-0.012317149
0.0044828854
-0.0039974037
0.004668341
-0.0003223686
-0.00094154355
-0.009638229
0.00080728176
-0.0023142046
-0.0078059686
-0.011754852
-0.009512984
-0.010458521
-0.007973607
0.0041930843
-0.011695257
test_mean_abs_value
1.3235799
1.0962976
1.0880104
1.1370045
1.1353549
1.2287786
1.124951
1.189189
1.1815519
1.2832923
1.1332115
1.1639618
1.167992
1.1354434
1.1475978
1.1574161
test_variance_value
2.7032166
1.8775108
1.8371651
2.024557
2.0100622
2.3237977
1.9767903
2.216648
2.1688752
2.5376105
1.9798642
2.117649
2.1079156
2.0007343
2.073166
2.070107
test_mean_costs
0.0
0.0
0.0
0.0
0.0
0.0
0.0
0.0
0.0
0.0
0.0
0.0
0.0
0.0
0.0
0.0
test_mean_abs_costs
0.0
0.0
0.0
0.0
0.0
0.0
0.0
0.0
0.0
0.0
0.0
0.0
0.0
0.0
0.0
0.0
test_variance_costs
0.0
0.0
0.0
0.0
0.0
0.0
0.0
0.0
0.0
0.0
0.0
0.0
0.0
0.0
0.0
0.0
test_mean_wealth
-3.1893675
-2.8734477
-3.0520666
-2.7767198
-2.865731
-2.887781
-3.2680259
-2.7904012
-3.1631777
-2.9128287
-3.0358405
-3.0835826
-3.0641906
-3.0871608
-2.9414616
-2.9671242
test_mean_abs_wealth
3.191461
2.875215
3.0531647
2.7804253
2.8683
2.8921134
3.2685273
2.7949743
3.1643875
2.9172244
3.0372114
3.0847225
3.0658169
3.0883303
2.9435666
2.9697888
test_variance_wealth
0.7920758
0.7050296
0.6789495
0.75919574
0.7802517
0.86482656
0.6550556
0.8321058
0.7090641
0.8623811
0.7096632
0.69388425
0.7513189
0.69779044
0.7261768
0.7522942
test_wealth_with_price_abs_mean
0.6937744
0.65720946
0.64736336
0.6767505
0.6918785
0.7251792
0.6358532
0.7077755
0.6584722
0.7204979
0.6605441
0.65056735
0.6780405
0.65631926
0.66433287
0.67794335
test_wealth_with_price_variance
0.7920758
0.7050296
0.6789495
0.75919574
0.7802517
0.86482656
0.6550556
0.8321058
0.7090641
0.8623811
0.7096632
0.69388425
0.7513189
0.69779044
0.7261768
0.7522942
price
3.1880863
2.8817353
3.051804
2.7858353
2.8657308
2.8876987
3.2644978
2.7939084
3.163577
2.90553
3.027388
3.0780861
3.0575852
3.081761
2.9488776
2.9649827
train_time
0.2825775999999962
0.28989369999999326
0.2897510999999895
0.2854520000000207
0.2964058000000023
0.27502530000003844
0.28881569999998646
0.2859172999999373
0.2804476999990584
0.3917282999991585
0.3020036000016262
0.33180240000001504
0.31734440000036557
0.2966302999993786
0.39571219999925233
0.28608840000015334


