================================================================================
=== payoff network
train_time
39.8777038
36.312436000000005
33.31032490000004
45.526005699999985
11.101643800000033
23.702917100000036
42.27313619999995
36.96816990000002
37.65509600000007
39.70677909999995
17.434379300000046
24.765986499999826
11.314246599999933
27.559379099999887
40.52224290000004
39.56227120000017


================================================================================
=== twin network
train_time
44.179829299999994
40.30119780000001
41.33687600000002
48.8914638
46.43977279999996
46.205826900000034
49.347307
48.72596779999992
49.60161890000006
47.344230599999946
46.609932800000024
47.37775639999995
48.683700100000124
54.02142589999994
45.355501000000004
47.931209699999954


================================================================================
=== adjoint network
train_time
9.6094638
28.1997619
28.416769699999975
31.106266600000026
33.0397246
31.869849199999976
32.04883840000002
27.893260300000065
31.64022440000008
20.66425620000018
28.070652499999824
31.935456599999952
33.99745270000017
32.33881080000015
37.1399844
31.307715200000075


================================================================================
=== continuous-time
train_risk
6.8891883
6.4366107
6.465628
6.6351366
6.319345
6.8840585
6.8801155
6.650796
6.6867604
6.3248215
6.7123103
6.779952
6.574218
6.590495
6.2322764
6.636034
test_risk
6.7159867
6.4973245
6.674881
6.5930376
6.5477057
6.7471876
6.7768536
6.561483
6.582544
6.5707607
6.807259
6.685622
6.7762427
6.5356708
6.5722694
6.727228
test_mean_value
0.002929837
0.002070496
0.0037504144
-0.0036317485
-0.0059519415
-0.0066965874
-0.017766193
0.0013303637
-0.0032499712
0.0045386595
-0.016283827
-0.006265661
-0.016052201
-0.0006312601
-0.0027935593
-0.013640155
test_mean_abs_value
2.6352217
2.3618996
2.599465
2.5132482
2.4729543
2.6494267
2.6709619
2.4754565
2.491751
2.4729311
2.673684
2.6193695
2.6593783
2.4092858
2.4447064
2.641368
test_variance_value
9.343495
7.791241
9.1249275
8.620159
8.403945
9.401414
9.537861
8.413221
8.504505
8.400592
9.565866
9.229506
9.4643545
8.043179
8.239191
9.3516
test_mean_costs
0.0
0.0
0.0
0.0
0.0
0.0
0.0
0.0
0.0
0.0
0.0
0.0
0.0
0.0
0.0
0.0
test_mean_abs_costs
0.0
0.0
0.0
0.0
0.0
0.0
0.0
0.0
0.0
0.0
0.0
0.0
0.0
0.0
0.0
0.0
test_variance_costs
0.0
0.0
0.0
0.0
0.0
0.0
0.0
0.0
0.0
0.0
0.0
0.0
0.0
0.0
0.0
0.0
test_mean_wealth
-3.3823857
-2.578801
-3.256278
-2.96003
-2.841478
-3.5025582
-3.633201
-2.8571904
-2.9096363
-2.8416574
-3.6646986
-3.3152375
-3.5683568
-2.69497
-2.7791407
-3.4471123
test_mean_abs_wealth
3.432157
2.7123377
3.3156004
3.0470915
2.9404652
3.543252
3.6671247
2.9531176
3.0017297
2.939963
3.69851
3.3722668
3.6055775
2.8129585
2.8857372
3.4930816
test_variance_wealth
2.3157642
2.9721713
2.4144673
2.658664
2.7344704
2.2091265
2.1154022
2.71599
2.7035837
2.751006
2.1071696
2.3764942
2.1706123
2.8824425
2.8182826
2.262084
test_wealth_with_price_abs_mean
1.1285518
1.2447964
1.1486267
1.193133
1.205855
1.1048126
1.0830458
1.2024833
1.2009994
1.2114006
1.0802501
1.1376535
1.0977007
1.2311914
1.220521
1.1147498
test_wealth_with_price_variance
2.3157642
2.9721713
2.4144673
2.658664
2.7344704
2.2091265
2.1154022
2.71599
2.7035837
2.751006
2.1071694
2.3764942
2.1706123
2.8824425
2.8182826
2.262084
price
3.3875902
2.580806
3.2584593
2.958188
2.8441772
3.5028617
3.63456
2.8572047
2.9066746
2.8412087
3.6651704
3.3177598
3.5642314
2.6941383
2.7759094
3.441258
train_time
0.3323814999999968
0.2930146999999863
0.31768880000004174
0.31215080000004036
0.29507760000001326
0.3470663999999033
0.3263682000000472
0.30970860000002176
0.3550651000000471
0.3269641000001684
0.3201129999999921
0.3593000999999276
0.3249788000000535
0.3226431999999022
0.3199970000000576
0.3094877000000906


================================================================================
=== payoff network
train_risk
7.0650725
6.407534
6.639816
6.7463336
6.362944
6.9020433
7.017726
6.878499
6.740356
6.40629
6.853528
6.983649
6.5070944
6.6771693
6.340974
6.8504224
test_risk
6.8544106
6.516919
6.8131905
6.726717
6.4450808
6.8057146
6.89844
6.731964
6.703595
6.644871
6.944042
6.877761
6.708417
6.6176863
6.6463013
6.9379907
test_mean_value
0.0027488922
0.0012453032
0.004566207
-0.0049097436
-0.0065759867
-0.0048676827
-0.01637156
6.1048755e-05
0.0015826273
0.00452764
-0.014744613
-0.006548145
-0.011958813
-0.00066392
-0.0015087449
-0.021030148
test_mean_abs_value
2.570925
2.3905885
2.6161067
2.5508602
2.5268
2.6618276
2.6717846
2.4545252
2.540808
2.5699835
2.7501776
2.6077592
2.7170944
2.4194212
2.4010954
2.6492107
test_variance_value
8.969688
8.009255
9.238529
8.887346
8.984289
9.511676
9.565323
8.253725
8.843737
9.046941
10.120009
9.202812
10.033128
8.238468
8.061197
9.450633
test_mean_costs
0.0
0.0
0.0
0.0
0.0
0.0
0.0
0.0
0.0
0.0
0.0
0.0
0.0
0.0
0.0
0.0
test_mean_abs_costs
0.0
0.0
0.0
0.0
0.0
0.0
0.0
0.0
0.0
0.0
0.0
0.0
0.0
0.0
0.0
0.0
test_variance_costs
0.0
0.0
0.0
0.0
0.0
0.0
0.0
0.0
0.0
0.0
0.0
0.0
0.0
0.0
0.0
0.0
test_mean_wealth
-3.3825667
-2.579626
-3.2554622
-2.961308
-2.842102
-3.5007293
-3.6318061
-2.8584597
-2.9048035
-2.8416684
-3.6631594
-3.3155198
-3.5642633
-2.6950026
-2.7778559
-3.4545023
test_mean_abs_wealth
3.4295096
2.7234364
3.316763
3.0491188
2.9693055
3.5433905
3.6647525
2.9500167
3.0057204
2.9475832
3.6998827
3.3702385
3.618448
2.8203337
2.8855095
3.49848
test_variance_wealth
2.4152124
3.0619793
2.5386403
2.7682185
2.8902898
2.2764757
2.2012148
2.832762
2.868171
2.8439238
2.2578833
2.4951026
2.3656
2.9747653
2.9206483
2.4032056
test_wealth_with_price_abs_mean
1.1603625
1.2700436
1.1787682
1.2187748
1.2375764
1.1223168
1.1055446
1.2360274
1.2380763
1.2275118
1.1168603
1.166823
1.1454514
1.2496551
1.2518512
1.1494682
test_wealth_with_price_variance
2.4152124
3.0619793
2.5386403
2.7682185
2.8902898
2.2764757
2.2012148
2.832762
2.868171
2.8439238
2.2578833
2.4951026
2.3656
2.9747653
2.9206483
2.4032056
price
3.3875902
2.580806
3.2584593
2.958188
2.8441772
3.5028617
3.63456
2.8572047
2.9066746
2.8412087
3.6651704
3.3177598
3.5642314
2.6941383
2.7759094
3.441258
train_time
0.27069249999999556
0.28116810000000214
0.28177519999997
0.30468960000001744
0.2902818000000025
0.3648780999999417
0.28242340000008426
0.2850075999999717
0.31322960000011335
0.35555649999992056
0.32223759999988033
0.2793643999998494
0.33353969999984656
0.2869137000000137
0.2934990999999627
0.3131561000000147


================================================================================
=== twin network
train_risk
6.833351
6.3951006
6.5344343
6.635995
6.366025
6.9851
6.8972063
6.7303333
6.6932507
6.33348
6.781534
6.8396015
6.5673637
6.685917
6.2685046
6.6251593
test_risk
6.6822467
6.4620194
6.7181034
6.56917
6.582057
6.842619
6.7983146
6.6777086
6.583913
6.5899906
6.8901052
6.7197175
6.810021
6.6224537
6.6069865
6.7173057
test_mean_value
-0.0021360626
0.0017804955
-0.0013096719
-0.0038480253
-0.006563751
-0.00568474
-0.017685087
0.0049873474
0.00047579786
0.003525359
-0.015042332
-0.009582577
-0.014514642
-0.0006610491
-0.001706509
-0.011169207
test_mean_abs_value
2.7242284
2.406027
2.6014073
2.5638013
2.4840233
2.607624
2.6720502
2.4221883
2.5564413
2.497677
2.5775657
2.6382627
2.6564484
2.3921185
2.4583864
2.6716824
test_variance_value
9.977754
8.123435
9.16562
8.978484
8.486132
9.1078415
9.553632
8.0231495
8.941601
8.59046
8.912537
9.358045
9.467145
7.935498
8.347109
9.580436
test_mean_costs
0.0
0.0
0.0
0.0
0.0
0.0
0.0
0.0
0.0
0.0
0.0
0.0
0.0
0.0
0.0
0.0
test_mean_abs_costs
0.0
0.0
0.0
0.0
0.0
0.0
0.0
0.0
0.0
0.0
0.0
0.0
0.0
0.0
0.0
0.0
test_variance_costs
0.0
0.0
0.0
0.0
0.0
0.0
0.0
0.0
0.0
0.0
0.0
0.0
0.0
0.0
0.0
0.0
test_mean_wealth
-3.3874516
-2.579091
-3.2613382
-2.9602463
-2.84209
-3.5015464
-3.6331196
-2.8535335
-2.9059105
-2.8426707
-3.663457
-3.3185544
-3.5668192
-2.6949997
-2.7780538
-3.4446414
test_mean_abs_wealth
3.443931
2.7218902
3.3210275
3.0549836
2.9436471
3.5374763
3.6669729
2.9420552
3.0056605
2.9476533
3.693053
3.3768494
3.6038353
2.8080652
2.8854287
3.4941828
test_variance_wealth
2.3517773
3.008941
2.4484928
2.6973984
2.778599
2.2378457
2.137936
2.771572
2.7623734
2.7969267
2.1444635
2.4181201
2.1984065
2.9155262
2.8555071
2.302779
test_wealth_with_price_abs_mean
1.1307108
1.2526455
1.1592901
1.1993489
1.215414
1.1181501
1.0909069
1.2243329
1.2129152
1.2195482
1.1025752
1.1494696
1.1075504
1.2416501
1.230596
1.1238266
test_wealth_with_price_variance
2.3517773
3.008941
2.4484928
2.6973984
2.778599
2.2378457
2.137936
2.771572
2.7623734
2.7969267
2.1444635
2.4181201
2.1984065
2.9155262
2.8555071
2.302779
price
3.3875902
2.580806
3.2584593
2.958188
2.8441772
3.5028617
3.63456
2.8572047
2.9066746
2.8412087
3.6651704
3.3177598
3.5642314
2.6941383
2.7759094
3.441258
train_time
0.2700403999999992
0.273362800000001
0.27589369999998326
0.2892386999999985
0.27927679999993416
0.3215671000000384
0.2697012999999515
0.28669829999989815
0.3044770999999855
0.33767839999995886
0.35279130000003533
0.28781819999994696
0.3422519000000648
0.2851720999999543
0.3507397000000765
0.2823515000000043


================================================================================
=== adjoint network
train_risk
6.776213
6.336424
6.4902787
6.5890083
6.451275
6.96447
6.918168
6.585735
6.6457973
6.316784
6.753432
6.7459707
6.560345
6.6652045
6.223388
6.599981
test_risk
6.574095
6.382674
6.6747265
6.5372577
6.599522
6.8117743
6.766269
6.6437173
6.5305195
6.601716
6.843348
6.64108
6.7785587
6.60958
6.530427
6.665041
test_mean_value
0.0006394728
0.0033599087
-0.01843503
-0.0036109453
-0.01268454
-0.0061935736
-0.027207177
0.010729758
0.0011982933
0.0040919217
-0.011946666
-0.013665369
-0.009869043
-0.0024897128
-0.0061869174
-0.0049672658
test_mean_abs_value
2.809523
2.418144
2.6751964
2.574473
2.4677386
2.6083558
2.6955845
2.4158187
2.5471003
2.4337058
2.5640035
2.6466217
2.6211565
2.371977
2.5107052
2.6665576
test_variance_value
10.674925
8.268772
9.744395
9.067134
8.400536
9.147712
9.735228
8.032855
8.912973
8.241726
8.850726
9.483527
9.275623
7.8275747
8.712681
9.576712
test_mean_costs
0.0
0.0
0.0
0.0
0.0
0.0
0.0
0.0
0.0
0.0
0.0
0.0
0.0
0.0
0.0
0.0
test_mean_abs_costs
0.0
0.0
0.0
0.0
0.0
0.0
0.0
0.0
0.0
0.0
0.0
0.0
0.0
0.0
0.0
0.0
test_variance_costs
0.0
0.0
0.0
0.0
0.0
0.0
0.0
0.0
0.0
0.0
0.0
0.0
0.0
0.0
0.0
0.0
test_mean_wealth
-3.3846762
-2.5775115
-3.2784636
-2.9600093
-2.8482108
-3.5020552
-3.6426418
-2.847791
-2.9051878
-2.842104
-3.6603613
-3.322637
-3.5621736
-2.6968284
-2.7825341
-3.4384396
test_mean_abs_wealth
3.456147
2.730229
3.3446016
3.0592337
2.9510741
3.5403173
3.6781743
2.9437113
3.0105639
2.9473717
3.6915672
3.3866882
3.5998814
2.8116515
2.9027545
3.4920764
test_variance_wealth
2.4780004
3.065271
2.5814478
2.7332137
2.8375876
2.2657256
2.1646755
2.8515782
2.8030143
2.8798044
2.1771047
2.4799552
2.2379973
2.9555414
2.911002
2.3603697
test_wealth_with_price_abs_mean
1.1633596
1.2736076
1.209985
1.2102259
1.2387571
1.1264783
1.1028683
1.2510241
1.2285914
1.2542949
1.116778
1.174492
1.1271224
1.2581047
1.2457639
1.1445243
test_wealth_with_price_variance
2.4780004
3.065271
2.5814478
2.7332137
2.8375876
2.2657256
2.1646755
2.8515782
2.8030143
2.8798044
2.1771047
2.4799552
2.2379973
2.9555414
2.911002
2.3603697
price
3.3875902
2.580806
3.2584593
2.958188
2.8441772
3.5028617
3.63456
2.8572047
2.9066746
2.8412087
3.6651704
3.3177598
3.5642314
2.6941383
2.7759094
3.441258
train_time
0.29146020000000306
0.2946517999999969
0.28042760000005273
0.285747200000003
0.28528800000003685
0.30738050000002204
0.29582089999996697
0.2845320000000129
0.4031228999999712
0.37268029999995633
0.2754899999999907
0.2806060999998863
0.37207939999984774
0.3056538000000728
0.3507623999998941
0.2977759000000333


