================================================================================
=== payoff network
train_time
24.364362500000002
39.833028299999995
10.523600199999976
36.25106260000001
38.60171660000003
38.656891599999994
38.13906469999995
39.1204219
39.47329979999995
12.795027000000118
40.79061640000009
42.752986899999996
38.28738599999997
36.975493800000095
39.6726728000001
37.11132170000019


================================================================================
=== twin network
train_time
34.153276000000005
46.74338030000001
45.70220389999997
43.52587699999998
43.73414349999996
46.84097829999996
46.75437739999995
52.944196199999965
46.36744510000017
46.027514999999994
49.615476199999875
48.30749990000004
45.939158099999986
47.50366999999983
45.995275499999934
46.009710599999835


================================================================================
=== adjoint network
train_time
37.74421109999999
39.195127000000014
40.602870199999984
39.354663800000026
38.43009510000002
36.5743999
38.98322250000001
39.647239799999966
35.581279600000016
47.02555480000001
39.51081670000008
42.049988100000064
37.67454550000002
38.685878499999944
37.63701620000006
38.39692260000038


================================================================================
=== continuous-time
test_risk
7.2735586
8.047043
8.046781
8.299271
9.762091
8.773456
8.925773
7.961064
9.498533
9.053114
9.730321
7.797744
9.063902
7.6930027
9.456647
9.96477
test_wealth_with_price_abs_mean
0.68670183
0.91837174
0.91698897
0.92023337
1.1054585
0.8598658
0.8536156
0.8976876
1.0733702
0.86903745
1.0968865
0.7337821
0.8677795
0.8624282
1.0623727
1.1360166
test_wealth_with_price_variance
0.7873827
1.4642482
1.4565948
1.4549309
2.1112256
1.232292
1.2153245
1.3893636
1.9924597
1.2583034
2.0786204
0.8953187
1.2536793
1.2820462
1.9482579
2.2407162
price
5.2449665
5.190962
5.190468
5.4376755
6.3324356
6.217346
6.3851147
5.1717052
6.1574287
6.4716225
6.3150253
5.6355247
6.492605
5.0116196
6.1582813
6.423977
train_time
0.3588694999999973
0.37758080000000405
0.3345355000000154
0.4021809999999846
0.31590810000000147
0.3083993999999848
0.34521110000002864
0.3163147999998728
0.3144571000000269
0.6682427999999163
0.3290825000001405
0.44957499999986794
0.33354190000000017
0.31660020000003897
0.3209295999999995
0.31890870000006544


================================================================================
=== payoff network
test_risk
7.4229603
8.205974
8.000262
8.481968
9.970373
9.022201
9.287503
7.965135
9.801928
9.322559
10.009704
7.8863072
9.184176
7.647056
9.6562195
10.035095
test_wealth_with_price_abs_mean
0.78457814
1.0369376
1.0692036
0.98862684
1.1922042
0.9605738
0.9705375
0.92088944
1.1839463
1.0599592
1.1918709
0.8060761
0.9207813
0.8935655
1.1273263
1.1809143
test_wealth_with_price_variance
0.9889144
1.7880363
1.8575838
1.6556765
2.4206111
1.5101869
1.5531577
1.4501759
2.3593352
1.7850163
2.4191337
1.0556422
1.3953812
1.3625008
2.1634974
2.3803139
price
5.2449665
5.190962
5.190468
5.4376755
6.3324356
6.217346
6.3851147
5.1717052
6.1574287
6.4716225
6.3150253
5.6355247
6.492605
5.0116196
6.1582813
6.423977
train_time
0.2788316999999978
0.3443649000000164
0.2800467999999796
0.3261179000000425
0.27509199999997236
0.32474899999999707
0.30249320000007174
0.2919882000001053
0.3266794999999547
0.508583900000076
0.2895269999999073
0.3979503999998997
0.29000780000001214
0.31692470000007233
0.2777734999999666
0.3090750000001208


================================================================================
=== twin network
test_risk
7.304548
7.991176
8.089746
8.330074
9.741778
8.78916
9.005231
7.983869
9.594018
9.12442
9.771836
7.8178244
9.073682
7.7380853
9.436797
9.958635
test_wealth_with_price_abs_mean
0.70953953
0.927511
0.91733825
0.92951614
1.1012337
0.86765563
0.8660921
0.9017042
1.0788969
0.88307387
1.1029075
0.74439615
0.87237257
0.86060804
1.0618794
1.1440828
test_wealth_with_price_variance
0.8261891
1.4712375
1.4603318
1.4721489
2.098579
1.2485286
1.2475097
1.3998259
2.0242705
1.2970068
2.0942917
0.91618633
1.2660081
1.2866356
1.9430966
2.2550743
price
5.2449665
5.190962
5.190468
5.4376755
6.3324356
6.217346
6.3851147
5.1717052
6.1574287
6.4716225
6.3150253
5.6355247
6.492605
5.0116196
6.1582813
6.423977
train_time
0.2831171999999924
0.35757760000001326
0.2873663000000306
0.3185062000000016
0.2920850000000428
0.3102738999999701
0.31515139999999064
0.2981669000000693
0.295949900000096
0.4663454000001366
0.2833564000000024
0.3806890000000749
0.281087499999785
0.2802539000001616
0.2943044999999529
0.2832308000001831


================================================================================
=== adjoint network
test_risk
7.3103547
8.038735
8.178195
8.370305
9.755045
8.853527
9.002564
8.034227
9.675913
9.132684
9.792994
7.8526254
9.077953
7.7908854
9.4639
9.994994
test_wealth_with_price_abs_mean
0.70522475
0.9293621
0.92224455
0.94138545
1.1080623
0.879743
0.8605761
0.9045618
1.0799147
0.87889826
1.1023358
0.75116515
0.8807542
0.86734253
1.0708966
1.1457305
test_wealth_with_price_variance
0.8202368
1.4809062
1.4833205
1.4996191
2.1124911
1.2798043
1.23791
1.4103613
2.0385835
1.2878227
2.0957468
0.93246037
1.2805282
1.3047155
1.9626807
2.264724
price
5.2449665
5.190962
5.190468
5.4376755
6.3324356
6.217346
6.3851147
5.1717052
6.1574287
6.4716225
6.3150253
5.6355247
6.492605
5.0116196
6.1582813
6.423977
train_time
0.29145619999999894
0.33549589999998375
0.3136167000000114
0.3585459999999898
0.2950538999999708
0.3047726000000921
0.309852200000023
0.3049098999999842
0.2771491999999398
0.40315400000008594
0.28866420000008475
0.4034019000000626
0.28950959999997394
0.28831160000004274
0.29726019999998243
0.2898389000001771


