================================================================================
=== payoff network
train_time
37.172692399999995
13.234323099999997
38.34796760000003
13.885477100000003
11.14063980000003
12.514938599999994
44.68315389999998
12.50727059999997
10.61321780000003
37.48225480000008
10.608478699999978
34.04667139999992
38.98206849999997
42.330544300000156
12.595067400000062
39.25615349999998


================================================================================
=== twin network
train_time
12.6081967
50.989016199999995
14.92049209999999
27.99506100000002
45.54276629999998
47.988049699999976
50.04894009999998
15.523966299999984
16.006556899999964
46.54332479999994
16.609684199999947
45.60253120000016
12.296004000000039
18.183269699999983
15.914726499999915
16.34465790000013


================================================================================
=== adjoint network
train_time
38.3188939
38.526587500000005
11.779228699999976
23.9672602
39.656477300000006
41.337920199999985
41.347323000000074
41.61109699999997
40.18343909999999
39.669084699999985
36.53153710000015
38.22006780000015
36.876060499999994
43.927685599999904
12.372642899999846
16.059277600000087


================================================================================
=== continuous-time
test_risk
6.000155
6.4707484
5.9381275
9.593687
10.945993
11.944565
12.071183
6.8220706
12.215613
5.7610583
9.46345
8.472931
9.215552
8.593977
9.915871
10.41581
test_wealth_with_price_abs_mean
0.6856322
0.737984
0.6793409
1.0921655
1.2494118
1.3611368
1.3816257
0.7763344
1.3982335
0.6570039
1.0824292
0.97071654
1.0529271
0.98009074
1.1312257
1.1934309
test_wealth_with_price_variance
0.81841743
0.94985336
0.80295306
2.0815778
2.71955
3.2391543
3.3296788
1.0527765
3.405179
0.75196815
2.0387127
1.6401027
1.9314241
1.6759979
2.2281172
2.4785943
price
3.863922
4.1693
3.822075
6.17379
7.0508347
7.6741333
7.7630806
4.391964
7.857216
3.706005
6.0948105
5.4536667
5.9317627
5.5417175
6.3946457
6.707123
train_time
0.39649599999999907
0.3863837000000103
0.3556738999999993
0.3623939999999948
0.5275753999999893
0.4538373999999976
0.3435590999999931
0.3132884000000331
0.34206589999996595
0.37224030000015773
0.3145844999999099
0.3151852000000872
0.3675518000000011
0.34030680000000757
0.41116169999986596
0.3185430000000906


================================================================================
=== payoff network
test_risk
6.0114098
6.776945
5.9198112
10.053125
12.122745
12.896502
12.360776
7.5180554
12.872915
5.8442183
9.5773325
8.540122
9.252732
8.773399
10.250526
10.798673
test_wealth_with_price_abs_mean
0.7474152
0.9389458
0.7150234
1.2739184
2.0181203
1.723438
1.4428922
1.0079454
1.6328394
0.7124755
1.2799735
1.0126989
1.076333
1.0215194
1.2538469
1.2577826
test_wealth_with_price_variance
0.9347798
1.3912961
0.86466044
2.7058322
6.730843
4.9204316
3.584847
1.6571466
4.500539
0.8559386
2.581338
1.7507527
2.004468
1.7958941
2.6799264
2.7535534
price
3.863922
4.1693
3.822075
6.17379
7.0508347
7.6741333
7.7630806
4.391964
7.857216
3.706005
6.0948105
5.4536667
5.9317627
5.5417175
6.3946457
6.707123
train_time
0.28996370000000127
0.28665569999998297
0.38062430000002223
0.34983940000000757
0.4541159999999991
1.0712120999999115
0.33170300000006137
0.290849900000012
0.2929510000000164
0.320028000000093
0.2841482999999698
0.29481059999989156
0.33845990000008896
0.2865449000000808
0.29838599999993676
0.3540559000000485


================================================================================
=== twin network
test_risk
6.0224037
6.4760666
6.3025336
9.68021
10.991899
11.950843
12.266296
7.0778465
12.274858
5.764929
11.001311
8.534827
9.443415
8.774808
10.347532
10.690086
test_wealth_with_price_abs_mean
0.72253615
0.7398556
0.94062585
1.1024979
1.3139111
1.3748102
1.3878967
0.8432183
1.5096431
0.659032
1.6087737
0.9766118
1.2039514
1.0673233
1.2966611
1.2974437
test_wealth_with_price_variance
0.88427186
0.9524223
1.3006579
2.1283972
2.8815253
3.2668736
3.389741
1.2284808
3.8017077
0.75254226
4.054576
1.6598945
2.3314424
1.88203
2.8394566
2.8652172
price
3.863922
4.1693
3.822075
6.17379
7.0508347
7.6741333
7.7630806
4.391964
7.857216
3.706005
6.0948105
5.4536667
5.9317627
5.5417175
6.3946457
6.707123
train_time
0.2986368999999911
0.2916597999999908
0.4377890000000093
0.3621226000000206
0.2892848999999842
0.32615450000002966
0.30631340000002183
0.2896017999999003
0.2967351999999437
0.34799180000004526
0.2737382999998772
0.283585199999834
0.31968800000004194
0.2876649999998335
0.3328511999998227
0.2950601000000006


================================================================================
=== adjoint network
test_risk
6.018261
6.4880743
5.966776
9.70348
11.006295
11.9840355
12.306149
6.9103713
12.244554
5.7779555
9.594409
8.584211
9.281963
8.640856
10.169475
10.556044
test_wealth_with_price_abs_mean
0.7040655
0.74031454
0.7333195
1.0998769
1.2864951
1.3851463
1.3864774
0.7768759
1.4177445
0.65986896
1.1037588
0.97475934
1.0584136
1.0016587
1.1922126
1.2125905
test_wealth_with_price_variance
0.8443644
0.953469
0.8981729
2.127374
2.8233848
3.302171
3.3972316
1.0641814
3.466614
0.7556084
2.1028633
1.6677058
1.955383
1.7262454
2.4138508
2.5690868
price
3.863922
4.1693
3.822075
6.17379
7.0508347
7.6741333
7.7630806
4.391964
7.857216
3.706005
6.0948105
5.4536667
5.9317627
5.5417175
6.3946457
6.707123
train_time
0.3143462000000028
0.3017080999999848
0.28020989999998847
0.32163790000004155
0.28433050000001003
0.2851466999999275
0.28235590000008415
0.31662740000001577
0.3259304999999131
0.3431390000000647
0.2855644000001121
0.30397480000010546
0.36786380000012286
0.2802378999999746
0.3144878999999037
0.31441819999986365


