================================================================================
=== payoff network
train_time
32.2098761
32.16782890000002
33.76895910000002
33.624340700000005
33.15294720000003
32.9992661
33.12637189999998
34.759814000000006
34.15108440000006
33.07503369999995
32.88189509999995
32.75732149999999
33.58324689999995
33.90524060000007
33.44194670000002
35.113641500000085


================================================================================
=== twin network
train_time
40.4463099
39.4805092
40.51638099999997
39.808640999999966
42.73368899999997
42.35667420000004
13.995869700000071
25.512212299999987
41.58763049999993
40.56925030000002
41.45114950000004
25.381291600000168
41.73241040000016
43.54664530000014
41.39397269999995
41.230027000000064


================================================================================
=== adjoint network
train_time
28.422433600000005
9.775604600000008
8.553525200000024
8.9501803
8.617750999999998
27.589657099999954
9.698782800000004
8.708354600000007
8.595087300000046
8.298497100000077
10.17371920000005
8.854271500000095
8.825942299999952
28.99484819999998
9.419615499999964
8.532008899999937


================================================================================
=== continuous-time
train_risk
8.650521
7.59784
7.2675185
7.796079
8.327853
8.127704
7.1001625
9.121704
7.921583
7.538121
6.6733546
7.685462
7.5702257
7.5613074
8.675194
6.891776
test_risk
8.746935
7.8891916
7.461953
7.734127
8.258634
8.075056
7.1003747
8.780984
7.9302573
7.7568183
6.641935
7.549378
7.710189
7.752583
8.443137
6.8871093
test_mean_value
0.41552517
0.42196837
0.4063419
0.42416894
0.4210195
0.39235604
0.42675123
0.39595
0.4222798
0.42167294
0.41217986
0.41612792
0.4303634
0.4207909
0.43709376
0.41682196
test_mean_abs_value
3.538004
3.3143003
5.7805295
4.703795
3.5968363
6.2671876
5.5098047
6.8342237
5.4335523
3.363384
4.9673285
5.862399
6.018303
3.1218874
6.583245
2.6814058
test_variance_value
21.875336
19.823133
58.840633
35.705654
21.848772
69.06015
53.159374
82.83894
49.881523
19.211027
43.14153
60.08764
63.57637
17.558395
76.49915
12.4578495
test_mean_costs
0.0
0.0
0.0
0.0
0.0
0.0
0.0
0.0
0.0
0.0
0.0
0.0
0.0
0.0
0.0
0.0
test_mean_abs_costs
0.0
0.0
0.0
0.0
0.0
0.0
0.0
0.0
0.0
0.0
0.0
0.0
0.0
0.0
0.0
0.0
test_variance_costs
0.0
0.0
0.0
0.0
0.0
0.0
0.0
0.0
0.0
0.0
0.0
0.0
0.0
0.0
0.0
0.0
test_mean_wealth
-5.7451797
-5.299372
-5.0118384
-5.677046
-5.6248064
-5.3306837
-4.750306
-5.789436
-5.799622
-5.2860675
-4.6494126
-5.0020585
-5.075125
-5.11832
-5.5631347
-4.562634
test_mean_abs_wealth
5.7451797
5.299372
5.0118384
5.677046
5.6248064
5.3306837
4.750306
5.789436
5.799622
5.2860675
4.6494126
5.0020585
5.075125
5.11832
5.5631347
4.562634
test_variance_wealth
1.6159353
1.2111696
1.0815443
0.81801
1.2521598
1.3436433
0.9951883
1.6048416
0.8724327
1.09989
0.72796035
1.161605
1.2510854
1.2493702
1.4833084
0.97281384
test_wealth_with_price_abs_mean
0.9637905
0.84144974
0.7943038
0.7020622
0.8595593
0.88106775
0.76188546
0.9624369
0.72521985
0.8044058
0.65749353
0.820393
0.8480119
0.84972155
0.9247228
0.7498504
test_wealth_with_price_variance
1.6159353
1.2111696
1.0815443
0.81801
1.2521598
1.3436433
0.9951883
1.6048416
0.8724327
1.09989
0.72796035
1.161605
1.2510854
1.2493702
1.4833084
0.97281384
price
5.744217
5.298607
5.0094957
5.6750164
5.6229377
5.327575
4.7471066
5.790634
5.7981005
5.2813234
4.648884
5.0003347
5.075668
5.119208
5.5621614
4.5628185
train_time
0.30286630000000514
0.287800500000003
0.29565100000002076
0.28130029999999806
0.30449440000001005
0.3056655000000319
0.2978642000000491
0.31892569999990883
0.29674999999997453
0.29122590000008586
0.32338479999998526
0.30420009999988906
0.2960958000001028
0.3012094000000616
0.30472489999988284
0.3043199999999615


================================================================================
=== payoff network
train_risk
8.850457
7.687519
7.483773
8.127691
8.470366
8.189536
7.116643
9.1671715
8.308166
7.6338553
6.971148
7.759708
7.7377505
7.685373
9.126095
6.9249244
test_risk
8.9080305
7.946751
7.6463714
8.007187
8.398768
8.136861
7.1561317
8.809234
8.288414
7.8065095
6.8659606
7.5688233
7.8882394
7.8075686
8.858763
6.924934
test_mean_value
0.41383582
0.41394773
0.3994092
0.41866693
0.43678886
0.3820834
0.42908058
0.38934645
0.41121706
0.4205539
0.40693748
0.4083918
0.4216968
0.431951
0.4232712
0.4231374
test_mean_abs_value
3.5612512
3.296154
5.6928463
4.7097764
3.6757221
5.9932156
5.4939594
6.628495
5.2907443
3.32308
4.8347926
5.669374
5.877462
3.1007867
6.3035207
2.6696472
test_variance_value
22.435217
19.346327
57.180374
35.912426
22.723272
65.61533
53.64206
79.97924
48.414215
18.805344
42.19694
57.02719
61.93278
17.53309
74.89517
12.351678
test_mean_costs
0.0
0.0
0.0
0.0
0.0
0.0
0.0
0.0
0.0
0.0
0.0
0.0
0.0
0.0
0.0
0.0
test_mean_abs_costs
0.0
0.0
0.0
0.0
0.0
0.0
0.0
0.0
0.0
0.0
0.0
0.0
0.0
0.0
0.0
0.0
test_variance_costs
0.0
0.0
0.0
0.0
0.0
0.0
0.0
0.0
0.0
0.0
0.0
0.0
0.0
0.0
0.0
0.0
test_mean_wealth
-5.746869
-5.3073926
-5.018771
-5.6825476
-5.6090374
-5.340956
-4.747977
-5.7960396
-5.8106847
-5.287186
-4.654655
-5.0097947
-5.083792
-5.10716
-5.576957
-4.5563188
test_mean_abs_wealth
5.746869
5.3073926
5.018771
5.6825476
5.6090374
5.340956
4.747977
5.7960396
5.8106847
5.287186
4.654655
5.0097947
5.083792
5.10716
5.576957
4.5563188
test_variance_wealth
1.7982676
1.2775273
1.2301761
1.025732
1.3852006
1.5683322
1.1291332
1.7842256
1.1891491
1.1905175
0.9100585
1.3611243
1.4251182
1.338805
1.9082929
1.0299551
test_wealth_with_price_abs_mean
1.0206261
0.86971503
0.85304093
0.7932371
0.91084635
0.9673738
0.82618296
1.0279665
0.8550534
0.8406954
0.7392394
0.91000336
0.9132264
0.87919736
1.0613477
0.7753218
test_wealth_with_price_variance
1.7982676
1.2775273
1.2301761
1.025732
1.3852006
1.5683322
1.1291332
1.7842256
1.1891491
1.1905175
0.9100585
1.3611243
1.4251182
1.338805
1.9082929
1.0299551
price
5.744217
5.298607
5.0094957
5.6750164
5.6229377
5.327575
4.7471066
5.790634
5.7981005
5.2813234
4.648884
5.0003347
5.075668
5.119208
5.5621614
4.5628185
train_time
0.2692388999999906
0.27420929999999544
0.27222949999998036
0.27398399999998446
0.27533529999999473
0.27416089999996984
0.275184700000068
0.2731254999999919
0.2763355000000729
0.27251860000001216
0.27326079999988906
0.26560589999985496
0.27375370000004295
0.2777861000001849
0.2721942000000581
0.26531550000004245


================================================================================
=== twin network
train_risk
8.702005
7.611826
7.298901
7.8225245
8.367932
8.228371
7.1757126
9.206696
7.9899797
7.5639877
6.7200313
7.7521663
7.6192636
7.5535727
8.670985
6.9632726
test_risk
8.779032
7.902639
7.49174
7.7412963
8.287268
8.12757
7.1658287
8.879293
7.981557
7.7721033
6.6578393
7.5964108
7.7489944
7.757894
8.4406395
6.9773545
test_mean_value
0.4152716
0.4222826
0.40691584
0.42512137
0.42283553
0.3916771
0.42308167
0.4016691
0.4137651
0.42521676
0.41481364
0.40976867
0.42745823
0.42021358
0.43627274
0.41737732
test_mean_abs_value
3.5469606
3.3026564
5.7686863
4.7096434
3.5975583
6.249876
5.4360404
6.9411387
5.3327994
3.3691065
5.0091414
5.788992
5.984316
3.1085517
6.555935
2.7177544
test_variance_value
22.03384
19.593452
58.838993
35.82914
21.951742
68.8325
52.04088
85.51834
48.328766
19.34964
43.69831
58.637943
63.24503
17.527445
76.44133
12.746345
test_mean_costs
0.0
0.0
0.0
0.0
0.0
0.0
0.0
0.0
0.0
0.0
0.0
0.0
0.0
0.0
0.0
0.0
test_mean_abs_costs
0.0
0.0
0.0
0.0
0.0
0.0
0.0
0.0
0.0
0.0
0.0
0.0
0.0
0.0
0.0
0.0
test_variance_costs
0.0
0.0
0.0
0.0
0.0
0.0
0.0
0.0
0.0
0.0
0.0
0.0
0.0
0.0
0.0
0.0
test_mean_wealth
-5.7454333
-5.299058
-5.0112643
-5.676093
-5.6229906
-5.3313622
-4.753976
-5.7837167
-5.808137
-5.2825236
-4.646779
-5.008418
-5.0780306
-5.1188974
-5.563956
-4.5620785
test_mean_abs_wealth
5.7454333
5.299058
5.0112643
5.676093
5.6229906
5.3313622
4.753976
5.7837167
5.808137
5.2825236
4.646779
5.008418
5.0780306
5.1188974
5.563956
4.5620785
test_variance_wealth
1.6286151
1.22797
1.0991668
0.82649684
1.2670966
1.3652695
1.0725704
1.6299078
0.91699684
1.1059375
0.7385186
1.1895778
1.2697718
1.2558665
1.5069152
0.9891482
test_wealth_with_price_abs_mean
0.96620744
0.85221034
0.8010717
0.7063553
0.86476874
0.8867222
0.79537994
0.9673006
0.7466892
0.8067675
0.66223735
0.8344101
0.85513973
0.8530604
0.93582696
0.75241196
test_wealth_with_price_variance
1.6286151
1.22797
1.0991668
0.82649684
1.2670966
1.3652695
1.0725704
1.6299078
0.91699684
1.1059375
0.7385186
1.1895778
1.2697718
1.2558665
1.5069152
0.9891482
price
5.744217
5.298607
5.0094957
5.6750164
5.6229377
5.327575
4.7471066
5.790634
5.7981005
5.2813234
4.648884
5.0003347
5.075668
5.119208
5.5621614
4.5628185
train_time
0.2750806999999895
0.267775400000005
0.27298279999996566
0.27358639999999923
0.27504529999998795
0.2716818000000103
0.2716996999999992
0.27047299999992447
0.27344779999998536
0.2681045000000495
0.27183549999995194
0.2725623999999698
0.27024039999992056
0.26158680000003187
0.274472600000081
0.2697246999998697


================================================================================
=== adjoint network
train_risk
8.69428
7.8185835
7.827642
7.988943
8.599808
8.220806
7.675514
9.30234
8.292618
7.7732654
6.683447
7.972514
8.098848
7.5348697
8.947053
7.2066426
test_risk
8.747865
8.091925
7.9639673
7.8408885
8.461657
8.13078
7.6700444
9.007855
8.343797
7.9727135
6.669767
7.7893324
8.199722
7.7411876
8.77697
7.2403793
test_mean_value
0.4147509
0.42919788
0.3745344
0.4337967
0.39728743
0.39456618
0.3820018
0.4035891
0.39383185
0.43085238
0.4130385
0.40439737
0.39116013
0.41987032
0.4080886
0.41302758
test_mean_abs_value
3.5022185
3.355906
5.322634
4.7937827
3.5823934
6.3067436
5.0288897
6.9830036
5.1718907
3.4546375
4.9548836
5.7716093
5.5477357
3.0863917
6.1920753
2.8199947
test_variance_value
21.562098
20.189884
50.730457
37.005962
21.753164
69.49571
45.868237
86.144966
45.560513
20.358934
42.565952
58.02822
55.168194
17.16112
68.27895
13.638677
test_mean_costs
0.0
0.0
0.0
0.0
0.0
0.0
0.0
0.0
0.0
0.0
0.0
0.0
0.0
0.0
0.0
0.0
test_mean_abs_costs
0.0
0.0
0.0
0.0
0.0
0.0
0.0
0.0
0.0
0.0
0.0
0.0
0.0
0.0
0.0
0.0
test_variance_costs
0.0
0.0
0.0
0.0
0.0
0.0
0.0
0.0
0.0
0.0
0.0
0.0
0.0
0.0
0.0
0.0
test_mean_wealth
-5.745954
-5.2921424
-5.043646
-5.667418
-5.6485386
-5.3284736
-4.795056
-5.781797
-5.82807
-5.276888
-4.6485543
-5.013789
-5.114329
-5.1192408
-5.5921397
-4.566428
test_mean_abs_wealth
5.745954
5.2921424
5.043646
5.667418
5.6485386
5.3284736
4.795056
5.781797
5.82807
5.276888
4.6485543
5.013789
5.114329
5.1192408
5.5921397
4.566428
test_variance_wealth
1.6332446
1.3121158
1.6016868
0.90297127
1.3664232
1.3625396
1.5624293
1.7583771
1.2395025
1.211697
0.78549314
1.2941564
1.7789294
1.2633419
1.9008455
1.0885652
test_wealth_with_price_abs_mean
0.9720225
0.87555486
1.0091993
0.7438088
0.89948297
0.8866176
1.0119449
1.0146438
0.8823229
0.8459081
0.69460803
0.87539905
1.0654854
0.860507
1.0868645
0.7879739
test_wealth_with_price_variance
1.6332446
1.3121158
1.6016868
0.90297127
1.3664232
1.3625396
1.5624293
1.7583771
1.2395025
1.211697
0.78549314
1.2941564
1.7789294
1.2633419
1.9008455
1.0885652
price
5.744217
5.298607
5.0094957
5.6750164
5.6229377
5.327575
4.7471066
5.790634
5.7981005
5.2813234
4.648884
5.0003347
5.075668
5.119208
5.5621614
4.5628185
train_time
0.26781110000000297
0.26698999999999273
0.2703448999999978
0.27365050000003066
0.27308250000004364
0.27435909999996966
0.2725269999999682
0.27207260000000133
0.2723852999999963
0.27386669999998503
0.26787259999991875
0.2724084999999832
0.27199529999984406
0.26935600000001614
0.2708242999999584
0.26794459999996434


