================================================================================
=== payoff network
train_time
34.2825601
35.90026649999999
39.763332899999966
35.13342549999999
37.73473569999999
37.51609300000007
42.18462340000008
40.883456499999966
38.27782539999998
42.834141700000146
24.524832099999912
43.80356379999989
42.280242900000076
38.36207649999983
37.75396839999985
48.3736799000003


================================================================================
=== twin network
train_time
43.151031800000005
42.8871431
46.27798569999999
43.245132299999966
46.49315809999996
51.37797610000007
53.38830130000008
49.51850259999992
52.36844289999999
51.33506719999991
34.06274170000006
51.70345120000002
32.55563340000003
55.49624730000005
46.47895160000007
48.119034100000135


================================================================================
=== adjoint network
train_time
36.751969700000004
39.34285600000001
35.347309199999984
35.73920140000007
37.48890510000001
44.302099500000054
42.80119090000005
40.798656200000096
38.37319969999999
46.20561369999996
50.471425599999975
41.574803199999906
47.24653569999987
41.1360909
41.22667109999975
43.948477399999774


================================================================================
=== continuous-time
test_risk
6.911492
7.1345773
7.020015
6.594558
6.9647255
7.709567
7.35234
7.6433673
7.227601
7.197
8.283091
7.7325935
7.1281705
6.6846185
7.894266
7.4711657
test_wealth_with_price_abs_mean
0.53387743
0.5877484
0.52966064
0.54626757
0.520042
0.65428865
0.58617437
0.6151488
0.55302906
0.57571965
0.6783856
0.6206469
0.5659526
0.52041036
0.7228748
0.5717993
test_wealth_with_price_variance
0.4644264
0.563503
0.4546725
0.48660088
0.43762997
0.7014318
0.5587107
0.61835676
0.49628213
0.5428889
0.7509393
0.62953156
0.52028483
0.44008532
0.8635082
0.5310883
price
5.3759727
5.433571
5.50617
5.017909
5.491011
5.8054786
5.671489
5.853714
5.6550384
5.5207376
6.304327
5.949478
5.506257
5.1860886
5.73741
5.8402405
train_time
0.3333691999999928
0.35999859999998307
0.3321690000000217
0.3248011000000588
0.335895599999958
0.40973169999995207
0.35611729999993713
0.358296399999972
0.3000753999999688
0.7865652000000409
0.47325979999982337
0.37613740000006146
0.3928335999999035
0.33005009999988033
0.3344579999998132
0.4139544000004207


================================================================================
=== payoff network
test_risk
7.1360755
7.3348083
7.31106
6.905165
7.2493315
8.068645
7.695349
7.870496
7.6023407
7.440455
8.64897
8.135354
7.4410405
6.977792
8.465493
7.8952684
test_wealth_with_price_abs_mean
0.65732646
0.69997245
0.6622447
0.6715978
0.6485892
0.8003241
0.703785
0.7232968
0.70619243
0.7044739
0.8354236
0.79165816
0.6896597
0.64339966
0.9299229
0.7857051
test_wealth_with_price_variance
0.6848868
0.77985996
0.6965462
0.71619475
0.66761523
1.0260204
0.7929332
0.8350935
0.7897287
0.78615975
1.1198795
0.99582726
0.75615174
0.6613595
1.3967404
0.97392684
price
5.3759727
5.433571
5.50617
5.017909
5.491011
5.8054786
5.671489
5.853714
5.6550384
5.5207376
6.304327
5.949478
5.506257
5.1860886
5.73741
5.8402405
train_time
0.2870992000000001
0.3585189000000355
0.29930389999998397
0.2767548000000488
0.32825759999991533
0.30858899999998357
0.29677349999997205
0.3075436000001446
0.2823389000000134
0.35835070000007363
0.38122249999992164
0.3360016000001451
0.3006364999998823
0.29221159999997326
0.2909742999995615
0.5145984000000681


================================================================================
=== twin network
test_risk
6.9105873
7.1702995
7.0281234
6.6066766
6.9725237
7.7225127
7.377658
7.66939
7.251491
7.202994
8.301091
7.7487564
7.1506286
6.7000885
7.918993
7.480433
test_wealth_with_price_abs_mean
0.541375
0.6011212
0.54072577
0.55437976
0.53919154
0.6654696
0.5965585
0.6252974
0.5630699
0.5833897
0.6835636
0.6267226
0.5767867
0.5283104
0.7567584
0.5850263
test_wealth_with_price_variance
0.47504687
0.5867779
0.47096184
0.4989959
0.46357092
0.7205681
0.57578874
0.6364683
0.5132323
0.5544705
0.76286656
0.6406516
0.5378142
0.45227247
0.92127615
0.55073065
price
5.3759727
5.433571
5.50617
5.017909
5.491011
5.8054786
5.671489
5.853714
5.6550384
5.5207376
6.304327
5.949478
5.506257
5.1860886
5.73741
5.8402405
train_time
0.2715644000000026
0.3246412000000305
0.27650139999997236
0.2968082999999524
0.33989310000004025
0.40639420000002247
0.2809886000000006
0.2978792000001249
0.3057502999999997
0.4097281999997904
0.30247510000003786
0.31934930000011263
0.31721139999990555
0.29083109999987755
0.3069986999998946
0.5349022000000332


================================================================================
=== adjoint network
test_risk
6.94366
7.1950827
7.04526
6.6393642
7.0104837
7.7319574
7.396969
7.7170362
7.291241
7.249054
8.319743
7.767795
7.15483
6.7209296
8.002102
7.544068
test_wealth_with_price_abs_mean
0.5461181
0.6057161
0.5453077
0.5597061
0.5497602
0.6680874
0.5992012
0.633347
0.57072824
0.58710176
0.6923316
0.63394135
0.5821722
0.53748095
0.79322475
0.6045655
test_wealth_with_price_variance
0.483039
0.59496504
0.47777218
0.50894046
0.48077106
0.72522944
0.58051443
0.65328443
0.5265386
0.5642424
0.7793405
0.65321475
0.54500526
0.46512455
0.99493724
0.5849696
price
5.3759727
5.433571
5.50617
5.017909
5.491011
5.8054786
5.671489
5.853714
5.6550384
5.5207376
6.304327
5.949478
5.506257
5.1860886
5.73741
5.8402405
train_time
0.27953929999999616
0.3893166000000292
0.2764364000000228
0.2795892000000322
0.2857460000000174
0.41093469999998433
0.283548699999983
0.2987917999998899
0.2975444000001062
0.604072700000188
0.3342399000000569
0.3261105999999927
0.2913618000000042
0.31593370000018695
0.28896190000023125
0.5133722000000489


