================================================================================
=== payoff network
train_time
35.742550800000004
36.00124299999999
36.28326100000004
37.219541900000024
39.07533190000004
38.179223200000024
36.5104685
37.63075719999995
37.86005320000004
36.77635959999998
37.94915130000004
37.46975479999992
37.723948000000064
37.50316320000002
37.93672850000007
39.518097500000295


================================================================================
=== twin network
train_time
44.611110599999996
43.99732690000002
44.49144529999995
44.3737716
44.16475409999998
45.822448399999985
48.03419199999996
45.979889200000116
48.04762149999988
45.22550339999998
45.157665699999825
45.67216619999999
46.4968073
48.39040960000011
45.831877100000156
46.42721570000003


================================================================================
=== adjoint network
train_time
31.957725999999994
31.128602399999977
30.85725709999997
32.21246309999998
31.953980500000057
32.217613400000005
33.66122710000002
32.66253809999989
33.10366429999999
32.86464070000011
37.14652729999989
34.37724390000017
32.9920340000001
33.599809899999855
33.66395800000009
32.976457299999765


================================================================================
=== continuous-time
train_risk
4.294275
4.150977
4.2805734
4.34506
4.32363
4.1407466
4.5974846
4.073816
4.480209
4.3533754
4.2492304
4.239302
4.429461
4.3996
4.2498317
4.253401
test_risk
4.2834907
4.1968718
4.2922115
4.3340564
4.1905813
4.228805
4.5623198
4.12586
4.535485
4.300948
4.2702107
4.199409
4.404983
4.369897
4.239348
4.185438
test_mean_value
-0.0049582925
-0.0033217918
-0.007112765
-0.0026636608
-0.004561502
-0.00702881
-0.006484111
-0.0016111945
-0.0057640756
-0.0074211503
-0.006693275
-0.002947409
-0.0052278894
-0.007756488
-0.0021492667
-0.0040039173
test_mean_abs_value
0.9679221
1.0131376
1.0012035
1.0888528
1.0158747
0.9718508
1.0377928
0.93218523
1.0753062
1.0044135
0.92751604
0.92757463
0.9959968
0.9514789
0.9666422
0.9630993
test_variance_value
1.455974
1.5937079
1.5568385
1.8403664
1.6094332
1.4743514
1.6644281
1.3530884
1.7795864
1.5621419
1.3446672
1.3472444
1.5397707
1.4079919
1.4559102
1.4425361
test_mean_costs
0.0
0.0
0.0
0.0
0.0
0.0
0.0
0.0
0.0
0.0
0.0
0.0
0.0
0.0
0.0
0.0
test_mean_abs_costs
0.0
0.0
0.0
0.0
0.0
0.0
0.0
0.0
0.0
0.0
0.0
0.0
0.0
0.0
0.0
0.0
test_variance_costs
0.0
0.0
0.0
0.0
0.0
0.0
0.0
0.0
0.0
0.0
0.0
0.0
0.0
0.0
0.0
0.0
test_mean_wealth
-3.0381389
-2.8503022
-2.9913301
-2.9416146
-2.8281434
-2.9568703
-3.3126822
-2.8361783
-3.2437253
-3.0154643
-3.0391457
-2.9323006
-3.166167
-3.1508203
-2.958148
-2.8756802
test_mean_abs_wealth
3.0381947
2.8506641
2.99147
2.9421074
2.8285482
2.9570608
3.3127038
2.836312
3.2438922
3.0156088
3.0391822
2.932393
3.166239
3.1508777
2.9582837
2.875878
test_variance_wealth
0.3585379
0.40806472
0.38686463
0.4233032
0.4145218
0.3714352
0.3592369
0.37767926
0.3794987
0.37459895
0.34906706
0.3633307
0.35388127
0.34144548
0.3722052
0.38856232
test_wealth_with_price_abs_mean
0.46805716
0.4954868
0.48469573
0.50096625
0.49926317
0.47533038
0.46751222
0.4795344
0.47800645
0.47637576
0.46252045
0.4705672
0.46409798
0.4570431
0.4758836
0.48538873
test_wealth_with_price_variance
0.3585379
0.40806472
0.38686463
0.4233032
0.4145218
0.3714352
0.3592369
0.37767926
0.3794987
0.37459895
0.34906706
0.3633307
0.35388127
0.34144548
0.3722052
0.38856232
price
3.040447
2.852834
2.989955
2.94235
2.828621
2.9586613
3.3134608
2.837561
3.244391
3.0173562
3.0392292
2.9333432
3.166531
3.1509733
2.9598815
2.8770356
train_time
0.3554144000000008
0.29751629999998386
0.3132327000000146
0.3013769000000366
0.306926800000042
0.3417034000000285
0.32022989999995843
0.3061499000000367
0.29827869999985523
0.2990310000000136
0.29706309999983205
0.31222089999982927
0.29358890000003157
0.3125926999998683
0.3019610000001194
0.3135554999998931


================================================================================
=== payoff network
train_risk
4.934986
4.6396613
4.7762594
4.755488
4.6766067
4.649856
4.9358344
4.5360236
4.864168
4.8261356
4.8076286
4.6994853
4.884515
4.8679705
4.745205
4.5968556
test_risk
4.8371816
4.644784
4.7815514
4.675828
4.6170325
4.6918902
4.979986
4.6277733
4.930574
4.7365575
4.792247
4.661253
4.860792
4.8200326
4.7380514
4.6184497
test_mean_value
0.0038476682
-0.005653518
-0.0029356359
-0.008038375
-0.012446801
-0.018015338
-0.0029916354
-0.0045158523
-0.014151316
-0.009311734
-0.011950067
0.0008752855
-0.0030430404
-0.006443102
-0.019948943
-0.012097797
test_mean_abs_value
0.93830353
0.9350343
0.901212
1.0615216
0.9504123
0.8840246
0.91070485
0.8160998
1.0070555
0.91877353
0.8674897
0.80175596
0.9302262
0.9164595
0.86438614
0.96113056
test_variance_value
1.354925
1.34756
1.2567159
1.7406551
1.4044203
1.209894
1.2812871
1.040934
1.5508204
1.3063184
1.1727213
0.99852914
1.3193116
1.3249903
1.161471
1.4386933
test_mean_costs
0.0
0.0
0.0
0.0
0.0
0.0
0.0
0.0
0.0
0.0
0.0
0.0
0.0
0.0
0.0
0.0
test_mean_abs_costs
0.0
0.0
0.0
0.0
0.0
0.0
0.0
0.0
0.0
0.0
0.0
0.0
0.0
0.0
0.0
0.0
test_variance_costs
0.0
0.0
0.0
0.0
0.0
0.0
0.0
0.0
0.0
0.0
0.0
0.0
0.0
0.0
0.0
0.0
test_mean_wealth
-3.0293329
-2.852634
-2.987153
-2.9469895
-2.8360286
-2.967857
-3.3091898
-2.839083
-3.2521126
-3.0173547
-3.0444026
-2.9284778
-3.1639822
-3.1495068
-2.9759479
-2.8837743
test_mean_abs_wealth
3.0295184
2.8528907
2.9872637
2.94773
2.8364615
2.9679523
3.3092153
2.8392344
3.2522573
3.017437
3.044464
2.9285498
3.1640139
3.149694
2.9760349
2.8841987
test_variance_wealth
0.74836314
0.72369856
0.7295034
0.69533765
0.72274834
0.6803967
0.63884705
0.7086265
0.6460128
0.665767
0.68673533
0.6768882
0.65980655
0.63765705
0.6952319
0.69487494
test_wealth_with_price_abs_mean
0.69037485
0.6799443
0.68356985
0.6617643
0.6784412
0.659692
0.63984823
0.67323416
0.63993764
0.65126425
0.6617392
0.6583027
0.64909834
0.63602257
0.6668428
0.6634219
test_wealth_with_price_variance
0.74836314
0.72369856
0.7295034
0.69533765
0.72274834
0.6803967
0.63884705
0.7086265
0.6460128
0.665767
0.68673533
0.6768882
0.65980655
0.63765705
0.6952319
0.69487494
price
3.040447
2.852834
2.989955
2.94235
2.828621
2.9586613
3.3134608
2.837561
3.244391
3.0173562
3.0392292
2.9333432
3.166531
3.1509733
2.9598815
2.8770356
train_time
0.28300310000000195
0.27904329999995525
0.28631880000000365
0.2864869999999655
0.27232570000001033
0.2910951000000068
0.27665619999993396
0.2886235000000852
0.28795179999997345
0.3305419000000711
0.29428359999997156
0.27901020000012977
0.2900050000000647
0.2926115000000209
0.27522810000027675
0.306528999999955


================================================================================
=== twin network
train_risk
4.387961
4.260648
4.364604
4.3838425
4.416912
4.264551
4.648122
4.1871977
4.555094
4.4383025
4.345212
4.3118005
4.4800406
4.4683113
4.445649
4.37063
test_risk
4.3801727
4.2661805
4.4108624
4.4005656
4.2538257
4.3274164
4.652034
4.2374187
4.5941887
4.3979
4.3646464
4.289773
4.4824815
4.4745026
4.4165745
4.3049846
test_mean_value
-0.0015541514
0.0008246871
-0.0054545053
-0.0048449175
-0.0060285227
-0.011671832
-0.001526776
-0.0057053035
-0.015360508
-0.008616145
-0.006718251
-0.0012162746
-0.0056474037
-0.008204712
-0.013175113
-0.009680281
test_mean_abs_value
1.0046613
1.0227163
0.9960239
1.0964864
1.0453432
0.96410024
1.0174469
0.9358966
1.1038415
0.9865226
0.91411513
0.93389535
1.0135127
0.9574131
0.9475397
0.95504487
test_variance_value
1.5665832
1.6169871
1.5319098
1.8693036
1.7071569
1.4454862
1.5985196
1.364809
1.8788459
1.5061252
1.2937324
1.3596362
1.5889589
1.4253727
1.3939109
1.4107457
test_mean_costs
0.0
0.0
0.0
0.0
0.0
0.0
0.0
0.0
0.0
0.0
0.0
0.0
0.0
0.0
0.0
0.0
test_mean_abs_costs
0.0
0.0
0.0
0.0
0.0
0.0
0.0
0.0
0.0
0.0
0.0
0.0
0.0
0.0
0.0
0.0
test_variance_costs
0.0
0.0
0.0
0.0
0.0
0.0
0.0
0.0
0.0
0.0
0.0
0.0
0.0
0.0
0.0
0.0
test_mean_wealth
-3.0347347
-2.8461556
-2.989672
-2.943796
-2.8296103
-2.9615133
-3.307725
-2.8402724
-3.253322
-3.0166593
-3.0391707
-2.9305694
-3.1665864
-3.1512685
-2.969174
-2.8813567
test_mean_abs_wealth
3.0348747
2.846652
2.9898093
2.944509
2.8302903
2.96171
3.3077595
2.840453
3.2536309
3.0168142
3.0392063
2.930687
3.1667044
3.1513536
2.9693568
2.8816156
test_variance_wealth
0.44222093
0.47923946
0.47338074
0.49512804
0.4939255
0.4412397
0.4197391
0.45688358
0.44461077
0.43942866
0.40627262
0.4315711
0.41830963
0.4177694
0.4832129
0.47007167
test_wealth_with_price_abs_mean
0.5238509
0.543317
0.5434648
0.54920936
0.551103
0.5241317
0.510042
0.5332275
0.52206403
0.5222448
0.5028877
0.5167204
0.50852585
0.51027244
0.5499325
0.54043937
test_wealth_with_price_variance
0.44222093
0.47923946
0.47338074
0.49512804
0.4939255
0.4412397
0.4197391
0.45688358
0.44461077
0.43942866
0.40627262
0.4315711
0.41830963
0.4177694
0.4832129
0.47007167
price
3.040447
2.852834
2.989955
2.94235
2.828621
2.9586613
3.3134608
2.837561
3.244391
3.0173562
3.0392292
2.9333432
3.166531
3.1509733
2.9598815
2.8770356
train_time
0.2855048999999923
0.2882426999999552
0.28452149999998255
0.27729490000001533
0.2909088999999767
0.28378829999996924
0.30385019999994256
0.279398300000139
0.28073859999994966
0.35172719999991386
0.2821231999998872
0.29338110000003326
0.29164560000003803
0.3063360000001012
0.2857114999997066
0.2854117000001679


================================================================================
=== adjoint network
train_risk
4.528831
4.480546
4.6231894
4.746798
4.7365575
4.4523783
4.925566
4.406105
4.7689137
4.647253
4.5856085
4.4560866
4.682808
4.702817
4.5052896
4.4749866
test_risk
4.5382824
4.516479
4.6009026
4.67174
4.5586114
4.534671
4.8985624
4.3928914
4.827074
4.651153
4.620254
4.449497
4.6691527
4.6603146
4.557174
4.427021
test_mean_value
-0.006503193
0.0021219517
-0.00747004
-0.0044433996
-0.011785267
-0.011168233
-0.00073232077
-0.008809043
-0.009531192
-0.0059715663
-0.00012321034
-0.0031829292
-0.0020600462
-0.018187782
-0.0049462565
-0.008254065
test_mean_abs_value
0.8530987
0.87334126
0.8882925
0.9334709
0.8594431
0.8493715
0.8824028
0.8295707
0.937894
0.8413329
0.8070933
0.82465285
0.87759054
0.84890056
0.8409499
0.8461223
test_variance_value
1.137747
1.1973207
1.232555
1.3558357
1.1586912
1.1311573
1.21444
1.0761046
1.3707432
1.1041231
1.0199958
1.0705539
1.2065194
1.1262802
1.1057191
1.1193165
test_mean_costs
0.0
0.0
0.0
0.0
0.0
0.0
0.0
0.0
0.0
0.0
0.0
0.0
0.0
0.0
0.0
0.0
test_mean_abs_costs
0.0
0.0
0.0
0.0
0.0
0.0
0.0
0.0
0.0
0.0
0.0
0.0
0.0
0.0
0.0
0.0
test_variance_costs
0.0
0.0
0.0
0.0
0.0
0.0
0.0
0.0
0.0
0.0
0.0
0.0
0.0
0.0
0.0
0.0
test_mean_wealth
-3.0396838
-2.8448584
-2.9916875
-2.9433944
-2.835367
-2.9610097
-3.3069305
-2.8433762
-3.2474926
-3.0140147
-3.0325756
-2.9325361
-3.1629992
-3.1612515
-2.9609451
-2.8799305
test_mean_abs_wealth
3.0397356
2.8452597
2.9918566
2.9437084
2.8355746
2.9611273
3.3069568
2.8435261
3.2475886
3.0140808
3.0326357
2.9326007
3.1630728
3.161297
2.961067
2.8801222
test_variance_wealth
0.5003493
0.5941478
0.5689669
0.60974777
0.62173253
0.54251885
0.55549717
0.52751666
0.5387917
0.5616734
0.5496356
0.5090949
0.5056534
0.4988731
0.545226
0.519568
test_wealth_with_price_abs_mean
0.56078315
0.6089196
0.59683055
0.6136507
0.62410337
0.58366925
0.59180874
0.57518303
0.5808441
0.5932034
0.58762
0.56482255
0.5627281
0.5589682
0.5830308
0.5693617
test_wealth_with_price_variance
0.5003493
0.5941478
0.5689669
0.60974777
0.62173253
0.54251885
0.55549717
0.52751666
0.5387917
0.5616734
0.5496356
0.5090949
0.5056534
0.4988731
0.545226
0.519568
price
3.040447
2.852834
2.989955
2.94235
2.828621
2.9586613
3.3134608
2.837561
3.244391
3.0173562
3.0392292
2.9333432
3.166531
3.1509733
2.9598815
2.8770356
train_time
0.286912700000002
0.275415799999962
0.28670649999997977
0.2778982999999471
0.29695409999999356
0.2947480000000269
0.2802704000000631
0.27951500000017404
0.28469589999986056
0.40837059999989833
0.28009899999983645
0.276346999999987
0.28986250000002656
0.2835273999999117
0.281053200000315
0.2843963000000258


