================================================================================
=== payoff network
train_time
36.8905954
38.983533800000004
36.3627755
39.53316849999999
38.505614899999955
41.56220889999997
37.84411190000003
40.697669399999995
40.38965549999989
42.2473700999999
47.56361590000006
41.03154319999999
38.374604899999895
40.27287979999983
45.43602240000018
45.14980829999968


================================================================================
=== twin network
train_time
48.5036091
48.217536800000005
46.7114775
45.45372000000003
45.925675100000035
49.70817420000003
50.19205599999998
49.69098579999991
50.85200659999987
49.82272289999992
54.344831800000065
51.016134100000045
46.21868880000011
54.09793280000008
52.91935460000013
54.781105200000184


================================================================================
=== adjoint network
train_time
35.23758310000001
37.877732899999984
41.87776210000004
37.70828130000007
40.935690499999964
39.47008010000002
41.09849320000001
40.37661489999982
41.93615509999995
45.02590209999994
46.64524080000001
41.736539900000025
40.89464810000004
43.06436589999976
45.49234959999967
41.10433209999974


================================================================================
=== continuous-time
test_risk
7.0324645
6.849414
6.847343
6.884923
7.5535173
7.204682
7.091834
7.079585
7.1650233
6.981323
7.809298
7.648339
7.159612
6.863266
7.332182
7.2072077
test_wealth_with_price_abs_mean
0.5190209
0.5111896
0.5548245
0.5699822
0.65051717
0.483397
0.5532082
0.52119416
0.57584786
0.5599394
0.5886245
0.6181493
0.5663333
0.5295846
0.55891514
0.547353
test_wealth_with_price_variance
0.4356145
0.42293218
0.5018263
0.5308131
0.6931256
0.37515792
0.49653694
0.43869933
0.5400593
0.50846213
0.5644774
0.6240742
0.5221169
0.45516518
0.5058066
0.48544958
price
5.5525656
5.3966327
5.243622
5.2227716
5.634248
5.8563476
5.49419
5.607881
5.500898
5.379885
6.1170697
5.8546505
5.529096
5.3481193
5.738583
5.6446958
train_time
0.3721430999999882
0.32110089999997626
0.35386110000001736
0.3225652999999511
0.3247544000000744
0.31830619999993814
0.31778769999993983
0.3692697000001317
0.4446964000001117
0.335023000000092
0.4039281000000301
0.3638782999998966
0.31479360000003
0.4069291999999223
0.46049630000015895
0.3736628000001474


================================================================================
=== payoff network
test_risk
7.467387
7.1823316
7.06156
7.0528445
7.9524455
7.5768814
7.4258785
7.496518
7.6606855
7.364643
8.303031
7.998149
7.602148
7.068953
7.780208
7.721708
test_wealth_with_price_abs_mean
0.6642405
0.66670907
0.6466205
0.6632208
0.8050398
0.64454603
0.67472786
0.67000514
0.7710143
0.71773267
0.7634791
0.764506
0.73543316
0.6341278
0.7845319
0.73014456
test_wealth_with_price_variance
0.7071504
0.7070425
0.66945994
0.69988817
1.0438731
0.657314
0.7269459
0.71516895
0.95292264
0.8203874
0.9323448
0.9364093
0.8593567
0.63763005
0.9755159
0.850257
price
5.5525656
5.3966327
5.243622
5.2227716
5.634248
5.8563476
5.49419
5.607881
5.500898
5.379885
6.1170697
5.8546505
5.529096
5.3481193
5.738583
5.6446958
train_time
0.28140100000001667
0.2863403000000062
0.29975369999999657
0.2948090999999522
0.2895624999999882
0.28538659999992433
0.29660469999998895
0.3561192999998184
0.4010687999998481
0.3179132000000209
0.3698345000000245
0.29605149999997593
0.29096039999990353
0.35413029999972423
0.3708160000001044
0.3455755999998473


================================================================================
=== twin network
test_risk
7.039546
6.8558555
6.851773
6.880812
7.534221
7.2123914
7.1221995
7.1192207
7.2210035
7.0129685
7.8279896
7.6525073
7.169688
6.8656025
7.342724
7.236888
test_wealth_with_price_abs_mean
0.5270212
0.5216574
0.5604247
0.5754825
0.66586125
0.49507707
0.5644399
0.5316751
0.58570814
0.57009375
0.598558
0.6277019
0.57411945
0.53834546
0.5725522
0.5577021
test_wealth_with_price_variance
0.44757503
0.43725103
0.5103359
0.53831804
0.7137109
0.39097258
0.5155161
0.45610312
0.5601648
0.5273105
0.58099455
0.64006525
0.5346237
0.4680078
0.52603024
0.5033283
price
5.5525656
5.3966327
5.243622
5.2227716
5.634248
5.8563476
5.49419
5.607881
5.500898
5.379885
6.1170697
5.8546505
5.529096
5.3481193
5.738583
5.6446958
train_time
0.2838878999999963
0.2948347999999896
0.3041594000000032
0.2883954999999787
0.2910405999999739
0.2874228000000585
0.289587900000015
0.35202159999994365
0.4209700999999768
0.34087940000017625
0.39133540000011635
0.30967499999997017
0.2996110999999928
0.3403448999997636
0.39299049999999625
0.33525680000002467


================================================================================
=== adjoint network
test_risk
7.0591283
6.868463
6.8707004
6.902184
7.5606303
7.2334547
7.120273
7.132628
7.2441597
7.014366
7.8289886
7.680824
7.2105126
6.8937554
7.355356
7.224624
test_wealth_with_price_abs_mean
0.5368577
0.52472156
0.56442404
0.581644
0.67639893
0.5057252
0.5648098
0.5348884
0.5904716
0.57053876
0.60172504
0.6359124
0.580397
0.54073644
0.5713822
0.55978614
test_wealth_with_price_variance
0.46239546
0.4420952
0.5173171
0.54848826
0.7318976
0.40650478
0.51514256
0.46072552
0.56848204
0.5260963
0.585373
0.65465194
0.5461112
0.4719689
0.5256068
0.5048233
price
5.5525656
5.3966327
5.243622
5.2227716
5.634248
5.8563476
5.49419
5.607881
5.500898
5.379885
6.1170697
5.8546505
5.529096
5.3481193
5.738583
5.6446958
train_time
0.29711000000000354
0.29695320000001857
0.3189762000000087
0.2885431999999355
0.2965833999999177
0.2915905999999495
0.285086299999989
0.28543230000013864
0.39827900000000227
0.2995487000000594
0.3617065000000821
0.2944774999998572
0.28091749999998683
0.29392779999989216
0.3349991999998565
0.2892704999999296


