================================================================================
=== payoff network
train_time
33.886276699999996
35.18900500000001
34.72924760000001
36.75538069999999
36.432908
37.90139149999993
37.30868190000001
35.22348090000003
39.32921380000016
37.63661049999996
35.67138960000011
35.94492340000011
37.17203260000019
36.43908829999987
37.106015499999785
36.88507609999988


================================================================================
=== twin network
train_time
44.29464289999999
43.563265599999994
43.98404900000003
44.28881789999997
43.91057239999998
46.555311500000016
43.78412430000003
44.743763899999976
50.5206819
44.49838479999994
47.00390700000003
45.16238320000002
45.67434309999999
47.41209290000006
46.18540929999995
46.51122650000025


================================================================================
=== adjoint network
train_time
37.534400700000006
39.50186500000001
38.020369200000005
37.18596889999998
37.05809350000004
36.85577790000002
38.55732880000005
37.88369650000004
38.612831700000015
38.878947900000185
39.82989459999999
37.953368400000045
40.69236030000002
39.074541499999896
41.08254459999989
47.36571279999998


================================================================================
=== continuous-time
test_risk
6.624133
6.581221
6.682463
6.5334506
6.750565
6.91485
6.699785
6.796669
6.8014483
6.5178666
6.7070107
6.9268055
6.903516
6.626137
7.1272492
6.9524813
test_wealth_with_price_abs_mean
0.3889763
0.40080383
0.39758015
0.4108419
0.40295973
0.44746438
0.42787445
0.42623997
0.41481072
0.3973519
0.40476745
0.41848215
0.41102666
0.3945509
0.47343886
0.42008165
test_wealth_with_price_variance
0.24209401
0.2569325
0.25250274
0.27081448
0.25989112
0.32171404
0.2929426
0.29103014
0.27518508
0.25275162
0.26205838
0.28040522
0.27090836
0.24840021
0.3601007
0.28199795
price
5.549564
5.4742627
5.5848804
5.3795047
5.6336565
5.6560616
5.5059514
5.6007633
5.646538
5.4159937
5.583334
5.757357
5.76011
5.532165
5.790017
5.786422
train_time
0.3481618999999938
0.30195650000001706
0.3305219000000079
0.3567261000000599
0.33640439999999217
0.309621800000059
0.32238059999997404
0.3155289000001176
0.3047882999999274
0.32641659999990225
0.2953494999999293
0.30253970000012487
0.3584516999999323
0.31287109999993845
0.30980019999969954
0.3317984999998771


================================================================================
=== payoff network
test_risk
7.024618
6.998336
7.12593
7.0530877
7.1828384
7.3334613
7.0878277
7.2719035
7.376254
7.0253043
7.1971846
7.559759
7.2834635
7.114042
7.5517216
7.4720488
test_wealth_with_price_abs_mean
0.5444882
0.55933523
0.565297
0.5913895
0.5676157
0.6104186
0.5756995
0.581787
0.6266947
0.57523876
0.5902746
0.6595964
0.5699149
0.5786569
0.637361
0.6212144
test_wealth_with_price_variance
0.47132978
0.49699923
0.5075638
0.55717045
0.5132938
0.5914383
0.5242938
0.5399332
0.62896746
0.5275
0.5533582
0.6953811
0.5174448
0.53178227
0.64385533
0.61069894
price
5.549564
5.4742627
5.5848804
5.3795047
5.6336565
5.6560616
5.5059514
5.6007633
5.646538
5.4159937
5.583334
5.757357
5.76011
5.532165
5.790017
5.786422
train_time
0.2924609000000089
0.2995790999999599
0.29111480000000256
0.28112559999999576
0.278682500000059
0.3052852000000712
0.2869634999999562
0.292677299999923
0.27973640000004707
0.2825390000000425
0.28906210000013743
0.3005680000001121
0.29155579999996917
0.29080640000006497
0.2926793000001453
0.2818417000003137


================================================================================
=== twin network
test_risk
6.6283855
6.590425
6.68641
6.584603
6.7491465
6.910471
6.7180157
6.832135
6.824908
6.5595536
6.7181687
6.9432163
6.919208
6.633798
7.1403484
6.972537
test_wealth_with_price_abs_mean
0.40193516
0.41360685
0.40959322
0.42557114
0.4204735
0.45703176
0.4409232
0.43986487
0.4282647
0.41396615
0.4169336
0.43268317
0.4235589
0.407148
0.48532897
0.4335242
test_wealth_with_price_variance
0.25634277
0.27207044
0.2663811
0.29016486
0.27909005
0.33358923
0.30988023
0.30901608
0.2924583
0.27321985
0.2761915
0.29846394
0.28658623
0.26300076
0.37655324
0.29915008
price
5.549564
5.4742627
5.5848804
5.3795047
5.6336565
5.6560616
5.5059514
5.6007633
5.646538
5.4159937
5.583334
5.757357
5.76011
5.532165
5.790017
5.786422
train_time
0.2791606999999914
0.29660619999998517
0.2816114999999968
0.28869190000000344
0.30582300000003215
0.2804367999999613
0.2920169999999871
0.28480119999994713
0.272521099999949
0.2930963999999676
0.2939813000000413
0.2892550999999912
0.2876681999998709
0.3047769999998309
0.30847970000013447
0.2798090000001139


================================================================================
=== adjoint network
test_risk
6.636426
6.5873218
6.6864758
6.5813627
6.7592964
6.9123
6.708083
6.821653
6.830615
6.5406475
6.731179
6.948238
6.919917
6.6392913
7.1211495
6.9721093
test_wealth_with_price_abs_mean
0.41011474
0.42048657
0.41592076
0.43603885
0.4314251
0.4721964
0.45020562
0.4468474
0.44129708
0.4160858
0.42665806
0.44179532
0.43050337
0.41589054
0.495335
0.44267076
test_wealth_with_price_variance
0.26598594
0.27992886
0.2738235
0.30197296
0.29300883
0.35266775
0.32071763
0.31746864
0.30795926
0.27508137
0.28808218
0.3094232
0.29445645
0.27322134
0.3884658
0.30987963
price
5.549564
5.4742627
5.5848804
5.3795047
5.6336565
5.6560616
5.5059514
5.6007633
5.646538
5.4159937
5.583334
5.757357
5.76011
5.532165
5.790017
5.786422
train_time
0.29432389999999486
0.2876758999999538
0.30096220000001495
0.2880058000000645
0.2884861999999657
0.2856588999999303
0.2923083000000588
0.27964669999983016
0.27501399999982823
0.3082053000000542
0.28132099999993443
0.29161379999982273
0.2937595999999303
0.2874090000000251
0.2924790999995821
0.29772589999993215


