================================================================================
=== payoff network
train_time
34.7215013
35.06217849999999
35.416078700000014
42.01307929999996
41.89051569999992
39.336059399999954
35.90181719999998
35.68875270000001
39.547748100000035
39.37103180000008
41.363154399999985
38.646979399999964
41.814438799999834
44.07927859999995
37.34176219999995
36.952870300000086


================================================================================
=== twin network
train_time
44.895391599999996
42.3060552
44.60269729999999
49.2817536
51.61670700000002
44.99392230000001
48.10474349999993
51.50737549999985
45.44527690000018
48.41211810000004
47.89051160000008
49.32715170000006
49.875991800000065
53.39069130000007
45.78499190000002
47.66272469999967


================================================================================
=== adjoint network
train_time
32.0713205
30.129339299999998
32.984507199999996
34.127715300000034
34.67241810000007
31.723585699999944
43.60524620000001
33.31253590000006
36.63594899999998
31.568894999999884
37.301709800000026
31.60824730000013
39.30987660000005
33.33410160000017
32.847703999999794
35.24210910000011


================================================================================
=== continuous-time
train_risk
4.2838855
4.3499026
4.4135838
4.3537583
4.21596
4.240014
4.6109066
4.216958
4.5042133
4.386326
4.4182267
4.3927407
4.4744835
4.526073
4.3089952
4.309153
test_risk
4.283706
4.2805943
4.399482
4.2727385
4.233261
4.3285656
4.6338143
4.2102203
4.587903
4.4551973
4.304884
4.401254
4.496293
4.500669
4.30108
4.342062
test_mean_value
-0.0026889436
-0.0031046134
-0.0064754975
-0.0062557557
-0.001750716
-0.003427062
-0.008082941
-0.0039730244
-0.0045603784
-0.010045753
-0.0058945166
-0.0055136317
-0.006217204
-0.0046420004
-0.0032041995
0.00060053496
test_mean_abs_value
0.9952643
1.056316
1.0731082
1.0076191
1.0074022
1.0388358
1.1476371
1.0239992
1.1459737
1.0766735
0.9838926
1.1094574
1.0938302
1.1558193
1.0609446
1.050605
test_variance_value
1.5396128
1.7238536
1.791327
1.577302
1.5715841
1.6807015
2.0319011
1.6356906
2.0038764
1.7957361
1.5114317
1.8801094
1.8389796
2.0466864
1.7537295
1.7236024
test_mean_costs
0.0
0.0
0.0
0.0
0.0
0.0
0.0
0.0
0.0
0.0
0.0
0.0
0.0
0.0
0.0
0.0
test_mean_abs_costs
0.0
0.0
0.0
0.0
0.0
0.0
0.0
0.0
0.0
0.0
0.0
0.0
0.0
0.0
0.0
0.0
test_variance_costs
0.0
0.0
0.0
0.0
0.0
0.0
0.0
0.0
0.0
0.0
0.0
0.0
0.0
0.0
0.0
0.0
test_mean_wealth
-2.924412
-2.8446977
-3.0442023
-2.9116473
-2.8562458
-2.9363992
-3.2759776
-2.8110285
-3.1982117
-3.0570557
-2.9770374
-2.961649
-3.1039896
-3.079519
-2.8750541
-2.9208505
test_mean_abs_wealth
2.924611
2.8454447
3.0445483
2.9119098
2.85664
2.936817
3.2761617
2.8115807
3.1984587
3.0573473
2.9771962
2.9623108
3.1043565
3.080171
2.8756442
2.9213574
test_variance_wealth
0.42298114
0.45885536
0.42287955
0.422256
0.43492776
0.43345287
0.4213415
0.4469759
0.43273106
0.4349479
0.40365994
0.46623382
0.43112954
0.45245504
0.45712608
0.44507682
test_wealth_with_price_abs_mean
0.5066311
0.5240374
0.5052025
0.5059943
0.5133223
0.5106639
0.50367296
0.51973766
0.5094273
0.51080364
0.49577394
0.5278636
0.50795865
0.5188282
0.5238959
0.5169028
test_wealth_with_price_variance
0.42298114
0.45885536
0.42287955
0.422256
0.43492776
0.43345287
0.4213415
0.4469759
0.43273106
0.4349479
0.40365994
0.46623382
0.43112954
0.45245504
0.45712608
0.44507682
price
2.9253573
2.846124
3.047842
2.9117916
2.8553324
2.9380708
3.2779534
2.8113983
3.2004552
3.0572274
2.9787679
2.962584
3.1027787
3.0835667
2.8742785
2.9229562
train_time
0.34054599999998914
0.30630310000000804
0.4133241000000112
0.3027272000000494
0.31278279999992264
0.330004899999949
0.5468913999999359
0.6422238000000107
0.33984079999981986
0.31695380000019213
0.2980889999998908
0.30945309999992787
0.40800080000008165
0.30871410000008837
0.31797199999982695
0.30553859999963606


================================================================================
=== payoff network
train_risk
4.6965556
4.6296782
4.924277
4.6939793
4.590501
4.62062
4.907042
4.5937037
4.929762
4.7993035
4.748448
4.658336
4.8148603
4.832486
4.6251106
4.7569065
test_risk
4.704672
4.661972
4.8373036
4.6161532
4.6511297
4.7041206
4.958435
4.614365
4.9471526
4.8269205
4.715832
4.756612
4.849933
4.779953
4.649083
4.7585444
test_mean_value
-0.0014693807
-0.009697773
-0.008584407
-0.009769277
-0.012224249
-0.012549975
-0.005530234
-0.0030553972
-0.008215769
-0.012030225
-0.0090560885
0.0022067109
-0.011166186
-0.014755874
0.0055446196
0.0096338205
test_mean_abs_value
0.9492472
0.961788
0.9376142
0.9643419
0.93508446
0.9151845
1.1286904
0.91990995
1.0560137
1.0390314
0.94683486
0.98450786
0.9997964
1.1504079
1.0175095
1.016113
test_variance_value
1.404576
1.4425168
1.3493929
1.4637395
1.3746846
1.2925447
1.9579978
1.3246938
1.6627775
1.671759
1.3952568
1.4830551
1.5340521
2.0576382
1.6114062
1.6087825
test_mean_costs
0.0
0.0
0.0
0.0
0.0
0.0
0.0
0.0
0.0
0.0
0.0
0.0
0.0
0.0
0.0
0.0
test_mean_abs_costs
0.0
0.0
0.0
0.0
0.0
0.0
0.0
0.0
0.0
0.0
0.0
0.0
0.0
0.0
0.0
0.0
test_variance_costs
0.0
0.0
0.0
0.0
0.0
0.0
0.0
0.0
0.0
0.0
0.0
0.0
0.0
0.0
0.0
0.0
test_mean_wealth
-2.9231925
-2.851291
-3.0463111
-2.915161
-2.8667192
-2.945522
-3.2734249
-2.8101108
-3.201867
-3.05904
-2.980199
-2.9539287
-3.1089387
-3.089633
-2.866305
-2.9118173
test_mean_abs_wealth
2.9234662
2.852
3.046452
2.9154365
2.867296
2.945631
3.2736747
2.8106441
3.2020383
3.0594366
2.9803963
2.9542603
3.1092212
3.0908453
2.8669415
2.9124649
test_variance_wealth
0.7221239
0.74075603
0.7274982
0.6667214
0.7247779
0.690223
0.6753023
0.73921496
0.686377
0.71091515
0.69579077
0.72629535
0.6778695
0.6903922
0.73390985
0.77840513
test_wealth_with_price_abs_mean
0.67778856
0.6857347
0.682778
0.6504448
0.6794757
0.6635766
0.6530203
0.6875569
0.6595563
0.67091584
0.6649081
0.6804601
0.6554521
0.65690315
0.68366504
0.7030812
test_wealth_with_price_variance
0.7221239
0.74075603
0.7274982
0.6667214
0.7247779
0.690223
0.6753023
0.73921496
0.686377
0.71091515
0.69579077
0.72629535
0.6778695
0.6903922
0.73390985
0.77840513
price
2.9253573
2.846124
3.047842
2.9117916
2.8553324
2.9380708
3.2779534
2.8113983
3.2004552
3.0572274
2.9787679
2.962584
3.1027787
3.0835667
2.8742785
2.9229562
train_time
0.29100419999998905
0.28517080000000306
0.41884610000005296
0.30482150000000274
0.29738529999997354
0.2895513999999366
0.3127752000000328
0.4328265999999985
0.28133339999999407
0.2876005000000532
0.2928681000000779
0.2804338999999345
0.40739140000005136
0.28656469999987166
0.28277429999980086
0.2884429000000637


================================================================================
=== twin network
train_risk
4.3854637
4.3875194
4.4593697
4.4049535
4.310164
4.342328
4.7159424
4.2865624
4.522881
4.477331
4.45411
4.411833
4.5171843
4.6024947
4.4140673
4.4163995
test_risk
4.365352
4.3990493
4.4889517
4.343881
4.309602
4.403393
4.695943
4.2891083
4.636369
4.5226245
4.3501906
4.4466267
4.5486813
4.560378
4.3873653
4.412148
test_mean_value
-0.002430351
-0.0037864249
-0.0072121127
-0.0068798237
-0.0056683957
-0.006600332
-0.0067312787
-0.0025996896
-0.007936119
-0.011906075
-0.002761298
-0.0025125542
-0.0076016965
-0.005818802
0.003846494
0.008339544
test_mean_abs_value
1.0027181
1.0101061
1.0565478
1.0107409
1.0207946
1.026236
1.1614372
1.0153785
1.1439449
1.0884646
1.0259997
1.1260428
1.1166258
1.1449548
1.0705161
1.0748324
test_variance_value
1.56431
1.5784084
1.7292728
1.5915314
1.6187227
1.6325841
2.0794022
1.6032411
1.9956082
1.8270543
1.6388415
1.9234552
1.9142028
2.0124457
1.7872174
1.7962879
test_mean_costs
0.0
0.0
0.0
0.0
0.0
0.0
0.0
0.0
0.0
0.0
0.0
0.0
0.0
0.0
0.0
0.0
test_mean_abs_costs
0.0
0.0
0.0
0.0
0.0
0.0
0.0
0.0
0.0
0.0
0.0
0.0
0.0
0.0
0.0
0.0
test_variance_costs
0.0
0.0
0.0
0.0
0.0
0.0
0.0
0.0
0.0
0.0
0.0
0.0
0.0
0.0
0.0
0.0
test_mean_wealth
-2.9241533
-2.8453796
-3.0449388
-2.9122715
-2.8601635
-2.9395726
-3.274626
-2.8096552
-3.2015874
-3.058916
-2.9739041
-2.958648
-3.105374
-3.0806959
-2.8680034
-2.9131117
test_mean_abs_wealth
2.9244652
2.8461974
3.0453124
2.9126375
2.8607998
2.9399817
3.2748723
2.810294
3.2018793
3.059282
2.974149
2.959448
3.1059184
3.0814693
2.8688312
2.9138918
test_variance_wealth
0.49251208
0.5453487
0.49319804
0.4850619
0.5061625
0.49251202
0.48981765
0.51177365
0.47550288
0.49874875
0.4642237
0.52408695
0.49522674
0.508029
0.5500409
0.53265834
test_wealth_with_price_abs_mean
0.5519365
0.57982033
0.55215436
0.5473021
0.55890644
0.5505404
0.5480147
0.56151956
0.5370186
0.55129164
0.5342448
0.56393874
0.5491001
0.5557378
0.58240014
0.5710714
test_wealth_with_price_variance
0.49251208
0.5453487
0.49319804
0.4850619
0.5061625
0.49251202
0.48981765
0.51177365
0.47550288
0.49874875
0.4642237
0.52408695
0.49522674
0.508029
0.5500409
0.53265834
price
2.9253573
2.846124
3.047842
2.9117916
2.8553324
2.9380708
3.2779534
2.8113983
3.2004552
3.0572274
2.9787679
2.962584
3.1027787
3.0835667
2.8742785
2.9229562
train_time
0.3011709999999965
0.2802307999999982
0.680152899999996
0.3091728999999077
0.29055990000006204
0.2789042999999083
0.3111797999999908
0.34048669999992853
0.28828550000002906
0.28562289999990753
0.29017670000007456
0.2885232000000997
0.3728701000000001
0.28825189999997747
0.2880678999999873
0.292102899999918


================================================================================
=== adjoint network
train_risk
4.5392265
4.528464
4.581208
4.7024055
4.404774
4.500388
4.947078
4.364748
4.824683
4.682313
4.803184
4.5285096
4.787054
4.8092875
4.707703
4.5553603
test_risk
4.5155015
4.511879
4.660761
4.5901957
4.459825
4.5761967
5.0211973
4.429793
4.960864
4.7524924
4.614612
4.6049294
4.756637
4.818993
4.67074
4.5390286
test_mean_value
-0.006664281
-0.007380273
-0.0037649977
-0.003979146
0.0024308665
-0.0022756527
-0.0042692083
-0.00060441555
-0.0072534475
-0.008971955
0.0016574534
-0.008035589
-0.0032047136
-0.007619232
-0.0011895736
0.007246815
test_mean_abs_value
0.90316963
0.9516816
0.9524564
0.8918312
0.91144866
0.9265717
0.96328306
0.9257339
0.98213726
0.9635945
0.8681373
1.021966
0.979352
0.9776781
0.934295
0.9663985
test_variance_value
1.2776356
1.4155425
1.4235092
1.2414112
1.2989203
1.3420662
1.4415071
1.3466924
1.489255
1.444576
1.1810246
1.6146206
1.4866171
1.49071
1.3634393
1.464205
test_mean_costs
0.0
0.0
0.0
0.0
0.0
0.0
0.0
0.0
0.0
0.0
0.0
0.0
0.0
0.0
0.0
0.0
test_mean_abs_costs
0.0
0.0
0.0
0.0
0.0
0.0
0.0
0.0
0.0
0.0
0.0
0.0
0.0
0.0
0.0
0.0
test_variance_costs
0.0
0.0
0.0
0.0
0.0
0.0
0.0
0.0
0.0
0.0
0.0
0.0
0.0
0.0
0.0
0.0
test_mean_wealth
-2.9283874
-2.8489735
-3.0414917
-2.9093707
-2.8520641
-2.935248
-3.2721639
-2.8076599
-3.2009048
-3.0559819
-2.9694855
-2.964171
-3.1009772
-3.0824962
-2.8730395
-2.9142044
test_mean_abs_wealth
2.928648
2.8496382
3.041719
2.9097126
2.8525422
2.935592
3.272302
2.8081923
3.2010767
3.05628
2.969721
2.9648387
3.1012535
3.0827827
2.8736327
2.914715
test_variance_wealth
0.56557024
0.5932123
0.5850078
0.61362755
0.58180356
0.5753018
0.65665996
0.5821514
0.6452805
0.6151211
0.60386264
0.59715515
0.5952771
0.6354285
0.6899647
0.5720148
test_wealth_with_price_abs_mean
0.5938887
0.6046076
0.60539114
0.6191869
0.6019859
0.59686536
0.64212096
0.6009208
0.6343285
0.61592096
0.614908
0.60635865
0.6083362
0.63116336
0.65441984
0.5930579
test_wealth_with_price_variance
0.56557024
0.5932123
0.5850078
0.61362755
0.58180356
0.5753018
0.65665996
0.5821514
0.6452805
0.6151211
0.60386264
0.59715515
0.5952771
0.6354285
0.6899647
0.5720148
price
2.9253573
2.846124
3.047842
2.9117916
2.8553324
2.9380708
3.2779534
2.8113983
3.2004552
3.0572274
2.9787679
2.962584
3.1027787
3.0835667
2.8742785
2.9229562
train_time
0.2744452000000024
0.29640460000001667
0.6042411000000243
0.28383469999994304
0.2838623999999754
0.2836244000000079
0.32835880000004636
0.3082127000000128
0.29236020000007557
0.28618249999999534
0.35457370000017363
0.2874633999999787
0.42498649999993177
0.27768190000006143
0.2857405999998264
0.2757022999999208


