================================================================================
=== payoff network
train_time
36.3335787
35.97717900000001
37.38389429999995
40.15957639999999
40.9596037
41.87104899999997
39.44993320000003
35.30040749999989
45.7074505999999
37.23094569999989
43.88466890000018
41.73995930000001
44.325424399999974
36.74761309999985
38.12777700000015
44.61817270000029


================================================================================
=== twin network
train_time
45.463727600000006
45.6082356
51.57323500000001
46.633512999999994
52.17843220000009
48.32956200000001
47.48840800000005
48.79801829999997
55.35930110000004
47.520631300000105
28.69464569999991
53.61824350000006
50.412772700000005
50.89458790000003
48.207916799999566
51.47783429999981


================================================================================
=== adjoint network
train_time
36.6263955
38.80220689999999
41.41730940000002
38.64827049999997
43.24172809999993
39.177086799999984
42.60980440000003
41.43265670000005
56.01331819999996
42.30061219999993
49.18347070000004
41.88181839999993
40.36953550000021
39.30422730000009
45.63356060000024
41.5476249000003


================================================================================
=== continuous-time
test_risk
7.5159574
7.743601
7.730113
7.3393407
7.85864
8.28579
8.598602
7.5906324
7.718658
8.1181
9.155781
7.391421
8.88962
6.9529057
7.5117245
7.9368896
test_wealth_with_price_abs_mean
0.7083712
0.7653849
0.85974044
0.6459548
0.70060736
0.78631824
0.8518073
0.6460342
0.72547495
0.80925745
0.89028573
0.62945694
0.9864349
0.61778945
0.6885042
0.7027617
test_wealth_with_price_variance
0.8336775
0.9876412
1.2668293
0.6853496
0.8068245
1.0316534
1.2157284
0.68145084
0.87574714
1.1039772
1.3244249
0.6503464
1.6704332
0.62882197
0.7839171
0.8124318
price
5.425747
5.4354987
5.07368
5.4602485
5.8330727
5.9513807
6.026384
5.7321815
5.5758667
5.656844
6.488201
5.5588393
5.8354087
5.147493
5.4800267
5.8841476
train_time
0.3314471999999995
0.31693749999999454
0.3675726000000168
0.37455929999998716
0.41934180000009746
0.32405710000000454
0.32158659999993233
0.3169738999999936
0.485415299999886
0.41459099999997306
0.3894121000000723
0.451873599999999
0.3767820999999003
0.3487673000004179
0.5565206999999646
0.35704640000039944


================================================================================
=== payoff network
test_risk
7.8989844
7.8323584
7.766862
7.493995
8.060722
8.462054
8.669233
8.025057
7.755037
8.382035
9.504285
7.5892744
8.878403
7.091101
7.5700574
8.311678
test_wealth_with_price_abs_mean
0.8526197
0.82846755
0.93886083
0.7255004
0.8038792
0.89348024
0.91457963
0.78775173
0.80470353
0.9017401
1.0704603
0.7344719
1.051255
0.6909704
0.74835604
0.8357438
test_wealth_with_price_variance
1.1818388
1.1356511
1.4610877
0.8464455
1.0323534
1.2857385
1.375375
1.0022662
1.0422052
1.3518715
1.8437233
0.8644934
1.8519522
0.76849645
0.90434045
1.129262
price
5.425747
5.4354987
5.07368
5.4602485
5.8330727
5.9513807
6.026384
5.7321815
5.5758667
5.656844
6.488201
5.5588393
5.8354087
5.147493
5.4800267
5.8841476
train_time
0.28756990000000826
0.3351564999999823
0.4035150999999928
0.3487463999999818
0.536116100000072
0.289664499999958
0.2949939999999742
0.3024746999999479
0.452894600000036
0.3458625000000666
0.3672718000000259
0.402968600000122
0.27538030000005165
0.33673869999984163
0.5215693000000101
0.286978199999794


================================================================================
=== twin network
test_risk
7.570686
7.669696
7.739592
7.3657517
7.886068
8.296232
8.662787
7.610344
7.734336
8.132229
9.215254
7.4032707
8.868309
6.983389
7.511932
7.953407
test_wealth_with_price_abs_mean
0.7284339
0.772347
0.8722217
0.6551305
0.72064334
0.7945372
0.85966194
0.6528998
0.7324164
0.82068634
0.9114944
0.6366989
0.9912875
0.6209712
0.6936864
0.7099629
test_wealth_with_price_variance
0.8714726
0.9933478
1.2847726
0.702609
0.8433905
1.0480497
1.2395384
0.69538724
0.88926303
1.1277348
1.3742926
0.66225207
1.6741945
0.6369428
0.7931889
0.82608414
price
5.425747
5.4354987
5.07368
5.4602485
5.8330727
5.9513807
6.026384
5.7321815
5.5758667
5.656844
6.488201
5.5588393
5.8354087
5.147493
5.4800267
5.8841476
train_time
0.2920732999999984
0.3688985999999659
0.3327484999999797
0.30194199999994
0.3683091999999988
0.31517009999993206
0.31318559999999707
0.3454736999999568
0.30692279999993843
0.39352839999992284
0.35722499999997126
0.35562770000001365
0.35374830000000657
0.28535409999994954
0.44094170000016675
0.28711829999974725


================================================================================
=== adjoint network
test_risk
7.5702734
7.6855454
7.813763
7.431324
7.929253
8.352796
8.674312
7.6340714
7.8086953
8.164711
9.222925
7.447789
8.957077
7.020389
7.564375
8.013174
test_wealth_with_price_abs_mean
0.72365
0.7766629
0.8776129
0.6625535
0.73972774
0.80924636
0.8627002
0.6607231
0.73771125
0.8167294
0.9151904
0.64318705
1.0015906
0.6269689
0.7034508
0.7183499
test_wealth_with_price_variance
0.86535156
1.001048
1.304283
0.7198687
0.8823979
1.0815214
1.2444679
0.7091615
0.90655464
1.1216942
1.3846135
0.67629915
1.7116613
0.64962196
0.8149579
0.8462385
price
5.425747
5.4354987
5.07368
5.4602485
5.8330727
5.9513807
6.026384
5.7321815
5.5758667
5.656844
6.488201
5.5588393
5.8354087
5.147493
5.4800267
5.8841476
train_time
0.28807580000000144
0.4959362000000169
0.3633376000000226
0.36296500000003107
0.2940548999999919
0.4091123000000607
0.32416090000003805
0.3275163999999222
0.3102662000001146
0.37467209999999795
0.4191310999999587
0.3453352999999879
0.3404666000001271
0.3004664000000048
0.49501409999993484
0.30905140000004394


