================================================================================
=== payoff network
train_time
40.1792159
40.231935899999996
37.81402320000001
40.1790853
37.48884019999991
37.836388899999974
36.76076969999997
36.413028900000086
35.535213800000065
35.140021899999965
35.873022499999934
35.5749237
38.32160719999979
35.7246075999999
36.74811019999993
35.72461169999997


================================================================================
=== twin network
train_time
47.0707458
49.931293100000005
48.73398279999998
50.701239999999984
43.593433300000015
45.68655239999998
43.572287099999926
45.97074120000002
44.599962000000005
43.79943539999999
43.79906510000001
43.14839649999999
43.631117799999856
46.08338750000007
46.12686520000011
44.05985520000013


================================================================================
=== adjoint network
train_time
37.2351836
33.951085699999965
34.19646039999998
38.93564509999999
29.990126300000043
31.036036400000057
31.423697100000027
31.484840000000077
30.419150400000035
30.738623599999983
32.32574019999993
31.760005500000034
30.894951300000002
31.21704499999987
31.021872900000062
30.65820530000019


================================================================================
=== continuous-time
train_risk
4.366344
4.5091424
4.523651
4.416323
4.439955
4.449579
4.795895
4.2318516
4.6781497
4.6408973
4.465136
4.4306283
4.636775
4.531418
4.566913
4.4813643
test_risk
4.3416557
4.4417872
4.457058
4.414891
4.30475
4.443713
4.7505627
4.2967176
4.6703563
4.5761933
4.559893
4.5290813
4.575483
4.5623384
4.394597
4.5369887
test_mean_value
0.0021770468
-0.0033840185
-0.008564561
-0.007612675
-0.0023584694
-0.008251353
-0.0046848026
-0.0041886554
-0.0002667387
-0.0057635503
-0.005585151
-0.0050977767
-0.0019166439
-0.0046815043
0.00028152223
0.0017697024
test_mean_abs_value
1.0700574
1.1979691
1.09343
1.1424184
1.0498551
1.0918814
1.2302608
1.0747936
1.2506155
1.2250451
1.2119747
1.1465307
1.1915987
1.1423755
1.1113751
1.2272891
test_variance_value
1.7707217
2.2028465
1.8642175
2.0218477
1.7280791
1.8398558
2.3379226
1.7982818
2.4196558
2.301701
2.2701874
2.042767
2.1767275
2.0069418
1.9268676
2.3125966
test_mean_costs
0.0
0.0
0.0
0.0
0.0
0.0
0.0
0.0
0.0
0.0
0.0
0.0
0.0
0.0
0.0
0.0
test_mean_abs_costs
0.0
0.0
0.0
0.0
0.0
0.0
0.0
0.0
0.0
0.0
0.0
0.0
0.0
0.0
0.0
0.0
test_variance_costs
0.0
0.0
0.0
0.0
0.0
0.0
0.0
0.0
0.0
0.0
0.0
0.0
0.0
0.0
0.0
0.0
test_mean_wealth
-2.8673303
-2.8339198
-3.010473
-2.8793454
-2.8258557
-2.993399
-3.2320871
-2.7862988
-3.1361969
-3.0259516
-2.994984
-3.0191574
-3.0607755
-3.1157289
-2.8833327
-2.9670556
test_mean_abs_wealth
2.8678331
2.8357239
3.010945
2.8805377
2.826547
2.9938085
3.2325752
2.787313
3.1370292
3.0270865
2.9963312
3.0198295
3.0613427
3.1160922
2.8842242
2.9685903
test_variance_wealth
0.48973224
0.5685879
0.47562334
0.5296975
0.49459285
0.4792165
0.5035863
0.51093763
0.53317887
0.5352043
0.54950124
0.5162144
0.50132847
0.4779114
0.5085774
0.5497964
test_wealth_with_price_abs_mean
0.5442636
0.5794119
0.53612316
0.5629647
0.54671866
0.538145
0.5461249
0.5542446
0.56213534
0.5632025
0.5713286
0.55694807
0.54644376
0.53732944
0.5514551
0.57065535
test_wealth_with_price_variance
0.48973224
0.5685879
0.47562334
0.5296975
0.49459285
0.4792165
0.5035863
0.51093763
0.53317887
0.5352043
0.54950124
0.5162144
0.50132847
0.4779114
0.5085774
0.5497964
price
2.8667486
2.8339858
3.0127745
2.8832836
2.8254714
2.9925406
3.2347996
2.7872577
3.1370704
3.0267541
2.9981685
3.0192049
3.0625014
3.1185079
2.8845758
2.9675243
train_time
0.34023719999999
0.3042054999999664
0.3910259999999539
0.32373649999999543
0.30326290000004974
0.3042116999999962
0.3071512999999868
0.2974297000000661
0.3171267000000171
0.39100699999994504
0.2944339000000582
0.30262249999987034
0.32404220000012174
0.3015250000000833
0.30989419999991696
0.316341299999749


================================================================================
=== payoff network
train_risk
4.7147713
4.6939573
4.732997
4.6631417
4.751183
4.7032213
4.9359326
4.557618
5.0025024
4.829094
4.795273
4.8563237
4.9135003
4.7666645
4.7831364
4.6282215
test_risk
4.774408
4.6836886
4.7367973
4.659701
4.561172
4.72966
4.9559517
4.609636
4.9466124
4.800423
4.836687
4.8734045
4.8042426
4.82796
4.6786466
4.7483
test_mean_value
-0.0030310745
-0.001433218
-0.02080564
-0.007489676
0.00092527806
-0.0012457796
-0.014377754
-0.00707564
0.0030630813
-0.0055402196
0.0022600102
-0.0074822917
0.0022739065
-0.004515249
0.0020158463
0.004220029
test_mean_abs_value
1.0317302
1.144202
1.132015
1.0599227
0.98610866
1.1244737
1.2466478
1.06532
1.1562895
1.1872687
1.1227976
1.0997221
1.0911355
1.125809
1.1719124
1.237878
test_variance_value
1.6517583
2.0230823
1.9802305
1.744961
1.5380855
1.9464308
2.354694
1.8215698
2.0501516
2.1536002
1.9501755
1.9003757
1.8146905
2.000424
2.1678336
2.358601
test_mean_costs
0.0
0.0
0.0
0.0
0.0
0.0
0.0
0.0
0.0
0.0
0.0
0.0
0.0
0.0
0.0
0.0
test_mean_abs_costs
0.0
0.0
0.0
0.0
0.0
0.0
0.0
0.0
0.0
0.0
0.0
0.0
0.0
0.0
0.0
0.0
test_variance_costs
0.0
0.0
0.0
0.0
0.0
0.0
0.0
0.0
0.0
0.0
0.0
0.0
0.0
0.0
0.0
0.0
test_mean_wealth
-2.8725383
-2.831969
-3.0227141
-2.8792224
-2.822572
-2.9863932
-3.2417803
-2.7891858
-3.132867
-3.0257282
-2.9871387
-3.021542
-3.0565848
-3.1155627
-2.8815985
-2.964605
test_mean_abs_wealth
2.873475
2.8342304
3.023342
2.8804934
2.8232713
2.9872732
3.2424266
2.791894
3.1334326
3.0270674
2.9884255
3.0224967
3.056977
3.1163988
2.8842218
2.9670682
test_variance_wealth
0.84361714
0.7872754
0.70584774
0.73573756
0.6962211
0.72333854
0.7012161
0.77902955
0.7514804
0.7379604
0.7800282
0.7964234
0.67496604
0.6947539
0.7978498
0.77532166
test_wealth_with_price_abs_mean
0.7319461
0.70170736
0.666234
0.68255234
0.66507417
0.67316777
0.66013867
0.69796443
0.68933904
0.67842036
0.70195496
0.70956004
0.6517324
0.65914494
0.70455116
0.69653493
test_wealth_with_price_variance
0.84361714
0.7872754
0.70584774
0.73573756
0.6962211
0.72333854
0.7012161
0.77902955
0.7514804
0.7379604
0.7800282
0.7964234
0.67496604
0.6947539
0.7978498
0.77532166
price
2.8667486
2.8339858
3.0127745
2.8832836
2.8254714
2.9925406
3.2347996
2.7872577
3.1370704
3.0267541
2.9981685
3.0192049
3.0625014
3.1185079
2.8845758
2.9675243
train_time
0.2772243000000003
0.30083980000000565
0.29007919999997966
0.28955819999998766
0.28516030000002957
0.2883775999999898
0.2953678999999738
0.28888259999985166
0.2828640999998697
0.38129049999997733
0.2929203999999572
0.2882578999999623
0.27546460000007755
0.27475030000005063
0.3097739999998339
0.2839466000000357


================================================================================
=== twin network
train_risk
4.419349
4.5472393
4.572287
4.492289
4.485046
4.4881697
4.808416
4.239465
4.739069
4.674331
4.551728
4.5262647
4.709534
4.5308733
4.580108
4.4869843
test_risk
4.390989
4.483683
4.49025
4.472799
4.3620815
4.4941816
4.7620053
4.3328185
4.7166033
4.6289015
4.6089067
4.563939
4.6184297
4.5984755
4.4483705
4.547382
test_mean_value
0.0004469893
-0.0008835532
-0.014506807
-0.0038654276
0.0019790933
-0.0045024008
-0.0071345763
-0.005315434
0.0035258224
-0.0053613717
-0.004006091
-0.003116834
-0.0014591892
-0.0037428928
0.00096872466
0.0039543645
test_mean_abs_value
1.0937676
1.1800684
1.1510735
1.1282672
1.0345528
1.1198306
1.2672826
1.0995036
1.2431741
1.2179524
1.2034234
1.1591398
1.1884443
1.151774
1.1237206
1.2549995
test_variance_value
1.862761
2.146087
2.0482922
1.9639764
1.6846095
1.9357861
2.4717433
1.8817365
2.3881955
2.266413
2.2298572
2.0851684
2.1542711
2.0483487
1.9782774
2.4111302
test_mean_costs
0.0
0.0
0.0
0.0
0.0
0.0
0.0
0.0
0.0
0.0
0.0
0.0
0.0
0.0
0.0
0.0
test_mean_abs_costs
0.0
0.0
0.0
0.0
0.0
0.0
0.0
0.0
0.0
0.0
0.0
0.0
0.0
0.0
0.0
0.0
test_variance_costs
0.0
0.0
0.0
0.0
0.0
0.0
0.0
0.0
0.0
0.0
0.0
0.0
0.0
0.0
0.0
0.0
test_mean_wealth
-2.8690603
-2.8314195
-3.0164154
-2.8755982
-2.8215182
-2.98965
-3.234537
-2.7874255
-3.1324043
-3.0255494
-2.9934049
-3.0171764
-3.060318
-3.1147902
-2.8826456
-2.9648707
test_mean_abs_wealth
2.8699102
2.8334262
3.0170841
2.8769705
2.8223302
2.9902816
3.2352114
2.7888298
3.1333704
3.0267458
2.994759
3.0180316
3.0609946
3.1152723
2.8839247
2.9668782
test_variance_wealth
0.55348
0.62337935
0.533208
0.5874266
0.54558915
0.5397023
0.56356525
0.5662062
0.5791836
0.58275133
0.59524333
0.5615681
0.54690206
0.52337694
0.5842104
0.5928866
test_wealth_with_price_abs_mean
0.5814676
0.61389965
0.57012725
0.5981445
0.5788142
0.5739543
0.58099544
0.58732796
0.59045625
0.59126085
0.598785
0.5831762
0.57422477
0.56507736
0.5972137
0.59560084
test_wealth_with_price_variance
0.55348
0.62337935
0.533208
0.5874266
0.54558915
0.5397023
0.56356525
0.5662062
0.5791836
0.58275133
0.59524333
0.5615681
0.54690206
0.52337694
0.5842104
0.5928866
price
2.8667486
2.8339858
3.0127745
2.8832836
2.8254714
2.9925406
3.2347996
2.7872577
3.1370704
3.0267541
2.9981685
3.0192049
3.0625014
3.1185079
2.8845758
2.9675243
train_time
0.28773720000000935
0.3095635000000243
0.37476860000003853
0.2807070000000067
0.29042949999995926
0.2972654999999804
0.2850449000000026
0.2977418000000398
0.286187800000107
0.4195489000001089
0.274952600000006
0.29436509999982263
0.2889583000001039
0.2823596999999154
0.2783791999997902
0.28096040000036737


================================================================================
=== adjoint network
train_risk
4.621452
4.6993704
4.764439
4.6844945
4.7192335
4.5876956
5.1024985
4.376557
4.8871684
4.899021
4.762974
4.627305
4.81432
4.744248
4.7036757
4.698618
test_risk
4.557743
4.661169
4.6678095
4.6327224
4.636819
4.6466584
4.965286
4.460488
4.8509264
4.879901
4.8010635
4.7060695
4.794455
4.814349
4.5869126
4.7299213
test_mean_value
-0.0064858557
-0.0022611618
-0.014249971
0.0012755995
-0.0020462333
-0.0072740912
-0.0055631143
-0.003126049
-0.0045500603
0.0009979877
-0.0058367774
-0.002585207
0.0005951355
-0.00428979
-0.0052782223
0.0037301837
test_mean_abs_value
0.9838148
1.0666296
0.99016345
1.0350008
0.926124
0.99193877
1.1229359
1.0189381
1.1681175
1.0716735
1.0763867
1.0656623
1.0796726
1.0218439
1.0101395
1.1499101
test_variance_value
1.5060558
1.758908
1.5387279
1.6766222
1.3497758
1.5333114
1.9675579
1.6216328
2.1403172
1.7848911
1.8070012
1.7796408
1.8091176
1.6194029
1.5990705
2.0384352
test_mean_costs
0.0
0.0
0.0
0.0
0.0
0.0
0.0
0.0
0.0
0.0
0.0
0.0
0.0
0.0
0.0
0.0
test_mean_abs_costs
0.0
0.0
0.0
0.0
0.0
0.0
0.0
0.0
0.0
0.0
0.0
0.0
0.0
0.0
0.0
0.0
test_variance_costs
0.0
0.0
0.0
0.0
0.0
0.0
0.0
0.0
0.0
0.0
0.0
0.0
0.0
0.0
0.0
0.0
test_mean_wealth
-2.8759933
-2.832797
-3.0161586
-2.8704572
-2.8255434
-2.9924216
-3.2329655
-2.7852361
-3.1404803
-3.01919
-2.9952357
-3.016645
-3.0582638
-3.1153371
-2.8888927
-2.965095
test_mean_abs_wealth
2.8766189
2.8343973
3.016603
2.8718374
2.8262794
2.9928327
3.2335014
2.7865546
3.1413941
3.0200822
2.996465
3.017445
3.0588431
3.1156032
2.889759
2.9668436
test_variance_wealth
0.62430435
0.7095076
0.60792494
0.6831478
0.70404965
0.61576027
0.63902295
0.6360344
0.66707397
0.7382845
0.71178627
0.64681447
0.6395806
0.64317113
0.6274297
0.6863974
test_wealth_with_price_abs_mean
0.6216253
0.66011095
0.614369
0.6500675
0.6616116
0.6190743
0.6241291
0.62457097
0.6401691
0.6768445
0.6640617
0.6317249
0.6264989
0.6346889
0.62156826
0.64659876
test_wealth_with_price_variance
0.62430435
0.7095076
0.60792494
0.6831478
0.70404965
0.61576027
0.63902295
0.6360344
0.66707397
0.7382845
0.71178627
0.64681447
0.6395806
0.64317113
0.6274297
0.6863974
price
2.8667486
2.8339858
3.0127745
2.8832836
2.8254714
2.9925406
3.2347996
2.7872577
3.1370704
3.0267541
2.9981685
3.0192049
3.0625014
3.1185079
2.8845758
2.9675243
train_time
0.28577819999998155
0.31671879999998964
0.3059564000000137
0.28658070000005864
0.2767626999999493
0.28769390000002204
0.2878408000000263
0.27429449999999633
0.28796489999990627
0.3882673000000523
0.2812200999999277
0.2938043999999991
0.2918125000001055
0.28079200000001947
0.2871629999999641
0.2857263000000785


