================================================================================
=== payoff network
train_time
38.1324354
40.612607
38.54436820000001
46.71939659999998
38.53479230000005
43.74056529999996
41.34259750000001
25.270460700000058
35.717681200000015
38.820997900000066
36.20286020000003
49.29549339999994
43.68615880000016
49.34613239999999
41.31981719999976
36.32334519999995


================================================================================
=== twin network
train_time
49.220310100000006
46.4918036
51.02385020000003
52.084908799999994
55.82419330000005
51.22068540000009
52.55746149999993
27.660159700000122
46.50918839999986
44.15154940000002
45.73246340000014
51.231988799999954
58.21363289999999
61.93355259999976
66.04416340000034
47.34829140000011


================================================================================
=== adjoint network
train_time
41.514759100000006
40.15452039999997
40.85966259999998
37.914612000000034
39.05873329999997
41.47953819999998
45.92637300000001
37.102349799999956
41.77711820000013
36.650205800000094
40.54452119999996
44.09044730000005
49.18730389999996
46.82084150000037
37.82309149999992
43.10130459999982


================================================================================
=== continuous-time
test_risk
6.9548645
6.5289145
6.7953253
6.466427
7.268899
7.531218
6.9948606
6.968768
6.821285
6.870266
7.230674
7.3245687
6.981119
6.879175
7.015799
6.994202
test_wealth_with_price_abs_mean
0.4770079
0.4507412
0.4738919
0.45281044
0.5135488
0.5562338
0.5175001
0.50427186
0.4950182
0.47866166
0.51273435
0.52943707
0.5061645
0.49195918
0.48949432
0.488067
test_wealth_with_price_variance
0.36545175
0.3271829
0.36150587
0.33029616
0.42351294
0.5020923
0.43334004
0.41064867
0.39637467
0.36893716
0.42371723
0.45320186
0.41397652
0.39125407
0.38436538
0.38392955
price
5.611563
5.258772
5.460418
5.189394
5.8220344
5.932977
5.508175
5.5449286
5.4120398
5.521741
5.7795687
5.813697
5.537198
5.4842033
5.6418033
5.6167
train_time
0.38747060000000033
0.324565199999995
0.32250240000001895
0.3147063999999773
0.35039100000005874
0.38857259999997495
0.40062749999992775
0.31715669999994134
0.3682051999999203
0.31664999999998145
0.3030622000001131
0.3406906000000163
0.793944700000111
0.31304420000014943
0.49633510000012393
0.6894136999999319


================================================================================
=== payoff network
test_risk
7.3576903
6.828715
7.0915966
6.759436
7.804082
7.883683
7.357882
7.3348107
7.0690503
7.3084645
7.645866
7.6140523
7.324915
7.226597
7.479531
7.457453
test_wealth_with_price_abs_mean
0.627964
0.5709215
0.5967367
0.5707841
0.73007005
0.7100239
0.6590246
0.63853323
0.5908919
0.6453082
0.6781848
0.66230035
0.6321035
0.6246323
0.64548415
0.6570656
test_wealth_with_price_variance
0.6284974
0.51631653
0.5650436
0.51690364
0.87661606
0.799616
0.6938585
0.64992434
0.5555913
0.66045046
0.7323894
0.6930069
0.6361588
0.62160844
0.6668396
0.6877739
price
5.611563
5.258772
5.460418
5.189394
5.8220344
5.932977
5.508175
5.5449286
5.4120398
5.521741
5.7795687
5.813697
5.537198
5.4842033
5.6418033
5.6167
train_time
0.36314589999997793
0.29531299999996463
0.29217449999998735
0.28936179999993783
0.2836680000000342
0.313676399999963
0.34065659999987474
0.28652009999996153
0.32232669999984864
0.32375759999990805
0.34400720000007823
0.33127940000008493
0.8170536999998603
0.2945313000000169
0.4734708999999384
0.6847923000000264


================================================================================
=== twin network
test_risk
6.9633007
6.5433354
6.7984285
6.473873
7.3163724
7.5381813
7.007355
7.0037208
6.8247395
6.9039536
7.236917
7.325314
6.9941287
6.8681865
7.0233307
6.999871
test_wealth_with_price_abs_mean
0.4851571
0.45974538
0.48258418
0.45952532
0.54302007
0.56438637
0.5271065
0.51367843
0.50246024
0.49229664
0.52062726
0.53989613
0.51502186
0.50096923
0.49905556
0.4994281
test_wealth_with_price_variance
0.3765548
0.33942768
0.37326583
0.33899948
0.46703747
0.5151351
0.44797245
0.42539653
0.40651128
0.38942656
0.43541992
0.46844006
0.42733705
0.40270257
0.39734963
0.39943966
price
5.611563
5.258772
5.460418
5.189394
5.8220344
5.932977
5.508175
5.5449286
5.4120398
5.521741
5.7795687
5.813697
5.537198
5.4842033
5.6418033
5.6167
train_time
0.3612769000000071
0.30162429999995766
0.28551929999997583
0.2761365000000069
0.29102209999996376
0.3018582999999353
0.34192259999986163
0.3132551000001058
0.357381900000064
0.280708900000036
0.30016599999999016
0.29546940000000177
0.8465000999999575
0.3528215999999702
0.3618443999998817
0.7084279000000606


================================================================================
=== adjoint network
test_risk
6.9762635
6.5606194
6.799072
6.5018525
7.317424
7.536636
7.0227966
7.006256
6.8303337
6.915379
7.270644
7.3472214
6.992176
6.879597
7.0516553
7.00238
test_wealth_with_price_abs_mean
0.49257258
0.46970594
0.4869394
0.4668536
0.538666
0.5717272
0.53019464
0.52028245
0.5125548
0.499264
0.5296817
0.5429621
0.52005327
0.5087729
0.5163621
0.50228643
test_wealth_with_price_variance
0.3864967
0.35224953
0.37849367
0.34893388
0.46182206
0.5250922
0.45311773
0.4337248
0.41939506
0.39837313
0.44990045
0.47454512
0.43340683
0.412921
0.42161754
0.4031672
price
5.611563
5.258772
5.460418
5.189394
5.8220344
5.932977
5.508175
5.5449286
5.4120398
5.521741
5.7795687
5.813697
5.537198
5.4842033
5.6418033
5.6167
train_time
0.32093750000001364
0.2870672999999897
0.2856965999999943
0.284191000000078
0.2846122999999352
0.3330654000000095
0.3209196999998767
0.27550049999990733
0.30958490000011807
0.2885383999998794
0.30816679999998087
0.29443700000001627
0.853777700000137
0.3072167999998783
0.28545649999978195
0.6846765999998752


