================================================================================
=== payoff network
train_time
40.7957099
40.239283899999975
40.315871500000014
36.77818350000001
36.90735269999993
38.380255499999976
38.09563969999999
42.6145712
39.75570880000009
42.051991499999986
37.394977800000106
38.68174900000008
36.60565789999987
35.1858416
35.70892009999989
35.4245135000001


================================================================================
=== twin network
train_time
50.3438748
48.1478218
50.538665200000025
45.2960635
45.35224589999996
46.136352999999986
45.78012849999993
47.92678890000002
49.05047249999984
52.29633620000004
51.12094719999982
48.09765239999979
45.46796440000003
46.24037790000011
44.563057999999955
44.04356420000022


================================================================================
=== adjoint network
train_time
42.955201500000015
40.212164099999995
44.21611059999998
36.988881499999934
37.32505100000003
37.082705799999985
42.75324899999998
39.654003200000034
41.11459639999998
37.4532400999999
38.78300180000019
37.142782200000056
36.03490360000001
38.69430569999986
37.22027680000019
35.492947000000186


================================================================================
=== continuous-time
test_risk
7.383516
7.620154
7.151529
6.440483
7.4064727
7.8865347
7.946978
8.322285
7.4379177
7.2043867
7.9010205
7.6724353
7.7230663
6.7181463
7.687158
7.6566076
test_wealth_with_price_abs_mean
0.66415054
0.7004147
0.57885253
0.51475894
0.5997712
0.72121304
0.710183
0.8112495
0.67817885
0.60664105
0.62208027
0.6405443
0.67584866
0.5973524
0.6732477
0.6301713
test_wealth_with_price_variance
0.7272194
0.81258446
0.5452008
0.43041542
0.5865598
0.8603717
0.83234656
1.115061
0.759647
0.6034907
0.6289666
0.6698937
0.74904996
0.59132844
0.74518645
0.6482663
price
5.4447556
5.532585
5.498847
4.9728994
5.6800585
5.7492332
5.868533
5.8499784
5.420863
5.4451866
6.127884
5.8263903
5.758031
4.945037
5.7288036
5.8302116
train_time
0.4395048000000088
0.32546500000000833
0.33106999999995423
0.317371499999922
0.32985919999998714
0.31557779999991453
0.35787809999999354
0.36478089999991425
0.3079219999999623
0.31983309999986886
0.29186689999983173
0.3150615000001835
0.3214916000001722
0.31161390000011124
0.33046280000007755
0.31462699999974575


================================================================================
=== payoff network
test_risk
7.531004
7.9613924
7.4448905
6.742704
7.7381806
8.216082
8.150944
8.438546
7.6664405
7.4600477
8.1931925
7.9305
7.897332
6.9711704
7.8569365
7.9678426
test_wealth_with_price_abs_mean
0.7613676
0.8331953
0.72324914
0.6355678
0.7247975
0.8987844
0.81557786
0.89351654
0.78913796
0.7198497
0.74776065
0.77096725
0.76294976
0.71397924
0.767117
0.7545463
test_wealth_with_price_variance
0.9271451
1.1251252
0.828092
0.64047265
0.8445299
1.2909445
1.06724
1.3179913
0.9989402
0.827179
0.8920759
0.94880474
0.9347229
0.81948763
0.9458006
0.9118717
price
5.4447556
5.532585
5.498847
4.9728994
5.6800585
5.7492332
5.868533
5.8499784
5.420863
5.4451866
6.127884
5.8263903
5.758031
4.945037
5.7288036
5.8302116
train_time
0.30120929999998225
0.4160095999999953
0.2990733999999975
0.28906959999994797
0.28513600000007955
0.29663860000005116
0.3103459000000157
0.2954110999999102
0.29115669999987404
0.2942880000000514
0.2952430000000277
0.2807147000000896
0.27683219999994435
0.2803566999998566
0.2893277000002854
0.28261849999989863


================================================================================
=== twin network
test_risk
7.371577
7.616299
7.1632333
6.4554386
7.4123363
7.9067516
7.9683857
8.321006
7.4699655
7.2542887
7.9139795
7.695589
7.7532716
6.719804
7.6849527
7.670414
test_wealth_with_price_abs_mean
0.66840005
0.7088913
0.5873678
0.52116686
0.621494
0.7346709
0.71472424
0.8159894
0.68164355
0.6164409
0.63851076
0.65018487
0.68015194
0.60198283
0.6807378
0.6358012
test_wealth_with_price_variance
0.7339181
0.82678735
0.55926967
0.44048074
0.6190328
0.8861098
0.8438508
1.1248392
0.7692897
0.62255853
0.6569786
0.6877331
0.75943327
0.5991942
0.75701565
0.6595511
price
5.4447556
5.532585
5.498847
4.9728994
5.6800585
5.7492332
5.868533
5.8499784
5.420863
5.4451866
6.127884
5.8263903
5.758031
4.945037
5.7288036
5.8302116
train_time
0.3245675999999946
0.3611927000000037
0.2869459000000347
0.28410059999998794
0.2841571000000158
0.28817079999998896
0.30517999999995027
0.29398079999987203
0.29112279999981183
0.29569709999987026
0.28002429999992273
0.2834445999999389
0.27917269999989003
0.2803521000000728
0.2789198000000397
0.27382570000008855


================================================================================
=== adjoint network
test_risk
7.4146204
7.6724477
7.202084
6.4693174
7.472368
7.9580913
7.9849305
8.368025
7.565665
7.320264
7.961447
7.739492
7.746467
6.7647514
7.736559
7.7116103
test_wealth_with_price_abs_mean
0.6761827
0.7085059
0.59622777
0.52405816
0.6434428
0.7431838
0.72090507
0.8209058
0.690675
0.6330372
0.6559614
0.66798836
0.68546385
0.6102833
0.6960783
0.64553875
test_wealth_with_price_variance
0.74991465
0.8310782
0.5747776
0.44503292
0.65768296
0.90737796
0.85317105
1.1363019
0.7953722
0.6526955
0.6892249
0.7199396
0.76613355
0.6147765
0.7851129
0.67819947
price
5.4447556
5.532585
5.498847
4.9728994
5.6800585
5.7492332
5.868533
5.8499784
5.420863
5.4451866
6.127884
5.8263903
5.758031
4.945037
5.7288036
5.8302116
train_time
0.29016390000001024
0.3175505000000385
0.28587299999998095
0.2881403000000091
0.29373740000005455
0.29012230000000727
0.30125680000003285
0.28729470000007495
0.28904529999999795
0.28602329999989706
0.2724035000001095
0.2799694999998792
0.28903660000014497
0.2837219999998979
0.2786622999997235
0.29091550000021016


