================================================================================
=== twin network
train_time
36.2182079
39.91353600000002
39.08071200000006
40.84771209999997
41.139220600000044
40.53381539999987
40.73963649999996
40.07485900000006
40.237671199999795
25.60907559999987
40.736883900000066
40.853750299999774
40.660712200000034
42.29791690000002
40.99868809999998
41.53401269999995
41.884185900000375
41.227709400000094
25.85055250000005
60.35706680000021
41.93503839999994
42.35380519999944
41.887805399999706
41.912783699999636
44.36811610000041
43.49617910000052
46.13226990000021
42.11231020000014
43.161165900000924
42.65063679999912
46.57878770000025
44.37758179999946


================================================================================
=== continuous-time
train_risk
7.940883
7.810769
7.3788753
7.42999
7.8165894
7.9358897
7.6091337
7.4633965
7.799765
8.213525
7.975656
7.765389
8.625751
7.8660555
7.7875705
7.942988
7.981427
7.1564927
8.2224455
7.7543344
7.943722
7.9665284
8.294987
8.050472
7.8707094
7.713834
8.12371
7.6925974
7.7721734
7.9993606
8.466383
7.999647
test_risk
7.9299717
7.807402
7.3751726
7.424026
7.813508
7.9409165
7.612847
7.455782
7.795734
8.2046585
7.978864
7.769226
8.624634
7.8628607
7.786134
7.9570446
7.9743776
7.142899
8.231853
7.7471066
7.9504533
7.9725204
8.2820835
8.050225
7.8617067
7.7090907
8.105691
7.6903324
7.772049
7.999863
8.464713
8.007636
test_mean_value
0.41366225
0.419899
0.4136525
0.410484
0.41746148
0.4222354
0.41005468
0.41606152
0.42542154
0.39827994
0.41442198
0.4200653
0.42217278
0.4120877
0.41884774
0.43163282
0.4122403
0.40841904
0.41923338
0.4121797
0.4344222
0.41077513
0.41423362
0.41097656
0.41923997
0.40227923
0.41535467
0.40976623
0.41512647
0.41965562
0.4112382
0.41054183
test_mean_abs_value
3.3251553
3.299699
2.3099582
2.787507
2.1523123
2.279642
3.1264398
2.9321856
3.4294882
4.0234165
2.4256525
2.4908943
3.860697
1.9607645
2.249348
2.875136
2.6370726
2.207241
3.474008
2.1499603
3.9669406
2.4732933
2.641644
2.9604504
3.199898
3.5343783
2.5355172
2.718649
2.137308
3.1163478
3.0495057
2.5368843
test_variance_value
18.347393
17.819948
9.231091
13.55065
7.592056
8.515821
16.022446
14.46628
21.075516
28.179054
10.059464
10.17311
25.509518
6.5051928
8.726484
13.649443
11.474201
7.9417067
19.816008
7.670378
26.755913
10.387485
12.823585
14.453556
16.842459
20.733944
11.272351
12.263328
7.601525
15.805615
17.335266
10.862853
test_mean_costs
1.0855871
1.0852492
1.0849134
1.0848093
1.0854819
1.0850357
1.085394
1.0859367
1.0853791
1.0859023
1.0856056
1.0854864
1.0856376
1.0858842
1.0845506
1.0852307
1.0854112
1.0849481
1.0866431
1.0849825
1.0848378
1.0862406
1.0855336
1.0856366
1.0847661
1.0857692
1.0854361
1.0852584
1.08563
1.0853814
1.0858197
1.0853449
test_mean_abs_costs
1.0855871
1.0852492
1.0849134
1.0848093
1.0854819
1.0850357
1.085394
1.0859367
1.0853791
1.0859023
1.0856056
1.0854864
1.0856376
1.0858842
1.0845506
1.0852307
1.0854112
1.0849481
1.0866431
1.0849825
1.0848378
1.0862406
1.0855336
1.0856366
1.0847661
1.0857692
1.0854361
1.0852584
1.08563
1.0853814
1.0858197
1.0853449
test_variance_costs
0.03132285
0.041626994
0.03207881
0.036910098
0.0310155
0.03213381
0.03918153
0.033589855
0.041834146
0.041038927
0.03998533
0.034205057
0.038700026
0.033932652
0.035488468
0.04166854
0.035004627
0.034381267
0.0375806
0.045282744
0.039422613
0.031068336
0.037407264
0.02719616
0.032372635
0.033795476
0.039156564
0.036691766
0.032181498
0.03601323
0.05431444
0.03844742
test_mean_wealth
-6.415639
-6.1114445
-5.957
-5.913887
-6.3445415
-6.413228
-6.0246787
-5.9989343
-6.083381
-6.4161835
-6.2653427
-6.24229
-6.819679
-6.2959065
-6.217619
-6.2299094
-6.384933
-5.731405
-6.518517
-6.017139
-6.261582
-6.466162
-6.5738697
-6.621882
-6.335352
-6.2038865
-6.387116
-6.123508
-6.268806
-6.380593
-6.4169745
-6.3230524
test_mean_abs_wealth
6.415639
6.1114445
5.957
5.913887
6.3445415
6.413228
6.0246787
5.9989343
6.083381
6.4161835
6.2653427
6.24229
6.819679
6.2959065
6.217619
6.2299094
6.384933
5.731405
6.518517
6.017139
6.261582
6.466162
6.5738697
6.621882
6.335352
6.2038865
6.387116
6.123508
6.268806
6.380593
6.4169745
6.3230524
test_variance_wealth
0.43076816
0.51499975
0.37517458
0.4172722
0.41101226
0.43397608
0.46365306
0.3925318
0.5153585
0.5704137
0.5239935
0.4323615
0.6023874
0.4503862
0.4524627
0.53139865
0.47075143
0.3674141
0.53354186
0.5307772
0.51279455
0.4307071
0.52871007
0.39375
0.43648955
0.4244946
0.53657717
0.45112514
0.418082
0.48181924
0.71349883
0.51419586
test_wealth_with_price_abs_mean
1.1005702
1.1100264
1.0952051
1.0995123
1.1014079
1.1023644
1.1068486
1.0976748
1.1081932
1.1166536
1.1125962
1.1046925
1.1265312
1.1054842
1.1024702
1.1115382
1.1063478
1.0949568
1.1165216
1.1103873
1.1107187
1.1051066
1.1141891
1.0994629
1.1035987
1.1023569
1.114482
1.1038699
1.1010791
1.1079614
1.1374855
1.1109662
test_wealth_with_price_variance
0.43076816
0.51499975
0.37517458
0.4172722
0.41101226
0.43397608
0.46365306
0.3925318
0.5153585
0.5704137
0.5239935
0.4323615
0.6023874
0.4503862
0.4524627
0.53139865
0.47075143
0.3674141
0.53354186
0.5307772
0.51279455
0.4307071
0.52871007
0.39375
0.43648955
0.4244946
0.53657717
0.45112514
0.418082
0.48181924
0.71349883
0.51419586
price
5.331917
5.0259624
4.8724
4.828243
5.258194
5.326917
4.9374638
4.9130325
4.998305
5.3317146
5.1782713
5.1539073
5.732107
5.208336
5.133685
5.144598
5.300098
4.6461897
5.4293227
4.9322815
5.1757326
5.3783574
5.487227
5.536052
5.249112
5.1175365
5.3010635
5.038381
5.182035
5.294512
5.329566
5.237005
train_time
5.270905499999998
2.783969500000012
4.222675600000002
2.8491401999999653
4.040678800000023
3.952743000000055
2.5308496999998624
4.7876042000000325
4.4971645000000535
2.9902319000002535
4.791974600000231
6.041847899999993
3.5483408000000054
5.948217300000124
2.758764400000018
4.658259900000303
4.2641579000001
3.497101500000099
5.038462400000753
5.46503759999996
4.393332700000428
6.682096700000329
5.783444099999542
4.062384400000155
6.367481400000543
5.101907899999787
5.458905899999991
5.604869199999484
4.260651100001269
3.8804129000000103
3.8302731000003405
3.2600030999983574


================================================================================
=== deep network w. softplus
train_risk
8.678022
7.2532864
7.1553464
7.4932265
9.172199
8.895839
8.24163
8.269886
8.702442
8.890042
7.405789
8.307073
9.235448
9.041115
7.508472
8.559459
9.070241
7.962026
9.230693
6.88663
8.470566
7.658642
8.656239
9.064232
9.03655
8.820313
6.9832425
7.152553
8.923954
8.544517
5.2012153
8.343503
test_risk
8.671192
7.2629957
7.169733
7.48867
9.180061
8.900601
8.247089
8.280806
8.712135
8.893143
7.4250093
8.320332
9.223956
9.0305805
7.5254216
8.557261
9.064157
7.9600677
9.2544565
6.9003572
8.474915
7.6781526
8.661775
9.073906
9.050513
8.840083
6.9988475
7.155556
8.932938
8.560823
5.2164993
8.362328
test_mean_value
0.48466933
0.55654186
0.86655694
1.3817748
0.6247197
0.51468277
0.44233304
0.7143228
0.46454775
0.43495303
0.8474604
0.6866079
0.60079247
0.71996236
1.5496935
0.6934061
0.6050884
0.9417256
0.44275782
1.0444354
0.51519257
0.48086974
1.7577176
0.4585171
0.512352
0.43452743
1.6616738
0.66089135
0.543746
0.9166292
3.4587817
0.4799575
test_mean_abs_value
3.3397865
3.2007842
2.2585115
2.8999026
2.092807
2.19551
3.0272632
2.848748
3.4192042
3.8765008
2.3437622
2.450275
3.717484
2.0272806
2.5796142
2.810766
2.6551876
2.3632023
3.3263674
2.1276445
3.9889045
2.375429
3.021165
2.902447
3.2103858
3.409005
2.7538152
2.6293428
2.0486045
3.0608983
3.9848258
2.4291751
test_variance_value
18.770597
16.9234
8.741785
14.101415
7.134407
7.7981462
15.357301
13.416297
20.919333
26.265451
9.33936
9.8941965
23.998354
6.7663884
10.503872
13.327269
11.683834
8.630959
18.347284
7.1642
27.27784
9.644594
14.883516
13.882809
17.12999
19.312117
12.024548
11.61624
6.9338903
15.177988
25.560843
9.985789
test_mean_costs
1.1687572
0.7403456
0.49638224
0.96545315
1.4861683
1.1040348
1.1329588
0.9812529
1.3142552
1.0354474
0.6355583
1.0062095
1.0084608
1.1844186
1.1421794
1.1884834
1.3802321
0.8899946
1.2742127
0.6013723
1.178996
0.78043866
0.9260915
1.2018801
1.4057527
1.20546
0.3960209
0.6684189
1.2432487
1.2475245
0.42082113
1.0316348
test_mean_abs_costs
1.1687572
0.7403456
0.49638224
0.96545315
1.4861683
1.1040348
1.1329588
0.9812529
1.3142552
1.0354474
0.6355583
1.0062095
1.0084608
1.1844186
1.1421794
1.1884834
1.3802321
0.8899946
1.2742127
0.6013723
1.178996
0.78043866
0.9260915
1.2018801
1.4057527
1.20546
0.3960209
0.6684189
1.2432487
1.2475245
0.42082113
1.0316348
test_variance_costs
0.015943889
0.012737133
0.005068398
0.015880063
0.0229284
0.01603709
0.02449155
0.011188788
0.022083811
0.01676697
0.010707477
0.010780436
0.016575607
0.022053018
0.036300782
0.02924886
0.022623602
0.03641571
0.021237276
0.011521562
0.019881047
0.009781373
0.005465411
0.014484947
0.03433245
0.025088243
0.005172886
0.009132456
0.017229822
0.017594032
0.09625184
0.015715003
test_mean_wealth
-6.4278016
-5.629898
-4.9155645
-4.82324
-6.5379696
-6.33978
-6.039965
-5.595989
-6.273131
-6.3290553
-5.382257
-5.8964705
-6.5638824
-6.0865664
-5.144402
-6.0713887
-6.486906
-5.0031447
-6.682562
-4.9012733
-6.2749696
-6.0902653
-5.070944
-6.690585
-6.563226
-6.291329
-4.4513817
-5.455543
-6.297805
-6.0457625
-2.7044325
-6.199927
test_mean_abs_wealth
6.4278016
5.629898
4.9155645
4.823331
6.5379696
6.33978
6.039965
5.595989
6.273131
6.3290553
5.382257
5.8964705
6.5638824
6.0865664
5.1474047
6.0713887
6.486906
5.003162
6.682562
4.901305
6.2749696
6.0902653
5.072531
6.690585
6.563226
6.291329
4.4524417
5.4555483
6.297805
6.0457625
2.8719618
6.199927
test_variance_wealth
1.0654652
0.6326009
1.1647769
1.6191028
1.4837846
1.3859859
1.0648978
1.5932534
1.2641617
1.3977039
0.96809506
1.2713714
1.5891787
1.8794363
1.3077575
1.3313675
1.4548433
1.9209224
1.4098963
0.92060965
1.0287513
0.584923
2.9906108
1.2164452
1.2952569
1.3283889
1.5533035
0.69840163
1.4661727
1.4051036
2.4523716
1.0030581
test_wealth_with_price_abs_mean
1.234578
0.8125554
0.863162
1.014529
1.4472885
1.249824
1.245404
1.1438165
1.4046295
1.2461512
0.80166894
1.0762064
1.2133102
1.2972906
0.88582903
1.1898776
1.3819481
1.1371406
1.4169883
0.76475024
1.2293156
0.8571785
1.4203738
1.3077557
1.4374416
1.3381414
1.2112249
0.75091964
1.3298239
1.1210089
2.6375217
1.1299382
test_wealth_with_price_variance
1.0654652
0.6326009
1.1647769
1.6191028
1.4837846
1.3859859
1.0648978
1.5932534
1.2641617
1.3977039
0.96809506
1.2713714
1.5891787
1.8794363
1.3077575
1.3313675
1.4548433
1.9209224
1.4098963
0.92060965
1.0287513
0.584923
2.9906108
1.2164452
1.2952569
1.3283889
1.5533035
0.69840163
1.4661727
1.4051036
2.4523716
1.0030581
price
5.331917
5.0259624
4.8724
4.828243
5.258194
5.326917
4.9374638
4.9130325
4.998305
5.3317146
5.1782713
5.1539073
5.732107
5.208336
5.133685
5.144598
5.300098
4.6461897
5.4293227
4.9322815
5.1757326
5.3783574
5.487227
5.536052
5.249112
5.1175365
5.3010635
5.038381
5.182035
5.294512
5.329566
5.237005
train_time
47.697773600000005
127.28736229999998
137.58977390000007
48.01246749999996
54.62923610000007
49.44679240000005
51.728788800000075
50.324115599999914
57.84094909999976
51.52608519999967
212.20451599999978
60.64280009999993
62.65177940000012
56.3451484000002
62.511999899999864
80.03670059999968
72.10164410000016
64.76388839999981
64.9413967999999
220.84650409999995
103.2039149000002
252.57980270000007
73.35025599999972
84.48308559999987
87.1373923000001
76.31663920000028
232.83019590000004
254.18538239999907
82.7239744999988
82.22886490000019
312.03108710000015
136.36524210000061


================================================================================
=== deep network w. relu
train_risk
9.692239
9.544546
8.208919
7.998952
8.917633
9.630374
9.535574
8.611688
9.99399
10.778895
9.645717
8.87024
10.931959
9.013362
8.182759
9.570759
9.209237
7.815107
10.531055
9.118692
10.281772
9.772163
7.878444
9.721383
9.275557
9.662092
8.339168
8.95649
9.338393
9.026779
6.1565537
9.738705
test_risk
9.7130785
9.5237465
8.215218
7.9952245
8.913825
9.615261
9.535221
8.624791
10.007702
10.797289
9.63796
8.855322
10.914803
8.994664
8.20209
9.570484
9.210178
7.806874
10.534362
9.110631
10.309339
9.771169
7.8857794
9.705726
9.287103
9.612098
8.3561
8.923456
9.329353
9.050394
6.1696978
9.736705
test_mean_value
0.5258203
0.640561
1.1810894
1.4550078
0.8819703
0.70769787
0.511342
0.8723254
0.56610525
0.49003166
1.0934119
0.9361601
0.7285625
1.051194
1.5561838
0.86776257
0.8608765
1.058351
0.5482764
1.1214892
0.5243412
0.693943
1.7762108
0.52784115
0.64270663
0.45239252
1.6883297
0.7873191
0.75946563
1.0778108
2.9097624
0.76536274
test_mean_abs_value
3.19805
3.1583924
2.5298028
3.0137994
2.1934445
2.2844656
2.9685335
2.9189367
3.4849956
3.970524
2.6271744
2.5224369
3.8111136
2.1764708
2.6448245
2.8439848
2.6239796
2.317245
3.363362
2.3606591
3.8314772
2.4377265
2.9628844
2.8606396
3.1053944
3.38208
2.9204113
2.6639125
2.1705122
3.1239696
3.671861
2.5714386
test_variance_value
16.010944
15.433583
8.883856
13.077798
6.9059315
7.8077817
13.769139
13.108856
19.430073
25.03864
9.900233
9.279289
22.681536
6.525716
9.806687
12.270281
10.333347
7.426327
17.659523
7.712685
23.114475
9.1015835
13.299894
12.714372
14.940001
17.93224
11.445011
10.798313
6.9690714
14.288908
23.795692
10.024246
test_mean_costs
4.1202817e-05
0.00020923316
0.001425793
1.991177e-05
0.014306488
0.012627164
0.0015567923
0.08528781
0.11537905
0.018283315
0.12752141
0.0016761164
0.013039426
0.00019655531
0.01623605
0.0015031957
7.72621e-06
0.0011439284
0.010151969
0.009478298
0.002867508
0.28521723
0.012103341
0.0132525815
0.011045913
0.010946017
0.0023988627
0.016427157
0.09530552
0.06141498
0.015227917
0.00017481044
test_mean_abs_costs
4.1202817e-05
0.00020923316
0.001425793
1.991177e-05
0.014306488
0.012627164
0.0015567923
0.08528781
0.11537905
0.018283315
0.12752141
0.0016761164
0.013039426
0.00019655531
0.01623605
0.0015031957
7.72621e-06
0.0011439284
0.010151969
0.009478298
0.002867508
0.28521723
0.012103341
0.0132525815
0.011045913
0.010946017
0.0023988627
0.016427157
0.09530552
0.06141498
0.015227917
0.00017481044
test_variance_costs
2.297573e-06
9.4645895e-07
3.0916126e-06
1.2005099e-06
7.8452484e-07
7.4245245e-06
1.7684347e-06
1.1417287e-05
2.1544736e-05
2.849395e-06
1.1617206e-05
4.049715e-06
4.9028995e-06
1.2361791e-05
1.5852858e-06
5.8750943e-06
3.6036065e-06
2.6075288e-06
3.0505078e-06
2.7413287e-05
6.687846e-05
9.7454824e-05
1.3707673e-05
8.546218e-07
4.0410414e-06
4.079474e-06
2.6745513e-06
6.574621e-07
7.1478275e-06
3.850552e-06
5.922437e-07
3.3848337e-07
test_mean_wealth
-5.2179346
-4.8057427
-4.1060753
-3.7845738
-4.8088574
-5.055357
-4.839554
-4.5420218
-4.9726973
-5.2568126
-4.6282682
-4.642385
-5.440691
-4.5711126
-4.011968
-4.710052
-4.8508935
-3.9976687
-5.3129826
-4.2323256
-5.0896926
-5.381971
-4.1384625
-5.4326334
-5.038165
-5.07895
-4.0311036
-4.6771235
-4.934142
-4.698471
-2.8478587
-4.8830614
test_mean_abs_wealth
5.2179346
4.8057427
4.110806
3.788035
4.8095512
5.0553594
4.839554
4.543069
4.9728837
5.2568126
4.632976
4.6434035
5.4408035
4.575859
4.01692
4.7107763
4.851985
4.0010285
5.3129826
4.2400274
5.0896926
5.381971
4.1475334
5.4326334
5.0382285
5.07895
4.037422
4.6775928
4.934168
4.698586
3.044177
4.883518
test_variance_wealth
3.570408
3.7353845
3.3482108
3.0031366
3.5280752
3.928938
3.9651377
3.2705684
4.3148775
4.9742184
4.8156824
3.5458252
5.224838
4.072752
2.8857844
4.3043003
3.8482766
2.9789388
4.8088565
4.598068
4.4035454
3.806491
3.1270435
3.393663
3.4722633
3.5758703
3.4854388
3.5093386
3.7352235
3.1733131
3.215628
4.64405
test_wealth_with_price_abs_mean
1.5143865
1.5725496
1.6102878
1.6725478
1.5594056
1.614144
1.6009816
1.4862715
1.6418887
1.7683253
1.8344643
1.5785593
1.8464481
1.7142869
1.706061
1.7119993
1.6269883
1.4948987
1.7615091
1.8405925
1.6704946
1.5622625
1.8148113
1.4770086
1.5063257
1.5063144
1.8616424
1.5407108
1.5723525
1.5283349
2.5660686
1.7736784
test_wealth_with_price_variance
3.570408
3.7353845
3.3482108
3.0031366
3.5280752
3.928938
3.9651377
3.2705684
4.3148775
4.9742184
4.8156824
3.5458252
5.224838
4.072752
2.8857844
4.3043003
3.8482766
2.9789388
4.8088565
4.598068
4.4035454
3.806491
3.1270435
3.393663
3.4722633
3.5758703
3.4854388
3.5093386
3.7352235
3.1733131
3.215628
4.64405
price
5.331917
5.0259624
4.8724
4.828243
5.258194
5.326917
4.9374638
4.9130325
4.998305
5.3317146
5.1782713
5.1539073
5.732107
5.208336
5.133685
5.144598
5.300098
4.6461897
5.4293227
4.9322815
5.1757326
5.3783574
5.487227
5.536052
5.249112
5.1175365
5.3010635
5.038381
5.182035
5.294512
5.329566
5.237005
train_time
95.99034759999999
92.8100771
77.67015649999996
105.83202799999992
96.96553360000007
69.02108810000004
97.2216871999999
65.90428639999982
69.5757693999999
87.5696668999999
81.84970569999996
96.45497539999997
93.76614810000001
119.66550670000015
122.00700049999978
119.11903100000018
160.95773719999943
104.83630929999981
93.95176090000041
89.3729986999997
154.49545380000018
51.458230499999445
112.5920329999999
198.9520110000003
115.8813482000005
113.94646979999925
163.17985450000015
166.0715820000005
108.69727849999981
201.2682449999993
157.2783799000008
178.30947000000015


================================================================================
=== twin network feature map
train_risk
7.542355
7.2161555
6.7725315
6.5031557
7.3178096
7.517514
7.174345
6.989298
7.368685
7.7635207
7.3138127
7.217289
8.145541
7.3974667
6.25845
7.3081036
7.4681396
6.610221
7.799069
6.9095054
7.545155
7.561129
7.201295
7.662609
7.3912716
7.303371
6.8487124
7.0536156
7.315911
7.266474
5.73375
7.528079
test_risk
7.536864
7.2153664
6.771852
6.498123
7.3121705
7.515536
7.175699
6.9863715
7.367058
7.7668805
7.312638
7.2192507
8.14479
7.3955317
6.2645526
7.3094373
7.463012
6.605529
7.808464
6.914386
7.5435257
7.5668764
7.2021213
7.665308
7.392392
7.299872
6.8536334
7.054473
7.317808
7.2737455
5.738497
7.5385966
test_mean_value
0.45350516
0.51058626
0.681244
0.98290306
0.5345247
0.47880313
0.42905277
0.54591876
0.4534137
0.42189887
0.67767954
0.5742032
0.5248493
0.5716888
1.4801778
0.5957588
0.5324621
0.62179023
0.4412121
0.8323746
0.47172415
0.4788312
1.1131296
0.43555266
0.48401228
0.41855085
1.3215827
0.5806765
0.48756304
0.7088017
2.5155504
0.47682634
test_mean_abs_value
3.281338
3.2328458
2.2743938
2.7615995
2.0884848
2.2184467
3.056439
2.8813415
3.3732696
3.9747114
2.3641605
2.4303062
3.7873867
1.9250606
2.500861
2.8068721
2.5726123
2.1632872
3.4080386
2.1377165
3.9225042
2.4109204
2.6113727
2.909411
3.136248
3.4710171
2.5987341
2.6586452
2.0796785
3.0701032
3.3936267
2.460142
test_variance_value
17.852417
17.123272
8.898254
13.309281
7.086811
8.03205
15.341855
13.898085
20.150879
27.36617
9.50195
9.67245
24.59826
6.1603737
9.99737
13.019711
10.929945
7.524325
19.010313
7.3177385
26.031244
9.827606
12.574511
13.906042
16.141241
19.980566
11.315015
11.759583
7.1396637
15.276445
21.37407
10.161179
test_mean_costs
0.73382086
0.7144452
0.6208548
0.514806
0.69339216
0.7226123
0.7440566
0.7050553
0.76197046
0.74779576
0.68270874
0.6853871
0.73768175
0.7158097
0.45912474
0.69678074
0.70144373
0.67587817
0.76653665
0.6435158
0.77334833
0.73554605
0.4597431
0.7302301
0.70664275
0.74427176
0.44708547
0.64411813
0.7223392
0.6536598
0.53367573
0.73866874
test_mean_abs_costs
0.73382086
0.7144452
0.6208548
0.514806
0.69339216
0.7226123
0.7440566
0.7050553
0.76197046
0.74779576
0.68270874
0.6853871
0.73768175
0.7158097
0.45912474
0.69678074
0.70144373
0.67587817
0.76653665
0.6435158
0.77334833
0.73554605
0.4597431
0.7302301
0.70664275
0.74427176
0.44708547
0.64411813
0.7223392
0.6536598
0.53367573
0.73866874
test_variance_costs
0.008363521
0.010923589
0.0061924113
0.0053320625
0.007623173
0.008361967
0.010865897
0.008358436
0.012990247
0.013150517
0.010805721
0.008574272
0.011367815
0.00924935
0.00610801
0.011705135
0.009017208
0.0074545094
0.012435705
0.011021775
0.012078417
0.008594219
0.0037899422
0.0076369885
0.0082093645
0.010238264
0.0053851833
0.008195092
0.008635932
0.007969205
0.00291062
0.01143021
test_mean_wealth
-6.0240297
-5.6499534
-5.22535
-4.7714643
-5.8353887
-5.994237
-5.664343
-5.488196
-5.7319803
-6.0544577
-5.5991883
-5.6880527
-6.3690467
-5.766231
-4.530863
-5.6773334
-5.880744
-5.1089635
-6.1764317
-5.1554775
-5.912791
-6.0474114
-5.249183
-6.2418995
-5.892456
-5.8461175
-4.8425374
-5.5114574
-5.8330784
-5.659725
-3.7605183
-5.910092
test_mean_abs_wealth
6.0240297
5.6499534
5.22535
4.7714643
5.8353887
5.994237
5.664343
5.488196
5.7319803
6.0544577
5.5991883
5.6880527
6.3690467
5.766231
4.534353
5.6773334
5.880744
5.1089635
6.1764317
5.1554775
5.912791
6.0474114
5.249183
6.2418995
5.892456
5.8461175
4.842645
5.5114574
5.8330784
5.659725
3.8148289
5.910092
test_variance_wealth
0.510161
0.5414081
0.54926425
0.68698263
0.50929326
0.5139224
0.5169835
0.5031956
0.5712351
0.6385084
0.64646673
0.53696746
0.71187145
0.5960403
0.77133334
0.589496
0.5739774
0.5106743
0.58674586
0.66480863
0.58073217
0.5208277
0.9190418
0.454421
0.52062577
0.47166634
0.9389073
0.540838
0.49119315
0.5781381
1.4804338
0.5915799
test_wealth_with_price_abs_mean
0.81441474
0.78094006
0.6560488
0.6623752
0.74606335
0.7979037
0.84246844
0.73839885
0.8565647
0.8752462
0.72161645
0.73152447
0.85274607
0.76602936
0.8267214
0.7495078
0.7722712
0.6832949
0.87501323
0.6689746
0.8662238
0.80385345
0.7878446
0.80488986
0.79024917
0.8271128
0.8559067
0.7016505
0.7796941
0.67043644
1.6100317
0.8302834
test_wealth_with_price_variance
0.510161
0.5414081
0.54926425
0.68698263
0.50929326
0.5139224
0.5169835
0.5031956
0.5712351
0.6385084
0.64646673
0.53696746
0.71187145
0.5960403
0.77133334
0.589496
0.5739774
0.5106743
0.58674586
0.66480863
0.58073217
0.5208277
0.9190418
0.454421
0.52062577
0.47166634
0.9389073
0.540838
0.49119315
0.5781381
1.4804338
0.5915799
price
5.331917
5.0259624
4.8724
4.828243
5.258194
5.326917
4.9374638
4.9130325
4.998305
5.3317146
5.1782713
5.1539073
5.732107
5.208336
5.133685
5.144598
5.300098
4.6461897
5.4293227
4.9322815
5.1757326
5.3783574
5.487227
5.536052
5.249112
5.1175365
5.3010635
5.038381
5.182035
5.294512
5.329566
5.237005
train_time
14.823859400000003
29.18280709999999
25.202432499999986
26.605391099999906
27.34452220000003
20.08129299999996
22.260945799999945
18.144519199999877
17.608396099999936
23.296019100000194
40.0553503000001
29.62115229999972
23.933313
25.612763500000256
38.18460860000005
34.153500899999926
26.70821100000012
27.89868380000007
28.385084300000017
34.779976499999975
21.696854499999972
23.394350599999598
32.279416799999126
39.23092260000067
36.543691099999705
33.19253519999984
43.7661063000005
43.71116729999994
47.25704009999936
30.518382100000963
18.284591600000567
44.84013479999885


