================================================================================
=== twin network
train_time
43.709430299999994
44.445296299999995
43.08224659999996
44.00941279999995
44.04952789999993
44.64793770000006
44.78222349999987
44.45107840000037
44.34341210000002
44.45748349999985
45.622058800000104
44.88126939999984
29.119798199999423
46.309785000000375
46.27561770000011
45.956879900000786
47.6268442999999
47.4933316000006
48.42605350000031
85.13803230000121
49.253973299999416
49.116127100000085
49.56558050000058
49.72993940000015
49.2180161999986
47.36200149999968
46.94301900000028
51.06462230000034
52.085743899999216
59.06540049999967
39.182741700000406
54.77928729999985


================================================================================
=== continuous-time
train_risk
7.4037843
7.2723813
7.1837425
6.96891
7.5641813
7.6218467
7.309264
7.052272
7.3441706
7.667404
7.407562
7.1545014
7.830964
7.5660734
7.384734
7.379615
7.5678434
7.032328
7.614319
7.4848514
7.498046
7.4884048
7.645923
7.7649045
7.578019
7.145867
7.679655
7.549725
7.364737
7.6942005
7.94223
7.4979544
test_risk
7.3987694
7.2715235
7.1826577
6.9659095
7.5709023
7.618089
7.3065534
7.048098
7.3425426
7.6644554
7.402393
7.1526537
7.8273897
7.5645924
7.3796883
7.376937
7.5692816
7.0318346
7.618441
7.4830203
7.4921145
7.4831424
7.641195
7.7642775
7.584042
7.151403
7.684392
7.543869
7.365951
7.689882
7.9438806
7.494663
test_mean_value
0.41202235
0.41488457
0.4022439
0.40467635
0.41859514
0.40729666
0.4095149
0.40841
0.4220548
0.4062411
0.4147237
0.42085943
0.41193756
0.42080712
0.41993207
0.42063466
0.4132574
0.41235912
0.41191092
0.42484593
0.4106158
0.4092356
0.41240257
0.42656055
0.40521684
0.41317818
0.40857106
0.41661614
0.41355464
0.40372288
0.4252469
0.41801438
test_mean_abs_value
2.0787055
1.741887
2.5045087
1.9640876
2.6622581
1.954755
2.8116422
2.1987405
2.8128095
2.786494
2.516796
2.3285172
2.5194972
2.0803356
2.4481547
1.7788259
2.0742264
1.8246092
2.5534973
1.9350258
2.5779822
2.112053
2.0883243
2.6980681
1.886963
2.2940543
1.9833227
1.6745348
1.9136963
2.529174
1.9952368
2.2130659
test_variance_value
7.186797
4.810802
10.408659
6.613704
11.736174
6.289064
13.119417
7.932264
13.019961
13.022602
10.465561
9.041907
10.68195
7.162546
9.6938
5.1057825
6.913028
5.4033484
11.192563
6.1527157
11.042188
7.221654
7.2681975
11.837112
5.7279124
8.798891
6.534833
4.5537314
6.020492
10.31889
6.6992474
8.185592
test_mean_costs
1.0852515
1.085747
1.0857911
1.0849948
1.0850539
1.0852742
1.0857677
1.0850673
1.0851074
1.0856526
1.0854815
1.0854061
1.0856932
1.0853758
1.0851405
1.0852054
1.0859424
1.0857722
1.0854733
1.0852922
1.0856974
1.0854561
1.0858942
1.0860391
1.0858557
1.0854074
1.0859034
1.0856527
1.0853834
1.0854303
1.0853273
1.0858153
test_mean_abs_costs
1.0852515
1.085747
1.0857911
1.0849948
1.0850539
1.0852742
1.0857677
1.0850673
1.0851074
1.0856526
1.0854815
1.0854061
1.0856932
1.0853758
1.0851405
1.0852054
1.0859424
1.0857722
1.0854733
1.0852922
1.0856974
1.0854561
1.0858942
1.0860391
1.0858557
1.0854074
1.0859034
1.0856527
1.0853834
1.0854303
1.0853273
1.0858153
test_variance_costs
0.021478886
0.019991113
0.019774469
0.020158023
0.020858949
0.021787498
0.02192824
0.019702995
0.021628259
0.022548985
0.021970225
0.019760897
0.02356674
0.021942439
0.019434413
0.018812783
0.020030608
0.023279835
0.024205565
0.02233909
0.020605627
0.019703634
0.023813523
0.021095343
0.020975787
0.022194238
0.023365125
0.021862973
0.019903118
0.023533763
0.025669327
0.01961302
test_mean_wealth
-6.2038436
-6.1437135
-6.0727477
-5.8772593
-6.359618
-6.3758774
-6.116729
-5.9628263
-6.161777
-6.405631
-6.1972547
-6.044746
-6.4927135
-6.3265357
-6.2583084
-6.2611814
-6.382158
-5.860024
-6.312419
-6.2556033
-6.3120713
-6.3308296
-6.35484
-6.5283895
-6.3752017
-5.9832377
-6.3963337
-6.3116274
-6.2201867
-6.394938
-6.543296
-6.3456564
test_mean_abs_wealth
6.2038436
6.1437135
6.0727477
5.8772593
6.359618
6.3758774
6.116729
5.9628263
6.161777
6.405631
6.1972547
6.044746
6.4927135
6.3265357
6.2583084
6.2611814
6.382158
5.860024
6.312419
6.2556033
6.3120713
6.3308296
6.35484
6.5283895
6.3752017
5.9832377
6.3963337
6.3116274
6.2201867
6.394938
6.543296
6.3456564
test_variance_wealth
0.27650332
0.24721505
0.24242994
0.22721073
0.28465146
0.29811588
0.2737147
0.22938758
0.26963854
0.30728474
0.28024474
0.23860133
0.33804113
0.29515705
0.25117224
0.24678092
0.2738603
0.260342
0.32027838
0.2912545
0.2734868
0.25966597
0.3155884
0.296781
0.2809953
0.2623608
0.31714404
0.29073185
0.25619072
0.31695196
0.3665564
0.25986892
test_wealth_with_price_abs_mean
1.0905942
1.0895278
1.0896993
1.0876585
1.090027
1.0889413
1.0911486
1.0867513
1.0889628
1.0923243
1.0912209
1.0885981
1.0949209
1.091499
1.0890597
1.0890691
1.0914884
1.089581
1.092477
1.0925093
1.092072
1.0881048
1.0928333
1.0924335
1.0910666
1.0901805
1.094418
1.0913732
1.089641
1.0920304
1.0968086
1.0911806
test_wealth_with_price_variance
0.27650332
0.24721505
0.24242994
0.22721073
0.28465146
0.29811588
0.2737147
0.22938758
0.26963854
0.30728474
0.28024474
0.23860133
0.33804113
0.29515705
0.25117224
0.24678092
0.2738603
0.260342
0.32027838
0.2912545
0.2734868
0.25966597
0.3155884
0.296781
0.2809953
0.2623608
0.31714404
0.29073185
0.25619072
0.31695196
0.3665564
0.25986892
price
5.1170015
5.056594
4.985283
4.7911205
5.2739363
5.2920976
5.0291696
4.877763
5.076085
5.3191786
5.1098423
4.958064
5.4052067
5.240042
5.1720347
5.1747236
5.294443
4.7731395
5.2259727
5.167777
5.2237344
5.2459793
5.268107
5.4409366
5.288101
4.8960667
5.3078012
5.2247443
5.1333895
5.3087106
5.456201
5.2576036
train_time
4.0987545999999995
8.017301799999984
4.035530100000074
4.08654039999999
8.319165599999906
6.559354400000075
3.7599897000000055
4.974585000000388
8.594571800000267
7.361539800000173
4.011358900000232
7.671247500000391
5.065099800000098
4.750849600000038
14.228592899999967
7.506345200000396
8.846874199999547
11.85394559999986
5.1603979999999865
5.522665799999231
13.406894899999315
14.32146979999925
4.904969900000651
7.958188700000392
7.4900698000001285
8.950965500000166
6.1745660999986285
11.44032800000059
9.185526900000696
10.450961099999404
10.210654099999374
7.8646814999992785


================================================================================
=== deep network w. softplus
train_risk
8.244734
8.314125
8.479916
6.877098
7.662905
8.921432
8.4772625
7.29393
7.642703
8.298474
7.5810857
8.458032
8.736775
7.6716266
7.3700433
7.4852214
7.8323245
7.6111646
7.7593875
6.2040563
7.567482
8.933906
8.739517
9.326039
8.829177
8.26666
6.8185925
8.546057
8.358974
9.103215
9.284715
8.262433
test_risk
8.246001
8.317541
8.473356
6.8745084
7.682447
8.926029
8.481953
7.3068523
7.6587143
8.31579
7.6058397
8.451218
8.74223
7.68386
7.3853445
7.492432
7.835023
7.6270614
7.7900267
6.20305
7.5848503
8.934231
8.728217
9.330185
8.834419
8.273622
6.827827
8.558718
8.357143
9.117939
9.2814245
8.286737
test_mean_value
2.1946957
1.039718
0.6553952
2.4094746
0.45149013
0.54778296
0.7591925
0.53602177
0.48736128
1.6607964
0.45350692
0.71795756
1.4123013
3.0940447
0.55130047
2.0090363
2.226499
1.484976
0.5908334
2.6648433
0.6904565
0.52528024
0.97970456
0.5053576
0.577936
0.7305673
1.5364594
1.1872063
1.103392
0.7482292
0.88302755
1.8883232
test_mean_abs_value
2.99677
1.9378684
2.5252285
2.9098797
2.5610864
1.9515396
2.7326615
2.101061
2.7278268
3.199605
2.3934684
2.2404685
2.8569262
3.832426
2.3836908
2.5851712
2.9854712
2.233147
2.4585893
3.1819687
2.511776
2.116939
2.1911426
2.6038158
1.8484044
2.2381828
2.3217263
1.9572527
2.0791855
2.4887655
2.0772586
2.8662293
test_variance_value
9.931895
4.93338
10.6045475
8.539298
10.915729
6.2395697
12.413254
7.1345687
12.248329
15.572554
9.494855
8.1613245
12.787789
14.919059
9.217642
7.405601
10.345957
6.113424
10.368065
11.153165
10.435256
7.0616226
7.2151866
10.967909
5.2273564
7.930586
7.509001
5.0549526
6.095488
9.655475
6.632659
10.328113
test_mean_costs
1.0900288
0.7533907
0.8830652
1.1406151
0.617923
1.2845486
1.2992915
0.4239802
0.51814675
1.1113929
0.59740597
1.2631496
0.92426854
0.55540067
0.62896246
1.05723
1.1087215
1.002538
0.50347394
0.26523575
0.48545545
1.0590304
1.1938748
1.3398025
0.93020433
0.8159156
0.46872014
1.1347152
1.0213542
0.9957069
1.166371
1.0415783
test_mean_abs_costs
1.0900288
0.7533907
0.8830652
1.1406151
0.617923
1.2845486
1.2992915
0.4239802
0.51814675
1.1113929
0.59740597
1.2631496
0.92426854
0.55540067
0.62896246
1.05723
1.1087215
1.002538
0.50347394
0.26523575
0.48545545
1.0590304
1.1938748
1.3398025
0.93020433
0.8159156
0.46872014
1.1347152
1.0213542
0.9957069
1.166371
1.0415783
test_variance_costs
0.007767972
0.0059291557
0.028177634
0.045875452
0.004933897
0.018517368
0.013596967
0.0038389962
0.0042767273
0.014442823
0.004831361
0.019972127
0.048906162
0.004392618
0.00442485
0.014110688
0.014558155
0.016487626
0.0050361017
0.0027860857
0.0036056503
0.012044512
0.017240776
0.01229663
0.016421748
0.008759956
0.0050882436
0.01476215
0.011717532
0.020615865
0.014075904
0.021886798
test_mean_wealth
-4.4259477
-5.186524
-5.6168704
-3.9280813
-5.8595924
-6.4346657
-5.980575
-5.1741276
-5.52951
-5.176816
-5.670396
-5.925391
-5.330925
-3.123323
-5.670762
-4.644804
-4.591695
-4.704173
-5.551497
-3.1955495
-5.4319887
-6.1883593
-5.895519
-6.703356
-6.046831
-5.3963566
-4.651262
-5.5901
-5.46632
-5.960708
-6.166559
-4.8311105
test_mean_abs_wealth
4.4343705
5.1865354
5.6168704
3.9341352
5.8595924
6.4346657
5.980575
5.1741276
5.52951
5.1806855
5.670396
5.925391
5.3317385
3.3430517
5.670762
4.651146
4.6128087
4.704269
5.551497
3.3136578
5.4319887
6.1883593
5.895519
6.703356
6.046831
5.3963566
4.6534886
5.5901
5.46632
5.960708
6.166559
4.832014
test_variance_wealth
3.2671413
2.0893764
1.5986795
1.7050068
0.72138
1.2819622
1.2835737
0.93777937
0.94734657
2.072099
0.7887422
1.2720053
2.4463987
5.1900063
0.6639344
1.8344072
2.3247497
1.8590788
1.077556
2.7953138
1.0410235
1.5406846
1.7503434
1.4114673
1.5996172
1.7370197
1.1116288
1.9124573
1.6544694
1.9785972
2.1451998
2.5504844
test_wealth_with_price_abs_mean
1.5493319
1.1550505
1.1027399
1.2653776
0.8242928
1.3055701
1.1824766
0.7989603
0.8464204
1.1292962
0.833377
1.1826509
1.2403804
2.5074108
0.76476717
1.1355519
1.2887949
1.0879784
0.86168987
2.0915651
0.8292256
1.2366107
1.1614594
1.4130162
1.1635647
1.1128777
0.98603773
1.1333234
1.0425787
1.2136458
1.2947971
1.3193786
test_wealth_with_price_variance
3.2671413
2.0893764
1.5986795
1.7050068
0.72138
1.2819622
1.2835737
0.93777937
0.94734657
2.072099
0.7887422
1.2720053
2.4463987
5.1900063
0.6639344
1.8344072
2.3247497
1.8590788
1.077556
2.7953138
1.0410235
1.5406846
1.7503434
1.4114673
1.5996172
1.7370197
1.1116288
1.9124573
1.6544694
1.9785972
2.1451998
2.5504844
price
5.1170015
5.056594
4.985283
4.7911205
5.2739363
5.2920976
5.0291696
4.877763
5.076085
5.3191786
5.1098423
4.958064
5.4052067
5.240042
5.1720347
5.1747236
5.294443
4.7731395
5.2259727
5.167777
5.2237344
5.2459793
5.268107
5.4409366
5.288101
4.8960667
5.3078012
5.2247443
5.1333895
5.3087106
5.456201
5.2576036
train_time
53.11168500000001
58.41112620000001
64.46987630000001
64.85935049999989
257.0260717000001
85.18768769999997
91.05759219999982
250.62904560000015
205.23583149999968
82.69582179999998
266.75212109999984
99.99909310000021
116.07825270000012
80.26068029999988
347.4161402999998
119.77388729999984
102.19324580000011
123.89053850000073
423.87164630000007
272.4821384000006
421.2541232000003
140.76382039999953
143.86974989999908
147.25263059999997
119.23885410000003
121.57786149999993
467.96997329999977
176.95037179999963
162.92378540000027
173.37131040000168
171.3918236999998
177.7818501999991


================================================================================
=== deep network w. relu
train_risk
7.347108
7.565492
8.257949
5.939703
9.000187
8.75778
8.602758
8.044489
8.598925
8.379771
8.833006
8.089444
8.258062
7.0514917
8.3239565
7.033506
7.2801886
7.0643587
8.928817
6.5137873
8.517192
8.553651
8.264459
9.069429
8.670341
7.9898567
8.001605
7.904201
8.081106
8.7543
9.251387
7.4949636
test_risk
7.349744
7.561629
8.243139
5.931825
9.006602
8.76012
8.573033
8.057532
8.610955
8.388192
8.854325
8.088262
8.262036
7.069539
8.311942
7.048891
7.280729
7.082548
8.958423
6.4950523
8.527846
8.525634
8.243006
9.071364
8.687339
7.9966226
7.9950247
7.904067
8.069657
8.767388
9.253153
7.509244
test_mean_value
1.6690863
1.0350877
0.5555475
2.4107938
0.49363884
0.6741046
0.6526895
0.5534715
0.51849335
1.1874868
0.52851003
0.68692607
1.2558895
1.9567233
0.57431924
1.6204866
1.6748865
1.554253
0.70961326
2.3105388
0.7245191
0.57524157
1.1457044
0.5587913
0.68021905
0.777555
1.337537
1.3364471
0.92779684
0.7347333
1.1235948
1.5688937
test_mean_abs_value
2.534388
1.9001856
2.449795
2.9328454
2.5926037
1.9692616
2.7534142
2.1606038
2.7351606
2.9237678
2.4620833
2.3254426
2.7332957
2.7324486
2.365507
2.260966
2.5103061
2.283532
2.5906544
2.8832421
2.5554447
2.0705268
2.2941787
2.6246333
1.9129468
2.317323
2.2684705
2.04446
1.944294
2.473028
2.2770128
2.60281
test_variance_value
7.670403
4.6946325
9.212466
8.09216
10.441969
5.7425423
11.596984
7.1042895
11.60314
12.22882
9.387845
8.140754
10.786514
8.438179
8.562346
5.669849
7.6719637
5.9429183
10.292497
9.151839
9.885897
6.4988933
7.175992
10.650736
5.359256
8.049958
6.72242
4.926505
5.2819667
9.179116
7.179269
8.451827
test_mean_costs
0.0020253833
1.9708485e-05
0.002286815
0.0026517417
0.07494657
0.0024166526
0.096448384
0.0002921471
0.017782869
0.020351622
0.111910924
0.013070825
0.002690601
0.1859015
0.00029031298
0.0022446008
0.1804585
0.122054964
0.014855069
0.02045052
0.10151334
0.0017740672
0.01978951
0.027451864
0.022140257
0.11884545
4.191814e-05
0.12279316
0.12458408
0.023144556
0.42480895
0.0003275616
test_mean_abs_costs
0.0020253833
1.9708485e-05
0.002286815
0.0026517417
0.07494657
0.0024166526
0.096448384
0.0002921471
0.017782869
0.020351622
0.111910924
0.013070825
0.002690601
0.1859015
0.00029031298
0.0022446008
0.1804585
0.122054964
0.014855069
0.02045052
0.10151334
0.0017740672
0.01978951
0.027451864
0.022140257
0.11884545
4.191814e-05
0.12279316
0.12458408
0.023144556
0.42480895
0.0003275616
test_variance_costs
9.309269e-06
7.940819e-06
3.07479e-05
1.6415206e-06
1.6054944e-05
0.00069612695
1.1659919e-05
1.0755034e-05
2.246459e-06
2.1430355e-06
1.1848077e-05
1.7986711e-05
2.4513063e-05
2.5492407e-05
4.300481e-06
9.974481e-06
1.4696702e-05
6.4869505e-06
1.52052435e-05
1.2209021e-05
1.3281258e-05
1.4164718e-06
6.170682e-06
2.178772e-05
6.183499e-07
2.1158758e-05
2.9777766e-06
8.7625895e-06
1.0676654e-05
4.5442034e-06
0.0005734156
1.5501602e-05
test_mean_wealth
-3.8635535
-4.4377832
-4.83594
-2.7887988
-5.2744675
-5.026212
-4.884235
-4.73299
-4.998014
-4.5590844
-5.1098976
-4.706344
-4.5657587
-3.8911452
-5.019071
-3.9783685
-4.2150445
-3.7544131
-4.944098
-3.305069
-5.013984
-5.0811415
-4.5554333
-5.3375716
-5.0364842
-4.652299
-4.381506
-4.428937
-4.745145
-5.0016418
-5.18443
-4.109289
test_mean_abs_wealth
3.86715
4.4378805
4.83594
2.814126
5.2744675
5.026212
4.884235
4.73299
4.998014
4.559127
5.1098976
4.706344
4.5666327
3.8935728
5.019071
3.9791152
4.217543
3.7564175
4.944104
3.3580413
5.013985
5.0811415
4.556057
5.3375716
5.0364842
4.652308
4.3815985
4.4298253
4.745145
5.0016418
5.1850824
4.1099377
test_variance_wealth
2.5203838
2.0527875
2.0970306
1.8205538
2.5019763
2.6906714
2.365013
1.9734724
2.342844
2.324837
2.5130987
2.068482
2.594443
2.0087144
2.090805
1.7913197
1.6216637
2.2495308
2.951955
2.3693953
2.326533
2.3032207
2.7960997
2.6206965
2.5547404
2.1828232
2.4371357
2.5711136
2.0589082
2.654432
3.4644876
2.2212222
test_wealth_with_price_abs_mean
1.6676174
1.2630454
1.1667248
2.122953
1.2571435
1.3402984
1.232837
1.1315037
1.2220787
1.4109021
1.262375
1.1761435
1.4845476
1.6339751
1.1668851
1.4996582
1.4006655
1.4896834
1.3973849
2.0226934
1.2329285
1.2299224
1.4732256
1.2971568
1.303775
1.2020074
1.4945226
1.4506052
1.2029936
1.3401254
1.5085393
1.556266
test_wealth_with_price_variance
2.5203838
2.0527875
2.0970306
1.8205538
2.5019763
2.6906714
2.365013
1.9734724
2.342844
2.324837
2.5130987
2.068482
2.594443
2.0087144
2.090805
1.7913197
1.6216637
2.2495308
2.951955
2.3693953
2.326533
2.3032207
2.7960997
2.6206965
2.5547404
2.1828232
2.4371357
2.5711136
2.0589082
2.654432
3.4644876
2.2212222
price
5.1170015
5.056594
4.985283
4.7911205
5.2739363
5.2920976
5.0291696
4.877763
5.076085
5.3191786
5.1098423
4.958064
5.4052067
5.240042
5.1720347
5.1747236
5.294443
4.7731395
5.2259727
5.167777
5.2237344
5.2459793
5.268107
5.4409366
5.288101
4.8960667
5.3078012
5.2247443
5.1333895
5.3087106
5.456201
5.2576036
train_time
89.5166234
159.8836495
103.08174010000005
156.08205139999995
75.63608350000004
149.74103379999997
88.95648250000022
165.40082789999997
128.43994559999965
143.56839440000022
102.38642699999991
123.02928639999936
194.3067243000005
139.12277480000012
251.03431270000056
220.34594859999925
154.20034169999963
157.8030095999993
176.4058361999996
247.30559330000142
169.16399040000033
207.54275710000002
209.56933059999938
345.9899161000012
218.60869900000034
167.33470209999905
432.75352609999936
212.42226159999882
216.12427610000123
412.84734650000064
134.36785520000012
468.6235032000004


================================================================================
=== twin network feature map
train_risk
6.4644957
6.711114
6.73705
5.3996463
7.189703
7.2218757
6.8553777
6.638183
6.9587173
6.474255
7.024674
6.6472697
7.0634503
6.2495956
6.9750104
6.0072684
6.3736296
6.2435627
7.178979
5.788391
7.0265975
7.133178
7.0692883
7.388832
7.174684
7.083167
7.187846
6.8750434
6.6475134
7.1803503
7.4237266
6.645585
test_risk
6.468632
6.710766
6.7413626
5.4031935
7.1951222
7.222517
6.851626
6.6404753
6.96263
6.4778023
7.0260816
6.6456237
7.0563126
6.253703
6.971564
6.007025
6.374111
6.2511625
7.1916866
5.7828336
7.0294595
7.1253595
7.0676947
7.388267
7.1805925
7.08763
7.193262
6.873858
6.653102
7.1801434
7.428486
6.6543593
test_mean_value
1.1886747
0.6434925
0.5109672
2.0243523
0.44024718
0.46720657
0.56932175
0.46766722
0.4493758
1.3366724
0.4426502
0.5933381
0.8458779
1.548879
0.4791892
1.6429815
1.7340558
0.99655646
0.49858272
2.125248
0.5381285
0.45276886
0.6745095
0.45663995
0.47074667
0.53001225
1.1747884
0.80513096
0.8602824
0.5604469
0.6137068
1.0998117
test_mean_abs_value
2.194094
1.7306254
2.462491
2.570327
2.6241088
1.9061209
2.771049
2.1627097
2.7735753
2.9290657
2.4728396
2.3000169
2.5096889
2.362495
2.398057
2.2181163
2.5088682
1.9181391
2.5130715
2.6443572
2.5378108
2.0852516
2.0670104
2.6544235
1.8439555
2.2771976
2.1471891
1.7123542
1.9620796
2.470812
1.9608448
2.3034601
test_variance_value
7.2773
4.575877
10.022195
8.121498
11.387321
5.947935
12.699001
7.6451836
12.581432
13.831527
10.083617
8.777379
10.484592
7.703953
9.277046
6.0622387
8.17213
5.3664756
10.768904
8.254592
10.67608
7.009404
6.9874363
11.4423685
5.4246593
8.616564
6.9386163
4.4265876
5.967318
9.847139
6.3795233
8.301985
test_mean_costs
0.43082586
0.57335496
0.65187675
0.60788894
0.69003224
0.6810339
0.6756863
0.65880656
0.69120437
0.5068202
0.67764497
0.61284935
0.5437075
0.2968196
0.6570474
0.3797053
0.6866145
0.51296395
0.6642856
0.38742706
0.64658666
0.70386034
0.6033045
0.6989378
0.6924196
0.8474602
0.8702265
0.57269406
0.5293048
0.6602434
0.64481336
0.44139943
test_mean_abs_costs
0.43082586
0.57335496
0.65187675
0.60788894
0.69003224
0.6810339
0.6756863
0.65880656
0.69120437
0.5068202
0.67764497
0.61284935
0.5437075
0.2968196
0.6570474
0.3797053
0.6866145
0.51296395
0.6642856
0.38742706
0.64658666
0.70386034
0.6033045
0.6989378
0.6924196
0.8474602
0.8702265
0.57269406
0.5293048
0.6602434
0.64481336
0.44139943
test_variance_costs
0.0021187682
0.002545676
0.0035904464
0.0018249175
0.0045337323
0.00418088
0.004370696
0.0035977317
0.004517941
0.0043023485
0.0043411874
0.0031956187
0.0033096678
0.0011054901
0.003448253
0.0018992012
0.002020204
0.002204518
0.0050329682
0.0013812262
0.0037461668
0.0041447557
0.0035412814
0.0046261004
0.004320458
0.004392475
0.003560324
0.0032547237
0.0025268723
0.004263461
0.0050003757
0.0017465546
test_mean_wealth
-4.7727656
-5.4027133
-5.5301104
-3.7804778
-5.9429445
-5.9117274
-5.5468407
-5.4773083
-5.740553
-4.8963675
-5.7614913
-5.3997107
-5.5167875
-4.409908
-5.7709584
-4.3333344
-4.6620317
-4.7030187
-5.804559
-3.8573363
-5.745448
-5.9057007
-5.610143
-6.111209
-5.916236
-5.628456
-5.414439
-5.410154
-5.21738
-5.813027
-5.9143224
-5.019443
test_mean_abs_wealth
4.7727656
5.4027133
5.5301104
3.7813122
5.9429445
5.9117274
5.5468407
5.4773083
5.740553
4.896648
5.7614913
5.3997107
5.5167913
4.409963
5.7709584
4.334426
4.663928
4.7030187
5.804559
3.868108
5.745448
5.9057007
5.610143
6.111209
5.916236
5.628456
5.414479
5.410154
5.21738
5.813027
5.9143224
5.019443
test_variance_wealth
0.6642801
0.39898527
0.3275329
0.61154675
0.352022
0.38558888
0.37730417
0.30315617
0.33405006
0.5958847
0.35597038
0.34273657
0.5523232
0.7985415
0.3326579
0.6975859
0.75363004
0.5531157
0.4229073
1.0716643
0.3786364
0.3361202
0.49299464
0.3674732
0.358758
0.47089303
0.6875095
0.49430698
0.46345106
0.424624
0.5219457
0.6143193
test_wealth_with_price_abs_mean
0.707783
0.57717025
0.6458592
1.0817586
0.742948
0.71950746
0.6503399
0.67329055
0.73321533
0.68993205
0.73051566
0.5897533
0.59932584
0.9991627
0.6875189
0.96402854
0.8412672
0.5967791
0.70605755
1.3792936
0.6563273
0.73059684
0.62499654
0.7493694
0.7150982
0.8265017
0.65937746
0.57970786
0.545228
0.66608524
0.68587184
0.65446514
test_wealth_with_price_variance
0.6642801
0.39898527
0.3275329
0.61154675
0.352022
0.38558888
0.37730417
0.30315617
0.33405006
0.5958847
0.35597038
0.34273657
0.5523232
0.7985415
0.3326579
0.6975859
0.75363004
0.5531157
0.4229073
1.0716643
0.3786364
0.3361202
0.49299464
0.3674732
0.358758
0.47089303
0.6875095
0.49430698
0.46345106
0.424624
0.5219457
0.6143193
price
5.1170015
5.056594
4.985283
4.7911205
5.2739363
5.2920976
5.0291696
4.877763
5.076085
5.3191786
5.1098423
4.958064
5.4052067
5.240042
5.1720347
5.1747236
5.294443
4.7731395
5.2259727
5.167777
5.2237344
5.2459793
5.268107
5.4409366
5.288101
4.8960667
5.3078012
5.2247443
5.1333895
5.3087106
5.456201
5.2576036
train_time
32.00633740000001
45.82512150000002
31.193033300000025
18.747468100000106
47.384248299999854
51.3828446
28.788229699999647
39.542789300000095
51.46555330000001
66.4554422000001
57.6403878000001
47.1406379
60.17553609999959
75.00903079999989
54.035927699999775
61.33627990000059
27.378747300000214
40.48992829999952
56.007331000000704
71.9854249
73.90959029999976
44.2188941000004
78.56438010000056
86.94484789999842
78.54631039999913
40.6844044999998
43.47772830000031
105.17529429999922
135.3614499999985
92.27409980000084
98.07610620000014
81.0347623000016


