================================================================================
=== twin network
train_time
36.3558525
46.99160619999998
36.987579100000005
38.5892116
37.94505979999997
38.05871569999999
39.51467939999998
39.167416799999955
39.79937899999982
38.655936799999836
39.251223799999934
39.25350090000029
39.238861799999995
38.813982099999976
41.10289269999976
39.204414199999974
39.54881600000044
24.898905099999865
40.26473910000004
66.26636090000011
41.470798399999694
40.42579029999979
40.41118330000063
41.931975800000146
40.73403299999973
40.923313499999495
41.97433949999959
40.26281030000064
40.50116919999891
40.48256719999881
45.985787400000845
43.72801679999975


================================================================================
=== continuous-time
train_risk
8.593538
8.484013
8.265299
8.781017
8.094099
8.827396
8.126729
7.545998
9.052942
8.101451
8.379105
7.94697
9.302663
8.185322
7.84305
8.083943
8.157315
7.8015647
8.473405
8.086664
8.382796
8.847583
9.154746
8.719088
8.844436
8.079293
8.634742
8.356709
8.644887
8.674624
9.181151
8.583579
test_risk
8.594637
8.476469
8.267347
8.775235
8.081052
8.839382
8.117244
7.5481987
9.053942
8.106747
8.37621
7.9499536
9.313555
8.169686
7.841303
8.092071
8.15162
7.786037
8.469891
8.077475
8.392584
8.843651
9.142319
8.718008
8.8749
8.07563
8.633707
8.351218
8.642889
8.685649
9.179369
8.572678
test_mean_value
0.41210988
0.42282844
0.4157433
0.40052763
0.41775104
0.41094646
0.4167572
0.41174266
0.4268344
0.41336972
0.4176349
0.41305375
0.42485374
0.4234916
0.42458618
0.4187063
0.42283973
0.41273764
0.41909385
0.4244659
0.41136038
0.4045392
0.42031035
0.41710827
0.42066246
0.41355583
0.41784817
0.42215225
0.4381525
0.40663123
0.41317254
0.41092372
test_mean_abs_value
3.5997474
3.059702
3.2041578
5.490144
4.1176996
3.5460892
4.5014687
3.513236
4.7733364
2.652327
3.9266126
3.3997476
3.8377345
3.0221045
3.087864
3.4891396
3.4657905
2.456727
3.7092035
2.5337076
3.1633267
2.9889636
3.2511618
4.8169365
3.4808648
3.1360555
3.025241
4.890873
3.0418932
3.0388494
5.676605
4.0791006
test_variance_value
21.343784
15.154624
17.228857
52.9853
28.867401
22.057392
34.491455
20.292492
38.5439
11.757799
25.866909
18.555805
25.409016
15.290877
15.496039
20.157536
19.812998
10.716668
22.52547
11.704628
16.459436
16.193653
18.044155
40.017838
23.519392
16.400948
15.54187
41.568157
17.124979
16.1883
56.844208
27.449179
test_mean_costs
1.0859847
1.085502
1.0850472
1.0855913
1.0849768
1.0850623
1.0854661
1.08538
1.0849671
1.0852423
1.0857246
1.0852962
1.085801
1.0847262
1.0845734
1.0858712
1.0850829
1.0852406
1.0850593
1.0854796
1.0864934
1.0853944
1.0855347
1.0850782
1.084906
1.0854514
1.0858282
1.0849425
1.0849612
1.0855765
1.0851712
1.0859151
test_mean_abs_costs
1.0859847
1.085502
1.0850472
1.0855913
1.0849768
1.0850623
1.0854661
1.08538
1.0849671
1.0852423
1.0857246
1.0852962
1.085801
1.0847262
1.0845734
1.0858712
1.0850829
1.0852406
1.0850593
1.0854796
1.0864934
1.0853944
1.0855347
1.0850782
1.084906
1.0854514
1.0858282
1.0849425
1.0849612
1.0855765
1.0851712
1.0859151
test_variance_costs
0.056664348
0.053843856
0.052765094
0.099908546
0.04874503
0.08830835
0.063523665
0.05497543
0.068502896
0.068140335
0.07379566
0.047110002
0.077280745
0.060385764
0.049757913
0.0584661
0.06402022
0.076221414
0.05457713
0.06731385
0.054538283
0.0677002
0.06197635
0.054130115
0.104068995
0.06748072
0.0651996
0.068427816
0.096281074
0.07409112
0.08142314
0.061075483
test_mean_wealth
-6.4815965
-6.4273553
-6.3071795
-6.0634856
-6.2153053
-6.222021
-6.040981
-5.734595
-6.651821
-5.970749
-6.105071
-6.1634045
-6.711434
-6.1275077
-6.031803
-6.06217
-6.060907
-5.657876
-6.4167533
-5.9279256
-6.365459
-6.524024
-6.8113256
-6.591208
-6.0644956
-5.9371724
-6.4041305
-6.131427
-5.9933333
-6.2838635
-6.5192924
-6.41717
test_mean_abs_wealth
6.4815965
6.4273553
6.3071795
6.0634856
6.2153053
6.222021
6.040981
5.734595
6.651821
5.970749
6.105071
6.1634045
6.711434
6.1275077
6.031803
6.06217
6.060907
5.657876
6.4167533
5.9279256
6.365459
6.524024
6.8113256
6.591208
6.0644956
5.9371724
6.4041305
6.131427
5.9933333
6.2838635
6.5192924
6.41717
test_variance_wealth
0.78433836
0.74187785
0.684099
1.1748251
0.6229336
1.1097554
0.7493997
0.57554966
0.99435574
0.77638626
0.87084025
0.58032316
1.1306953
0.7281662
0.5860735
0.7073083
0.7607241
0.75653064
0.7444364
0.77871364
0.72290885
0.923045
0.9506326
0.79499173
1.2501911
0.7751392
0.8578369
0.82987297
1.1231936
0.95932746
1.1569753
0.82613254
test_wealth_with_price_abs_mean
1.154461
1.1460612
1.1342816
1.2078424
1.1248862
1.2014806
1.1458578
1.1194702
1.1898657
1.1464881
1.1663902
1.1223369
1.2117289
1.1399667
1.1215378
1.1370844
1.1487352
1.1412122
1.1443235
1.1500176
1.1437714
1.1717687
1.1793718
1.1538086
1.223965
1.1484828
1.1646898
1.1575876
1.1995693
1.1812011
1.2107956
1.160076
test_wealth_with_price_variance
0.78433836
0.74187785
0.684099
1.1748251
0.6229336
1.1097554
0.7493997
0.57554966
0.99435574
0.77638626
0.87084025
0.58032316
1.1306953
0.7281662
0.5860735
0.7073083
0.7607241
0.75653064
0.7444364
0.77871364
0.72290885
0.923045
0.9506326
0.79499173
1.2501911
0.7751392
0.8578369
0.82987297
1.1231936
0.95932746
1.1569753
0.82613254
price
5.393571
5.340731
5.222534
4.9808745
5.132265
5.135026
4.9546404
4.647046
5.5666866
4.886632
5.015274
5.0759525
5.6223917
5.043883
4.9454107
4.9752674
4.973707
4.5732937
5.3328805
4.8397136
5.276307
5.441308
5.728849
5.505938
4.979602
4.850397
5.3165846
5.0427456
4.9097033
5.195705
5.4349313
5.3323746
train_time
3.3332520999999957
4.502422299999978
2.680514800000026
2.495747999999935
5.208935999999994
1.7838882999999441
2.7550011000000723
3.0113071999999192
3.8062445999999
3.9799057000000175
2.5957447000000684
1.8432456000000457
2.3578308000001016
2.628354599999966
2.653999499999827
3.7184376000004704
2.1100141999995685
4.902975599999991
2.530424600000515
2.9558364000004076
2.2680802000004405
1.973106899999948
3.8749613999998473
3.35067859999981
2.1965086999998675
2.311612700000296
2.06551380000019
2.007739699999547
2.614444700000604
2.054856999999174
3.170288699999219
4.929067099999884


================================================================================
=== deep network w. softplus
train_risk
8.172454
8.034686
7.7891135
8.113492
7.6215434
8.133064
7.60366
7.082742
8.200211
7.378313
7.776893
7.494507
8.599015
7.629742
7.382816
8.224176
7.531958
4.1888294
8.053
7.452337
8.379845
8.209397
8.668589
8.260967
8.096353
7.4060593
8.07947
7.8583994
7.7806144
7.869592
8.526814
8.023265
test_risk
8.183522
8.039902
7.8106008
8.112003
7.622385
8.152404
7.6075864
7.096792
8.219121
7.385909
7.7881117
7.509751
8.618859
7.640148
7.40597
8.232774
7.545705
4.1939654
8.056835
7.448636
8.3923
8.231674
8.677596
8.276165
8.10403
7.413055
8.086125
7.8695416
7.7805896
7.876956
8.539089
8.032904
test_mean_value
0.4323898
0.44847256
0.4373504
0.40471888
0.4233935
0.43942413
0.42790025
0.41954187
0.68940383
0.570206
0.4432884
0.4218207
0.5156436
0.4614214
0.43621972
0.42859393
0.5377823
5.7522573
0.43492284
0.5513583
0.454709
0.5037824
0.47182164
0.42131227
0.53327775
0.5129731
0.4810439
0.42349684
0.58094704
0.63743347
0.4202372
0.49092278
test_mean_abs_value
3.458815
2.9138794
3.1001163
5.35305
4.0385146
3.349024
4.3936086
3.4100184
4.631373
2.4971473
3.7967465
3.301741
3.6596074
2.8648303
2.9780507
3.3970768
3.3419824
5.81695
3.5885034
2.3615732
3.2119908
2.8405056
3.0658166
4.7382836
3.295649
2.9852326
2.858289
4.7893357
2.819359
2.8871033
5.5721445
3.9459755
test_variance_value
19.90905
13.833536
16.17436
50.155926
27.70025
19.897297
32.82235
19.136406
36.8668
10.522544
24.3314
17.531996
23.385511
13.890218
14.45695
19.039997
18.603586
20.714136
21.227709
10.362577
17.088898
14.873772
16.265629
38.549763
21.870266
15.049652
14.020856
39.593018
15.05801
14.91526
54.47235
25.919176
test_mean_costs
0.8038233
0.79430646
0.7866353
0.7503787
0.78375834
0.73763466
0.7739229
0.77377445
0.72996795
0.72393715
0.7700361
0.7919518
0.7499123
0.7449302
0.78948784
1.026959
0.7515921
1.3108102
0.80871964
0.72611225
0.99092907
0.7454413
0.7909884
0.7922482
0.7443017
0.7443496
0.76160985
0.7795488
0.7022158
0.7282166
0.7520973
0.7758116
test_mean_abs_costs
0.8038233
0.79430646
0.7866353
0.7503787
0.78375834
0.73763466
0.7739229
0.77377445
0.72996795
0.72393715
0.7700361
0.7919518
0.7499123
0.7449302
0.78948784
1.026959
0.7515921
1.3108102
0.80871964
0.72611225
0.99092907
0.7454413
0.7909884
0.7922482
0.7443017
0.7443496
0.76160985
0.7795488
0.7022158
0.7282166
0.7520973
0.7758116
test_variance_costs
0.017377043
0.017203366
0.01701259
0.027727736
0.015324739
0.024386873
0.01796028
0.01604115
0.01967123
0.0194155
0.021412496
0.01615107
0.023060745
0.017076911
0.015590632
0.02224771
0.017203573
0.22586378
0.016445285
0.016396211
0.019479258
0.019257993
0.019020215
0.016210597
0.026264936
0.019618034
0.02007702
0.021327613
0.0249999
0.019430552
0.023673763
0.01755
test_mean_wealth
-6.179155
-6.1105156
-5.9871607
-5.724082
-5.9084444
-5.846116
-5.718294
-5.41519
-6.034252
-5.452607
-5.763729
-5.8612933
-6.284755
-5.749782
-5.7250843
-5.99337
-5.6124735
-0.54392594
-6.1245847
-5.441666
-6.2265463
-6.084828
-6.465268
-6.2941737
-5.611276
-5.4966536
-6.0167165
-5.8246884
-5.4677935
-5.695701
-6.1791534
-6.027067
test_mean_abs_wealth
6.179155
6.1105156
5.9871607
5.724082
5.9084444
5.846116
5.718294
5.41519
6.034252
5.452607
5.763729
5.8612933
6.284755
5.749782
5.7250843
5.99337
5.6124735
1.5880879
6.1245847
5.441666
6.2265463
6.084828
6.465268
6.2941737
5.611276
5.4966536
6.0167165
5.8246884
5.4677935
5.695701
6.1791534
6.027067
test_variance_wealth
0.97807705
0.8984054
0.78205127
1.5057847
0.70612997
1.3403525
0.886965
0.67889124
1.1805605
0.9190878
1.0164088
0.6410582
1.351209
0.8793184
0.66967964
1.0837564
0.92760676
3.7448466
0.9139803
0.9874739
1.0291587
1.1236727
1.1983132
0.9444494
1.586043
0.91069794
1.04292
1.0305908
1.3881797
1.1793612
1.383109
1.0069598
test_wealth_with_price_abs_mean
1.0327983
0.9981335
0.9549277
1.1803585
0.94206065
1.1099101
0.9962883
0.9270566
0.953851
0.9041486
1.0279014
0.9257285
1.0864131
0.9592488
0.93174744
1.1849512
0.9417813
4.041594
1.0179625
0.9437334
1.1309062
1.0057521
1.0737873
1.0232836
1.1493114
0.9398034
1.0073467
1.047977
1.0666748
0.9682922
1.1343473
0.99671674
test_wealth_with_price_variance
0.97807705
0.8984054
0.78205127
1.5057847
0.70612997
1.3403525
0.886965
0.67889124
1.1805605
0.9190878
1.0164088
0.6410582
1.351209
0.8793184
0.66967964
1.0837564
0.92760676
3.7448466
0.9139803
0.9874739
1.0291587
1.1236727
1.1983132
0.9444494
1.586043
0.91069794
1.04292
1.0305908
1.3881797
1.1793612
1.383109
1.0069598
price
5.393571
5.340731
5.222534
4.9808745
5.132265
5.135026
4.9546404
4.647046
5.5666866
4.886632
5.015274
5.0759525
5.6223917
5.043883
4.9454107
4.9752674
4.973707
4.5732937
5.3328805
4.8397136
5.276307
5.441308
5.728849
5.505938
4.979602
4.850397
5.3165846
5.0427456
4.9097033
5.195705
5.4349313
5.3323746
train_time
107.24282549999998
88.9381596
104.65787180000007
97.83525420000001
148.90860350000003
122.14762270000006
122.0797063
119.79186779999986
103.70961139999986
123.75160069999993
125.61153519999971
142.00336939999988
156.09733629999982
156.43962229999988
168.8529924999998
90.66973540000072
131.11451229999966
95.7029892999999
120.3988059000003
128.0361810000004
117.71952970000075
149.41909529999975
120.0900388
195.85363039999993
125.04714760000024
196.9337329
137.81634329999997
123.2760373000001
235.74347019999914
146.36067430000003
197.3345147
171.54575920000025


================================================================================
=== deep network w. relu
train_risk
11.540352
11.26688
11.253826
11.996939
11.015926
12.0793915
11.12336
10.054183
12.007165
9.576637
11.549802
10.360649
12.162292
10.612192
10.471762
10.734075
9.954208
3.433423
11.295477
9.784592
11.073193
11.445612
12.034934
12.382708
10.654333
9.870626
10.332183
10.259765
10.860222
10.108238
13.72771
10.913298
test_risk
11.544664
11.2431965
11.244965
11.976892
10.998
12.087043
11.131703
10.102788
12.035253
9.556302
11.548874
10.383742
12.174596
10.642083
10.506891
10.700537
9.958201
3.4191086
11.291727
9.7998495
11.065946
11.471117
12.01887
12.376371
10.67802
9.865561
10.327097
10.308279
10.874739
10.083727
13.726527
10.893483
test_mean_value
0.55676645
0.60293067
0.53435385
0.41548505
0.44879466
0.5661698
0.44887784
0.45327488
0.640273
1.0429944
0.5632136
0.46219066
0.87168956
0.68090796
0.5139503
0.49374357
0.858021
5.7694564
0.51950103
0.98673934
0.5653921
0.9429922
0.7581306
0.45413226
0.8292642
0.85823274
0.6524099
0.42813993
1.1637524
1.2129452
0.43035477
0.7109164
test_mean_abs_value
3.4642901
2.9711227
3.0611575
5.327455
4.012855
3.4392462
4.3271704
3.2959847
4.4855666
2.653049
3.7159226
3.1554518
3.8204646
2.974591
2.969984
3.3507066
3.295902
5.8837037
3.536043
2.6420705
3.096902
3.06525
3.2697794
4.8337593
3.563921
3.0698388
2.9037316
4.7195873
3.2641032
3.1150177
5.79732
3.9009638
test_variance_value
18.818953
13.667426
14.70673
48.049564
25.5224
19.19096
29.74357
17.048277
32.09777
10.385743
21.85368
15.56793
23.158543
13.66543
13.783593
17.84262
16.657492
32.64554
19.57853
10.857246
14.934027
14.624083
16.620691
37.009254
22.600681
14.482312
13.662022
37.96872
16.430334
15.039203
54.56528
24.11482
test_mean_costs
0.39242902
0.04807592
0.18557845
1.072759
0.29589564
1.0339487
0.10479964
0.055853445
0.29891288
0.20084892
0.26144838
0.05515165
0.30635026
0.0607039
0.2311842
0.48742893
0.13791005
0.03209174
0.16659568
0.39350972
0.15387082
0.20667419
0.045257792
0.22847496
0.7914783
0.16310605
0.70822906
0.63340116
0.00078127073
0.26587212
0.78823614
0.42783856
test_mean_abs_costs
0.39242902
0.04807592
0.18557845
1.072759
0.29589564
1.0339487
0.10479964
0.055853445
0.29891288
0.20084892
0.26144838
0.05515165
0.30635026
0.0607039
0.2311842
0.48742893
0.13791005
0.03209174
0.16659568
0.39350972
0.15387082
0.20667419
0.045257792
0.22847496
0.7914783
0.16310605
0.70822906
0.63340116
0.00078127073
0.26587212
0.78823614
0.42783856
test_variance_costs
0.006093778
2.197587e-05
4.396485e-05
0.048480473
0.0010498544
0.018932786
0.010743987
5.9405425e-06
0.007540038
0.00097405695
0.0048583206
4.644801e-06
0.0039492357
7.0869e-05
0.00032886723
0.009890095
0.00418392
0.00042403032
0.021410298
0.005171488
0.007060177
0.0009620747
0.00016665767
0.00015656758
0.011523756
0.001648189
0.010494207
0.015904592
6.8474174e-06
0.0025069853
0.018879404
0.016214656
test_mean_wealth
-5.643384
-5.209827
-5.2891
-6.035696
-5.3951807
-6.015684
-5.0281935
-4.663536
-5.652328
-4.456731
-5.135216
-5.084123
-5.485147
-4.8460693
-5.08905
-5.3886905
-4.6785526
0.7519915
-5.3978825
-4.673682
-5.278805
-5.106851
-5.4332285
-5.697581
-5.3624663
-4.5701504
-5.79197
-5.6738977
-4.183553
-4.657845
-6.205175
-5.4591007
test_mean_abs_wealth
5.6433997
5.209827
5.2891
6.035929
5.3951807
6.0171785
5.0281935
4.663536
5.6531377
4.4756856
5.136392
5.084123
5.5038276
4.8461123
5.08905
5.3887734
4.688037
2.0355814
5.3978868
4.683949
5.278805
5.127472
5.435313
5.697581
5.3675766
4.5823946
5.7921176
5.6738977
4.323295
4.694552
6.206975
5.4609823
test_variance_wealth
6.440299
6.424599
5.88634
5.677149
5.121304
6.768607
6.083212
4.65146
7.048481
5.607689
6.9997816
4.7279005
8.714952
6.2514343
4.8985944
4.738278
5.6653266
10.342546
6.084098
5.5065823
5.833919
8.065696
8.462958
6.932666
5.7140436
5.715533
4.268648
3.5131285
9.292012
6.4720745
9.00525
5.9943357
test_wealth_with_price_abs_mean
2.0375104
2.0551891
1.9267836
1.944765
1.7720101
2.1237602
1.952366
1.7005348
2.1056828
1.9560621
2.098135
1.7251118
2.376917
2.039912
1.7493157
1.7122145
1.9428705
5.32772
1.9726303
1.9001557
1.9385562
2.312332
2.3799508
2.0550575
1.9211408
1.9496763
1.6880587
1.4979823
2.5654693
2.1035674
2.3456564
1.9700024
test_wealth_with_price_variance
6.440299
6.424599
5.88634
5.677149
5.121304
6.768607
6.083212
4.65146
7.048481
5.607689
6.9997816
4.7279005
8.714952
6.2514343
4.8985944
4.738278
5.6653266
10.342546
6.084098
5.5065823
5.833919
8.065696
8.462958
6.932666
5.7140436
5.715533
4.268648
3.5131285
9.292012
6.4720745
9.005251
5.9943357
price
5.393571
5.340731
5.222534
4.9808745
5.132265
5.135026
4.9546404
4.647046
5.5666866
4.886632
5.015274
5.0759525
5.6223917
5.043883
4.9454107
4.9752674
4.973707
4.5732937
5.3328805
4.8397136
5.276307
5.441308
5.728849
5.505938
4.979602
4.850397
5.3165846
5.0427456
4.9097033
5.195705
5.4349313
5.3323746
train_time
34.886698800000005
43.52764350000001
31.84302809999997
84.27955439999994
42.730251199999884
37.71491160000005
78.95366689999992
72.59202729999993
57.42486730000019
58.88447610000003
83.91647830000011
72.07928700000002
141.20610410000018
96.97068149999996
50.356541500000276
112.07593299999917
80.87531409999974
141.26043449999997
121.47363589999986
78.7087031000001
141.9820325999999
44.971805199999835
95.55229570000029
103.08950530000038
128.41041200000018
97.75097360000018
135.37762910000038
100.55727079999906
109.19534310000017
140.0836822000001
84.65273809999962
144.1211977999992


================================================================================
=== twin network feature map
train_risk
8.106023
8.026937
7.799255
8.160086
7.6338787
8.233373
7.5945
7.060165
8.34728
7.4196033
7.8332205
7.501086
8.662338
7.6472263
7.378402
7.635884
7.5010095
3.1906416
8.114278
7.423232
7.930836
8.244096
8.644888
8.309127
8.054684
7.402804
8.093485
7.8502383
7.847719
7.851697
8.598482
8.026578
test_risk
8.114245
8.021929
7.8131294
8.155258
7.621062
8.250081
7.5938063
7.0707135
8.353113
7.4211493
7.8433213
7.507689
8.673935
7.6501384
7.392934
7.6395416
7.506997
3.184754
8.11047
7.415819
7.9406166
8.262354
8.635308
8.309776
8.061077
7.4072127
8.093668
7.8616323
7.848008
7.855679
8.608366
8.021552
test_mean_value
0.43773535
0.45274466
0.43726793
0.40527573
0.42502865
0.44859105
0.4269753
0.4205281
0.5415403
0.5871512
0.4468627
0.4234942
0.5268597
0.46891442
0.43997794
0.43126225
0.54244536
6.413797
0.4373352
0.55782896
0.4378636
0.5198865
0.4806575
0.42593038
0.5447751
0.52122855
0.49100292
0.4241866
0.59180045
0.6465066
0.41980857
0.4910516
test_mean_abs_value
3.5138676
2.9708202
3.1342103
5.4008718
4.069633
3.4553542
4.4066877
3.4419498
4.6593294
2.5484831
3.8410835
3.3279686
3.7278972
2.9218388
3.0145729
3.389205
3.369516
6.4667954
3.6362102
2.4119182
3.0835633
2.9004436
3.153434
4.8202395
3.3532913
3.0175042
2.9290338
4.82886
2.876601
2.9189003
5.615102
3.984721
test_variance_value
20.268496
14.24358
16.392801
50.602886
27.921694
20.692533
33.009624
19.352531
36.724236
10.899871
24.583086
17.714521
24.002485
14.259915
14.718656
18.895037
18.707703
30.444754
21.563126
10.521552
15.583135
15.186128
16.941713
39.585873
21.899307
15.266915
14.511516
39.969315
15.360635
15.188917
54.910362
26.207325
test_mean_costs
0.7689208
0.7828285
0.7786475
0.8029193
0.7575805
0.7792989
0.7659254
0.7604671
0.73749804
0.7119072
0.7776498
0.75721145
0.77317464
0.750604
0.758963
0.78584224
0.7240834
0.27885526
0.8002953
0.7219329
0.79552233
0.7537567
0.77965766
0.8024475
0.7311043
0.72509617
0.7764255
0.79246646
0.741693
0.68774784
0.78379697
0.7563651
test_mean_abs_costs
0.7689208
0.7828285
0.7786475
0.8029193
0.7575805
0.7792989
0.7659254
0.7604671
0.73749804
0.7119072
0.7776498
0.75721145
0.77317464
0.750604
0.758963
0.78584224
0.7240834
0.27885526
0.8002953
0.7219329
0.79552233
0.7537567
0.77965766
0.8024475
0.7311043
0.72509617
0.7764255
0.79246646
0.741693
0.68774784
0.78379697
0.7563651
test_variance_costs
0.022564296
0.021050317
0.02030404
0.040734604
0.016840138
0.036284477
0.022697262
0.019474437
0.024782352
0.021206215
0.028579487
0.017017437
0.031416263
0.022079967
0.017674765
0.022168497
0.020841233
0.0025511354
0.01901583
0.021261431
0.022495922
0.026298696
0.024658794
0.0205931
0.03779808
0.021969901
0.023950111
0.02810796
0.034331605
0.022611085
0.031277638
0.021325463
test_mean_wealth
-6.138907
-6.0947657
-5.979255
-5.776066
-5.8806314
-5.878613
-5.7112217
-5.4008965
-6.189646
-5.423632
-5.767769
-5.824879
-6.2968016
-5.7479625
-5.690801
-5.749585
-5.580302
1.1495682
-6.113748
-5.431016
-6.047985
-6.0770392
-6.4451013
-6.299755
-5.586581
-5.4691443
-6.021573
-5.8369164
-5.496417
-5.646159
-6.211282
-6.007492
test_mean_abs_wealth
6.138907
6.0947657
5.979255
5.776066
5.8806314
5.878613
5.7112217
5.4008965
6.189646
5.423632
5.767769
5.824879
6.2968016
5.7479625
5.690801
5.749585
5.580302
2.0897708
6.113748
5.431016
6.047985
6.0770392
6.4451013
6.299755
5.586581
5.4691443
6.021573
5.8369164
5.496417
5.646159
6.211282
6.007492
test_variance_wealth
0.8438943
0.79931927
0.72305244
1.1957654
0.6677448
1.1684711
0.79969406
0.60228646
1.043499
0.9106828
0.92811805
0.62221587
1.2359511
0.78907126
0.62650406
0.7526271
0.8613525
9.426552
0.8654125
0.90184563
0.76789916
1.0383893
1.0530659
0.85905254
1.3664118
0.86757463
0.93939996
0.8605308
1.2510719
1.1373538
1.2235122
0.92672586
test_wealth_with_price_abs_mean
0.9529316
0.9434353
0.92107815
1.0824146
0.9023028
1.0440817
0.95318305
0.8823339
0.95909566
0.87841153
0.9830473
0.8884332
1.0377039
0.91324
0.88564813
0.93892986
0.8944277
5.725049
0.9804954
0.90032494
0.94471455
0.9581367
1.0036106
0.98470896
1.0529785
0.9026898
0.9629151
0.98271686
1.0132512
0.92903095
1.0804126
0.9489638
test_wealth_with_price_variance
0.8438943
0.79931927
0.72305244
1.1957654
0.6677448
1.1684711
0.79969406
0.60228646
1.043499
0.9106828
0.92811805
0.62221587
1.2359511
0.78907126
0.62650406
0.7526271
0.8613525
9.426552
0.8654125
0.90184563
0.76789916
1.0383893
1.0530659
0.85905254
1.3664118
0.86757463
0.93939996
0.8605308
1.2510719
1.1373538
1.2235122
0.92672586
price
5.393571
5.340731
5.222534
4.9808745
5.132265
5.135026
4.9546404
4.647046
5.5666866
4.886632
5.015274
5.0759525
5.6223917
5.043883
4.9454107
4.9752674
4.973707
4.5732937
5.3328805
4.8397136
5.276307
5.441308
5.728849
5.505938
4.979602
4.850397
5.3165846
5.0427456
4.9097033
5.195705
5.4349313
5.3323746
train_time
24.89762829999998
10.979808300000002
20.030358200000023
24.702976299999932
18.69903709999994
17.54087289999984
23.00832850000006
18.956167800000003
17.814572599999792
11.576773599999797
13.756327200000214
14.301112299999659
21.89828750000015
23.512160799999947
20.05483600000025
14.704091599999629
14.595511100000294
20.55300460000035
8.830312000000049
10.802347299999383
16.074131500000476
16.557230100000197
11.96271219999926
13.374999200000275
15.901244700000461
15.20613609999964
16.131517699999677
15.183928899999955
16.243025600000692
18.570442700000058
12.010001500000726
13.96790510000028


