================================================================================
=== twin network
train_time
37.2829063
38.129582699999986
38.222941400000025
39.05574350000006
38.39205169999991
38.16649400000006
38.642322899999954
38.021469700000125
38.75343950000001
38.17833759999985
38.669164499999624
38.77625040000021
24.94016320000037
38.398202299999866
38.95799429999988
39.0991584999997
39.05670209999971
39.47800759999973
39.73482860000058
39.66449449999982
39.38642710000022
39.977646899999854
24.999167500000112
40.756445500000154
26.36705450000045
40.45549409999967
39.708358200000475
44.049485300000015
41.68890250000004
40.537119699999494
44.54490059999989
41.22859160000007


================================================================================
=== continuous-time
train_risk
7.937534
7.78161
7.5070653
7.6149516
8.15694
8.412308
7.7250867
7.543574
7.8742704
8.226954
7.752107
7.9029527
8.749459
7.975204
8.151862
7.8949547
7.849754
7.2725406
8.411271
7.575345
8.0443735
8.241629
8.361598
8.482983
8.088599
8.136335
8.06381
7.5940742
7.8184414
8.141709
8.454628
8.20103
test_risk
7.953791
7.786909
7.5019474
7.6163597
8.163036
8.418771
7.7251725
7.524745
7.8667855
8.217177
7.7411346
7.8930287
8.746361
7.976982
8.157411
7.903391
7.8606663
7.272381
8.4078245
7.5830474
8.044411
8.238922
8.357963
8.4720955
8.0896435
8.133127
8.0646305
7.599644
7.823488
8.13389
8.469619
8.197503
test_mean_value
0.4141526
0.40559414
0.41405368
0.41767275
0.40630713
0.40489173
0.4333273
0.41911808
0.4098723
0.4109806
0.424014
0.41248158
0.419296
0.41027987
0.42456695
0.41765073
0.4045501
0.4164753
0.42550358
0.41406658
0.4206705
0.41387668
0.42896426
0.4264502
0.41226503
0.41053367
0.40976462
0.40059552
0.39820224
0.40353543
0.41379687
0.41588244
test_mean_abs_value
3.142097
2.2963316
2.7208965
3.0007615
2.5232134
2.9624536
3.0189345
3.439452
2.9272692
2.3162706
2.623415
3.3020568
2.9727159
3.1103613
3.0783062
3.790135
3.186473
2.5124857
2.9240432
3.3106456
3.4404829
2.705773
3.2216172
4.0127883
2.7258902
2.8463442
3.7196236
3.5641334
3.5512002
2.6910825
2.9356112
4.239532
test_variance_value
16.519932
9.754433
12.362721
15.800252
10.526519
14.947557
15.088167
20.547396
14.13489
9.097417
12.066375
18.360481
14.901051
16.720259
16.604073
25.062616
16.676739
11.032897
13.886692
18.146772
20.181507
11.756935
17.027777
27.774511
12.584598
14.04084
22.99444
21.383673
21.10961
11.83378
15.006063
31.185959
test_mean_costs
1.0851518
1.0854486
1.085872
1.085142
1.0863843
1.086199
1.0850335
1.0848213
1.0852671
1.0858567
1.0851288
1.0852803
1.0859367
1.0854982
1.0855725
1.0855917
1.0858821
1.0843855
1.0859257
1.0852624
1.0860729
1.0856626
1.0852724
1.0854831
1.0854493
1.0858029
1.0859518
1.0855367
1.0857714
1.0854518
1.0855534
1.0858538
test_mean_abs_costs
1.0851518
1.0854486
1.085872
1.085142
1.0863843
1.086199
1.0850335
1.0848213
1.0852671
1.0858567
1.0851288
1.0852803
1.0859367
1.0854982
1.0855725
1.0855917
1.0858821
1.0843855
1.0859257
1.0852624
1.0860729
1.0856626
1.0852724
1.0854831
1.0854493
1.0858029
1.0859518
1.0855367
1.0857714
1.0854518
1.0855534
1.0858538
test_variance_costs
0.050055366
0.03732098
0.032743137
0.042899486
0.04338441
0.051362537
0.036065318
0.047081806
0.041683715
0.051798
0.038877558
0.038448747
0.04384318
0.03924149
0.04109405
0.041834094
0.037410304
0.04657333
0.050907195
0.037180085
0.042840943
0.03924031
0.039505504
0.044163913
0.040774465
0.04871169
0.03540179
0.03462877
0.04093408
0.04064002
0.05225542
0.046414405
test_mean_wealth
-6.07706
-6.1761026
-6.0605516
-5.950962
-6.3514915
-6.3853345
-6.1571574
-5.8253565
-6.1801615
-6.2483435
-6.1271553
-6.253383
-6.8149056
-6.3051414
-6.3939114
-6.171066
-6.225822
-5.6457286
-6.4169517
-6.0309987
-6.2910194
-6.5067916
-6.604218
-6.590656
-6.3727717
-6.2430463
-6.44988
-6.0855765
-6.1414003
-6.3862886
-6.4333215
-6.313861
test_mean_abs_wealth
6.07706
6.1761026
6.0605516
5.950962
6.3514915
6.3853345
6.1571574
5.8253565
6.1801615
6.2483435
6.1271553
6.253383
6.8149056
6.3051414
6.3939114
6.171066
6.225822
5.6457286
6.4169517
6.0309987
6.2910194
6.5067916
6.604218
6.590656
6.3727717
6.2430463
6.44988
6.0855765
6.1414003
6.3862886
6.4333215
6.313861
test_variance_wealth
0.6086461
0.46900845
0.390041
0.49781916
0.5838126
0.7039386
0.45094258
0.51363206
0.50903857
0.6768866
0.477146
0.4917321
0.6720356
0.51148224
0.558651
0.52900827
0.4836135
0.4657757
0.68478423
0.44360048
0.5562859
0.54813045
0.5619667
0.64129126
0.5356998
0.62522453
0.48262691
0.4236134
0.51135814
0.5440876
0.71487
0.6249261
test_wealth_with_price_abs_mean
1.1213849
1.1064183
1.0986556
1.1089247
1.1205958
1.1382812
1.103894
1.1085
1.1093134
1.1321868
1.1063019
1.1089867
1.1373568
1.112452
1.1187656
1.111856
1.1083273
1.1032941
1.1341133
1.1028471
1.1197454
1.119743
1.1201329
1.1320369
1.1156025
1.1254576
1.1095432
1.1024543
1.111508
1.1161522
1.1381667
1.1284627
test_wealth_with_price_variance
0.6086461
0.46900845
0.390041
0.49781916
0.5838126
0.7039386
0.45094258
0.51363206
0.50903857
0.6768866
0.477146
0.4917321
0.6720356
0.51148224
0.558651
0.52900827
0.4836135
0.4657757
0.68478423
0.44360048
0.5562859
0.54813045
0.5619667
0.64129126
0.5356998
0.62522453
0.48262691
0.4236134
0.51135814
0.5440876
0.71487
0.6249261
price
4.990991
5.0892115
4.973998
4.864488
5.2643743
5.2965174
5.071667
4.74178
5.0946536
5.162974
5.0420365
5.16694
5.72659
5.217666
5.3054504
5.0851297
5.1388493
4.5609355
5.3297734
4.945745
5.202435
5.4178033
5.5165024
5.5023365
5.2855005
5.1563516
5.3623695
4.9987683
5.0544105
5.2984414
5.347062
5.2250314
train_time
3.0010558999999972
3.8530389000000014
5.135889700000007
3.538612999999941
3.2194004000000405
2.2407757000000856
2.24320919999991
2.9403764999999566
2.273497199999838
2.3155126999999993
4.985367199999928
4.459551599999941
3.5780900999998266
3.2734817000000476
2.625037600000269
2.5543134999998074
6.2757386999996925
4.695537700000386
4.7524812000001475
17.590648899999906
3.4191616000007343
4.367494000000079
3.5101353000000017
4.396828200000527
4.287366399999883
2.794303600000603
2.8126195999993797
2.8026577999999063
6.302966000000197
6.693207100000109
6.1489825999997265
2.4728626999985863


================================================================================
=== deep network w. softplus
train_risk
7.47512
7.4368224
8.366636
7.2435036
7.577981
7.9476447
8.560991
7.044333
7.524998
8.968146
8.687308
8.546824
7.3771725
8.857806
7.4138026
7.6479864
7.526999
6.5488706
7.961688
8.159012
8.427918
8.948087
8.130269
8.166179
7.7331204
7.276277
7.9012117
7.3835173
7.7055793
7.8952312
7.029396
7.936507
test_risk
7.4820023
7.4443383
8.379024
7.2538495
7.584821
7.9666615
8.581084
7.0523415
7.5290217
8.979664
8.682154
8.553935
7.4037004
8.858754
7.4132276
7.657566
7.547304
6.5564656
7.9731035
8.151763
8.434393
8.953127
8.135431
8.169323
7.7492514
7.2775455
7.915359
7.399801
7.7105536
7.9019156
7.037696
7.947685
test_mean_value
1.432989
0.9020594
0.45032683
1.5505543
0.81561047
0.4595881
0.46403268
0.48449737
0.4279238
0.61572874
0.5129054
0.544353
1.5952867
0.49586734
1.6370182
0.42889416
0.42546338
0.9027819
0.45838112
0.51791114
0.43894297
0.5191245
0.49521065
0.45284778
0.45218974
0.9588743
0.4252564
0.4113961
0.45832762
0.44880116
2.440571
0.43737394
test_mean_abs_value
3.19515
2.2204604
2.6204028
3.1307
2.432224
2.808516
2.9110556
3.356475
2.812255
2.238123
2.534845
3.2502906
3.0948586
2.98371
3.2222285
3.717822
3.1062465
2.4552314
2.769538
3.2402623
3.3706784
2.5624108
3.1087337
3.9171467
2.6113706
2.782892
3.6518571
3.4887412
3.4463065
2.553038
3.4478285
4.2086587
test_variance_value
17.206217
9.067077
11.572888
16.983175
9.654027
13.62132
14.312972
19.563694
13.102629
8.684386
11.369915
17.964088
15.65721
15.31768
17.68915
23.985209
15.892932
10.524576
12.53946
17.557413
19.548601
10.694601
16.046206
26.520384
11.614229
13.54003
22.232225
20.471205
19.967125
10.773247
18.438791
30.626873
test_mean_costs
0.8621358
0.54647744
1.273086
0.97201085
0.6576143
0.76949674
1.1141268
0.7626018
0.77050376
1.3025744
1.1688423
1.1468275
0.41099155
1.1130061
1.0106223
0.7501314
0.7829298
0.6297307
0.75973654
1.1295485
1.0595765
1.1299052
0.7823966
0.7855555
0.781494
0.6250195
0.80019736
0.7766986
0.7480511
0.7765725
1.006088
0.82828945
test_mean_abs_costs
0.8621358
0.54647744
1.273086
0.97201085
0.6576143
0.76949674
1.1141268
0.7626018
0.77050376
1.3025744
1.1688423
1.1468275
0.41099155
1.1130061
1.0106223
0.7501314
0.7829298
0.6297307
0.75973654
1.1295485
1.0595765
1.1299052
0.7823966
0.7855555
0.781494
0.6250195
0.80019736
0.7766986
0.7480511
0.7765725
1.006088
0.82828945
test_variance_costs
0.015776074
0.0057247775
0.022894397
0.014337959
0.0121921105
0.016080284
0.03015634
0.014105649
0.012346998
0.028553668
0.022226965
0.021180997
0.0047248765
0.017585164
0.023080371
0.012628996
0.011363133
0.01065405
0.015478709
0.015374651
0.016455848
0.0196357
0.011388186
0.013351883
0.012926529
0.010954184
0.009973841
0.009746012
0.011169371
0.012331483
0.015229909
0.01504045
test_mean_wealth
-4.8352075
-5.140666
-6.2114925
-4.7049494
-5.513418
-6.0139356
-6.155545
-5.4377575
-5.8473463
-6.260313
-6.121978
-6.183059
-4.9639697
-6.2470617
-5.10651
-5.824362
-5.901956
-4.704767
-6.0578847
-5.9714403
-6.2462506
-6.4457865
-6.235096
-6.2643304
-6.028892
-5.233922
-6.148634
-5.765938
-5.7435546
-6.0321436
-4.3270817
-6.0348053
test_mean_abs_wealth
4.836238
5.140666
6.2114925
4.70569
5.513418
6.0139356
6.155545
5.4377575
5.8473463
6.260313
6.121978
6.183059
4.9652295
6.2470617
5.107387
5.824362
5.901956
4.704767
6.0578847
5.9714403
6.2462506
6.4457865
6.235096
6.2643304
6.028892
5.2339506
6.148634
5.765938
5.7435546
6.0321436
4.3457713
6.0348053
test_variance_wealth
1.6019493
1.2300097
0.96917325
1.446948
0.98812324
0.91795766
1.224856
0.6231831
0.6680274
1.5703663
1.3841976
1.2200907
1.4504915
1.4730802
1.2112234
0.7911621
0.63167703
0.81321126
0.88034153
1.0384163
1.0554725
1.3511227
0.84449565
0.86748725
0.69512904
0.9913028
0.7262804
0.6203016
0.8981379
0.81782204
1.9031835
0.85763913
test_wealth_with_price_abs_mean
1.0140705
0.8868423
1.3198144
0.96259993
0.81708014
0.97488075
1.257518
0.8630898
0.9127184
1.3432479
1.2920871
1.2179961
1.1368904
1.2835997
0.8841157
0.943849
0.90583354
0.7309143
0.96840566
1.1826886
1.2025354
1.2528244
0.9472354
0.9835044
0.9147864
0.7959776
0.9498261
0.9045555
0.94877404
0.947401
1.3470848
1.0064998
test_wealth_with_price_variance
1.6019493
1.2300097
0.96917325
1.446948
0.98812324
0.91795766
1.224856
0.6231831
0.6680274
1.5703663
1.3841976
1.2200907
1.4504915
1.4730802
1.2112234
0.7911621
0.63167703
0.81321126
0.88034153
1.0384163
1.0554725
1.3511227
0.84449565
0.86748725
0.69512904
0.9913028
0.7262804
0.6203016
0.8981379
0.81782204
1.9031835
0.85763913
price
4.990991
5.0892115
4.973998
4.864488
5.2643743
5.2965174
5.071667
4.74178
5.0946536
5.162974
5.0420365
5.16694
5.72659
5.217666
5.3054504
5.0851297
5.1388493
4.5609355
5.3297734
4.945745
5.202435
5.4178033
5.5165024
5.5023365
5.2855005
5.1563516
5.3623695
4.9987683
5.0544105
5.2984414
5.347062
5.2250314
train_time
43.3021029
93.98768369999999
49.79984860000002
43.10126070000001
140.6765454
105.39554679999992
47.38786830000004
124.57836730000008
146.4619932999999
46.107004499999675
46.14688350000006
54.07741129999977
124.57872859999998
49.203240299999834
50.59459220000008
165.10831589999998
144.0669469999998
181.6939754
163.4327604
67.73974100000032
68.85942799999975
70.83252769999945
120.69636619999983
173.0429807999999
176.7670850000004
187.05758539999988
163.79892370000016
191.1126488000009
123.98076190000029
154.29004859999986
76.8957577000001
131.65118040000016


================================================================================
=== deep network w. relu
train_risk
8.869075
8.269567
9.097474
8.0765295
10.476488
10.640114
9.765924
9.627393
10.2941475
9.72375
9.524786
9.651778
8.782904
10.051845
8.324459
10.551755
10.000953
7.53529
11.215758
9.528188
10.289408
9.99438
10.715724
11.265535
10.659874
9.847084
10.240905
9.591012
10.300838
10.3188
7.679173
11.056384
test_risk
8.868223
8.253632
9.084308
8.098884
10.487031
10.632611
9.785226
9.615173
10.270272
9.729685
9.530706
9.646153
8.804537
10.076288
8.331471
10.545769
9.9936285
7.545599
11.205045
9.508626
10.28081
9.957522
10.724495
11.287698
10.656686
9.8421335
10.234175
9.64086
10.316231
10.326482
7.6775856
11.051672
test_mean_value
1.1389077
1.447261
0.5646264
1.3885306
0.725476
0.712723
0.52270985
0.6319088
0.5160987
1.0921093
0.7193613
0.7393105
1.6232148
0.6551214
1.7265292
0.46366507
0.51845086
1.6055956
0.6562293
0.55775094
0.49122724
0.7800928
0.6597043
0.52654225
0.6126322
0.97200054
0.46741796
0.43252224
0.57009804
0.66395813
2.647332
0.45210183
test_mean_abs_value
3.0036988
2.6266305
2.6505759
3.0869935
2.59241
2.9717212
2.853901
3.4035628
2.837352
2.4896579
2.6457722
3.3215165
3.1099892
3.1139219
3.353266
3.7423847
3.0770872
2.8647528
2.9487834
3.1173286
3.3110416
2.6921523
3.063859
3.889983
2.6637545
2.8981001
3.5713694
3.473431
3.467769
2.650252
3.722702
4.1606736
test_variance_value
13.407329
9.797974
10.883338
14.4324255
10.210069
13.815217
12.696309
18.16834
12.525565
8.884907
10.758144
17.128216
14.372708
15.181611
16.376802
22.167704
14.775171
11.148444
13.401667
15.106326
17.325855
10.95226
14.504436
23.925669
10.952031
12.834176
20.046986
19.02039
18.73342
10.754009
18.114819
27.456188
test_mean_costs
0.280156
0.054708812
0.008126625
0.0018173603
0.056221362
0.00018679706
0.06917471
0.06275464
0.06387741
0.08993068
0.007978089
0.103704415
0.0028879126
0.07210358
0.013852104
0.082328945
0.012404383
1.2537687e-05
0.15453665
0.19249597
0.00045510737
0.008449062
0.238447
0.013435247
0.43300697
0.14442405
3.227024e-05
0.07885023
0.20775448
0.08745524
0.016118143
0.015861824
test_mean_abs_costs
0.280156
0.054708812
0.008126625
0.0018173603
0.056221362
0.00018679706
0.06917471
0.06275464
0.06387741
0.08993068
0.007978089
0.103704415
0.0028879126
0.07210358
0.013852104
0.082328945
0.012404383
1.2537687e-05
0.15453665
0.19249597
0.00045510737
0.008449062
0.238447
0.013435247
0.43300697
0.14442405
3.227024e-05
0.07885023
0.20775448
0.08745524
0.016118143
0.015861824
test_variance_costs
9.098005e-05
2.1777626e-06
4.0640288e-07
3.4180906e-07
1.2733952e-05
1.102629e-06
4.288264e-06
8.717429e-06
1.2744346e-05
2.665965e-05
4.4548928e-05
1.18982925e-05
4.2985266e-07
0.000113330025
8.271128e-07
0.00020370173
0.00027740296
1.1013723e-05
0.0010004855
6.297192e-05
7.9988587e-07
3.1022546e-06
0.00012843563
3.5340345e-06
0.00013818605
0.0036867992
2.8922175e-06
9.182072e-06
0.000101160964
1.5291938e-05
2.7597225e-06
1.0659509e-06
test_mean_wealth
-4.547309
-4.103696
-4.8322334
-3.8967798
-5.00216
-4.991491
-5.0519156
-4.590499
-5.052545
-4.571289
-4.7546573
-4.9449787
-4.527938
-5.0469055
-4.020229
-5.1217885
-5.0384436
-3.3722353
-5.2548366
-4.994548
-5.134845
-5.063362
-5.526653
-5.4185157
-5.5199623
-4.7402005
-5.3063073
-5.0469637
-5.0914874
-5.1278696
-3.1303513
-5.2076497
test_mean_abs_wealth
4.547355
4.1198764
4.8322334
3.8972383
5.00216
4.9955053
5.0519156
4.5905237
5.052545
4.592667
4.7547474
4.9453773
4.530562
5.046953
4.024337
5.1217885
5.0384436
3.4152257
5.2548385
4.994548
5.134846
5.0639105
5.526673
5.4185157
5.5199623
4.7403827
5.3063073
5.0469637
5.0914884
5.127911
3.218342
5.2076497
test_variance_wealth
3.1627326
3.810686
3.3348331
2.758721
5.423647
6.0521927
3.8787768
4.303951
4.405018
5.7002254
4.230347
4.0061464
3.2770245
4.570255
2.7289548
4.5024967
4.2089124
3.6820786
6.244493
3.5670664
4.582205
4.5572567
4.8400593
5.742114
4.7782397
4.5274673
4.142716
3.5509837
4.5672603
4.9542294
3.8185601
5.523718
test_wealth_with_price_abs_mean
1.4806266
1.7690154
1.4729214
1.597126
1.8987123
2.006629
1.570436
1.664564
1.664908
1.9962467
1.6756709
1.6080898
1.7938142
1.7224232
1.7773345
1.6608499
1.6350607
1.8382621
2.0186923
1.4955561
1.7149864
1.7469994
1.7488545
1.9184165
1.7423017
1.7455329
1.6212065
1.4892418
1.6900378
1.7994924
2.5229745
1.8600962
test_wealth_with_price_variance
3.1627326
3.810686
3.3348331
2.758721
5.423647
6.0521927
3.8787768
4.303951
4.405018
5.7002254
4.230347
4.0061464
3.2770245
4.570255
2.7289548
4.5024967
4.2089124
3.6820786
6.244493
3.5670664
4.582205
4.5572567
4.8400593
5.742114
4.7782397
4.5274673
4.142716
3.5509837
4.5672603
4.9542294
3.8185601
5.523718
price
4.990991
5.0892115
4.973998
4.864488
5.2643743
5.2965174
5.071667
4.74178
5.0946536
5.162974
5.0420365
5.16694
5.72659
5.217666
5.3054504
5.0851297
5.1388493
4.5609355
5.3297734
4.945745
5.202435
5.4178033
5.5165024
5.5023365
5.2855005
5.1563516
5.3623695
4.9987683
5.0544105
5.2984414
5.347062
5.2250314
train_time
33.025688599999995
45.66342950000001
51.96029249999998
66.31822419999992
45.89596670000003
79.88347610000005
51.41287349999993
55.57480050000004
48.788597799999934
66.15859749999981
53.6616939999999
69.5082496
80.03309020000006
58.626620900000034
99.66146059999983
52.8519038000004
79.55345609999995
183.7771517000001
84.58637550000003
43.43949440000051
152.80304830000023
79.51153539999996
45.91200150000077
169.80984630000057
63.2809814000002
116.85497639999994
141.57980920000045
100.65659250000044
51.34272350000083
185.5033265000011
116.75790190000043
109.5801578999999


================================================================================
=== twin network feature map
train_risk
6.674076
7.099186
7.0899405
6.255073
7.6408954
7.862814
7.3362184
7.01904
7.4699135
7.614175
7.2745523
7.395456
7.3118086
7.542377
6.368873
7.4635925
7.478198
6.46505
7.952526
7.1314416
7.613672
7.739695
7.901469
8.052951
7.6531644
7.2846055
7.744842
7.1767955
7.412673
7.6999073
6.154557
7.7596164
test_risk
6.68863
7.094923
7.085144
6.258962
7.6383076
7.864136
7.3369656
7.0149665
7.45567
7.622413
7.2742624
7.395205
7.3277755
7.547678
6.367293
7.4668846
7.4850364
6.4587173
7.9565854
7.1309958
7.6161504
7.734008
7.898678
8.052212
7.6513176
7.2877007
7.744826
7.1827955
7.4134793
7.694317
6.153671
7.7575197
test_mean_value
1.0755472
0.7556439
0.44625583
1.3408428
0.5836096
0.46386334
0.45027953
0.48402056
0.4250762
0.5764034
0.4839699
0.50499064
1.3515604
0.4626066
1.6643173
0.42649132
0.42280525
0.8488594
0.46675175
0.47682387
0.43515497
0.5051351
0.4926759
0.45126322
0.4519212
0.7696847
0.42480302
0.41002414
0.44290334
0.4533191
2.3635676
0.43263367
test_mean_abs_value
3.1031837
2.24854
2.6734965
3.0200086
2.4732869
2.8726592
2.9567902
3.3786952
2.847032
2.2166655
2.5657797
3.255935
2.990655
3.066304
3.2362518
3.7419186
3.118421
2.4770496
2.856862
3.2519684
3.3930717
2.631537
3.1571405
3.9714797
2.6406412
2.7933967
3.7008173
3.5186458
3.4937975
2.6396189
3.3193934
4.2022543
test_variance_value
16.320513
9.273068
11.834681
16.087082
9.969042
14.0256815
14.396501
19.725758
13.313084
8.257107
11.409575
17.747084
15.027255
16.073948
18.01317
24.196096
15.905273
10.6714525
13.174215
17.453756
19.604792
11.086078
16.359543
26.983868
11.729647
13.643631
22.652718
20.738094
20.399384
11.320395
17.800472
30.399641
test_mean_costs
0.505252
0.5950588
0.7148845
0.44413054
0.74423355
0.7409724
0.76141775
0.73240715
0.7690352
0.7174239
0.73296016
0.7228007
0.4233826
0.74371266
0.38629594
0.7535337
0.7684896
0.59205234
0.7684784
0.7141882
0.76288354
0.71528745
0.74045116
0.77872807
0.74461114
0.64669245
0.7835391
0.7199566
0.766438
0.75088304
0.37726963
0.77399886
test_mean_abs_costs
0.505252
0.5950588
0.7148845
0.44413054
0.74423355
0.7409724
0.76141775
0.73240715
0.7690352
0.7174239
0.73296016
0.7228007
0.4233826
0.74371266
0.38629594
0.7535337
0.7684896
0.59205234
0.7684784
0.7141882
0.76288354
0.71528745
0.74045116
0.77872807
0.74461114
0.64669245
0.7835391
0.7199566
0.766438
0.75088304
0.37726963
0.77399886
test_variance_costs
0.0064634816
0.0063759666
0.009034186
0.005215426
0.014637473
0.01605562
0.011302343
0.0143670635
0.013521392
0.015477834
0.011947777
0.011098851
0.004423045
0.01167697
0.0056529175
0.0145110125
0.011646196
0.008106668
0.018329252
0.00990065
0.013536832
0.011373664
0.011753141
0.015466775
0.012211775
0.011408033
0.011391456
0.0100350715
0.012725167
0.013457332
0.004536516
0.016452342
test_mean_wealth
-4.835766
-5.335663
-5.657362
-4.3867807
-5.8320384
-5.9811363
-5.8165894
-5.4080396
-5.8487253
-5.714488
-5.715031
-5.7983947
-5.220087
-5.9110293
-4.4548845
-5.8301673
-5.8901744
-4.721011
-6.0582557
-5.597167
-5.953346
-6.045158
-6.1956854
-6.2590876
-5.9922776
-5.4447846
-6.132429
-5.710568
-5.7773657
-6.0019364
-3.775267
-5.985255
test_mean_abs_wealth
4.8358407
5.335663
5.657362
4.387153
5.8320384
5.9811363
5.8165894
5.4080396
5.8487253
5.714488
5.715031
5.7983947
5.220463
5.9110293
4.4577236
5.8301673
5.8901744
4.721011
6.0582557
5.597167
5.953346
6.045158
6.1956854
6.2590876
5.9922776
5.4447846
6.132429
5.710568
5.7773657
6.0019364
3.798186
5.985255
test_variance_wealth
0.79305094
0.7161255
0.45231938
0.7922504
0.6849584
0.78678423
0.5079842
0.57556266
0.55798674
0.82191414
0.54111356
0.57510936
1.0677732
0.58493066
0.8770387
0.5743705
0.5495729
0.70591265
0.7631315
0.5267139
0.6115187
0.64469445
0.6486892
0.7051568
0.6108049
0.7415455
0.5600184
0.48255193
0.58350414
0.6210062
1.5382226
0.6866095
test_wealth_with_price_abs_mean
0.7189503
0.7034876
0.78752136
0.80472875
0.7985798
0.90375555
0.84821296
0.82063633
0.86825645
0.85028714
0.8124418
0.8001162
0.9136223
0.8380572
1.0192674
0.86662555
0.86368406
0.68400687
0.9148457
0.7942209
0.8870365
0.8237115
0.85364497
0.9186938
0.8568727
0.7191575
0.87928766
0.8181369
0.85653335
0.85532784
1.6631513
0.9149932
test_wealth_with_price_variance
0.79305094
0.7161255
0.45231938
0.7922504
0.6849584
0.78678423
0.5079842
0.57556266
0.55798674
0.82191414
0.54111356
0.57510936
1.0677732
0.58493066
0.8770387
0.5743705
0.5495729
0.70591265
0.7631315
0.5267139
0.6115187
0.64469445
0.6486892
0.7051568
0.6108049
0.7415455
0.5600184
0.48255193
0.58350414
0.6210062
1.5382226
0.6866095
price
4.990991
5.0892115
4.973998
4.864488
5.2643743
5.2965174
5.071667
4.74178
5.0946536
5.162974
5.0420365
5.16694
5.72659
5.217666
5.3054504
5.0851297
5.1388493
4.5609355
5.3297734
4.945745
5.202435
5.4178033
5.5165024
5.5023365
5.2855005
5.1563516
5.3623695
4.9987683
5.0544105
5.2984414
5.347062
5.2250314
train_time
26.231773300000015
13.51654510000003
20.01878899999997
23.124005399999987
14.663018400000055
15.558361899999909
14.236606700000038
26.243788700000096
14.842248899999959
13.508152599999903
22.30631799999992
22.094088499999998
21.221053899999788
17.54302340000004
33.74423389999993
20.444134400000166
18.947281300000213
15.470359900000403
14.044966899999963
14.130203300000176
21.170011500000328
22.830511399999523
21.15229360000012
18.890897000000223
15.086073800000122
21.4139097999996
22.975942699999905
21.515912099999696
21.819676699999945
18.263756399999693
23.648933500000567
21.087758499999836


