================================================================================
=== payoff network
train_time
32.4605116
32.6887138
33.418406000000004
33.67333880000001
11.619517299999984
33.18825289999995
32.98076249999997
42.51944930000002
33.048622300000034
32.79073530000005
33.31176870000013
20.864368599999807
34.33643420000021
32.97413540000002
35.20704569999998
33.543634999999995


================================================================================
=== twin network
train_time
41.59546640000001
40.304129399999994
40.74921740000002
41.961420199999964
40.268462699999986
40.47291489999998
41.964906099999894
49.403802799999994
43.11540450000007
39.97472700000003
40.038618999999926
43.020491600000014
40.58604409999998
43.248220300000185
41.19609279999986
41.05882780000002


================================================================================
=== adjoint network
train_time
29.36021869999999
28.807027800000014
8.848490999999967
27.69504479999995
28.20255579999997
28.254659199999992
38.544986700000095
34.004079599999955
28.404814200000033
28.504976700000043
29.44911909999996
28.064525600000024
9.189565099999982
28.49074070000006
28.383902000000035
28.27892490000022


================================================================================
=== continuous-time
train_risk
6.8736725
6.9200373
7.0500345
7.4718094
7.331824
7.574838
6.711826
7.2000947
6.7611465
7.1587
6.61892
6.964245
6.9423103
6.8137403
7.339724
6.683877
test_risk
6.847866
6.9788594
7.098011
7.677228
7.283605
7.5191255
6.643958
7.2708592
6.7530665
7.1553936
6.583866
6.9793215
6.952582
6.682722
7.242666
6.7500377
test_mean_value
0.4186978
0.40450776
0.4098586
0.4113961
0.41448906
0.4188188
0.41688588
0.41483104
0.42630032
0.41881812
0.41180354
0.41517845
0.4156105
0.41966563
0.41746724
0.42010128
test_mean_abs_value
3.9716508
3.9516776
3.0392292
4.443557
3.4801822
4.349929
3.4604013
3.3100476
2.7259865
4.28907
2.4908013
2.9997032
4.437693
3.5678024
3.7409503
3.4375358
test_variance_value
26.453917
25.934559
17.41446
34.135437
19.532188
33.536667
19.469044
18.025242
12.364337
30.96527
10.621701
17.853079
33.42953
22.172714
23.587006
20.275984
test_mean_costs
0.0
0.0
0.0
0.0
0.0
0.0
0.0
0.0
0.0
0.0
0.0
0.0
0.0
0.0
0.0
0.0
test_mean_abs_costs
0.0
0.0
0.0
0.0
0.0
0.0
0.0
0.0
0.0
0.0
0.0
0.0
0.0
0.0
0.0
0.0
test_variance_costs
0.0
0.0
0.0
0.0
0.0
0.0
0.0
0.0
0.0
0.0
0.0
0.0
0.0
0.0
0.0
0.0
test_mean_wealth
-5.3326654
-5.481473
-5.2811594
-5.8495564
-5.542361
-5.5107417
-5.019074
-5.718297
-5.122689
-5.457931
-5.0738716
-4.978035
-5.263028
-5.060163
-5.6450586
-5.2658772
test_mean_abs_wealth
5.3326654
5.481473
5.2811594
5.8495564
5.542361
5.5107417
5.019074
5.718297
5.122689
5.457931
5.0738716
4.978035
5.263028
5.060163
5.6450586
5.2658772
test_variance_wealth
0.45633867
0.44917807
0.6238895
0.6558617
0.5827281
0.7678672
0.50938237
0.48144838
0.5059915
0.570318
0.45328578
0.7332287
0.5665256
0.51150584
0.5045195
0.44372422
test_wealth_with_price_abs_mean
0.5297938
0.5263679
0.6143152
0.63339305
0.59631747
0.67966616
0.5560448
0.544601
0.55592936
0.59078276
0.52698183
0.6629216
0.58774126
0.5580956
0.5569326
0.52232814
test_wealth_with_price_variance
0.45633867
0.44917807
0.6238895
0.6558617
0.5827281
0.7678672
0.50938237
0.48144838
0.5059915
0.570318
0.45328578
0.7332287
0.5665256
0.51150584
0.5045195
0.44372422
price
5.329117
5.4800267
5.281324
5.847003
5.5399604
5.513424
5.0166893
5.719105
5.119949
5.4562955
5.0734625
4.973881
5.263153
5.058315
5.6416736
5.2643666
train_time
0.30673799999999574
0.2975505999999939
0.29289540000002035
0.3001270000000318
0.2822130999999217
0.3141687999999476
0.3600956000000224
0.28947149999999056
0.29802940000001854
0.29114720000006855
0.31238650000000234
0.2962477000000945
0.3110269999999673
0.29520210000009683
0.2976957000000766
0.30532389999984844


================================================================================
=== payoff network
train_risk
7.2626657
7.293964
7.2009177
7.6448445
7.6175923
7.727533
6.8289943
7.583928
6.94852
7.5986295
6.81608
7.0658975
7.1533513
7.0546126
7.554634
6.9662366
test_risk
7.1736736
7.343807
7.219315
7.8986573
7.608411
7.7026467
6.800385
7.579874
6.895555
7.532481
6.7610097
7.1373763
7.173697
6.905875
7.475854
6.946085
test_mean_value
0.40672567
0.3866262
0.40943846
0.41493252
0.42381522
0.41096368
0.4032527
0.4062303
0.42032123
0.40085143
0.41046187
0.41105053
0.40831345
0.40287066
0.41866505
0.42025423
test_mean_abs_value
3.8628736
3.7666247
2.9673667
4.420254
3.3929224
4.2140684
3.3285658
3.2159853
2.6108325
4.042993
2.407532
2.8303795
4.326207
3.4615397
3.7129805
3.4773288
test_variance_value
25.177904
23.850742
16.663692
33.80876
18.883842
32.10653
18.319582
17.091507
11.576912
28.192028
10.023317
16.360138
32.64622
21.143854
23.527967
20.683987
test_mean_costs
0.0
0.0
0.0
0.0
0.0
0.0
0.0
0.0
0.0
0.0
0.0
0.0
0.0
0.0
0.0
0.0
test_mean_abs_costs
0.0
0.0
0.0
0.0
0.0
0.0
0.0
0.0
0.0
0.0
0.0
0.0
0.0
0.0
0.0
0.0
test_variance_costs
0.0
0.0
0.0
0.0
0.0
0.0
0.0
0.0
0.0
0.0
0.0
0.0
0.0
0.0
0.0
0.0
test_mean_wealth
-5.3446374
-5.499355
-5.2815795
-5.8460197
-5.5330343
-5.518597
-5.0327067
-5.7268977
-5.128668
-5.475898
-5.075213
-4.982163
-5.270325
-5.076958
-5.643861
-5.265724
test_mean_abs_wealth
5.3446374
5.499355
5.2815795
5.8460197
5.5330343
5.518597
5.0327067
5.7268977
5.128668
5.475898
5.075213
4.982163
5.270325
5.076958
5.643861
5.265724
test_variance_wealth
0.6927692
0.7102819
0.7829091
0.86130345
0.91317236
0.98419505
0.6679823
0.74023634
0.6649096
0.8779275
0.5974913
0.9226867
0.7524067
0.7033219
0.7050583
0.60049593
test_wealth_with_price_abs_mean
0.65961367
0.6689808
0.6975267
0.7340813
0.7590563
0.7772918
0.6469553
0.68370974
0.6474631
0.74218917
0.61102825
0.75556195
0.6812541
0.6629627
0.6661925
0.61497444
test_wealth_with_price_variance
0.6927692
0.7102819
0.7829091
0.86130345
0.91317236
0.98419505
0.6679823
0.74023634
0.6649096
0.8779275
0.5974913
0.9226867
0.7524067
0.7033219
0.7050583
0.60049593
price
5.329117
5.4800267
5.281324
5.847003
5.5399604
5.513424
5.0166893
5.719105
5.119949
5.4562955
5.0734625
4.973881
5.263153
5.058315
5.6416736
5.2643666
train_time
0.27976759999999956
0.2754512999999861
0.27658109999998715
0.2748444000000063
0.27804439999999886
0.3183682999999746
0.3548481999999922
0.2779208000000608
0.2838930000000346
0.27937530000008337
0.2729879000000892
0.27909120000003895
0.2796249999998963
0.2723691000001054
0.2700195999998414
0.27001670000004196


================================================================================
=== twin network
train_risk
6.9127035
6.968757
7.090587
7.5465803
7.3314652
7.6210318
6.734019
7.218554
6.775158
7.213567
6.6342425
6.9058166
6.942767
6.8386006
7.3366814
6.706344
test_risk
6.874231
7.0320444
7.1173987
7.7263284
7.297203
7.557375
6.6610136
7.2806563
6.7741704
7.1786833
6.617856
6.9436846
6.982121
6.7150593
7.267935
6.7713833
test_mean_value
0.4229189
0.39686134
0.40787563
0.40620825
0.4116506
0.415506
0.4126262
0.41630673
0.42378557
0.41477686
0.41052932
0.41110787
0.41482937
0.4164789
0.4153044
0.41949517
test_mean_abs_value
4.014911
3.8858259
3.0268462
4.3803086
3.4564638
4.3164716
3.4336753
3.313426
2.7157414
4.2437253
2.4875183
2.9615703
4.4407434
3.5623627
3.7339115
3.4207075
test_variance_value
26.949932
25.119715
17.309586
33.293617
19.29653
33.194668
19.190708
18.045918
12.290272
30.32597
10.621138
17.346128
33.630127
22.157051
23.548128
20.164654
test_mean_costs
0.0
0.0
0.0
0.0
0.0
0.0
0.0
0.0
0.0
0.0
0.0
0.0
0.0
0.0
0.0
0.0
test_mean_abs_costs
0.0
0.0
0.0
0.0
0.0
0.0
0.0
0.0
0.0
0.0
0.0
0.0
0.0
0.0
0.0
0.0
test_variance_costs
0.0
0.0
0.0
0.0
0.0
0.0
0.0
0.0
0.0
0.0
0.0
0.0
0.0
0.0
0.0
0.0
test_mean_wealth
-5.3284445
-5.4891195
-5.2831426
-5.854744
-5.5451994
-5.514055
-5.0233335
-5.716821
-5.1252036
-5.461972
-5.0751457
-4.9821057
-5.263809
-5.0633497
-5.6472216
-5.2664833
test_mean_abs_wealth
5.3284445
5.4891195
5.2831426
5.854744
5.5451994
5.514055
5.0233335
5.716821
5.1252036
5.461972
5.0751457
4.9821057
5.263809
5.0633497
5.6472216
5.2664833
test_variance_wealth
0.4689294
0.48065045
0.6387793
0.68501383
0.5967647
0.78805125
0.5239532
0.49149552
0.5176071
0.5931552
0.4639878
0.7478591
0.57804257
0.522129
0.5205749
0.45642063
test_wealth_with_price_abs_mean
0.53718454
0.54630446
0.62256014
0.64863425
0.6049611
0.68870664
0.56519455
0.5508684
0.5626143
0.6049228
0.5324573
0.67546976
0.59316236
0.56361896
0.5664043
0.5300094
test_wealth_with_price_variance
0.4689294
0.48065045
0.6387793
0.68501383
0.5967647
0.78805125
0.5239532
0.49149552
0.5176071
0.5931552
0.4639878
0.7478591
0.57804257
0.522129
0.5205749
0.45642063
price
5.329117
5.4800267
5.281324
5.847003
5.5399604
5.513424
5.0166893
5.719105
5.119949
5.4562955
5.0734625
4.973881
5.263153
5.058315
5.6416736
5.2643666
train_time
0.2732140999999899
0.27634260000002087
0.27532309999998006
0.2731244000000288
0.2817362000000685
0.27794459999995524
0.33529540000006364
0.27817339999990054
0.26981209999996736
0.27627830000005815
0.2724593000000368
0.2695024999998168
0.27509200000008605
0.271166699999867
0.27513870000007046
0.2711290000002009


================================================================================
=== adjoint network
train_risk
6.9576797
6.991804
7.251378
7.679899
7.3770814
7.710151
6.774845
7.277317
6.8604975
7.172181
6.7039995
6.9964957
7.1011777
6.9192104
7.4059014
6.7863045
test_risk
6.93529
7.1000905
7.2685704
7.826069
7.384475
7.6384425
6.737281
7.3522716
6.859571
7.215669
6.687915
7.016718
7.1932416
6.794733
7.33884
6.8347797
test_mean_value
0.43141508
0.40008795
0.40617508
0.40864918
0.41746837
0.41897175
0.41756722
0.42293248
0.4278258
0.42245802
0.41330588
0.41516817
0.4261375
0.4213075
0.41472235
0.41901743
test_mean_abs_value
4.0952063
3.9311218
3.014045
4.424627
3.5289922
4.3637567
3.4870896
3.37796
2.7623441
4.3401256
2.5172944
3.040023
4.5888643
3.6280951
3.7717044
3.4237983
test_variance_value
27.894588
25.594341
16.823399
33.90216
20.029737
33.88021
19.70093
18.703777
12.645917
31.435541
10.846392
18.155283
35.692844
22.845892
23.926203
20.125557
test_mean_costs
0.0
0.0
0.0
0.0
0.0
0.0
0.0
0.0
0.0
0.0
0.0
0.0
0.0
0.0
0.0
0.0
test_mean_abs_costs
0.0
0.0
0.0
0.0
0.0
0.0
0.0
0.0
0.0
0.0
0.0
0.0
0.0
0.0
0.0
0.0
test_variance_costs
0.0
0.0
0.0
0.0
0.0
0.0
0.0
0.0
0.0
0.0
0.0
0.0
0.0
0.0
0.0
0.0
test_mean_wealth
-5.319948
-5.485893
-5.284843
-5.852303
-5.5393815
-5.510589
-5.0183926
-5.7101955
-5.1211634
-5.4542913
-5.072369
-4.9780455
-5.252501
-5.0585213
-5.6478033
-5.266961
test_mean_abs_wealth
5.319948
5.485893
5.284843
5.852303
5.5393815
5.510589
5.0183926
5.7101955
5.1211634
5.4542913
5.072369
4.9780455
5.252501
5.0585213
5.6478033
5.266961
test_variance_wealth
0.4936513
0.49881533
0.69624865
0.71155626
0.6169314
0.8010424
0.53240955
0.5108926
0.53630215
0.59502876
0.47916594
0.7540094
0.6620389
0.5402481
0.53243476
0.47207424
test_wealth_with_price_abs_mean
0.55260813
0.55600965
0.6513633
0.65995187
0.6122395
0.6924253
0.5669713
0.56097823
0.5704965
0.6049177
0.5402897
0.67419714
0.63642365
0.57283473
0.57136977
0.5392543
test_wealth_with_price_variance
0.4936513
0.49881533
0.69624865
0.71155626
0.6169314
0.8010424
0.53240955
0.5108926
0.53630215
0.59502876
0.47916594
0.7540094
0.6620389
0.5402481
0.53243476
0.47207424
price
5.329117
5.4800267
5.281324
5.847003
5.5399604
5.513424
5.0166893
5.719105
5.119949
5.4562955
5.0734625
4.973881
5.263153
5.058315
5.6416736
5.2643666
train_time
0.27031279999999924
0.27483369999998786
0.27404760000001716
0.27650590000001785
0.2850409000000127
0.3206189999999651
0.335747099999935
0.27525470000000496
0.27815160000000105
0.2754557000000659
0.2693215000001601
0.27676550000001043
0.2662854000000152
0.2707101999999395
0.2740303999999014
0.2730375000001004


