================================================================================
=== payoff network
train_time
32.9863727
33.53733720000001
33.508632500000004
33.44995749999998
33.025285499999995
33.170007000000055
33.0996937000001
32.97433719999992
33.3182319
33.9968044000002
34.60746259999996
33.802310900000066
34.31116169999996
33.55968699999994
34.37799680000012
35.8575186999999


================================================================================
=== twin network
train_time
40.21533600000001
39.98243289999999
40.75734560000001
40.757774299999994
26.407781599999964
41.72385439999994
41.12689499999999
42.44045589999996
42.151478
40.55606190000003
41.703286899999966
41.0144479999999
41.24906460000011
44.287273899999946
41.836327699999856
41.67771210000001


================================================================================
=== adjoint network
train_time
28.51629469999999
28.740707800000024
27.953754400000037
28.476720400000033
28.61408259999996
28.683073400000012
30.26063410000006
28.558307600000035
29.466140400000086
29.235897600000044
30.19041479999987
28.74075289999996
31.333062700000028
29.647462099999984
29.548401499999954
29.052699700000176


================================================================================
=== continuous-time
train_risk
6.1125884
6.990937
6.495993
6.6651225
6.7600794
6.7393084
6.016867
6.9512734
6.186542
6.4357204
6.576075
6.699757
6.3398085
6.4943476
6.8546495
6.658159
test_risk
6.1471014
6.998871
6.490083
6.7312965
6.8290243
6.786292
6.0448947
6.9983034
6.216406
6.45194
6.540559
6.748724
6.376935
6.5541873
6.9056706
6.7836185
test_mean_value
0.4046427
0.41735014
0.41275832
0.4304363
0.4163151
0.4104165
0.42163292
0.4218785
0.4192507
0.42031044
0.42913026
0.40780044
0.40876457
0.4212762
0.40567452
0.40903944
test_mean_abs_value
2.270419
3.0510128
3.2759886
2.513952
2.253296
2.493196
2.5932689
2.7688525
2.0489159
2.5768507
2.6042092
3.151995
2.5952108
2.7027018
2.2366698
3.3961885
test_variance_value
8.66347
15.229309
18.750368
10.614929
8.503532
10.575281
11.022512
13.142537
7.1378856
10.73937
11.258691
17.061668
11.965823
13.284797
8.306872
19.659424
test_mean_costs
0.0
0.0
0.0
0.0
0.0
0.0
0.0
0.0
0.0
0.0
0.0
0.0
0.0
0.0
0.0
0.0
test_mean_abs_costs
0.0
0.0
0.0
0.0
0.0
0.0
0.0
0.0
0.0
0.0
0.0
0.0
0.0
0.0
0.0
0.0
test_variance_costs
0.0
0.0
0.0
0.0
0.0
0.0
0.0
0.0
0.0
0.0
0.0
0.0
0.0
0.0
0.0
0.0
test_mean_wealth
-5.0223017
-5.620916
-5.205722
-5.4739585
-5.5612545
-5.4589033
-4.8367023
-5.6431494
-4.977048
-5.202928
-5.364146
-5.402393
-5.1145754
-5.161016
-5.556796
-5.4769588
test_mean_abs_wealth
5.0223017
5.620916
5.205722
5.4739585
5.5612545
5.4589033
4.8367023
5.6431494
4.977048
5.202928
5.364146
5.402393
5.1145754
5.161016
5.556796
5.4769588
test_variance_wealth
0.25916865
0.3831261
0.32478672
0.32084987
0.33015475
0.35705015
0.28985888
0.3698623
0.31075907
0.3186699
0.28715664
0.36091268
0.31706065
0.37819302
0.36918226
0.34833336
test_wealth_with_price_abs_mean
0.4015721
0.48716992
0.4484363
0.44602638
0.45332974
0.47030017
0.42316797
0.47902766
0.43903208
0.4445052
0.42256978
0.47212926
0.44278264
0.48234215
0.478286
0.46455508
test_wealth_with_price_variance
0.25916865
0.3831261
0.32478672
0.32084987
0.33015475
0.35705015
0.28985888
0.3698623
0.31075907
0.3186699
0.28715664
0.36091268
0.31706065
0.37819302
0.36918226
0.34833336
price
5.0210905
5.620248
5.205685
5.472884
5.559241
5.4574814
4.8353148
5.6431966
4.9773016
5.201187
5.3634205
5.4000673
5.1143036
5.1612926
5.5548453
5.4757175
train_time
0.31864149999999825
0.3267203000000052
0.2990946000000463
0.2920035999999868
0.29612970000005134
0.3123788999999988
0.2971549999999752
0.31143550000001596
0.3659479000000374
0.29466819999993277
0.27194409999992786
0.275842700000112
0.28134109999996326
0.3187195000000429
0.29422969999995985
0.2952845000002071


================================================================================
=== payoff network
train_risk
6.4986777
7.298341
6.8526354
7.029525
7.007585
7.0095606
6.2325234
7.3067837
6.523927
6.792595
7.0102386
7.0275364
6.6232295
6.815083
7.1359067
7.0978556
test_risk
6.492101
7.4433885
6.8976235
7.0412393
7.097449
7.1201277
6.2278953
7.4063716
6.541111
6.7987924
6.9848523
7.2315874
6.613876
6.8334446
7.163824
7.3006897
test_mean_value
0.38767636
0.4110735
0.42158756
0.4206318
0.4221832
0.39886707
0.42638803
0.40879744
0.40692428
0.4122948
0.4246373
0.38343808
0.4248448
0.41643846
0.39582697
0.39582533
test_mean_abs_value
2.1920545
2.967389
3.351321
2.4934485
2.2629516
2.4150946
2.5866635
2.6383274
1.9232011
2.5504625
2.5323424
2.967708
2.6793947
2.6755881
2.1888769
3.2686586
test_variance_value
8.177126
14.474125
19.85221
10.538133
8.611609
10.0348015
11.068768
12.10853
6.5621247
10.553558
10.765055
15.374878
12.682482
13.076795
8.101977
18.118645
test_mean_costs
0.0
0.0
0.0
0.0
0.0
0.0
0.0
0.0
0.0
0.0
0.0
0.0
0.0
0.0
0.0
0.0
test_mean_abs_costs
0.0
0.0
0.0
0.0
0.0
0.0
0.0
0.0
0.0
0.0
0.0
0.0
0.0
0.0
0.0
0.0
test_variance_costs
0.0
0.0
0.0
0.0
0.0
0.0
0.0
0.0
0.0
0.0
0.0
0.0
0.0
0.0
0.0
0.0
test_mean_wealth
-5.039268
-5.6271925
-5.1968927
-5.483763
-5.5553865
-5.470453
-4.8319473
-5.6562304
-4.989374
-5.2109437
-5.368639
-5.4267554
-5.098495
-5.1658535
-5.5666437
-5.490173
test_mean_abs_wealth
5.039268
5.6271925
5.1968927
5.483763
5.5553865
5.470453
4.8319473
5.6562304
4.989374
5.2109437
5.368639
5.4267554
5.098495
5.1658535
5.5666437
5.490173
test_variance_wealth
0.44979456
0.6811883
0.6099758
0.50841594
0.5084236
0.560036
0.41475838
0.6283852
0.5139459
0.52547157
0.5456469
0.6547957
0.48879743
0.55447763
0.53647834
0.62038296
test_wealth_with_price_abs_mean
0.53362894
0.6566482
0.6188462
0.56555235
0.5671047
0.59362805
0.5120979
0.6297421
0.57099783
0.5753953
0.5876581
0.64076686
0.5560574
0.5888042
0.5815205
0.6169602
test_wealth_with_price_variance
0.44979456
0.6811883
0.6099758
0.50841594
0.5084236
0.560036
0.41475838
0.6283852
0.5139459
0.52547157
0.5456469
0.6547957
0.48879743
0.55447763
0.53647834
0.62038296
price
5.0210905
5.620248
5.205685
5.472884
5.559241
5.4574814
4.8353148
5.6431966
4.9773016
5.201187
5.3634205
5.4000673
5.1143036
5.1612926
5.5548453
5.4757175
train_time
0.27479629999999133
0.27685589999998683
0.27314109999997527
0.27805660000001353
0.27747549999992316
0.27354189999994105
0.2725923000000421
0.2774133000000347
0.28275380000013683
0.26690559999997276
0.2706584000000021
0.27023749999989377
0.2802059000000554
0.26950109999984306
0.27230690000010327
0.2739607999999407


================================================================================
=== twin network
train_risk
6.128291
7.0054383
6.532436
6.713035
6.7753983
6.7620206
6.053507
6.996786
6.194151
6.4726257
6.6134815
6.6986346
6.3700676
6.541122
6.904686
6.7048807
test_risk
6.1697674
7.0229807
6.537231
6.764528
6.8572145
6.8263693
6.0537066
7.0418463
6.233125
6.4779873
6.592462
6.771719
6.4040546
6.57722
6.945932
6.8221397
test_mean_value
0.4031545
0.41360354
0.41050604
0.42520112
0.41635677
0.40432143
0.42116037
0.4149765
0.41732866
0.41703588
0.4230716
0.40475398
0.40890527
0.41930088
0.4018691
0.40286896
test_mean_abs_value
2.2710698
3.0137274
3.2605224
2.4978595
2.271941
2.4784234
2.5795405
2.7286413
2.0428782
2.5664077
2.559907
3.1275744
2.6232169
2.7024558
2.2332885
3.3477323
test_variance_value
8.676871
14.869604
18.707382
10.547627
8.652711
10.464582
10.984873
12.782232
7.135237
10.668981
10.943046
16.861921
12.268537
13.33504
8.319991
19.138689
test_mean_costs
0.0
0.0
0.0
0.0
0.0
0.0
0.0
0.0
0.0
0.0
0.0
0.0
0.0
0.0
0.0
0.0
test_mean_abs_costs
0.0
0.0
0.0
0.0
0.0
0.0
0.0
0.0
0.0
0.0
0.0
0.0
0.0
0.0
0.0
0.0
test_variance_costs
0.0
0.0
0.0
0.0
0.0
0.0
0.0
0.0
0.0
0.0
0.0
0.0
0.0
0.0
0.0
0.0
test_mean_wealth
-5.02379
-5.6246624
-5.2079744
-5.479194
-5.5612125
-5.4649982
-4.8371754
-5.6500516
-4.97897
-5.2062025
-5.3702044
-5.4054394
-5.1144347
-5.162991
-5.560601
-5.483129
test_mean_abs_wealth
5.02379
5.6246624
5.2079744
5.479194
5.5612125
5.4649982
4.8371754
5.6500516
4.97897
5.2062025
5.3702044
5.4054394
5.1144347
5.162991
5.560601
5.483129
test_variance_wealth
0.2718299
0.40570202
0.3440455
0.33808017
0.34377468
0.37602326
0.30135712
0.3917397
0.3233515
0.3335598
0.30899793
0.37364992
0.32795635
0.3896761
0.3908695
0.3708677
test_wealth_with_price_abs_mean
0.41200843
0.5030329
0.46119618
0.4583575
0.46296275
0.48304337
0.4324888
0.49353826
0.44849506
0.45552608
0.43906
0.4812279
0.45043895
0.49001202
0.4928107
0.48067898
test_wealth_with_price_variance
0.2718299
0.40570202
0.3440455
0.33808017
0.34377468
0.37602326
0.30135712
0.3917397
0.3233515
0.3335598
0.30899793
0.37364992
0.32795635
0.3896761
0.3908695
0.3708677
price
5.0210905
5.620248
5.205685
5.472884
5.559241
5.4574814
4.8353148
5.6431966
4.9773016
5.201187
5.3634205
5.4000673
5.1143036
5.1612926
5.5548453
5.4757175
train_time
0.27104420000000573
0.280132100000003
0.268848700000035
0.27625399999999445
0.2739459000000579
0.2794777999999951
0.2685459000000492
0.27780089999998836
0.2737342999998873
0.26905950000013945
0.27395030000002407
0.2765529000000697
0.27388760000008006
0.27186299999993935
0.27324690000000373
0.27293409999992946


================================================================================
=== adjoint network
train_risk
6.2695947
7.1064725
6.706774
6.83528
6.889141
6.923873
6.2284355
7.1539636
6.3166356
6.609901
6.790229
6.859176
6.5713625
6.74811
7.124052
6.86955
test_risk
6.3123856
7.190456
6.7098866
6.9014435
7.0270667
7.000569
6.2399716
7.2112136
6.412162
6.650529
6.7337203
6.9792066
6.6208935
6.7858076
7.1385345
7.0042405
test_mean_value
0.41291326
0.42753986
0.4173597
0.43462402
0.42130706
0.41438472
0.42761254
0.4241372
0.4239188
0.42626694
0.42884868
0.41373172
0.41417325
0.4291318
0.4122575
0.4135211
test_mean_abs_value
2.3863733
3.1721861
3.3604116
2.5928195
2.369828
2.5982132
2.6856413
2.8608975
2.154132
2.6693556
2.6464694
3.2506273
2.719607
2.8221998
2.3640325
3.4962995
test_variance_value
9.499047
16.329319
19.703278
11.256634
9.315586
11.360241
11.766004
13.926358
7.7920275
11.445269
11.563492
18.065294
13.091377
14.334846
9.204324
20.64587
test_mean_costs
0.0
0.0
0.0
0.0
0.0
0.0
0.0
0.0
0.0
0.0
0.0
0.0
0.0
0.0
0.0
0.0
test_mean_abs_costs
0.0
0.0
0.0
0.0
0.0
0.0
0.0
0.0
0.0
0.0
0.0
0.0
0.0
0.0
0.0
0.0
test_variance_costs
0.0
0.0
0.0
0.0
0.0
0.0
0.0
0.0
0.0
0.0
0.0
0.0
0.0
0.0
0.0
0.0
test_mean_wealth
-5.0140314
-5.6107264
-5.201121
-5.469771
-5.5562625
-5.454935
-4.830723
-5.640891
-4.9723797
-5.1969714
-5.3644276
-5.3964615
-5.1091666
-5.15316
-5.550213
-5.472477
test_mean_abs_wealth
5.0140314
5.6107264
5.201121
5.469771
5.5562625
5.454935
4.830723
5.640891
4.9723797
5.1969714
5.3644276
5.3964615
5.1091666
5.15316
5.550213
5.472477
test_variance_wealth
0.31315
0.45160306
0.39759654
0.37603027
0.40079853
0.4277061
0.35147387
0.44327825
0.37064785
0.38326198
0.35382894
0.4383873
0.400869
0.45430398
0.45276117
0.4254858
test_wealth_with_price_abs_mean
0.44131127
0.5287005
0.49448827
0.48228568
0.4992956
0.51372397
0.46551496
0.52346987
0.47860593
0.4868445
0.46970695
0.5190111
0.49731976
0.526758
0.52958465
0.51289326
test_wealth_with_price_variance
0.31315
0.45160306
0.39759654
0.37603027
0.40079853
0.4277061
0.35147387
0.44327825
0.37064785
0.38326198
0.35382894
0.4383873
0.400869
0.45430398
0.45276117
0.4254858
price
5.0210905
5.620248
5.205685
5.472884
5.559241
5.4574814
4.8353148
5.6431966
4.9773016
5.201187
5.3634205
5.4000673
5.1143036
5.1612926
5.5548453
5.4757175
train_time
0.2691078999999945
0.2730669999999975
0.27292219999998224
0.2698890000000347
0.26971400000002177
0.27134079999996175
0.2689027000000124
0.2689802999999529
0.27022409999995034
0.2776607000000695
0.2648018999998385
0.27321379999989404
0.2692476000001989
0.2732800999999654
0.2699569999999767
0.27154989999985446


