================================================================================
=== payoff network
train_time
31.358926200000003
32.91547449999999
33.82871190000003
33.314613399999985
35.01692990000004
33.036384299999895
33.02869599999997
33.708206399999995
32.72706799999992
34.391649300000154
33.88043220000009
33.097088700000086
34.161555600000156
33.44212429999993
35.86851200000001
34.798014800000146


================================================================================
=== twin network
train_time
41.515009000000006
41.383918800000004
40.7868598
41.61045619999999
41.25135369999998
41.90822109999999
41.18788189999998
41.48588619999998
42.71662900000001
42.02187520000007
40.4086241
41.66775719999987
41.24915749999991
43.712268900000026
41.65460610000014
42.055816899999854


================================================================================
=== adjoint network
train_time
28.198167400000003
28.815555099999983
28.597760199999982
29.472374000000002
28.465673899999956
29.417284799999948
31.42908609999995
29.99202779999996
28.92316249999999
29.11616950000007
30.83256879999999
31.143623400000024
30.32599970000001
30.311025400000062
30.060086299999966
29.334501499999988


================================================================================
=== continuous-time
train_risk
6.1766005
6.9627476
6.524163
6.7739134
6.847318
6.520019
5.8084373
6.727762
6.1306386
6.471057
6.3696847
6.6066732
6.0501404
6.138328
6.5619555
6.806448
test_risk
6.1548195
6.9689727
6.517841
6.783084
6.9526987
6.622241
5.8246593
6.760256
6.0722404
6.4753833
6.3403363
6.5945797
6.110369
6.098816
6.586056
6.7812185
test_mean_value
0.4127
0.40822932
0.42324835
0.41312915
0.4043996
0.41620106
0.4134303
0.4153039
0.42069998
0.41280714
0.4091505
0.41382414
0.41427562
0.42075554
0.41237903
0.42295897
test_mean_abs_value
1.9811207
2.8411052
2.6490388
2.5719423
3.115279
2.0496278
2.0359485
2.5794985
2.0206609
2.8307798
2.5073934
2.632738
2.772101
2.464097
2.1768687
2.315939
test_variance_value
6.2591696
13.782097
11.546725
10.911675
15.743551
7.2181306
6.673315
11.002597
6.6482673
13.34714
10.685987
11.393472
12.851925
9.97127
8.042682
8.762423
test_mean_costs
0.0
0.0
0.0
0.0
0.0
0.0
0.0
0.0
0.0
0.0
0.0
0.0
0.0
0.0
0.0
0.0
test_mean_abs_costs
0.0
0.0
0.0
0.0
0.0
0.0
0.0
0.0
0.0
0.0
0.0
0.0
0.0
0.0
0.0
0.0
test_variance_costs
0.0
0.0
0.0
0.0
0.0
0.0
0.0
0.0
0.0
0.0
0.0
0.0
0.0
0.0
0.0
0.0
test_mean_wealth
-5.069813
-5.6004515
-5.3261476
-5.4134135
-5.6179357
-5.411076
-4.7768903
-5.592328
-4.905814
-5.275134
-5.2576203
-5.4506764
-5.0156345
-5.0556087
-5.408425
-5.57102
test_mean_abs_wealth
5.069813
5.6004515
5.3261476
5.4134135
5.6179357
5.411076
4.7768903
5.592328
4.905814
5.275134
5.2576203
5.4506764
5.0156345
5.0556087
5.408425
5.57102
test_variance_wealth
0.24155188
0.372509
0.28910515
0.37700504
0.36348408
0.300564
0.22414023
0.28580904
0.27387965
0.29344144
0.24458443
0.27128753
0.24547422
0.227367
0.28751972
0.3032756
test_wealth_with_price_abs_mean
0.387635
0.48005953
0.42369178
0.4829167
0.4753788
0.4322996
0.37350017
0.42239207
0.41207734
0.42707446
0.3904993
0.41129306
0.39099494
0.37652448
0.42331138
0.43441233
test_wealth_with_price_variance
0.24155188
0.372509
0.28910515
0.37700504
0.36348408
0.300564
0.22414023
0.28580904
0.27387965
0.29344144
0.24458443
0.27128753
0.24547422
0.227367
0.28751972
0.3032756
price
5.0684276
5.599368
5.322979
5.412157
5.6153073
5.410077
4.778042
5.5908217
4.903971
5.2746305
5.2573223
5.4512854
5.013722
5.0531964
5.40812
5.568261
train_time
0.31535209999999836
0.3081474999999898
0.29226810000000114
0.36158619999997654
0.30518979999999374
0.29191370000000916
0.2990831999999273
0.28057379999995646
0.311410799999976
0.29351229999997486
0.2919194000000971
0.2884534000002077
0.3250677999999425
0.28681870000013987
0.2960831000000326
0.30625480000003336


================================================================================
=== payoff network
train_risk
6.468208
7.224488
6.8633413
6.9823184
7.1763916
6.857879
6.115915
7.227022
6.435422
6.802046
6.8018117
7.0057116
6.5096507
6.7393107
6.871127
7.2246003
test_risk
6.477712
7.3297215
6.918498
7.075775
7.319506
6.8913774
6.1104283
7.1603336
6.3169875
6.837667
6.687948
6.9734683
6.5720015
6.558071
6.9072733
7.228702
test_mean_value
0.4014711
0.4185043
0.40530744
0.42811653
0.39953023
0.4099025
0.40259823
0.4088928
0.4201319
0.40765142
0.4124237
0.39746773
0.3996857
0.40236884
0.41188017
0.41088423
test_mean_abs_value
1.9112449
2.9305859
2.533466
2.5898855
3.1100178
2.0422359
1.9788729
2.519917
1.9638984
2.778251
2.4492664
2.5292482
2.7098029
2.322723
2.2109845
2.265453
test_variance_value
5.920362
14.70158
10.623751
11.041818
15.847685
7.2147794
6.360227
10.646133
6.3844795
12.96669
10.4115925
10.663958
12.499404
9.052993
8.395342
8.474503
test_mean_costs
0.0
0.0
0.0
0.0
0.0
0.0
0.0
0.0
0.0
0.0
0.0
0.0
0.0
0.0
0.0
0.0
test_mean_abs_costs
0.0
0.0
0.0
0.0
0.0
0.0
0.0
0.0
0.0
0.0
0.0
0.0
0.0
0.0
0.0
0.0
test_variance_costs
0.0
0.0
0.0
0.0
0.0
0.0
0.0
0.0
0.0
0.0
0.0
0.0
0.0
0.0
0.0
0.0
test_mean_wealth
-5.081042
-5.5901766
-5.3440886
-5.3984265
-5.6228046
-5.4173746
-4.787722
-5.598739
-4.906382
-5.2802896
-5.2543473
-5.467033
-5.0302243
-5.073995
-5.4089236
-5.583095
test_mean_abs_wealth
5.081042
5.5901766
5.3440886
5.3984265
5.6228046
5.4173746
4.787722
5.598739
4.906382
5.2802896
5.2543473
5.467033
5.0302243
5.073995
5.4089236
5.583095
test_variance_wealth
0.41149205
0.62224644
0.5067238
0.5610063
0.5917868
0.45178515
0.36985028
0.51620543
0.42026165
0.5130536
0.44512263
0.48571083
0.48766112
0.45964745
0.48399982
0.56230664
test_wealth_with_price_abs_mean
0.50923055
0.6271193
0.5649065
0.59400094
0.6102606
0.53297985
0.4826525
0.5704774
0.5158156
0.56967056
0.5299386
0.554013
0.5527572
0.5379889
0.553185
0.5958731
test_wealth_with_price_variance
0.41149205
0.62224644
0.5067238
0.5610063
0.5917868
0.45178515
0.36985028
0.51620543
0.42026165
0.5130536
0.44512263
0.48571083
0.48766112
0.45964745
0.48399982
0.56230664
price
5.0684276
5.599368
5.322979
5.412157
5.6153073
5.410077
4.778042
5.5908217
4.903971
5.2746305
5.2573223
5.4512854
5.013722
5.0531964
5.40812
5.568261
train_time
0.272951699999993
0.26971690000002013
0.279381399999977
0.27463770000002796
0.27407210000001214
0.2749910999999656
0.2748574000000872
0.2715285000000449
0.27862640000012107
0.2717729999999392
0.27495509999994283
0.2731917000000976
0.27249800000004143
0.2747315999999955
0.2750750000000153
0.27467249999995147


================================================================================
=== twin network
train_risk
6.166903
7.02459
6.5238667
6.7897124
6.887391
6.570359
5.839945
6.755108
6.1780915
6.5080895
6.3904133
6.6306996
6.1010246
6.1390815
6.600621
6.834385
test_risk
6.169182
7.007958
6.544102
6.8157225
6.992397
6.654124
5.845508
6.7856064
6.0908847
6.496861
6.3614435
6.6122007
6.1346684
6.116008
6.6229196
6.801834
test_mean_value
0.40843156
0.40458456
0.42006928
0.40811178
0.40234354
0.40975127
0.40788886
0.4152436
0.42089626
0.40968058
0.40403748
0.41048113
0.41251433
0.416979
0.40947255
0.42388138
test_mean_abs_value
1.963617
2.840905
2.6342185
2.5520346
3.1111457
2.026109
2.0139964
2.575929
2.0202005
2.8057878
2.491849
2.6081855
2.7612836
2.4446733
2.17457
2.328232
test_variance_value
6.170348
13.824762
11.414272
10.767425
15.746292
7.0880685
6.549642
11.0160675
6.6733174
13.166796
10.603787
11.195919
12.826889
9.811677
8.05125
8.882383
test_mean_costs
0.0
0.0
0.0
0.0
0.0
0.0
0.0
0.0
0.0
0.0
0.0
0.0
0.0
0.0
0.0
0.0
test_mean_abs_costs
0.0
0.0
0.0
0.0
0.0
0.0
0.0
0.0
0.0
0.0
0.0
0.0
0.0
0.0
0.0
0.0
test_variance_costs
0.0
0.0
0.0
0.0
0.0
0.0
0.0
0.0
0.0
0.0
0.0
0.0
0.0
0.0
0.0
0.0
test_mean_wealth
-5.0740814
-5.6040964
-5.3293266
-5.4184313
-5.6199913
-5.417526
-4.7824316
-5.5923886
-4.9056177
-5.27826
-5.2627335
-5.4540195
-5.017396
-5.0593853
-5.4113317
-5.570098
test_mean_abs_wealth
5.0740814
5.6040964
5.3293266
5.4184313
5.6199913
5.417526
4.7824316
5.5923886
4.9056177
5.27826
5.2627335
5.4540195
5.017396
5.0593853
5.4113317
5.570098
test_variance_wealth
0.25422317
0.38892403
0.30616152
0.39445984
0.3844684
0.31827334
0.23851994
0.29949573
0.28425184
0.30759716
0.25801927
0.28251517
0.25816578
0.24002242
0.3076561
0.31661996
test_wealth_with_price_abs_mean
0.39895597
0.49066654
0.43733513
0.49454072
0.48926902
0.44564056
0.3863511
0.4329319
0.42021072
0.4377868
0.40186816
0.42032006
0.40143526
0.3875668
0.43873173
0.4443902
test_wealth_with_price_variance
0.25422317
0.38892403
0.30616152
0.39445984
0.3844684
0.31827334
0.23851994
0.29949573
0.28425184
0.30759716
0.25801927
0.28251517
0.25816578
0.24002242
0.3076561
0.31661996
price
5.0684276
5.599368
5.322979
5.412157
5.6153073
5.410077
4.778042
5.5908217
4.903971
5.2746305
5.2573223
5.4512854
5.013722
5.0531964
5.40812
5.568261
train_time
0.27294359999999074
0.272408200000001
0.26887049999999135
0.27617480000003525
0.2620617999999695
0.269201300000077
0.2682557000000543
0.2648838000000069
0.2695581000000402
0.2764705999998114
0.2708244000000377
0.2749570000000858
0.27070290000006025
0.2732677999999851
0.2715545999999449
0.27274949999991804


================================================================================
=== adjoint network
train_risk
6.3898168
7.176526
6.778671
7.087569
7.0421553
6.74517
5.9087133
6.934444
6.3168354
6.664788
6.5290666
6.7815323
6.2267876
6.313303
6.741177
7.0317984
test_risk
6.321105
7.218917
6.7085166
7.024935
7.164071
6.8068275
5.988812
6.9577875
6.280004
6.6644435
6.5319266
6.777301
6.309151
6.263174
6.786951
6.9734664
test_mean_value
0.41835263
0.41100654
0.43340257
0.41643414
0.4125986
0.4218321
0.41783836
0.4259675
0.42429912
0.42266077
0.41129178
0.41765165
0.42355075
0.4322794
0.41996044
0.43102315
test_mean_abs_value
2.0802658
2.947674
2.770275
2.6981478
3.2347784
2.146834
2.1221983
2.6873934
2.1285715
2.9506202
2.6112354
2.7105634
2.8812194
2.5722375
2.271609
2.4290223
test_variance_value
6.861333
14.723221
12.521393
11.895538
16.877491
7.844625
7.2078543
11.870071
7.3267546
14.392799
11.506803
12.001334
13.851523
10.793862
8.691193
9.555611
test_mean_costs
0.0
0.0
0.0
0.0
0.0
0.0
0.0
0.0
0.0
0.0
0.0
0.0
0.0
0.0
0.0
0.0
test_mean_abs_costs
0.0
0.0
0.0
0.0
0.0
0.0
0.0
0.0
0.0
0.0
0.0
0.0
0.0
0.0
0.0
0.0
test_variance_costs
0.0
0.0
0.0
0.0
0.0
0.0
0.0
0.0
0.0
0.0
0.0
0.0
0.0
0.0
0.0
0.0
test_mean_wealth
-5.0641603
-5.5976744
-5.3159933
-5.4101086
-5.6097364
-5.405445
-4.772482
-5.5816646
-4.902215
-5.2652802
-5.255479
-5.446849
-5.0063596
-5.0440845
-5.4008436
-5.562956
test_mean_abs_wealth
5.0641603
5.5976744
5.3159933
5.4101086
5.6097364
5.405445
4.772482
5.5816646
4.902215
5.2652802
5.255479
5.446849
5.0063596
5.0440845
5.4008436
5.562956
test_variance_wealth
0.29309604
0.46103483
0.3516645
0.4592541
0.44178933
0.36109203
0.2728569
0.36047792
0.33613306
0.35979572
0.30541638
0.330228
0.3104851
0.2821186
0.3526013
0.37010908
test_wealth_with_price_abs_mean
0.42696315
0.53285265
0.46648148
0.5319551
0.5237672
0.47353086
0.41197693
0.47498074
0.4551754
0.47315356
0.43621117
0.45332935
0.43981534
0.4205201
0.4683856
0.4799358
test_wealth_with_price_variance
0.29309604
0.46103483
0.3516645
0.4592541
0.44178933
0.36109203
0.2728569
0.36047792
0.33613306
0.35979572
0.30541638
0.330228
0.3104851
0.2821186
0.3526013
0.37010908
price
5.0684276
5.599368
5.322979
5.412157
5.6153073
5.410077
4.778042
5.5908217
4.903971
5.2746305
5.2573223
5.4512854
5.013722
5.0531964
5.40812
5.568261
train_time
0.274386700000008
0.2692478999999821
0.26375890000002755
0.27515809999999874
0.2684272999999848
0.2750162000000955
0.27218170000003283
0.2753519000000324
0.2714218000000983
0.2673325999999179
0.2748850999998922
0.2713859999998931
0.2730730000000676
0.26990469999987
0.2738888000001225
0.27300480000008065


