================================================================================
=== payoff network
train_time
9.0754776
22.869430500000007
31.837514900000002
12.51505130000001
32.189758900000015
32.296742600000016
32.48306080000003
33.36684539999999
10.224730900000054
32.61903410000002
33.175404800000024
32.63486769999997
9.189997100000028
10.743253500000037
8.400613000000021
34.09593999999993


================================================================================
=== twin network
train_time
13.714814400000002
39.6294128
38.67602210000001
12.365017999999992
39.64232550000003
40.225016100000005
39.69338779999998
40.29993650000006
41.71346039999992
42.52027499999997
41.08551990000001
12.841138600000022
11.209372400000007
15.196021500000029
39.934113400000115
40.82119149999994


================================================================================
=== adjoint network
train_time
10.212851999999998
7.843839500000001
7.658152299999983
8.247390700000011
8.90414770000001
7.553018500000007
10.045029900000031
8.032161200000019
7.655292300000042
8.35093089999998
9.446313500000088
8.133888400000046
10.015280200000007
7.894102099999941
8.599364900000182
9.73608020000006


================================================================================
=== continuous-time
train_risk
6.760173
9.308444
7.188706
8.276583
8.41506
6.885783
6.3049283
8.324643
8.086833
8.380409
6.4303927
7.3357797
6.8038583
9.09078
9.133574
6.738407
test_risk
6.6648145
9.4173
7.3439684
8.15177
8.483226
6.7841506
6.47737
8.453399
8.288483
8.50786
6.4268613
7.186057
6.6471214
9.004878
8.70427
6.90912
test_mean_value
0.407728
0.42895195
0.39367178
0.41690353
0.4223767
0.4192051
0.40110588
0.38188088
0.42648408
0.40554383
0.43590215
0.44022697
0.4322202
0.41151816
0.43674892
0.38282076
test_mean_abs_value
5.167588
7.361069
5.6780844
6.3379045
6.6178627
5.259503
5.037808
6.5592666
6.46478
6.6087255
5.0079827
5.6074147
5.159978
7.015805
6.800442
5.3391085
test_variance_value
46.467392
96.427
56.15148
70.754135
77.30349
48.062275
43.94131
75.949196
73.80146
77.26612
43.43862
54.922527
46.297146
87.204636
82.00766
49.394577
test_mean_costs
0.0
0.0
0.0
0.0
0.0
0.0
0.0
0.0
0.0
0.0
0.0
0.0
0.0
0.0
0.0
0.0
test_mean_abs_costs
0.0
0.0
0.0
0.0
0.0
0.0
0.0
0.0
0.0
0.0
0.0
0.0
0.0
0.0
0.0
0.0
test_variance_costs
0.0
0.0
0.0
0.0
0.0
0.0
0.0
0.0
0.0
0.0
0.0
0.0
0.0
0.0
0.0
0.0
test_mean_wealth
-4.3888803
-6.1559215
-4.820702
-5.342481
-5.5639086
-4.4601097
-4.2808504
-5.5390005
-5.4393735
-5.5718403
-4.2434125
-4.729682
-4.3722687
-5.887299
-5.704261
-4.548173
test_mean_abs_wealth
4.3888803
6.1559215
4.820702
5.342481
5.5639086
4.4601097
4.2808504
5.5390005
5.4393735
5.5718403
4.2434125
4.729682
4.3722687
5.887299
5.704261
4.548173
test_variance_wealth
0.93370116
1.9046732
1.140204
1.4156907
1.5344478
0.9636366
0.8756668
1.5218818
1.4689571
1.5462979
0.8631138
1.0859951
0.92919135
1.7405615
1.6173829
1.0064199
test_wealth_with_price_abs_mean
0.73196757
1.0451684
0.808267
0.9007866
0.93938845
0.7424023
0.7103977
0.9348093
0.91855085
0.9417433
0.7047896
0.78897405
0.73017323
0.9995559
0.96366924
0.7605051
test_wealth_with_price_variance
0.93370116
1.9046732
1.140204
1.4156907
1.5344478
0.9636366
0.8756668
1.5218818
1.4689571
1.5462979
0.8631138
1.0859951
0.92919135
1.7405615
1.6173829
1.0064199
price
4.3863277
6.153685
4.820291
5.340507
5.5647063
4.458005
4.2811913
5.5382123
5.4397793
5.5707984
4.241792
4.727866
4.374136
5.886826
5.7071733
4.544869
train_time
0.3550196999999997
0.28962740000000053
0.3466499999999826
0.31420729999999253
0.29035290000001623
0.31371570000004567
0.2860799000000043
0.2785586999999623
0.3042970000000196
0.2774367000000666
0.3338391000000911
0.2914810000000898
0.295838300000014
0.30673539999997956
0.2878728000000592
0.30526450000002114


================================================================================
=== payoff network
train_risk
7.0243025
9.534422
7.348603
8.609982
8.578617
6.826028
6.499909
8.4942875
9.099922
8.824913
6.408938
7.484233
6.9359202
9.606596
9.310262
6.729272
test_risk
7.110806
9.672546
7.4178042
8.481432
8.639708
6.7928915
6.665786
8.557608
9.219183
8.863238
6.3973737
7.3051653
6.941181
9.694355
9.0213175
7.019965
test_mean_value
0.38177013
0.42373493
0.38820904
0.43919286
0.41976953
0.40837255
0.39860362
0.38481978
0.37857378
0.40295237
0.43559188
0.4380179
0.40546346
0.43041778
0.43172416
0.3787758
test_mean_abs_value
4.69216
7.2513037
5.579365
6.6673303
6.5991435
5.095201
5.014721
6.6112275
5.672083
6.5970116
4.9865017
5.5601735
4.7942243
7.3737965
6.597111
5.288467
test_variance_value
41.532597
94.958595
55.551018
77.436165
76.81276
45.828213
44.35471
76.87049
60.33618
78.27598
42.86847
54.80651
41.865044
96.59481
80.213875
49.266693
test_mean_costs
0.0
0.0
0.0
0.0
0.0
0.0
0.0
0.0
0.0
0.0
0.0
0.0
0.0
0.0
0.0
0.0
test_mean_abs_costs
0.0
0.0
0.0
0.0
0.0
0.0
0.0
0.0
0.0
0.0
0.0
0.0
0.0
0.0
0.0
0.0
test_variance_costs
0.0
0.0
0.0
0.0
0.0
0.0
0.0
0.0
0.0
0.0
0.0
0.0
0.0
0.0
0.0
0.0
test_mean_wealth
-4.414838
-6.1611385
-4.8261647
-5.320192
-5.566516
-4.4709425
-4.283353
-5.5360613
-5.4872837
-5.574432
-4.243723
-4.731891
-4.3990254
-5.8683996
-5.7092857
-4.552218
test_mean_abs_wealth
4.414838
6.1611385
4.8261647
5.320192
5.566516
4.4709425
4.283353
5.5360613
5.4872837
5.574432
4.243723
4.731891
4.3990254
5.8683996
5.7092857
4.552218
test_variance_wealth
1.4489114
2.0984006
1.2103312
1.8888203
1.6408657
1.0612091
0.956607
1.638162
2.8122044
1.7515811
0.91612613
1.1695136
1.3014495
2.3349664
2.188913
1.0692066
test_wealth_with_price_abs_mean
0.9433889
1.1002012
0.8350916
1.0857757
0.9736486
0.79202753
0.7416868
0.97937006
1.3502797
1.0014969
0.7378153
0.8193802
0.89566725
1.1734684
1.1457258
0.78315353
test_wealth_with_price_variance
1.4489114
2.0984006
1.2103312
1.8888203
1.6408657
1.0612091
0.956607
1.638162
2.8122044
1.7515811
0.91612613
1.1695136
1.3014495
2.3349664
2.188913
1.0692066
price
4.3863277
6.153685
4.820291
5.340507
5.5647063
4.458005
4.2811913
5.5382123
5.4397793
5.5707984
4.241792
4.727866
4.374136
5.886826
5.7071733
4.544869
train_time
0.26261300000000176
0.2658407000000125
0.30093190000002323
0.27303530000000364
0.2684792999999672
0.2651493999999843
0.27473250000002736
0.27008870000008756
0.27292739999995774
0.27444709999997485
0.26546640000003663
0.2647184999999581
0.27568459999997685
0.26921970000000783
0.2701551999998628
0.26920300000006137


================================================================================
=== twin network
train_risk
7.2356005
9.322988
7.192142
8.67729
8.458273
6.846975
6.362398
8.370245
8.137638
8.414892
6.3991957
7.2003736
7.509038
9.789543
9.224789
6.735012
test_risk
7.20199
9.466512
7.3566017
8.542264
8.533649
6.7402415
6.514746
8.512315
8.34574
8.552999
6.4095592
7.170347
7.5632954
9.744291
8.768075
6.9471097
test_mean_value
0.36178175
0.42171037
0.40018675
0.39534032
0.4265608
0.41481024
0.4053942
0.38162464
0.42285135
0.39871177
0.43957314
0.4424781
0.37946448
0.37385976
0.4387493
0.38172662
test_mean_abs_value
4.6194367
7.2483325
5.7638288
6.024559
6.685982
5.1993604
5.0934634
6.562518
6.421492
6.5000405
5.0355253
5.585426
4.5654817
6.4396133
6.834766
5.334291
test_variance_value
38.941723
93.72982
57.423264
62.456196
78.72527
46.884758
44.84615
76.36248
73.26278
75.30737
43.8763
53.18097
36.806225
76.103386
82.98468
49.487965
test_mean_costs
0.0
0.0
0.0
0.0
0.0
0.0
0.0
0.0
0.0
0.0
0.0
0.0
0.0
0.0
0.0
0.0
test_mean_abs_costs
0.0
0.0
0.0
0.0
0.0
0.0
0.0
0.0
0.0
0.0
0.0
0.0
0.0
0.0
0.0
0.0
test_variance_costs
0.0
0.0
0.0
0.0
0.0
0.0
0.0
0.0
0.0
0.0
0.0
0.0
0.0
0.0
0.0
0.0
test_mean_wealth
-4.4348264
-6.163163
-4.814187
-5.364044
-5.5597243
-4.4645047
-4.276562
-5.5392566
-5.443006
-5.5786724
-4.2397413
-4.727431
-4.4250245
-5.9249573
-5.7022605
-4.5492673
test_mean_abs_wealth
4.4348264
6.163163
4.814187
5.364044
5.5597243
4.4645047
4.276562
5.5392566
5.443006
5.5786724
4.2397413
4.727431
4.4250245
5.9249573
5.7022605
4.5492673
test_variance_wealth
1.5180624
1.954692
1.1509428
1.7990353
1.5449339
0.98120296
0.8822257
1.5436788
1.4972074
1.5919238
0.8685098
1.2698089
1.8092558
2.7789786
1.6313672
1.0169069
test_wealth_with_price_abs_mean
0.9975976
1.0639105
0.81600475
1.0294752
0.941394
0.7571306
0.71215504
0.9420465
0.92866606
0.96040314
0.709663
0.8835333
1.0712414
1.3372498
0.9653714
0.7654266
test_wealth_with_price_variance
1.5180624
1.954692
1.1509428
1.7990353
1.5449339
0.98120296
0.8822257
1.5436788
1.4972074
1.5919238
0.8685098
1.2698089
1.8092558
2.7789786
1.6313672
1.0169069
price
4.3863277
6.153685
4.820291
5.340507
5.5647063
4.458005
4.2811913
5.5382123
5.4397793
5.5707984
4.241792
4.727866
4.374136
5.886826
5.7071733
4.544869
train_time
0.2631660999999994
0.2655823000000055
0.3442948000000001
0.26386099999999146
0.2651094000000285
0.2643565000000194
0.2721555000000535
0.26968239999996513
0.26774429999989025
0.27001480000001266
0.2721652999999833
0.269098299999996
0.26229750000004515
0.26565070000003743
0.2644291000001431
0.27190489999998135


================================================================================
=== adjoint network
train_risk
6.7658386
9.579838
7.706593
8.446243
8.7853775
6.960303
6.399163
9.508996
8.279138
8.844356
6.4183974
7.5657263
7.1540093
9.548377
9.5181675
6.9593964
test_risk
6.7004356
9.740862
7.78342
8.241156
8.906164
6.8564444
6.5852094
9.644944
8.521042
8.984921
6.4609933
7.482183
7.067412
9.527175
9.084204
7.2168064
test_mean_value
0.4104805
0.43160942
0.35566452
0.4338981
0.46971858
0.40996093
0.40340596
0.3231887
0.45900336
0.37134954
0.43859568
0.41563928
0.39241642
0.38047788
0.4700234
0.3605607
test_mean_abs_value
5.1851234
7.411518
5.244726
6.568939
7.282536
5.1603117
5.05552
5.7043605
6.916895
6.079958
5.031343
5.356809
4.7780766
6.594274
7.2820244
5.1170416
test_variance_value
46.71901
98.877655
48.8898
74.97331
91.052666
46.30444
44.38008
59.158062
82.63708
67.03795
43.804012
50.743263
40.318096
78.96173
93.441284
45.966393
test_mean_costs
0.0
0.0
0.0
0.0
0.0
0.0
0.0
0.0
0.0
0.0
0.0
0.0
0.0
0.0
0.0
0.0
test_mean_abs_costs
0.0
0.0
0.0
0.0
0.0
0.0
0.0
0.0
0.0
0.0
0.0
0.0
0.0
0.0
0.0
0.0
test_variance_costs
0.0
0.0
0.0
0.0
0.0
0.0
0.0
0.0
0.0
0.0
0.0
0.0
0.0
0.0
0.0
0.0
test_mean_wealth
-4.3861275
-6.153264
-4.8587093
-5.3254867
-5.5165668
-4.469354
-4.2785506
-5.5976925
-5.406854
-5.6060348
-4.240719
-4.7542696
-4.4120727
-5.9183393
-5.670986
-4.570433
test_mean_abs_wealth
4.3861275
6.153264
4.8587093
5.3254867
5.5165668
4.469354
4.2785506
5.5976925
5.406854
5.6060348
4.240719
4.7542696
4.4120727
5.9183393
5.670986
4.570433
test_variance_wealth
0.97248286
2.0382369
1.573749
1.533435
2.2411122
1.0171767
0.95117366
3.0515182
1.8302507
2.1757994
0.88195133
1.3658646
1.3474766
2.4228663
2.0169482
1.1972364
test_wealth_with_price_abs_mean
0.75590396
1.0741847
0.99641913
0.9561571
1.2137803
0.769353
0.7471952
1.4218786
1.0777406
1.1721436
0.7156852
0.9174846
0.9302098
1.2421876
1.1159604
0.8438618
test_wealth_with_price_variance
0.97248286
2.0382369
1.573749
1.533435
2.2411122
1.0171767
0.95117366
3.0515182
1.8302507
2.1757994
0.88195133
1.3658646
1.3474766
2.4228663
2.0169482
1.1972364
price
4.3863277
6.153685
4.820291
5.340507
5.5647063
4.458005
4.2811913
5.5382123
5.4397793
5.5707984
4.241792
4.727866
4.374136
5.886826
5.7071733
4.544869
train_time
0.27412290000000183
0.2654319999999899
0.3341801999999916
0.2744152000000213
0.2641178999999738
0.26950840000000653
0.27101330000004964
0.27059939999992366
0.2696019999999635
0.2686457000000928
0.2683279999999968
0.2706335999999965
0.2644548000000668
0.26390889999993306
0.2723201000001154
0.27141819999997097


