================================================================================
=== payoff network
train_time
32.3840243
32.2487414
34.157346700000005
33.09741170000001
33.52776719999997
34.15741829999996
33.055928300000005
32.9344873
35.02289209999992
34.28544360000001
33.846137
33.15334389999998
33.70123059999992
34.54545359999997
34.389785900000106
34.99278040000013


================================================================================
=== twin network
train_time
40.622435599999996
40.066188600000004
39.812005200000016
40.44879020000002
40.3197505
41.54151719999993
40.679518400000006
41.03295700000001
41.371836099999996
40.69443409999997
41.78339959999994
41.33740739999985
41.26462070000002
43.61612919999993
42.78556559999993
41.861953200000016


================================================================================
=== adjoint network
train_time
28.82558440000001
8.843838500000004
8.78698479999997
27.659158100000013
8.742503199999987
9.204345499999931
29.806304700000055
28.043150200000014
28.49965349999991
8.73854039999992
31.228535100000045
9.000610300000062
9.253718400000025
8.874511299999995
9.037864500000069
28.139253600000075


================================================================================
=== continuous-time
train_risk
6.620848
7.305772
6.614118
8.432835
7.557364
7.738162
6.7351346
7.4600387
7.341734
7.3551683
6.491367
6.2049556
7.294858
6.8984704
7.4928594
6.766537
test_risk
6.575408
7.41346
6.6220956
8.391497
7.4466634
7.7537694
6.8605933
7.485217
7.4025364
7.461672
6.580935
6.1868415
7.3340554
7.0273447
7.568556
6.7874084
test_mean_value
0.40872404
0.41418573
0.40778673
0.4123072
0.42706785
0.41030753
0.41076934
0.42566603
0.41760385
0.41453958
0.42523476
0.41743332
0.41219157
0.42406958
0.42966965
0.40282375
test_mean_abs_value
3.290427
3.1809258
3.0329158
6.4239807
4.56005
4.0223126
4.662891
4.3599076
4.7304516
3.026884
3.7359416
3.2036307
3.4711297
3.0266087
3.6268356
3.5376658
test_variance_value
17.859013
16.418503
15.165011
73.47325
34.766228
30.910975
37.207554
32.0387
39.129704
15.612821
23.33432
16.687098
20.756815
15.085754
21.154612
20.227146
test_mean_costs
0.0
0.0
0.0
0.0
0.0
0.0
0.0
0.0
0.0
0.0
0.0
0.0
0.0
0.0
0.0
0.0
test_mean_abs_costs
0.0
0.0
0.0
0.0
0.0
0.0
0.0
0.0
0.0
0.0
0.0
0.0
0.0
0.0
0.0
0.0
test_variance_costs
0.0
0.0
0.0
0.0
0.0
0.0
0.0
0.0
0.0
0.0
0.0
0.0
0.0
0.0
0.0
0.0
test_mean_wealth
-4.9537926
-5.559998
-5.0218105
-5.7682576
-5.706078
-5.428971
-5.080909
-5.640107
-5.3786793
-5.475185
-4.7910514
-4.7724357
-5.2396154
-5.1957245
-5.7716103
-5.073295
test_mean_abs_wealth
4.9537926
5.559998
5.0218105
5.7682576
5.706078
5.428971
5.080909
5.640107
5.3786793
5.475185
4.7910514
4.7724357
5.2396154
5.1957245
5.7716103
5.073295
test_variance_wealth
0.5132164
0.6578488
0.4972638
1.247597
0.5959402
0.99137914
0.61139786
0.6593317
0.774774
0.750902
0.60576296
0.39551875
0.8138854
0.63622683
0.63006926
0.5616002
test_wealth_with_price_abs_mean
0.5590077
0.631875
0.5509654
0.8602498
0.60360944
0.7691071
0.60824025
0.63348186
0.67999333
0.67238146
0.60376453
0.49210468
0.69798356
0.61944103
0.620407
0.58418214
test_wealth_with_price_variance
0.5132164
0.6578488
0.4972638
1.247597
0.5959402
0.99137914
0.61139786
0.6593317
0.774774
0.750902
0.60576296
0.39551875
0.8138854
0.63622683
0.63006926
0.5616002
price
4.9521704
5.5562525
5.0212417
5.767116
5.7030134
5.428896
5.0788336
5.63909
5.37821
5.4729486
4.791834
4.7686157
5.2391996
5.195428
5.768571
5.0753007
train_time
0.3041781999999955
0.3036510000000021
0.2803346000000033
0.30390979999998535
0.29253899999997657
0.3010342000000037
0.29703890000007505
0.3132841000000326
0.30715090000001055
0.30315410000002885
0.30405099999984486
0.28369259999999485
0.30000669999981255
0.2948857000001226
0.3131316000001334
0.31247590000020864


================================================================================
=== payoff network
train_risk
6.719417
7.4869704
6.7725635
8.8519
7.9844484
7.76906
7.0419836
7.617188
7.4669867
7.4203353
6.737641
6.3685575
7.4523883
7.222819
7.7273626
7.016201
test_risk
6.714134
7.5805526
6.741301
8.849325
7.8303447
7.8139296
7.060669
7.6929326
7.4884048
7.5145144
6.7171063
6.392812
7.48402
7.2553844
7.722919
6.964138
test_mean_value
0.40681276
0.41728705
0.41119397
0.4035089
0.40930343
0.40715006
0.4093232
0.42153475
0.41220832
0.4179449
0.41000894
0.40264404
0.4044176
0.4166737
0.41858163
0.40298608
test_mean_abs_value
3.2365265
3.2132828
3.0334833
6.2178907
4.3254905
3.9198458
4.5920715
4.3307724
4.5387015
3.0099194
3.5039456
3.0917385
3.4513755
3.0212867
3.5225213
3.5116093
test_variance_value
17.490543
16.798609
15.1149845
72.56165
31.673939
29.055683
37.069336
31.617458
36.89492
15.6275625
20.97634
15.648844
20.706083
15.074217
20.280422
20.087214
test_mean_costs
0.0
0.0
0.0
0.0
0.0
0.0
0.0
0.0
0.0
0.0
0.0
0.0
0.0
0.0
0.0
0.0
test_mean_abs_costs
0.0
0.0
0.0
0.0
0.0
0.0
0.0
0.0
0.0
0.0
0.0
0.0
0.0
0.0
0.0
0.0
test_variance_costs
0.0
0.0
0.0
0.0
0.0
0.0
0.0
0.0
0.0
0.0
0.0
0.0
0.0
0.0
0.0
0.0
test_mean_wealth
-4.9557037
-5.5568967
-5.0184035
-5.7770557
-5.723842
-5.432128
-5.082355
-5.6442385
-5.3840747
-5.4717793
-4.8062773
-4.7872252
-5.2473893
-5.20312
-5.7826986
-5.073133
test_mean_abs_wealth
4.9557037
5.5568967
5.0184035
5.7772965
5.723845
5.432128
5.082355
5.6442385
5.3840747
5.4717793
4.8062773
4.7872252
5.2473893
5.20312
5.7826986
5.073133
test_variance_wealth
0.6545345
0.79725146
0.6305356
1.6998458
0.91738546
1.226326
0.78963995
0.84194237
0.97829974
0.9107073
0.83188623
0.54995346
0.9282968
0.81612164
0.80476856
0.72841704
test_wealth_with_price_abs_mean
0.6405104
0.7012221
0.6295391
1.0087554
0.75930023
0.8781808
0.6983439
0.72279894
0.7774006
0.752233
0.72678393
0.5874743
0.74639255
0.7078206
0.7096663
0.67441124
test_wealth_with_price_variance
0.6545345
0.79725146
0.6305356
1.6998458
0.91738546
1.226326
0.78963995
0.84194237
0.97829974
0.9107073
0.83188623
0.54995346
0.9282968
0.81612164
0.80476856
0.72841704
price
4.9521704
5.5562525
5.0212417
5.767116
5.7030134
5.428896
5.0788336
5.63909
5.37821
5.4729486
4.791834
4.7686157
5.2391996
5.195428
5.768571
5.0753007
train_time
0.27479440000000466
0.27808910000001674
0.27115279999998165
0.27384530000000495
0.27403670000001057
0.2737635999999384
0.2726222000000007
0.27528770000003533
0.27956430000006094
0.27271619999987706
0.2706161000000975
0.2739705999999842
0.2780359999999291
0.2709210999998959
0.26990599999999176
0.2829603000000134


================================================================================
=== twin network
train_risk
6.6629086
7.353659
6.6598783
8.43526
7.5550756
7.7276406
6.7879057
7.5003977
7.3712277
7.345865
6.4990983
6.2265434
7.32844
6.967786
7.542881
6.7758565
test_risk
6.609551
7.4709153
6.6392293
8.408597
7.4458246
7.7744155
6.9037514
7.5111823
7.437458
7.4657893
6.5863695
6.2074
7.371612
7.0881424
7.5962334
6.8041635
test_mean_value
0.40635088
0.41232
0.40033072
0.41253537
0.42779404
0.41136023
0.40689048
0.42583027
0.41188914
0.41484502
0.42585856
0.41929787
0.4137175
0.418348
0.42612413
0.40145743
test_mean_abs_value
3.2885423
3.1906333
2.9875526
6.4158945
4.5544066
4.059509
4.612624
4.356102
4.659366
3.0333593
3.7397392
3.2158494
3.500588
3.0118837
3.609809
3.5384514
test_variance_value
17.861734
16.565163
14.692985
73.63237
34.623306
31.280655
36.786037
31.991646
38.023403
15.739305
23.334763
16.771124
21.11799
14.978131
20.94737
20.229452
test_mean_costs
0.0
0.0
0.0
0.0
0.0
0.0
0.0
0.0
0.0
0.0
0.0
0.0
0.0
0.0
0.0
0.0
test_mean_abs_costs
0.0
0.0
0.0
0.0
0.0
0.0
0.0
0.0
0.0
0.0
0.0
0.0
0.0
0.0
0.0
0.0
test_variance_costs
0.0
0.0
0.0
0.0
0.0
0.0
0.0
0.0
0.0
0.0
0.0
0.0
0.0
0.0
0.0
0.0
test_mean_wealth
-4.956166
-5.561864
-5.029267
-5.768029
-5.705352
-5.427918
-5.084788
-5.639943
-5.3843937
-5.4748793
-4.7904277
-4.770571
-5.2380896
-5.201446
-5.775156
-5.0746613
test_mean_abs_wealth
4.956166
5.561864
5.029267
5.768029
5.705352
5.427918
5.084788
5.639943
5.3843937
5.4748793
4.7904277
4.770571
5.2380896
5.201446
5.775156
5.0746613
test_variance_wealth
0.52538246
0.67935634
0.5187014
1.2644671
0.609744
1.0030792
0.6349103
0.6719963
0.80893654
0.76062876
0.6121744
0.40542603
0.82333416
0.6522334
0.6491444
0.5710313
test_wealth_with_price_abs_mean
0.56564265
0.6407141
0.5654913
0.86670613
0.61284536
0.7751088
0.62033314
0.6391789
0.6991475
0.678136
0.6083791
0.49875683
0.70134336
0.6256123
0.63091964
0.5891675
test_wealth_with_price_variance
0.52538246
0.67935634
0.5187014
1.2644671
0.609744
1.0030792
0.6349103
0.6719963
0.80893654
0.76062876
0.6121744
0.40542603
0.82333416
0.6522334
0.6491444
0.5710313
price
4.9521704
5.5562525
5.0212417
5.767116
5.7030134
5.428896
5.0788336
5.63909
5.37821
5.4729486
4.791834
4.7686157
5.2391996
5.195428
5.768571
5.0753007
train_time
0.2734920999999986
0.2740577000000144
0.2712881999999581
0.279429499999992
0.26613940000004277
0.2731006000000207
0.2759191000000101
0.27375789999996414
0.28090420000000904
0.27782969999998386
0.2754387999998471
0.27322419999995873
0.2763457000000926
0.27163100000007034
0.27754860000004555
0.2682232000001932


================================================================================
=== adjoint network
train_risk
6.6793885
7.4792957
6.736901
8.453257
7.7458835
7.9755354
6.871018
7.528991
7.3966713
7.48957
6.5483456
6.438392
7.383036
7.129642
7.7287884
6.8205504
test_risk
6.6411715
7.6239696
6.77643
8.442175
7.643751
8.0134325
6.9558926
7.541586
7.481304
7.6047597
6.6542797
6.3313036
7.5546303
7.2189445
7.8266807
6.836843
test_mean_value
0.40635514
0.41590357
0.41744098
0.41090682
0.42383635
0.41430008
0.4006953
0.42951766
0.4151939
0.42282677
0.4246948
0.42707452
0.40103355
0.4206963
0.4310058
0.40072367
test_mean_abs_value
3.2903056
3.2179694
3.1284394
6.40732
4.5679717
4.0727296
4.559684
4.3864045
4.702739
3.0315864
3.7544131
3.276608
3.4113395
3.0736775
3.718948
3.5363436
test_variance_value
17.858055
16.84041
16.135382
73.18788
34.72082
31.231375
35.81834
32.342426
38.575603
15.695365
23.499538
17.406126
19.769247
15.529926
22.185354
20.219816
test_mean_costs
0.0
0.0
0.0
0.0
0.0
0.0
0.0
0.0
0.0
0.0
0.0
0.0
0.0
0.0
0.0
0.0
test_mean_abs_costs
0.0
0.0
0.0
0.0
0.0
0.0
0.0
0.0
0.0
0.0
0.0
0.0
0.0
0.0
0.0
0.0
test_variance_costs
0.0
0.0
0.0
0.0
0.0
0.0
0.0
0.0
0.0
0.0
0.0
0.0
0.0
0.0
0.0
0.0
test_mean_wealth
-4.9561615
-5.55828
-5.0121565
-5.769658
-5.7093096
-5.4249783
-5.090983
-5.6362557
-5.381089
-5.4668975
-4.7915916
-4.7627945
-5.2507734
-5.1990976
-5.770274
-5.075395
test_mean_abs_wealth
4.9561615
5.55828
5.0121565
5.769658
5.7093096
5.4249783
5.090983
5.6362557
5.381089
5.4668975
4.7915916
4.7627945
5.2507734
5.1990976
5.770274
5.075395
test_variance_wealth
0.52942884
0.79616684
0.5857864
1.2738975
0.71137047
1.1250565
0.6601895
0.6836035
0.81116843
0.8343266
0.62276316
0.45520642
0.9481982
0.71642613
0.7508897
0.57787365
test_wealth_with_price_abs_mean
0.5671465
0.7038145
0.60366565
0.87025946
0.66411775
0.8182931
0.63514924
0.6451127
0.69737035
0.7124309
0.6110598
0.5285561
0.76261884
0.6582551
0.67621946
0.59281176
test_wealth_with_price_variance
0.52942884
0.79616684
0.5857864
1.2738975
0.71137047
1.1250565
0.6601895
0.6836035
0.81116843
0.8343266
0.62276316
0.45520642
0.9481982
0.71642613
0.7508897
0.57787365
price
4.9521704
5.5562525
5.0212417
5.767116
5.7030134
5.428896
5.0788336
5.63909
5.37821
5.4729486
4.791834
4.7686157
5.2391996
5.195428
5.768571
5.0753007
train_time
0.2741403999999932
0.27180930000000103
0.2771662999999762
0.2753645000000233
0.27286459999999124
0.27279650000002675
0.2751036000000795
0.27801979999992454
0.2775184000000763
0.27724220000004607
0.27480070000001433
0.27621639999983927
0.2761699000000135
0.27840470000001005
0.277891800000134
0.2767119999998613


