================================================================================
=== payoff network
train_time
32.180961200000006
32.594247100000004
34.02498489999999
34.77808550000003
33.36139960000003
32.9929247
33.020294000000035
33.36409160000005
33.80424190000008
32.79637959999991
33.09432130000005
33.13284080000017
32.913533300000154
33.33900740000013
34.00370290000001
33.38167599999997


================================================================================
=== twin network
train_time
41.86493049999999
40.23981470000001
40.936010899999985
41.38553949999999
41.188212799999974
42.233375799999976
41.15534730000002
41.53736260000005
42.98492870000007
42.22577700000011
41.74313119999988
41.46227639999984
42.15578239999991
43.71036070000014
41.74778049999986
42.13786900000014


================================================================================
=== adjoint network
train_time
28.635191700000007
28.6450902
29.416701699999976
28.640051900000003
28.529329199999893
28.62688730000002
30.75431720000006
29.27317650000009
28.816030599999976
30.03306539999994
30.711797400000023
29.36857299999997
29.739633800000092
29.68184229999997
30.616513499999883
29.81292090000011


================================================================================
=== continuous-time
train_risk
6.4759116
6.766661
6.3572016
6.345006
6.577208
6.3572607
5.83484
6.6951437
5.92495
6.363689
6.1566753
6.3511405
6.0252934
6.170145
6.574495
6.6115766
test_risk
6.474859
6.7116084
6.405678
6.4577575
6.6855354
6.391336
5.743502
6.6557274
5.9741774
6.367358
6.151865
6.4182944
5.9883704
6.1739697
6.5891724
6.554247
test_mean_value
0.42330572
0.41334027
0.41813558
0.42277735
0.41477656
0.413233
0.42096812
0.40869188
0.4236569
0.40719086
0.42298827
0.4119459
0.40984067
0.42768678
0.41542166
0.42226884
test_mean_abs_value
2.3650885
3.0321057
2.1608737
2.3117714
2.1628907
2.5446215
2.0061576
2.3330336
2.2759275
2.968048
2.293729
2.5116763
2.6148727
2.3591597
2.129989
2.1525457
test_variance_value
9.057936
15.011118
7.6514716
8.628834
7.676673
10.740811
6.5040884
8.873332
8.994003
14.565744
8.5716
10.435246
11.245128
9.106808
7.6643767
7.779944
test_mean_costs
0.0
0.0
0.0
0.0
0.0
0.0
0.0
0.0
0.0
0.0
0.0
0.0
0.0
0.0
0.0
0.0
test_mean_abs_costs
0.0
0.0
0.0
0.0
0.0
0.0
0.0
0.0
0.0
0.0
0.0
0.0
0.0
0.0
0.0
0.0
test_variance_costs
0.0
0.0
0.0
0.0
0.0
0.0
0.0
0.0
0.0
0.0
0.0
0.0
0.0
0.0
0.0
0.0
test_mean_wealth
-5.3567605
-5.595597
-5.319384
-5.326687
-5.469204
-5.340284
-4.759924
-5.518256
-4.885269
-5.2569427
-5.16531
-5.3284016
-4.930479
-5.138778
-5.368797
-5.425304
test_mean_abs_wealth
5.3567605
5.595597
5.319384
5.326687
5.469204
5.340284
4.759924
5.518256
4.885269
5.2569427
5.16531
5.3284016
4.930479
5.138778
5.368797
5.425304
test_variance_wealth
0.25752047
0.2611501
0.24379753
0.26046866
0.30063772
0.22983137
0.1999341
0.26825282
0.23844126
0.2535813
0.20650753
0.24481897
0.23060702
0.22159372
0.29897743
0.26213697
test_wealth_with_price_abs_mean
0.40071914
0.40436
0.38989538
0.40261832
0.43241897
0.37870297
0.3531211
0.4090883
0.38505623
0.39756224
0.35959113
0.39052707
0.37889785
0.37166992
0.43064103
0.40493995
test_wealth_with_price_variance
0.25752047
0.2611501
0.24379753
0.26046866
0.30063772
0.22983137
0.1999341
0.26825282
0.23844126
0.2535813
0.20650753
0.24481897
0.23060702
0.22159372
0.29897743
0.26213697
price
5.3548527
5.5956535
5.316396
5.327184
5.4675393
5.33896
4.7585206
5.5167847
4.885114
5.2564015
5.163512
5.327748
4.9316792
5.1383004
5.36744
5.4242473
train_time
0.2882708000000065
0.2844982000000016
0.31025040000002946
0.31964609999999993
0.30425959999990937
0.2896484999999984
0.2952927000000045
0.2845849000000271
0.30896419999999125
0.3083750999999211
0.2843411000001197
0.2848762999999508
0.30026040000007015
0.29417719999992187
0.3005410999999185
0.2952433000000383


================================================================================
=== payoff network
train_risk
6.8733916
7.128552
6.684717
6.70279
7.0646553
6.856844
6.1440687
7.047509
6.2224183
6.9390817
6.6288414
6.713841
6.4183593
6.519557
6.8804364
6.9453073
test_risk
6.8032074
7.1761575
6.7382755
6.7728558
7.0925546
6.8920007
6.022064
7.1019754
6.286406
6.953946
6.665487
6.8290524
6.410767
6.5304008
6.8659453
6.9296594
test_mean_value
0.4451534
0.40649775
0.4070578
0.4154882
0.40693927
0.40612686
0.40857285
0.40104213
0.42344257
0.39765143
0.392584
0.40189883
0.40160015
0.4288257
0.4143477
0.42338702
test_mean_abs_value
2.4311209
3.011291
2.154649
2.312286
2.1126688
2.5115464
1.9451004
2.2681932
2.259072
2.8539214
2.1832864
2.4413166
2.5308666
2.3793333
2.073071
2.1728473
test_variance_value
9.611318
14.810394
7.645282
8.691171
7.4225574
10.424769
6.1716533
8.438457
8.940516
13.574052
7.8611093
9.916804
10.687395
9.360225
7.352663
8.06085
test_mean_costs
0.0
0.0
0.0
0.0
0.0
0.0
0.0
0.0
0.0
0.0
0.0
0.0
0.0
0.0
0.0
0.0
test_mean_abs_costs
0.0
0.0
0.0
0.0
0.0
0.0
0.0
0.0
0.0
0.0
0.0
0.0
0.0
0.0
0.0
0.0
test_variance_costs
0.0
0.0
0.0
0.0
0.0
0.0
0.0
0.0
0.0
0.0
0.0
0.0
0.0
0.0
0.0
0.0
test_mean_wealth
-5.334913
-5.6024394
-5.330462
-5.333976
-5.4770412
-5.34739
-4.7723193
-5.525906
-4.8854837
-5.2664824
-5.195714
-5.3384485
-4.9387193
-5.1376395
-5.3698707
-5.424186
test_mean_abs_wealth
5.334913
5.602462
5.330462
5.333976
5.4770412
5.34739
4.7723193
5.525906
4.885485
5.2664824
5.195714
5.3384485
4.9387193
5.1376395
5.3698707
5.424186
test_variance_wealth
0.46178442
0.5156904
0.4157271
0.44802472
0.54568696
0.4895996
0.33900446
0.5114363
0.4004825
0.5701695
0.45472592
0.46051544
0.45105922
0.4197496
0.46482053
0.47628856
test_wealth_with_price_abs_mean
0.5408928
0.56778854
0.5121451
0.53145945
0.58766705
0.55387056
0.46400455
0.5673596
0.5015566
0.5978189
0.5362956
0.5389816
0.5342038
0.5139265
0.54111564
0.5472658
test_wealth_with_price_variance
0.46178442
0.5156904
0.4157271
0.44802472
0.54568696
0.4895996
0.33900446
0.5114363
0.4004825
0.5701695
0.45472592
0.46051544
0.45105922
0.4197496
0.46482053
0.47628856
price
5.3548527
5.5956535
5.316396
5.327184
5.4675393
5.33896
4.7585206
5.5167847
4.885114
5.2564015
5.163512
5.327748
4.9316792
5.1383004
5.36744
5.4242473
train_time
0.2717128000000031
0.2744722999999851
0.27347730000002457
0.2654674000000341
0.2744283000000678
0.27171610000004875
0.2707832999999482
0.2790444000000889
0.2644338999998581
0.27359500000011394
0.266563799999858
0.2700882999999976
0.27431209999986095
0.2672939999999926
0.27274130000000696
0.2695013000000017


================================================================================
=== twin network
train_risk
6.49912
6.781117
6.411695
6.3622556
6.587531
6.397729
5.8710337
6.7572474
5.974519
6.414234
6.182379
6.3777995
6.0344663
6.2174053
6.616486
6.625418
test_risk
6.4879484
6.7556806
6.4429436
6.4845896
6.7066593
6.430117
5.762644
6.701279
6.0028358
6.3970613
6.1955414
6.431557
6.002968
6.1955495
6.6206355
6.5846896
test_mean_value
0.42223662
0.40708935
0.41396442
0.4180807
0.4144279
0.4098879
0.42037785
0.40088046
0.4196385
0.4034906
0.4130459
0.4106188
0.40913188
0.4266849
0.41325164
0.41785762
test_mean_abs_value
2.354101
2.9878378
2.1547964
2.2933896
2.164641
2.5236058
1.9996642
2.2910101
2.2550678
2.9356022
2.2484403
2.5025017
2.6038537
2.3599145
2.0985925
2.1304247
test_variance_value
9.013547
14.586829
7.639404
8.509466
7.7192416
10.596996
6.4717937
8.580165
8.865134
14.259302
8.254283
10.383156
11.160692
9.144115
7.4939485
7.6630087
test_mean_costs
0.0
0.0
0.0
0.0
0.0
0.0
0.0
0.0
0.0
0.0
0.0
0.0
0.0
0.0
0.0
0.0
test_mean_abs_costs
0.0
0.0
0.0
0.0
0.0
0.0
0.0
0.0
0.0
0.0
0.0
0.0
0.0
0.0
0.0
0.0
test_variance_costs
0.0
0.0
0.0
0.0
0.0
0.0
0.0
0.0
0.0
0.0
0.0
0.0
0.0
0.0
0.0
0.0
test_mean_wealth
-5.3578296
-5.6018476
-5.323555
-5.331383
-5.4695525
-5.343629
-4.7605143
-5.5260677
-4.8892875
-5.260643
-5.175252
-5.3297286
-4.9311876
-5.13978
-5.370967
-5.429715
test_mean_abs_wealth
5.3578296
5.6018476
5.323555
5.331383
5.4695525
5.343629
4.7605143
5.5260677
4.8892875
5.260643
5.175252
5.3297286
4.9311876
5.13978
5.370967
5.429715
test_variance_wealth
0.2722695
0.28402308
0.26236498
0.27967018
0.31480718
0.24922332
0.21257988
0.29001954
0.25441736
0.27228412
0.22606726
0.2542577
0.24335878
0.23482178
0.32187262
0.2786347
test_wealth_with_price_abs_mean
0.41325378
0.42243487
0.40499094
0.41846088
0.4430633
0.3948833
0.36497572
0.4260991
0.39852268
0.4130613
0.3770168
0.39869246
0.39030144
0.38352284
0.44790563
0.41791007
test_wealth_with_price_variance
0.2722695
0.28402308
0.26236498
0.27967018
0.31480718
0.24922332
0.21257988
0.29001954
0.25441736
0.27228412
0.22606726
0.2542577
0.24335878
0.23482178
0.32187262
0.2786347
price
5.3548527
5.5956535
5.316396
5.327184
5.4675393
5.33896
4.7585206
5.5167847
4.885114
5.2564015
5.163512
5.327748
4.9316792
5.1383004
5.36744
5.4242473
train_time
0.271848200000008
0.27414849999999547
0.26913989999997057
0.27513179999999693
0.2684974000000011
0.2782662000000755
0.268143699999996
0.2741130000000567
0.2763396999998804
0.26810890000001564
0.2771957999998449
0.2681340999999975
0.27045190000012553
0.2696869000001243
0.2661200000000008
0.26744769999982054


================================================================================
=== adjoint network
train_risk
6.638161
6.998235
6.548632
6.5027685
6.780642
6.521902
5.961417
6.8867683
6.126299
6.5017295
6.304843
6.487029
6.183501
6.342855
6.7600303
6.7973022
test_risk
6.6425395
6.9000754
6.5817766
6.61219
6.859104
6.551997
5.920396
6.8452964
6.131838
6.53275
6.298135
6.58446
6.1657724
6.3361926
6.7650523
6.7289104
test_mean_value
0.43195513
0.41869965
0.4271718
0.42994395
0.42117152
0.41700754
0.42959878
0.41117787
0.42876017
0.41178942
0.4263787
0.41858858
0.4197822
0.4354204
0.42310902
0.42476377
test_mean_abs_value
2.4704168
3.1192222
2.2695203
2.4012063
2.2711248
2.6204734
2.1000807
2.4173539
2.3523045
3.0454147
2.3612783
2.6067243
2.7350187
2.4560761
2.2123072
2.2160718
test_variance_value
9.832383
15.7981205
8.385731
9.2542095
8.395792
11.346383
7.0773897
9.461704
9.531876
15.2418995
9.035173
11.177389
12.21713
9.831689
8.193061
8.189073
test_mean_costs
0.0
0.0
0.0
0.0
0.0
0.0
0.0
0.0
0.0
0.0
0.0
0.0
0.0
0.0
0.0
0.0
test_mean_abs_costs
0.0
0.0
0.0
0.0
0.0
0.0
0.0
0.0
0.0
0.0
0.0
0.0
0.0
0.0
0.0
0.0
test_variance_costs
0.0
0.0
0.0
0.0
0.0
0.0
0.0
0.0
0.0
0.0
0.0
0.0
0.0
0.0
0.0
0.0
test_mean_wealth
-5.348111
-5.590237
-5.3103476
-5.31952
-5.462809
-5.3365097
-4.751293
-5.5157704
-4.880166
-5.252344
-5.161919
-5.3217587
-4.9205375
-5.131045
-5.3611093
-5.422809
test_mean_abs_wealth
5.348111
5.590237
5.3103476
5.31952
5.462809
5.3365097
4.751293
5.5157704
4.880166
5.252344
5.161919
5.3217587
4.9205375
5.131045
5.3611093
5.422809
test_variance_wealth
0.31315556
0.32570112
0.30105835
0.31223187
0.3583844
0.27818686
0.2511713
0.32928705
0.28183123
0.3036155
0.24909532
0.29981238
0.28965932
0.27278832
0.35441288
0.31910753
test_wealth_with_price_abs_mean
0.441751
0.45136985
0.43314406
0.44118384
0.47189328
0.41624954
0.39528808
0.4531026
0.4178265
0.43424758
0.3950352
0.43256503
0.42532086
0.41255197
0.46828616
0.4467298
test_wealth_with_price_variance
0.31315556
0.32570112
0.30105835
0.31223187
0.3583844
0.27818686
0.2511713
0.32928705
0.28183123
0.3036155
0.24909532
0.29981238
0.28965932
0.27278832
0.35441288
0.31910753
price
5.3548527
5.5956535
5.316396
5.327184
5.4675393
5.33896
4.7585206
5.5167847
4.885114
5.2564015
5.163512
5.327748
4.9316792
5.1383004
5.36744
5.4242473
train_time
0.2669321999999994
0.2640574999999785
0.27448839999999564
0.27626140000000987
0.2759645000001001
0.26789000000007945
0.26752939999994396
0.265054300000088
0.26955790000010893
0.2731036000000131
0.27096499999993284
0.26797480000004725
0.272868600000038
0.268290400000069
0.2704620999998042
0.2705525999999736


