================================================================================
=== payoff network
train_time
37.5814084
39.94251249999999
37.57358869999996
40.89162849999997
40.62531379999996
41.37347890000001
38.79390890000002
39.71741300000008
43.809575800000175
35.798728900000015
36.24643839999999
35.821668000000045
35.71915360000003
37.72182309999994
36.148431699999946
36.48522270000012


================================================================================
=== twin network
train_time
47.94005080000001
46.66084840000002
46.16488199999998
47.64950859999993
45.81191690000003
48.29856719999998
48.1865679
49.59233080000013
46.95063260000006
45.93524989999992
46.00193899999999
48.46784529999991
45.54648950000001
47.581977599999846
44.67517080000016
45.35369600000013


================================================================================
=== adjoint network
train_time
41.53082380000001
39.56359000000003
40.12410160000002
44.39071130000002
40.21197080000002
41.26957189999996
41.71247400000004
40.15435700000012
38.20688180000002
38.203405599999996
40.22421050000003
37.37912160000019
38.98165689999996
39.851123600000165
38.16055510000024
39.595659599999635


================================================================================
=== continuous-time
test_risk
6.8402863
6.714039
6.7565346
6.5941257
6.9353514
7.048313
6.677142
6.842074
6.8018265
6.6394587
6.731398
7.0483155
6.894148
6.795504
7.085759
6.991458
test_wealth_with_price_abs_mean
0.4425196
0.44135776
0.4327154
0.42635512
0.4391128
0.4496639
0.43128672
0.4504305
0.43108395
0.41470507
0.42839485
0.4654657
0.42129895
0.46073222
0.44997302
0.44578677
test_wealth_with_price_variance
0.31337172
0.31259102
0.30040285
0.29212236
0.30878937
0.3240095
0.29936513
0.3263203
0.29711968
0.2754242
0.293809
0.34791574
0.28360143
0.34153605
0.32437605
0.3186905
price
5.6056156
5.478017
5.546343
5.397173
5.7102127
5.7900095
5.459854
5.5727615
5.6086893
5.485734
5.539108
5.7410426
5.733367
5.498975
5.826089
5.743531
train_time
0.3692679000000112
0.32252990000000636
0.3314809999999966
0.3447454000000789
0.3427735999999868
0.3136586000000534
0.3206050999999661
0.325873300000012
0.31334190000006856
0.3119512000000668
0.3113244000001032
0.31492580000008275
0.3348333999999795
0.30548280000039085
0.30406429999993634
0.2996485999997276


================================================================================
=== payoff network
test_risk
7.284881
7.0741735
7.110681
7.0975327
7.367983
7.476645
7.0732775
7.282115
7.352521
7.3783355
7.2592826
7.419481
7.4305515
7.228984
7.495257
7.44391
test_wealth_with_price_abs_mean
0.6085983
0.58547837
0.56671107
0.5934769
0.6008489
0.6060248
0.5799789
0.61735934
0.6214081
0.6433373
0.6139756
0.6088194
0.60586613
0.6236701
0.62178105
0.6124915
test_wealth_with_price_variance
0.59035075
0.54362494
0.510928
0.56736887
0.57612085
0.58308107
0.5335014
0.6070962
0.61698717
0.6657887
0.59972596
0.58774185
0.5863173
0.61818194
0.61300343
0.5956024
price
5.6056156
5.478017
5.546343
5.397173
5.7102127
5.7900095
5.459854
5.5727615
5.6086893
5.485734
5.539108
5.7410426
5.733367
5.498975
5.826089
5.743531
train_time
0.2893336000000204
0.3021168000000216
0.2927071999999953
0.28605099999992945
0.29979080000009617
0.29072289999999157
0.2961001999999553
0.31471129999999903
0.2938741000000391
0.27357979999987947
0.2823222000001806
0.2896371000001636
0.28963820000012674
0.28930239999999685
0.275116700000126
0.2869945999996162


================================================================================
=== twin network
test_risk
6.847341
6.7223144
6.759708
6.6153293
6.930572
7.058568
6.7006125
6.8705907
6.8331475
6.70367
6.7351985
7.054877
6.9089108
6.7979126
7.0955286
7.0214305
test_wealth_with_price_abs_mean
0.45514378
0.4521154
0.44220117
0.43838188
0.45274952
0.46155515
0.44506305
0.46181688
0.44291675
0.4350873
0.43904686
0.47866267
0.43233946
0.47118714
0.4611253
0.4593217
test_wealth_with_price_variance
0.32857147
0.32633212
0.3120987
0.30764934
0.3251956
0.33955553
0.31747565
0.34201154
0.312926
0.30218533
0.30687976
0.36564705
0.29754078
0.35498768
0.33871293
0.3371764
price
5.6056156
5.478017
5.546343
5.397173
5.7102127
5.7900095
5.459854
5.5727615
5.6086893
5.485734
5.539108
5.7410426
5.733367
5.498975
5.826089
5.743531
train_time
0.28723969999998644
0.30957589999997026
0.28695970000001125
0.3048076999999694
0.2893447000000151
0.30078790000004574
0.2953262999999424
0.2927498999999898
0.27757930000007036
0.30183149999993475
0.2950226999998904
0.29294099999992795
0.2801968000001125
0.29223069999989093
0.2811938999998347
0.2911074999997254


================================================================================
=== adjoint network
test_risk
6.836107
6.7151694
6.7617364
6.6078725
6.927794
7.058471
6.692305
6.872508
6.8146124
6.656274
6.7408714
7.0740085
6.906735
6.78991
7.088188
7.017858
test_wealth_with_price_abs_mean
0.4603814
0.45784622
0.4484336
0.4416142
0.456951
0.4679366
0.44752508
0.46738276
0.44679686
0.4316334
0.44620574
0.49238527
0.4376117
0.4780991
0.46599704
0.46299118
test_wealth_with_price_variance
0.33480865
0.33324882
0.31961223
0.31095544
0.32977462
0.34737968
0.31954038
0.3487291
0.31709063
0.2959091
0.31564742
0.38361534
0.30361122
0.36291593
0.3446016
0.34165153
price
5.6056156
5.478017
5.546343
5.397173
5.7102127
5.7900095
5.459854
5.5727615
5.6086893
5.485734
5.539108
5.7410426
5.733367
5.498975
5.826089
5.743531
train_time
0.3089383999999882
0.29704179999998814
0.29967290000001867
0.30701510000005783
0.2913830999999618
0.2878548999999566
0.2959030999998049
0.309097999999949
0.2919415999999728
0.2963615999999547
0.2812994000000799
0.27262919999998303
0.2906901999999718
0.3053734000000077
0.3111700999997993
0.2883471999998619


