================================================================================
=== payoff network
train_time
35.367274
33.58067009999999
35.85073489999996
33.96186510000001
34.24748980000004
36.24121560000003
34.34935600000006
36.37472349999996


================================================================================
=== twin network
train_time
41.7568069
40.94870980000002
43.747807199999954
41.26592589999996
41.54264660000001
42.94137060000003
42.39426309999999
42.425363800000014


================================================================================
=== adjoint network
train_time
35.3514531
34.615998899999994
35.006967299999985
35.394380600000034
36.209000100000026
35.205771700000014
36.14387579999993
35.78528110000002


================================================================================
=== continuous-time
test_risk
6.843511
6.707036
6.753937
6.586002
6.947211
7.0382924
6.672337
6.835869
test_wealth_with_price_abs_mean
0.44241455
0.44084838
0.4318675
0.4253101
0.4403847
0.44892964
0.4314313
0.44962445
test_wealth_with_price_variance
0.31362578
0.31153715
0.29940093
0.29043642
0.31096804
0.3228315
0.2989878
0.32448
price
5.6056156
5.478017
5.546343
5.397173
5.7102127
5.7900095
5.459854
5.5727615
train_time
0.33062710000000095
0.2993622999999843
0.32717730000001666
0.3106385999999475
0.3464539000000286
0.3210640999999441
0.2907297000000426
0.2916608999998971


================================================================================
=== payoff network
test_risk
7.2858434
7.0700746
7.107513
7.0909963
7.3797197
7.4666457
7.0747075
7.275834
test_wealth_with_price_abs_mean
0.6083399
0.5874478
0.56618893
0.59094566
0.6027888
0.6053321
0.5811073
0.6172145
test_wealth_with_price_variance
0.5900025
0.54672694
0.5096794
0.5621546
0.58017015
0.58099073
0.53562117
0.60682654
price
5.6056156
5.478017
5.546343
5.397173
5.7102127
5.7900095
5.459854
5.5727615
train_time
0.2754819000000026
0.27433849999999893
0.270407500000033
0.39205690000000004
0.3689554000000044
0.27511439999989307
0.2754264999999805
0.2706846000000951


================================================================================
=== twin network
test_risk
6.8516917
6.7166743
6.756809
6.609462
6.943042
7.0490165
6.6953726
6.8634095
test_wealth_with_price_abs_mean
0.45490298
0.4519339
0.4414398
0.43712616
0.45397285
0.46089676
0.44519794
0.4610355
test_wealth_with_price_variance
0.32892936
0.32562715
0.31102934
0.30576307
0.32746032
0.33845282
0.31722182
0.34056696
price
5.6056156
5.478017
5.546343
5.397173
5.7102127
5.7900095
5.459854
5.5727615
train_time
0.2775780999999995
0.28579769999998916
0.2844342999999867
0.2857404000000088
0.33490900000003876
0.27391739999995934
0.2845614000000296
0.27616969999985486


================================================================================
=== adjoint network
test_risk
6.8445454
6.710243
6.7595544
6.5991583
6.93725
7.048828
6.6879034
6.86369
test_wealth_with_price_abs_mean
0.46060967
0.45771345
0.4478119
0.44037467
0.45733714
0.46678877
0.44735065
0.4667619
test_wealth_with_price_variance
0.33566734
0.33271664
0.31870598
0.3090303
0.33124423
0.3459259
0.3188558
0.34699914
price
5.6056156
5.478017
5.546343
5.397173
5.7102127
5.7900095
5.459854
5.5727615
train_time
0.28436080000000175
0.27471230000000446
0.2891726999999946
0.27251940000007835
0.312021800000025
0.27664160000006177
0.2846365999999989
0.28619869999988623


