================================================================================
=== payoff network
train_time
36.0772016
10.3671121
32.27826949999999
10.270578300000011
10.132576299999982
10.832007499999975
42.12813689999996
10.868263400000046


================================================================================
=== twin network
train_time
13.0890305
39.08943620000001
13.770438200000001
26.47842989999998
40.53688359999995
40.82461010000003
45.94995659999995
12.175739200000066


================================================================================
=== adjoint network
train_time
33.1240174
32.078329
9.97408630000001
20.416761399999984
33.61423580000002
32.91585629999997
41.72921849999989
42.7399511000001


================================================================================
=== continuous-time
test_risk
5.994669
6.4741755
5.940545
9.603565
10.955556
11.96148
12.059579
6.8177543
test_wealth_with_price_abs_mean
0.6845822
0.7386998
0.67856187
1.0969296
1.2534554
1.3680221
1.3790004
0.7780121
test_wealth_with_price_variance
0.8170051
0.94906867
0.8022238
2.0960705
2.735579
3.2674918
3.3114989
1.0544093
price
3.863922
4.1693
3.822075
6.17379
7.0508347
7.6741333
7.7630806
4.391964
train_time
0.3464712999999904
0.30842279999998823
0.30973880000004783
0.2903524000000175
0.29925379999997404
0.3049074999998993
0.3044925000000376
0.5812593000000561


================================================================================
=== payoff network
test_risk
6.011316
6.784513
5.9240026
10.063674
12.125341
12.914529
12.3498125
7.5250745
test_wealth_with_price_abs_mean
0.7466012
0.94281536
0.713313
1.2769815
2.0218122
1.7278533
1.4404058
1.009885
test_wealth_with_price_variance
0.93462205
1.3998102
0.8626491
2.718231
6.748259
4.9483337
3.566492
1.6618514
price
3.863922
4.1693
3.822075
6.17379
7.0508347
7.6741333
7.7630806
4.391964
train_time
0.2700199000000083
0.26950829999998405
0.2539581999999996
0.2819013999999811
0.2784522000000038
0.27417130000003453
0.39798770000004424
0.419457599999987


================================================================================
=== twin network
test_risk
6.0184093
6.4794726
6.3082304
9.690384
10.999439
11.97179
12.252819
7.0774817
test_wealth_with_price_abs_mean
0.72232646
0.74073416
0.93932307
1.1079686
1.3150362
1.3820037
1.3853599
0.84504896
test_wealth_with_price_variance
0.8840448
0.95200586
1.3011231
2.144654
2.892759
3.2979105
3.368741
1.2321078
price
3.863922
4.1693
3.822075
6.17379
7.0508347
7.6741333
7.7630806
4.391964
train_time
0.25864839999999845
0.2666887000000031
0.26878570000002355
0.2677374000000441
0.27535360000001674
0.2741000000000895
0.2976165000000037
0.29108320000000276


================================================================================
=== adjoint network
test_risk
6.0112677
6.4934697
5.9666567
9.714506
11.011719
12.001809
12.28983
6.9051857
test_wealth_with_price_abs_mean
0.7029916
0.7411771
0.73116034
1.1051558
1.2881702
1.3922155
1.3835943
0.77820235
test_wealth_with_price_variance
0.8419388
0.95344895
0.89502865
2.1431453
2.8343353
3.3331516
3.3742056
1.0652574
price
3.863922
4.1693
3.822075
6.17379
7.0508347
7.6741333
7.7630806
4.391964
train_time
0.2642768999999987
0.2694989000000021
0.269327799999985
0.2708430000000135
0.27566300000000865
0.2631821999999602
0.2813870999999608
0.48684339999999793


