================================================================================
=== payoff network
train_time
34.5747713
34.286528000000004
32.66129999999998
33.8366302
34.59762399999994
33.236454200000026
33.456309600000054
35.08321060000003


================================================================================
=== twin network
train_time
40.563845900000004
40.192011699999995
43.081490099999996
40.93981489999999
40.97000329999992
41.81364550000001
40.94275379999999
40.80630480000002


================================================================================
=== adjoint network
train_time
34.555510299999995
34.19747090000001
33.6132073
33.86459709999997
35.70489610000004
35.59635030000004
35.57735720000005
34.060335500000065


================================================================================
=== continuous-time
test_risk
7.033812
6.8533134
6.8580017
6.8851027
7.5523357
7.201885
7.0923386
7.08603
test_wealth_with_price_abs_mean
0.51816136
0.51211965
0.5571375
0.57232696
0.65038913
0.48378518
0.5523197
0.52171904
test_wealth_with_price_variance
0.43530053
0.42479795
0.5051565
0.53347737
0.6932707
0.3754302
0.49574476
0.4399767
price
5.5525656
5.3966327
5.243622
5.2227716
5.634248
5.8563476
5.49419
5.607881
train_time
0.3042894999999959
0.29798349999998663
0.28370899999998755
0.3534859999999753
0.287168900000097
0.29728829999999107
0.3419355999999425
0.3006771000000299


================================================================================
=== payoff network
test_risk
7.464239
7.175365
7.061168
7.065677
7.937276
7.5653496
7.4355164
7.49769
test_wealth_with_price_abs_mean
0.6639158
0.66683435
0.6489445
0.6663073
0.80298275
0.6423093
0.6734302
0.6706944
test_wealth_with_price_variance
0.70676994
0.70541126
0.671634
0.70726794
1.0368044
0.6535064
0.72747207
0.716341
price
5.5525656
5.3966327
5.243622
5.2227716
5.634248
5.8563476
5.49419
5.607881
train_time
0.2795331999999888
0.27852329999998915
0.27302589999999327
0.27978930000000446
0.27962009999998827
0.2792934999999943
0.2750095000000101
0.27745040000002064


================================================================================
=== twin network
test_risk
7.040281
6.8583474
6.862738
6.883373
7.5333686
7.207748
7.124702
7.1251984
test_wealth_with_price_abs_mean
0.52638906
0.5225571
0.5629919
0.5783911
0.6659229
0.4954703
0.5642331
0.53206116
test_wealth_with_price_variance
0.4473636
0.43886027
0.5141311
0.5420585
0.71442544
0.39081487
0.5158102
0.45733517
price
5.5525656
5.3966327
5.243622
5.2227716
5.634248
5.8563476
5.49419
5.607881
train_time
0.2741512000000057
0.2780501000000015
0.29730520000003935
0.4825181999999586
0.2709570999999187
0.27511540000000423
0.26893919999997706
0.2745979000000034


================================================================================
=== adjoint network
test_risk
7.060745
6.8712883
6.881568
6.901514
7.559418
7.2308216
7.1208453
7.1383104
test_wealth_with_price_abs_mean
0.53628516
0.5254161
0.5674467
0.5840102
0.6762334
0.50550807
0.56431305
0.53453743
test_wealth_with_price_variance
0.4617791
0.44341612
0.5214018
0.55122286
0.7329893
0.40557635
0.5148347
0.4608409
price
5.5525656
5.3966327
5.243622
5.2227716
5.634248
5.8563476
5.49419
5.607881
train_time
0.2692406000000034
0.2778353999999865
0.43254109999998036
0.4413595999999984
0.2724048000000039
0.2690096999999696
0.2836784999999509
0.27419099999997343


