================================================================================
=== payoff network
train_time
32.61311
33.52178380000001
35.76188240000002
33.68496110000001
34.04407850000007
34.2941687
34.203411300000084
36.6178946


================================================================================
=== twin network
train_time
40.9509027
40.54784460000002
41.12365160000002
41.09111640000003
41.30820159999996
41.96488850000003
41.366353400000094
42.10596080000005


================================================================================
=== adjoint network
train_time
34.345031000000006
33.4867988
33.74294359999999
33.72201279999996
36.38883140000007
33.90532889999997
34.71234289999995
34.3191511


================================================================================
=== continuous-time
test_risk
7.519569
7.741285
7.7381735
7.341439
7.8722477
8.277155
8.596213
7.5996237
test_wealth_with_price_abs_mean
0.70794153
0.7645249
0.86093247
0.6472962
0.701696
0.7851308
0.85226816
0.6453238
test_wealth_with_price_variance
0.8339124
0.9866213
1.2707665
0.6880974
0.8108759
1.0237414
1.2173424
0.68185735
price
5.425747
5.4354987
5.07368
5.4602485
5.8330727
5.9513807
6.026384
5.7321815
train_time
0.3505995000000013
0.30473539999999844
0.3051800000000071
0.2966103999999632
0.3062634000000344
0.2931442999999945
0.2967289000000619
0.32172719999994115


================================================================================
=== payoff network
test_risk
7.899144
7.8239274
7.7785835
7.501828
8.062691
8.461492
8.660606
8.023951
test_wealth_with_price_abs_mean
0.85142946
0.82647586
0.93936795
0.72749275
0.8045651
0.89209646
0.91621923
0.78721964
test_wealth_with_price_variance
1.1803956
1.1315616
1.4655017
0.85077727
1.0343325
1.2785244
1.3777826
1.0008222
price
5.425747
5.4354987
5.07368
5.4602485
5.8330727
5.9513807
6.026384
5.7321815
train_time
0.27659170000001154
0.2748473000000047
0.27604179999997314
0.28331839999998465
0.27861719999998513
0.2714263000000301
0.27361999999993714
0.28119059999994533


================================================================================
=== twin network
test_risk
7.568754
7.6679626
7.749851
7.3684115
7.8945317
8.288088
8.661258
7.6194224
test_wealth_with_price_abs_mean
0.72763973
0.77149993
0.87348044
0.6565137
0.7217937
0.7933116
0.8602257
0.6521835
test_wealth_with_price_variance
0.8702572
0.9921695
1.2891864
0.70539284
0.8467072
1.0399903
1.2414155
0.69599664
price
5.425747
5.4354987
5.07368
5.4602485
5.8330727
5.9513807
6.026384
5.7321815
train_time
0.2699071000000117
0.27243280000001846
0.272783899999979
0.27674209999997856
0.2860462999999527
0.27007320000006985
0.2802596999999878
0.27707299999997304


================================================================================
=== adjoint network
test_risk
7.5710273
7.6833982
7.8240952
7.435162
7.9392967
8.347233
8.672637
7.6433926
test_wealth_with_price_abs_mean
0.7228761
0.77564955
0.87908435
0.6633001
0.74066275
0.80843294
0.86360824
0.6604023
test_wealth_with_price_variance
0.8643278
0.9995845
1.3090692
0.7219821
0.8854358
1.0744389
1.2472962
0.7100964
price
5.425747
5.4354987
5.07368
5.4602485
5.8330727
5.9513807
6.026384
5.7321815
train_time
0.29792150000000106
0.2778709000000106
0.272591000000034
0.26974119999999857
0.27175320000003467
0.2686224000000266
0.2787056999999322
0.273863199999937


