================================================================================
=== payoff network
train_time
45.2028449
44.633506900000015
42.7082992
41.85095749999999
28.732361800000035
42.53769890000001
52.31814940000004
44.59643110000002
26.924710499999946
46.885672699999986
45.602524599999924
48.58762969999998
41.573115099999995
40.26680680000027
40.337182400000074
40.42457700000023


================================================================================
=== twin network
train_time
46.7402337
50.52376079999999
50.22095790000003
48.204234399999905
29.625314100000082
51.045238100000006
53.25158650000003
54.75537829999985
42.09657749999997
59.36045740000009
60.28447499999993
57.299808600000006
31.445670000000064
57.3870694000002
48.61295019999989
50.102978299999904


================================================================================
=== adjoint network
train_time
43.7694582
45.470705599999974
42.88375550000001
47.84812299999999
45.49283120000007
42.016312200000016
43.817173799999864
49.79726070000015
48.40332020000005
49.97295679999979
50.21543320000001
46.35965309999983
40.72246949999999
42.05189410000003
42.04790970000022
41.132441899999776


================================================================================
=== continuous-time
test_risk
6.7919188
6.574033
6.8932333
6.4704356
7.1760464
7.1180906
6.6856794
6.8963265
7.05197
6.810155
6.9332113
7.1025534
7.013035
6.663832
7.1409693
6.937502
test_wealth_with_price_abs_mean
0.45120627
0.44415975
0.48117056
0.4405946
0.49430758
0.46172586
0.4703131
0.48497814
0.47782648
0.4733079
0.47068527
0.4730962
0.45916674
0.42162433
0.5010277
0.43820328
test_wealth_with_price_variance
0.32733542
0.31724226
0.37460425
0.3112722
0.39236322
0.34230074
0.35683247
0.378718
0.36777562
0.3608462
0.3566501
0.35975906
0.33745405
0.28484473
0.4040356
0.3077718
price
5.524913
5.325138
5.514641
5.237564
5.792514
5.8214726
5.3504767
5.523173
5.6960955
5.476235
5.6056213
5.774212
5.728064
5.4869156
5.728916
5.7138944
train_time
0.47119299999999953
0.42770890000002737
0.4118872999999894
0.33146339999996144
0.698602699999924
0.8861157999999705
0.37467659999992975
0.5985177000000022
0.4811747999999625
0.49521059999983663
0.4851198999999724
0.36128099999996266
0.3249367999997048
0.32748929999979737
0.39049519999980475
0.3228874999999789


================================================================================
=== payoff network
test_risk
7.126061
6.9445143
7.286129
6.746679
7.563746
7.5711284
7.0892015
7.5178385
7.495827
7.3525453
7.3160763
7.540019
7.4469833
7.192416
7.505682
7.4126115
test_wealth_with_price_abs_mean
0.59614235
0.5931595
0.63653505
0.5552961
0.65205073
0.64140576
0.6105485
0.6672846
0.65600103
0.6453853
0.6052567
0.65810573
0.62050503
0.63482666
0.6411342
0.61889654
test_wealth_with_price_variance
0.56415284
0.5571537
0.643847
0.48653355
0.6752974
0.6597278
0.5919556
0.7115812
0.6824723
0.6704845
0.583675
0.6902384
0.61134356
0.6494082
0.6521159
0.6094977
price
5.524913
5.325138
5.514641
5.237564
5.792514
5.8214726
5.3504767
5.523173
5.6960955
5.476235
5.6056213
5.774212
5.728064
5.4869156
5.728916
5.7138944
train_time
0.4567514000000017
0.31951499999996713
0.3840253000000189
0.4212900999999647
0.6873172000000523
0.9783049000000119
0.8378459000000475
0.4961960000000545
0.44401489999995647
0.342561299999943
0.44492600000012317
0.35744339999996555
0.3245302000000265
0.2940972999999758
0.3110042999996949
0.29059979999965435


================================================================================
=== twin network
test_risk
6.7945538
6.5793276
6.8840218
6.4812875
7.1799555
7.123628
6.7148933
6.9313993
7.0818563
6.850276
6.9456463
7.1234837
7.029435
6.6735997
7.1370263
6.945169
test_wealth_with_price_abs_mean
0.46101472
0.4551083
0.4901557
0.44957063
0.5077078
0.4734817
0.4811534
0.4965346
0.4929095
0.48932213
0.47896355
0.48882854
0.47073424
0.43358064
0.50935394
0.45212752
test_wealth_with_price_variance
0.33960676
0.33142367
0.38601458
0.32283372
0.41027433
0.3574899
0.37245902
0.3959552
0.38939276
0.38416347
0.3685323
0.38152966
0.35318425
0.2993623
0.4156298
0.3253846
price
5.524913
5.325138
5.514641
5.237564
5.792514
5.8214726
5.3504767
5.523173
5.6960955
5.476235
5.6056213
5.774212
5.728064
5.4869156
5.728916
5.7138944
train_time
0.40604999999999336
0.33569479999999885
0.36969699999997374
0.33169250000003103
0.4929357999999411
0.6930450999999493
0.5753991999999926
0.33153059999995094
0.4386931999999888
0.33893970000008267
0.4626263000000108
0.3803066000000399
0.34966339999982665
0.3226534000000356
0.31962549999980183
0.28826959999969404


================================================================================
=== adjoint network
test_risk
6.8089666
6.571613
6.8826632
6.4905105
7.1861153
7.125751
6.7116866
6.9269476
7.144401
6.8552804
6.9469137
7.1276956
7.038305
6.6770387
7.1370564
6.951794
test_wealth_with_price_abs_mean
0.46920773
0.45810762
0.49824232
0.4533818
0.5147813
0.4821523
0.48403677
0.5002004
0.51968473
0.4909734
0.48940554
0.49260235
0.47539672
0.43580517
0.51621467
0.4538514
test_wealth_with_price_variance
0.35011834
0.3337293
0.39530182
0.32720557
0.42024916
0.36827838
0.37556496
0.40041438
0.42867345
0.3861299
0.3816524
0.38640168
0.3592349
0.30211753
0.42425948
0.32770902
price
5.524913
5.325138
5.514641
5.237564
5.792514
5.8214726
5.3504767
5.523173
5.6960955
5.476235
5.6056213
5.774212
5.728064
5.4869156
5.728916
5.7138944
train_time
0.3055351000000144
0.3609549000000243
0.38097650000003114
0.3240276000000222
0.38323160000004464
0.687168100000008
0.29556000000002314
0.33644589999994423
0.5246437999999216
0.35983759999999165
0.3271481000001586
0.33194589999993696
0.305087100000037
0.29975000000013097
0.3209068000001025
0.3166510000000926


