================================================================================
=== payoff network
train_time
35.1755036
33.099332000000004
33.091949399999976
33.96449240000004
21.51839319999999
34.43038410000008
33.929828300000054
34.14487180000003


================================================================================
=== twin network
train_time
40.2592419
40.92084779999999
41.57164540000002
43.462993400000016
25.3971143
41.95364039999993
41.93877520000001
41.788500200000044


================================================================================
=== adjoint network
train_time
34.24247910000001
34.0618858
34.75790490000003
34.06930399999999
35.01693239999997
34.53373690000001
35.94848200000001
35.63173369999993


================================================================================
=== continuous-time
test_risk
6.794643
6.5818005
6.8920994
6.4731236
7.186658
7.1131225
6.683561
6.8957953
test_wealth_with_price_abs_mean
0.45243478
0.44444248
0.48190707
0.44011253
0.49403787
0.46323478
0.47036323
0.48558137
test_wealth_with_price_variance
0.32921606
0.31805384
0.37406144
0.31152695
0.39332408
0.34344235
0.35727558
0.37995318
price
5.524913
5.325138
5.514641
5.237564
5.792514
5.8214726
5.3504767
5.523173
train_time
0.3153446000000031
0.3149669999999958
0.3015843000000018
0.303039100000035
0.2868121000000201
0.3110517999999729
0.28875459999994746
0.3079057999999577


================================================================================
=== payoff network
test_risk
7.1333723
6.948001
7.284368
6.752634
7.5714607
7.5676847
7.077861
7.524055
test_wealth_with_price_abs_mean
0.5974244
0.5933523
0.6359845
0.55522686
0.6529509
0.6417698
0.60909027
0.6677801
test_wealth_with_price_variance
0.5658125
0.5578608
0.6429731
0.48808798
0.6770621
0.6607739
0.58955127
0.7137739
price
5.524913
5.325138
5.514641
5.237564
5.792514
5.8214726
5.3504767
5.523173
train_time
0.2694982999999951
0.2700680000000091
0.2689078999999879
0.2733875999999782
0.2755313999999771
0.2676248000000214
0.2727202999999463
0.28671970000004876


================================================================================
=== twin network
test_risk
6.796973
6.5873427
6.8825097
6.482389
7.193644
7.1210036
6.712457
6.9325714
test_wealth_with_price_abs_mean
0.46297726
0.45554605
0.49087504
0.4491463
0.5080482
0.47509137
0.48119882
0.49682474
test_wealth_with_price_variance
0.34223455
0.33240223
0.38557327
0.32292935
0.41198704
0.35919976
0.37259972
0.39721316
price
5.524913
5.325138
5.514641
5.237564
5.792514
5.8214726
5.3504767
5.523173
train_time
0.28235259999999585
0.29495959999999855
0.26888850000000275
0.27112970000001724
0.2786518000000342
0.27878910000004
0.27696260000004713
0.2796224999999595


================================================================================
=== adjoint network
test_risk
6.812806
6.5817246
6.886244
6.4929833
7.19945
7.122938
6.7095766
6.926295
test_wealth_with_price_abs_mean
0.47062442
0.45811749
0.49937984
0.45250964
0.5150384
0.48337418
0.4840041
0.5001293
test_wealth_with_price_variance
0.3523177
0.3347028
0.39608344
0.32706854
0.42195222
0.3694846
0.37569565
0.4005618
price
5.524913
5.325138
5.514641
5.237564
5.792514
5.8214726
5.3504767
5.523173
train_time
0.2763939000000022
0.27900220000000786
0.27503880000000436
0.2833578999999986
0.2755200999999943
0.26696369999990566
0.27534670000000006
0.27351599999997234


