================================================================================
=== payoff network
train_time
32.9031217
33.18236590000001
33.49807390000001
35.01159670000004
36.30082879999998
35.03719209999997
33.78546570000003
34.29821029999994


================================================================================
=== twin network
train_time
41.524005599999995
42.378219299999984
41.4366627
40.98771949999997
41.82941500000004
42.31394869999997
43.6377966
42.07559950000007


================================================================================
=== adjoint network
train_time
34.2295417
33.96324999999999
34.002673000000016
33.80235849999997
34.072249899999974
34.90561780000007
35.77377979999994
35.37160319999998


================================================================================
=== continuous-time
test_risk
7.3805118
7.612738
7.1443124
6.4437957
7.4079394
7.8789363
7.953658
8.313136
test_wealth_with_price_abs_mean
0.6635511
0.70207584
0.5781539
0.5140874
0.6007468
0.72011685
0.71200985
0.80908704
test_wealth_with_price_variance
0.72438115
0.81508243
0.54394567
0.43047228
0.5887627
0.85592514
0.8350975
1.1093792
price
5.4447556
5.532585
5.498847
4.9728994
5.6800585
5.7492332
5.868533
5.8499784
train_time
0.3102622999999909
0.31449720000000525
0.2980837000000065
0.31226959999997916
0.31838119999997616
0.32323809999991227
0.3060944000000063
0.29111699999998564


================================================================================
=== payoff network
test_risk
7.52926
7.9573
7.446977
6.7420044
7.7467566
8.21252
8.162499
8.427644
test_wealth_with_price_abs_mean
0.75991297
0.8359264
0.72443724
0.6340039
0.72780776
0.89465094
0.8167422
0.892843
test_wealth_with_price_variance
0.92273986
1.1308826
0.83086586
0.6387074
0.85053027
1.2793024
1.0705478
1.3154818
price
5.4447556
5.532585
5.498847
4.9728994
5.6800585
5.7492332
5.868533
5.8499784
train_time
0.2800154000000106
0.2708513000000039
0.275214300000016
0.27802780000001803
0.27330460000007406
0.2801586000000498
0.2782456000001048
0.28461140000001706


================================================================================
=== twin network
test_risk
7.3705416
7.609094
7.157052
6.458014
7.41896
7.9030294
7.977128
8.31307
test_wealth_with_price_abs_mean
0.6677379
0.7103094
0.58655566
0.5203437
0.62322956
0.73295504
0.716848
0.8141694
test_wealth_with_price_variance
0.73103744
0.828951
0.5574748
0.44036448
0.62314004
0.8812847
0.8471649
1.1199644
price
5.4447556
5.532585
5.498847
4.9728994
5.6800585
5.7492332
5.868533
5.8499784
train_time
0.2751161000000053
0.44031990000001997
0.276294900000039
0.27797170000002325
0.275676800000042
0.2744764999999916
0.2749503000000004
0.27379000000007636


================================================================================
=== adjoint network
test_risk
7.4111347
7.6659393
7.192321
6.472531
7.4772143
7.9547305
7.993684
8.362915
test_wealth_with_price_abs_mean
0.67578256
0.70933354
0.59478176
0.5233949
0.6449141
0.74135023
0.72270155
0.8195218
test_wealth_with_price_variance
0.74735785
0.832221
0.5718062
0.44514802
0.6616299
0.9018285
0.8564423
1.1320978
price
5.4447556
5.532585
5.498847
4.9728994
5.6800585
5.7492332
5.868533
5.8499784
train_time
0.27323069999999916
0.3672052000000008
0.27855890000000727
0.27751080000001593
0.27398489999995945
0.27510399999994206
0.2637356999999838
0.2700545999999804


