================================================================================
=== payoff network
train_time
34.399457299999995
34.23313039999999
33.00148509999997
34.176698199999976
34.64701099999991
33.71058700000003
34.07745650000004
34.451549


================================================================================
=== twin network
train_time
41.42973930000001
43.79035490000001
41.70297569999997
41.51518540000001
42.07251269999995
44.01382979999994
42.23815790000003
42.23199920000002


================================================================================
=== adjoint network
train_time
34.9069604
35.3110982
34.973079900000016
37.24925419999994
35.65728130000002
35.7903331
36.88798370000006
36.00406959999998


================================================================================
=== continuous-time
test_risk
6.6271257
6.585129
6.681888
6.532342
6.7490444
6.9137063
6.7011414
6.8041806
test_wealth_with_price_abs_mean
0.3889309
0.40159836
0.39621153
0.41121262
0.4030208
0.4482441
0.42837718
0.42739338
test_wealth_with_price_variance
0.24161255
0.25726056
0.25095278
0.270843
0.25952125
0.32227185
0.29370204
0.29309183
price
5.549564
5.4742627
5.5848804
5.3795047
5.6336565
5.6560616
5.5059514
5.6007633
train_time
0.3117550999999992
0.32951349999999024
0.29804279999996197
0.31012429999998403
0.30038009999998394
0.29928480000000945
0.31403320000003987
0.3045427000001837


================================================================================
=== payoff network
test_risk
7.0301685
7.0042477
7.122146
7.0427737
7.1850724
7.332519
7.0919204
7.2674575
test_wealth_with_price_abs_mean
0.54385376
0.56048656
0.5649917
0.59135395
0.56741977
0.61125493
0.57588434
0.5833613
test_wealth_with_price_variance
0.47010085
0.49853075
0.5059445
0.55520296
0.5138385
0.59281045
0.5256911
0.54082865
price
5.549564
5.4742627
5.5848804
5.3795047
5.6336565
5.6560616
5.5059514
5.6007633
train_time
0.2791588000000047
0.276235000000014
0.2819182000000069
0.2768019000000095
0.27943149999998695
0.27629530000001523
0.28878789999998844
0.2823061999999936


================================================================================
=== twin network
test_risk
6.631628
6.5955644
6.68371
6.579678
6.7487993
6.908387
6.7185073
6.838195
test_wealth_with_price_abs_mean
0.40155402
0.41458976
0.4080962
0.4254464
0.42024767
0.45793268
0.44139415
0.44077638
test_wealth_with_price_variance
0.25569767
0.2727961
0.26438802
0.28973755
0.27865162
0.3343262
0.31031328
0.31078553
price
5.549564
5.4742627
5.5848804
5.3795047
5.6336565
5.6560616
5.5059514
5.6007633
train_time
0.2732072999999957
0.2795789000000184
0.28885789999998224
0.26800700000001143
0.2769694000000982
0.2757605000000467
0.27423620000001847
0.2731386000000384


================================================================================
=== adjoint network
test_risk
6.636444
6.5919437
6.686479
6.5765505
6.760683
6.910556
6.7099843
6.8253565
test_wealth_with_price_abs_mean
0.40899044
0.42161664
0.41426024
0.43559304
0.43059772
0.472766
0.4501544
0.44794768
test_wealth_with_price_variance
0.26451364
0.28067318
0.27184266
0.30113572
0.29266256
0.35293946
0.3207184
0.31908965
price
5.549564
5.4742627
5.5848804
5.3795047
5.6336565
5.6560616
5.5059514
5.6007633
train_time
0.27641260000000045
0.28172870000000216
0.28060460000000376
0.277406600000063
0.2771351000000095
0.2714266000000407
0.2702895999999555
0.2778292999998939


