================================================================================
=== payoff network
train_time
28.961268099999998
35.79921689999999
10.060813800000005
38.446216400000026
35.11669129999996
39.37167899999997
34.06160120000004
34.18897920000006


================================================================================
=== twin network
train_time
30.606350499999998
50.92389899999998
45.011335599999995
43.5622535
43.76978380000003
55.30299969999999
41.2537092
41.32785239999998


================================================================================
=== adjoint network
train_time
39.861764199999996
38.260703199999995
35.58859720000004
35.3674762
35.35540859999992
44.41943140000001
34.64381700000001
36.26287530000002


================================================================================
=== continuous-time
test_risk
7.279248
8.060473
8.040501
8.273735
9.774923
8.79175
8.905233
7.953785
test_wealth_with_price_abs_mean
0.6863369
0.9187206
0.9136523
0.91815364
1.1056765
0.8600636
0.85132194
0.89697295
test_wealth_with_price_variance
0.786064
1.4665382
1.4511875
1.446453
2.1165586
1.2361523
1.2094009
1.3855306
price
5.2449665
5.190962
5.190468
5.4376755
6.3324356
6.217346
6.3851147
5.1717052
train_time
0.34943210000000136
0.3077335999999775
0.3095385000000306
0.3288642999999638
0.3088696999999456
0.30450039999993805
0.31391100000007555
0.3186068999999634


================================================================================
=== payoff network
test_risk
7.4259224
8.214319
7.9939275
8.463775
9.987885
9.037888
9.271817
7.957558
test_wealth_with_price_abs_mean
0.7822347
1.0394224
1.0691855
0.98546576
1.193813
0.96000755
0.9695992
0.92068046
test_wealth_with_price_variance
0.9854619
1.7943593
1.8574075
1.6451226
2.4287107
1.5123398
1.5476602
1.4479619
price
5.2449665
5.190962
5.190468
5.4376755
6.3324356
6.217346
6.3851147
5.1717052
train_time
0.3153294000000102
0.2888987000000043
0.2883252999999968
0.28044080000000804
0.27824120000002495
0.27641799999992145
0.2678710999999794
0.28030309999996916


================================================================================
=== twin network
test_risk
7.313985
8.006421
8.083428
8.305721
9.755727
8.807769
8.987607
7.974988
test_wealth_with_price_abs_mean
0.7089923
0.92762995
0.91407126
0.92763895
1.1017622
0.8679056
0.86433774
0.90044135
test_wealth_with_price_variance
0.8261446
1.4734573
1.4541587
1.4643396
2.1048932
1.252209
1.2423227
1.3943915
price
5.2449665
5.190962
5.190468
5.4376755
6.3324356
6.217346
6.3851147
5.1717052
train_time
0.29519880000000853
0.3054144999999835
0.3329329999999686
0.2770055999999954
0.3031222000000753
0.27206090000004224
0.2783140999999887
0.27383990000009817


================================================================================
=== adjoint network
test_risk
7.3207836
8.053408
8.171316
8.343887
9.769275
8.871013
8.979421
8.025613
test_wealth_with_price_abs_mean
0.7044509
0.9293469
0.91858685
0.9394897
1.1093286
0.879616
0.8588781
0.9030209
test_wealth_with_price_variance
0.8195586
1.4832782
1.4758893
1.4917711
2.120185
1.2829472
1.2318866
1.404153
price
5.2449665
5.190962
5.190468
5.4376755
6.3324356
6.217346
6.3851147
5.1717052
train_time
0.2980443999999949
0.2838723999999786
0.329117999999994
0.285804799999994
0.28815369999995255
0.2764117000000397
0.27643350000005285
0.2993838999999525


