================================================================================
=== payoff network
train_time
33.564444099999996
33.6643359
34.23716440000004
34.143189199999995
34.557587799999965
33.2723211
33.307870399999956
21.37396130000002


================================================================================
=== twin network
train_time
41.2567414
42.402659099999994
41.63174759999998
41.0493682
41.542787700000076
42.10546690000001
44.3967341
26.049088100000063


================================================================================
=== adjoint network
train_time
33.899985099999995
35.0363112
33.64187169999997
34.54200850000001
34.63869599999998
34.326034100000015
35.81534209999995
34.93004959999996


================================================================================
=== continuous-time
test_risk
6.947256
6.5292997
6.7938857
6.4727407
7.271845
7.5185404
6.9928555
6.975087
test_wealth_with_price_abs_mean
0.47661173
0.45136
0.47293985
0.45354542
0.51216733
0.55444896
0.5174598
0.5051837
test_wealth_with_price_variance
0.36529005
0.32763505
0.36030674
0.3317405
0.42287466
0.49842492
0.43279263
0.41244262
price
5.611563
5.258772
5.460418
5.189394
5.8220344
5.932977
5.508175
5.5449286
train_time
0.327173099999996
0.2833067999999912
0.30452110000004495
0.2885003000000097
0.28715760000000046
0.2995167000000265
0.2999263000000383
0.29094030000010207


================================================================================
=== payoff network
test_risk
7.351673
6.8304515
7.0895586
6.7567773
7.8144407
7.8708086
7.3530583
7.339366
test_wealth_with_price_abs_mean
0.6274974
0.5711792
0.59595394
0.5714692
0.72942483
0.7067213
0.6596588
0.63986945
test_wealth_with_price_variance
0.62757844
0.5175221
0.5634455
0.51789635
0.8789467
0.7935605
0.6940873
0.65279174
price
5.611563
5.258772
5.460418
5.189394
5.8220344
5.932977
5.508175
5.5449286
train_time
0.2734026000000114
0.26559349999999426
0.2755180999999993
0.27636530000000903
0.27593979999994644
0.26892020000002503
0.27454199999999673
0.2720580999999811


================================================================================
=== twin network
test_risk
6.9538326
6.5425916
6.7963166
6.4821854
7.3155985
7.524619
7.0066495
7.0080414
test_wealth_with_price_abs_mean
0.48439702
0.460612
0.48129767
0.4607686
0.54218966
0.5623939
0.5270052
0.51488405
test_wealth_with_price_variance
0.37591767
0.3399717
0.37147516
0.3411277
0.46602377
0.5107485
0.44744456
0.42743877
price
5.611563
5.258772
5.460418
5.189394
5.8220344
5.932977
5.508175
5.5449286
train_time
0.2740039999999908
0.2697129000000018
0.272027899999955
0.26600380000002133
0.2691512999999759
0.2660364999999274
0.27217929999994794
0.2752354000000423


================================================================================
=== adjoint network
test_risk
6.9702954
6.5599823
6.794504
6.505623
7.3129387
7.5213885
7.020867
7.0153184
test_wealth_with_price_abs_mean
0.49210912
0.47017094
0.48588023
0.46725708
0.538168
0.56975836
0.5297669
0.5217895
test_wealth_with_price_variance
0.38664126
0.35247782
0.37684944
0.35004434
0.46108454
0.52074796
0.45202452
0.4365952
price
5.611563
5.258772
5.460418
5.189394
5.8220344
5.932977
5.508175
5.5449286
train_time
0.2678472000000056
0.2680225000000007
0.26924890000003643
0.27805750000004537
0.2679373000000851
0.2675676000000067
0.26570300000003044
0.2683837999999241


