================================================================================
=== payoff network
train_time
35.025367800000005
33.738060399999995
33.902593199999956
35.69915130000004
33.94741869999996
33.196970599999986
33.79204750000008
33.73966989999997


================================================================================
=== twin network
train_time
41.9957941
41.39262449999998
41.40374489999999
41.92926440000002
41.478095099999905
42.37832219999996
42.11339439999995
43.529167700000016


================================================================================
=== adjoint network
train_time
38.19693380000001
34.540396800000025
33.36555340000001
34.58157840000001
34.20831980000003
37.26285059999998
35.94448969999996
35.310703099999955


================================================================================
=== continuous-time
test_risk
6.9002647
7.1341386
7.018654
6.60091
6.965727
7.710014
7.351114
7.628525
test_wealth_with_price_abs_mean
0.53370655
0.58529294
0.53017414
0.5474907
0.5192555
0.6558059
0.5849311
0.6139546
test_wealth_with_price_variance
0.46290368
0.56074125
0.45535728
0.48906812
0.43608862
0.7036835
0.557518
0.61458737
price
5.3759727
5.433571
5.50617
5.017909
5.491011
5.8054786
5.671489
5.853714
train_time
0.33389599999999575
0.3101194999999848
0.29945449999996754
0.3187376999999856
0.29382379999992736
0.2953396000000339
0.2908985000000257
0.2947570999999698


================================================================================
=== payoff network
test_risk
7.119805
7.3298635
7.300528
6.9096675
7.244477
8.059154
7.685769
7.8555665
test_wealth_with_price_abs_mean
0.65520626
0.69645756
0.6619528
0.6724581
0.6481336
0.80126023
0.702289
0.721836
test_wealth_with_price_variance
0.68049854
0.7733862
0.69568
0.71901387
0.66544354
1.0252588
0.7895999
0.8307853
price
5.3759727
5.433571
5.50617
5.017909
5.491011
5.8054786
5.671489
5.853714
train_time
0.28407299999999225
0.2758491999999819
0.2748834999999872
0.275004899999999
0.2847560999999814
0.2854359000000386
0.2748353000000634
0.2742058999999699


================================================================================
=== twin network
test_risk
6.89904
7.1699977
7.0221357
6.612735
6.9725814
7.7190127
7.3748255
7.6529512
test_wealth_with_price_abs_mean
0.5409634
0.5983643
0.54077905
0.55553055
0.5374626
0.66707706
0.5951878
0.6242
test_wealth_with_price_variance
0.47296822
0.583095
0.47053418
0.501395
0.46092656
0.72260463
0.5739892
0.6324044
price
5.3759727
5.433571
5.50617
5.017909
5.491011
5.8054786
5.671489
5.853714
train_time
0.27274810000000116
0.2866158000000212
0.2789397999999892
0.27771470000004683
0.27290080000000216
0.27287890000002335
0.2867995999999948
0.27588409999998476


================================================================================
=== adjoint network
test_risk
6.9326077
7.193629
7.041537
6.644921
7.008126
7.73062
7.395179
7.7006946
test_wealth_with_price_abs_mean
0.5461563
0.60295916
0.54533017
0.56042975
0.5479727
0.6697945
0.5982151
0.6320607
test_wealth_with_price_variance
0.4817954
0.5914088
0.47778398
0.51074505
0.47784123
0.7273664
0.57921094
0.6495064
price
5.3759727
5.433571
5.50617
5.017909
5.491011
5.8054786
5.671489
5.853714
train_time
0.28224570000000426
0.27510420000001545
0.2768194999999878
0.2724876999999992
0.2738743999999542
0.27855890000000727
0.2792116000000533
0.27185339999994085


