================================================================================
=== twin network
train_time
39.2775841
41.0261907
40.17588710000001
40.694735299999934
40.51978980000001
39.999216299999944
40.76149459999999
41.59093239999993
41.947433000000046
41.92095050000012
41.11843829999998
41.11107609999999
25.702840899999956
41.23509530000001
42.94845579999992
40.53454300000021


================================================================================
=== continuous-time
train_risk
6.9393754
6.693091
6.582639
6.7872224
6.8088026
6.970949
6.6577086
6.8828406
6.7842927
6.963389
6.7089868
6.713858
6.8095694
6.7348113
6.7675896
6.7769012
test_risk
6.9340506
6.6838055
6.580165
6.787519
6.811562
6.965282
6.648917
6.884472
6.7772875
6.9613204
6.7036653
6.7043705
6.8125653
6.7289057
6.7699037
6.7786922
test_mean_value
0.41700208
0.4145933
0.4220818
0.42700693
0.42147386
0.42423406
0.41617966
0.3960426
0.41719228
0.41771436
0.41402206
0.41352808
0.41340938
0.40927163
0.41738215
0.42767605
test_mean_abs_value
2.6308897
1.7752612
2.247232
2.5265412
1.9569683
2.3165612
2.450839
3.0040505
2.4423103
1.8602511
2.14632
2.704921
2.1347337
2.397478
2.451185
3.0777423
test_variance_value
11.269429
5.6975584
8.272322
11.023792
6.323313
8.857733
9.820792
15.49777
10.066712
5.822569
8.020563
12.304798
7.6462727
9.777689
10.49717
16.201605
test_mean_costs
1.0849451
1.0842304
1.0843133
1.0845351
1.084338
1.0851032
1.0840669
1.0848646
1.0844005
1.0843418
1.0846398
1.084757
1.0847692
1.0850335
1.084248
1.0843396
test_mean_abs_costs
1.0849451
1.0842304
1.0843133
1.0845351
1.084338
1.0851032
1.0840669
1.0848646
1.0844005
1.0843418
1.0846398
1.084757
1.0847692
1.0850335
1.084248
1.0843396
test_variance_costs
0.049868844
0.03726656
0.032884702
0.042676244
0.043372866
0.051228255
0.036047515
0.0475098
0.041465033
0.05126564
0.03859136
0.038413513
0.043767396
0.039131667
0.04112743
0.041749585
test_mean_wealth
-5.318549
-5.3169827
-5.317646
-5.3192606
-5.317887
-5.3193884
-5.314288
-5.3191843
-5.316846
-5.3182054
-5.318014
-5.318006
-5.318177
-5.3195977
-5.3170996
-5.317232
test_mean_abs_wealth
5.318549
5.3169827
5.317646
5.3192606
5.317887
5.3193884
5.314288
5.3191843
5.316846
5.3182054
5.318014
5.318006
5.318177
5.3195977
5.3170996
5.317232
test_variance_wealth
0.45137736
0.3365524
0.29415348
0.3847832
0.3914643
0.46117082
0.3261272
0.4290479
0.37531835
0.46512878
0.3502675
0.3456981
0.395678
0.35593763
0.37447685
0.37247983
test_wealth_with_price_abs_mean
1.1014397
1.0912439
1.0896584
1.0968583
1.0957531
1.1031893
1.0882909
1.1009871
1.093492
1.1029216
1.093465
1.0929283
1.097025
1.0950831
1.0937965
1.0935861
test_wealth_with_price_variance
0.45137736
0.3365524
0.29415348
0.3847832
0.3914643
0.46117082
0.3261272
0.4290479
0.37531835
0.46512878
0.3502675
0.3456981
0.395678
0.35593763
0.37447685
0.37247983
price
4.232155
4.232155
4.232155
4.232155
4.232155
4.232155
4.232155
4.232155
4.232155
4.232155
4.232155
4.232155
4.232155
4.232155
4.232155
4.232155
train_time
4.503928700000003
4.3478118000000165
3.4403179999999907
4.809792499999958
2.384686399999964
2.36729820000005
4.816263100000015
6.153923300000088
3.400195599999961
3.751150900000084
4.137144799999987
2.723625699999957
3.095870599999671
2.422977400000036
4.863333400000101
2.7356501999997818


================================================================================
=== continuous time feature map
train_risk
5.540621
5.971588
6.112642
5.332381
6.17475
6.4076796
6.221307
6.3269897
6.307188
6.3014307
6.1918597
6.1594577
5.1920624
6.2321877
4.6539335
6.3287888
test_risk
5.5355287
5.9707823
6.115862
5.3317504
6.173328
6.4057617
6.227085
6.3351717
6.3066115
6.30656
6.2015176
6.154236
5.2050867
6.2274914
4.6591043
6.331483
test_mean_value
1.4230922
0.7811084
0.45412132
1.4569272
0.60317516
0.48842174
0.4378809
0.44404164
0.43705615
0.6015615
0.4787151
0.5226661
1.7122824
0.45952845
2.2002397
0.43917295
test_mean_abs_value
2.71926
1.7829229
2.2040443
2.6226466
1.9135319
2.238011
2.4007158
2.9463792
2.3900485
1.7969968
2.088048
2.6512241
2.4377565
2.3406866
2.9156542
3.0482616
test_variance_value
11.403676
5.4893875
7.888191
11.18506
5.8700213
8.201748
9.351463
14.785207
9.563686
5.2740827
7.494571
11.734302
8.147331
9.229738
11.8764
15.668149
test_mean_costs
0.4206028
0.59391
0.6836851
0.43860662
0.67264944
0.7144283
0.72000206
0.6979332
0.7088307
0.67073274
0.6886575
0.6763441
0.34797147
0.6950979
0.34266147
0.72494984
test_mean_abs_costs
0.4206028
0.59391
0.6836851
0.43860662
0.67264944
0.7144283
0.72000206
0.6979332
0.7088307
0.67073274
0.6886575
0.6763441
0.34797147
0.6950979
0.34266147
0.72494984
test_variance_costs
0.0047817337
0.00661732
0.00873256
0.005047603
0.013016204
0.0165042
0.01020271
0.0145253595
0.012542343
0.014137527
0.010749819
0.009909327
0.0028311226
0.010805784
0.004317437
0.013237798
test_mean_wealth
-3.6481166
-4.4601474
-4.8849783
-3.6434116
-4.7244973
-4.884526
-4.928522
-4.884254
-4.9214125
-4.720749
-4.857339
-4.800455
-3.2825062
-4.8794055
-2.7926552
-4.946346
test_mean_abs_wealth
3.6483505
4.4601474
4.8849783
3.6437278
4.7244973
4.884526
4.928522
4.884254
4.9214125
4.720749
4.857339
4.800455
3.2835047
4.8794055
2.8019865
4.946346
test_variance_wealth
0.8160567
0.52656776
0.33558595
0.643885
0.44381064
0.49861276
0.3659547
0.46572223
0.40733597
0.5646533
0.4014197
0.40918902
0.8772025
0.39920744
0.8041443
0.40429658
test_wealth_with_price_abs_mean
0.8672282
0.60628664
0.7237958
0.8039441
0.6614106
0.78053063
0.7659466
0.7714303
0.7717368
0.7186357
0.7290836
0.69569856
1.0981555
0.74243957
1.4822022
0.7884531
test_wealth_with_price_variance
0.8160567
0.52656776
0.33558595
0.643885
0.44381064
0.49861276
0.3659547
0.46572223
0.40733597
0.5646533
0.4014197
0.40918902
0.8772025
0.39920744
0.8041443
0.40429658
price
4.232155
4.232155
4.232155
4.232155
4.232155
4.232155
4.232155
4.232155
4.232155
4.232155
4.232155
4.232155
4.232155
4.232155
4.232155
4.232155
train_time
17.8438721
13.785602400000016
14.883364700000016
17.5435983000001
21.801137800000106
18.175048199999992
12.191668200000095
17.885878000000048
15.017318599999953
15.91587370000002
14.112557400000014
17.971495699999878
18.012465099999645
14.106616399999893
24.028494299999693
13.08173459999989


================================================================================
=== deep network
train_risk
6.3291
7.3785453
6.4303308
6.108661
7.0727105
6.485025
6.349513
7.666538
7.5787296
7.4291153
7.4292774
6.4483514
6.129532
6.3894205
5.692421
6.430301
test_risk
6.318648
7.3822317
6.4432645
6.105747
7.07548
6.4879217
6.3643823
7.670177
7.5803123
7.4409633
7.4465685
6.447564
6.134877
6.3917646
5.697179
6.4406447
test_mean_value
1.517392
1.8890296
0.45334888
1.6109458
0.7657102
0.48319036
0.43716982
0.45303616
0.45145673
0.64179283
0.50964636
0.6030901
2.1034079
0.45962027
1.8773639
0.43616408
test_mean_abs_value
2.769015
2.758393
2.132225
2.5973487
1.9115201
2.1832545
2.3521066
2.913663
2.378601
1.818178
2.0320325
2.6297724
2.7161124
2.292538
2.7503946
2.9949248
test_variance_value
11.686941
9.17284
7.483177
10.798792
5.8776355
7.916998
9.087194
14.475269
9.666938
5.462877
7.2074056
11.66347
8.932187
8.971884
11.515068
15.267626
test_mean_costs
0.9938852
0.48956797
0.6932619
0.8834536
1.0302374
0.7527943
0.7466227
1.2465816
1.0500969
1.1564705
1.1266712
0.64933246
0.9606721
0.7290096
0.97116965
0.7183832
test_mean_abs_costs
0.9938852
0.48956797
0.6932619
0.8834536
1.0302374
0.7527943
0.7466227
1.2465816
1.0500969
1.1564705
1.1266712
0.64933246
0.9606721
0.7290096
0.97116965
0.7183832
test_variance_costs
0.0145904785
0.0074178735
0.0074517983
0.011852861
0.01876995
0.014627967
0.0095902
0.024243347
0.024764037
0.021863181
0.023331795
0.007387577
0.010661441
0.010343065
0.018311663
0.011045438
test_mean_wealth
-4.127099
-3.247884
-4.8953276
-3.93424
-4.91955
-4.9281235
-4.955854
-5.4239078
-5.248278
-5.1662555
-5.2644215
-4.6930194
-3.5040815
-4.913225
-3.7440393
-4.942788
test_mean_abs_wealth
4.1271996
3.3283901
4.8953276
3.934842
4.91955
4.9281235
4.955854
5.4239078
5.248278
5.1662555
5.2644215
4.6930194
3.5080116
4.913225
3.7446544
4.942788
test_variance_wealth
1.1063027
3.9432771
0.5365323
1.0554818
0.98315346
0.5764921
0.460015
1.0902319
1.1178162
1.1416955
0.98524576
0.7262827
1.6002997
0.50983
0.8218318
0.5304141
test_wealth_with_price_abs_mean
0.8427849
1.779937
0.8039318
0.8516811
0.9610117
0.8452555
0.8229386
1.3119053
1.1859553
1.1480715
1.1676221
0.77842796
1.169728
0.8106974
0.8276325
0.83928365
test_wealth_with_price_variance
1.1063027
3.9432771
0.5365323
1.0554818
0.98315346
0.5764921
0.460015
1.0902319
1.1178162
1.1416955
0.98524576
0.7262827
1.6002997
0.50983
0.8218318
0.5304141
price
4.232155
4.232155
4.232155
4.232155
4.232155
4.232155
4.232155
4.232155
4.232155
4.232155
4.232155
4.232155
4.232155
4.232155
4.232155
4.232155
train_time
47.280161199999995
43.25788129999998
129.30974400000002
47.06513080000002
47.25317389999998
96.2763761
119.54972580000003
47.81066390000001
51.57257670000013
47.74531000000002
48.151734700000134
107.38300329999993
49.47830799999974
137.98250570000027
48.4215479999998
162.41432680000025


================================================================================
=== twin network feature map
train_risk
5.631628
5.9995193
6.1254134
5.2996397
6.1867814
6.4154873
6.2282014
6.341964
6.31707
6.317289
6.2092443
6.176771
5.192537
6.253195
4.6302433
6.337517
test_risk
5.6252756
5.999558
6.1285224
5.297356
6.1834497
6.413896
6.2339654
6.3502274
6.314202
6.3220634
6.2197022
6.1726546
5.2039948
6.250569
4.6347113
6.3404117
test_mean_value
1.18008
0.7912295
0.45416743
1.5875341
0.62099653
0.48598954
0.43577754
0.44411266
0.43696266
0.60161376
0.48083934
0.52435964
1.7249017
0.46023583
2.2241347
0.43529117
test_mean_abs_value
2.627868
1.7983086
2.208762
2.6760552
1.9166275
2.2293177
2.3881009
2.9448812
2.3904288
1.7998574
2.1034815
2.657137
2.4419496
2.3453767
2.9221833
3.025141
test_variance_value
10.970529
5.572672
7.9063525
11.451166
5.8710537
8.177517
9.266581
14.790792
9.563942
5.2983646
7.574526
11.766693
8.160083
9.258886
11.938689
15.506319
test_mean_costs
0.4742481
0.5916263
0.68646044
0.40118805
0.6680279
0.7192927
0.71856004
0.7051875
0.7170167
0.6780244
0.69350415
0.68137586
0.34554845
0.7036943
0.3538652
0.72590625
test_mean_abs_costs
0.4742481
0.5916263
0.68646044
0.40118805
0.6680279
0.7192927
0.71856004
0.7051875
0.7170167
0.6780244
0.69350415
0.68137586
0.34554845
0.7036943
0.3538652
0.72590625
test_variance_costs
0.004630314
0.005904515
0.00799937
0.004040895
0.01143925
0.013965588
0.009366932
0.013101886
0.011824694
0.012640308
0.009776972
0.008914376
0.0024859286
0.009842645
0.004440542
0.01173725
test_mean_wealth
-3.9447742
-4.4477425
-4.8877077
-3.4753861
-4.702054
-4.8918223
-4.9291835
-4.891437
-4.929692
-4.7279882
-4.860061
-4.8037934
-3.267464
-4.8872943
-2.779964
-4.951184
test_mean_abs_wealth
3.9447932
4.4477425
4.8877077
3.476372
4.702054
4.8918223
4.9291835
4.891437
4.929692
4.7279882
4.860061
4.8037934
3.268577
4.8872943
2.7905836
4.951184
test_variance_wealth
0.6529398
0.55234724
0.3421593
0.7541042
0.46598396
0.5120344
0.3714817
0.47375944
0.41093755
0.5743841
0.4108185
0.42074862
0.8923228
0.40674648
0.81525135
0.41248003
test_wealth_with_price_abs_mean
0.6851618
0.61640745
0.72851866
0.93898886
0.660243
0.7925798
0.76901764
0.77986836
0.77993083
0.7270137
0.73456925
0.70285994
1.1120069
0.7501399
1.4925008
0.7959787
test_wealth_with_price_variance
0.6529398
0.55234724
0.3421593
0.7541042
0.46598396
0.5120344
0.3714817
0.47375944
0.41093755
0.5743841
0.4108185
0.42074862
0.8923228
0.40674648
0.81525135
0.41248003
price
4.232155
4.232155
4.232155
4.232155
4.232155
4.232155
4.232155
4.232155
4.232155
4.232155
4.232155
4.232155
4.232155
4.232155
4.232155
4.232155
train_time
17.66679590000001
14.319329600000003
14.859824099999969
16.503240400000095
14.74394540000003
15.814134099999933
13.89427139999998
17.870928699999922
14.857055200000104
15.961821200000031
17.019224500000064
18.01710939999998
18.540536500000144
14.155516499999976
23.969544600000063
13.286764200000107


