================================================================================
=== twin network
train_time
41.091856799999995
41.73537640000001
41.202110800000014
43.87471730000004
42.35815500000001
41.71187280000004
43.427354199999854
43.101927799999885


================================================================================
=== continuous-time
test_risk
37.801792
14.673059
28.037975
18.215395
29.228195
-14.44094
20.724836
44.2116
test_wealth_with_price_abs_mean
6.106071
6.096134
5.1020007
4.517542
5.0915365
6.4535027
5.4592614
5.824182
test_wealth_with_price_variance
13.588875
7.919951
6.9997945
4.566373
8.566253
10.990368
9.685795
14.50024
price
22.883244
1.7000563
16.828268
8.616197
17.16262
-27.514538
7.768195
29.23801
train_time
3.1572809000000035
3.8128097000000025
4.399975299999994
4.426011399999993
4.4940941999999495
2.2170778000000837
4.41639669999995
4.707981600000039


================================================================================
=== continuous time feature map
test_risk
34.385166
11.535492
24.911203
16.46913
27.744293
-16.051672
11.3695
37.52119
test_wealth_with_price_abs_mean
4.120576
4.07827
2.983348
3.075444
4.247074
5.1407695
3.5575356
3.0292287
test_wealth_with_price_variance
15.604935
10.871186
6.969556
5.728447
9.004375
14.715754
20.701502
13.5642
price
22.883244
1.7000563
16.828268
8.616197
17.16262
-27.514538
7.768195
29.23801
train_time
11.642963099999996
24.343020000000024
15.943198600000017
14.769654400000036
20.44091830000002
27.258520899999894
21.62080540000011
17.26699069999995


================================================================================
=== deep network
test_risk
35.398174
11.366742
24.766323
16.590147
27.855158
-16.176363
10.8559885
36.57701
test_wealth_with_price_abs_mean
4.509513
4.0142493
3.021496
3.356658
4.3498707
5.1942015
3.1903617
2.7502375
test_wealth_with_price_variance
17.761318
12.88924
7.2411914
10.949073
10.265899
15.096644
10.639304
9.700296
price
22.883244
1.7000563
16.828268
8.616197
17.16262
-27.514538
7.768195
29.23801
train_time
48.78003270000001
101.92090290000002
127.55438639999994
83.18019340000001
89.08569050000006
112.16666359999999
95.19657460000008
77.10493380000003


================================================================================
=== twin network feature map
test_risk
34.403625
11.556394
24.99904
16.530506
27.867344
-16.033192
11.554617
37.496063
test_wealth_with_price_abs_mean
4.139005
4.091048
2.9989955
3.1085505
4.260394
5.147142
3.685375
3.0314517
test_wealth_with_price_variance
15.8410425
11.197244
7.084565
5.8446302
9.2251
14.820169
22.329142
13.518817
price
22.883244
1.7000563
16.828268
8.616197
17.16262
-27.514538
7.768195
29.23801
train_time
11.205889100000007
24.8744734
16.35943379999992
14.777699299999995
20.43455999999992
26.009028599999965
21.8030397
17.20887259999995


