================================================================================
=== twin network
train_time
40.8753064
26.181437000000017
40.120609
12.450109699999985
39.008145600000034
11.407046400000013
11.050892900000008
11.60109539999985
12.254942300000039
39.59232500000007
39.60381149999989
12.307601500000146
11.495288700000174
13.432600800000046
10.668136399999867
11.993270699999812


================================================================================
=== continuous-time
train_risk
8.084182
8.078508
8.09019
8.09667
8.0811405
8.0891285
8.0917
8.074421
8.083983
8.091798
8.078626
8.096374
8.089188
8.0837
8.07728
8.081777
test_risk
8.074218
8.066321
8.085121
8.089026
8.080078
8.096521
8.081575
8.0804205
8.073543
8.069157
8.080787
8.086496
8.088412
8.087945
8.09151
8.0758
test_mean_value
0.41757137
0.39904565
0.42745647
0.40686995
0.41555676
0.39297906
0.42074382
0.40750414
0.43209323
0.43474826
0.3987954
0.3952595
0.40165016
0.41010338
0.43828633
0.4203164
test_mean_abs_value
4.9944644
4.9707747
4.9988623
4.9814634
4.9864025
4.9743495
4.9797444
4.9936333
4.9917717
4.99813
4.981787
4.973023
4.972769
4.9894223
4.999063
4.9900064
test_variance_value
43.18099
42.70286
43.40332
42.881058
42.982994
42.816837
42.869358
43.18246
43.02853
43.226906
42.817448
42.725872
42.779987
43.081314
43.16387
43.061375
test_mean_costs
1.083671
1.0847874
1.0852562
1.0846606
1.0844494
1.0867041
1.0851012
1.0844655
1.083437
1.0830522
1.0835999
1.0845226
1.0857116
1.0844218
1.0839576
1.0836437
test_mean_abs_costs
1.083671
1.0847874
1.0852562
1.0846606
1.0844494
1.0867041
1.0851012
1.0844655
1.083437
1.0830522
1.0835999
1.0845226
1.0857116
1.0844218
1.0839576
1.0836437
test_variance_costs
0.1334905
0.13282597
0.13373873
0.13357647
0.13344611
0.13350001
0.1337226
0.13311364
0.13355945
0.13336778
0.13290547
0.13291891
0.1331145
0.13346477
0.13367257
0.13326447
test_mean_wealth
-5.3161488
-5.31703
-5.3179026
-5.320126
-5.3193035
-5.320769
-5.319385
-5.317996
-5.314701
-5.3161993
-5.3167233
-5.3152127
-5.3207593
-5.3175044
-5.3187428
-5.316742
test_mean_abs_wealth
5.3161488
5.31703
5.3179026
5.320126
5.3193035
5.320769
5.319385
5.317996
5.314701
5.3161993
5.3167233
5.3152127
5.3207593
5.3175044
5.3187428
5.316742
test_variance_wealth
1.1776801
1.1759313
1.1826707
1.1830772
1.1804402
1.1884164
1.1831677
1.1811764
1.1800675
1.1739675
1.180986
1.1862154
1.1835244
1.1816022
1.1844519
1.1772153
test_wealth_with_price_abs_mean
1.206808
1.2074904
1.2087038
1.2112418
1.2098302
1.2114142
1.2096885
1.2085019
1.206519
1.2057899
1.206829
1.2075621
1.2110507
1.2076476
1.2083836
1.2071913
test_wealth_with_price_variance
1.1776801
1.1759313
1.1826707
1.1830772
1.1804402
1.1884164
1.1831677
1.1811764
1.1800675
1.1739675
1.180986
1.1862154
1.1835244
1.1816022
1.1844519
1.1772153
price
4.232155
4.232155
4.232155
4.232155
4.232155
4.232155
4.232155
4.232155
4.232155
4.232155
4.232155
4.232155
4.232155
4.232155
4.232155
4.232155
train_time
2.267268299999998
2.2867360999999846
2.656797200000028
2.4990777999999523
2.4930477000000337
1.7073442000000796
2.6973355000000083
1.7094285000000582
1.7023876999999175
1.5246457000000646
1.6817422000001443
1.481199800000013
1.7059231000000636
2.0791169999999966
2.4576872000002368
2.074692900000173


================================================================================
=== continuous time feature map
train_risk
7.3373394
7.3674445
7.3569956
7.354566
7.3330398
7.3910933
7.3471103
7.342504
7.4111834
7.413189
7.3341465
7.3596516
7.34359
7.411297
7.4579167
7.3740745
test_risk
7.3362756
7.36348
7.3531256
7.3402376
7.327255
7.390677
7.3436184
7.3350263
7.406872
7.406205
7.343435
7.345463
7.3497996
7.411941
7.470253
7.371558
test_mean_value
0.42128232
0.40057257
0.43186623
0.41039637
0.42134115
0.40773177
0.4283493
0.4115704
0.43467045
0.4422874
0.40183237
0.4002398
0.40705207
0.42163208
0.44365767
0.42232966
test_mean_abs_value
4.909287
4.8335586
4.8961887
4.874041
4.8908353
4.9443555
4.9030905
4.898618
4.8824053
4.9758587
4.883035
4.857049
4.8710504
4.984688
4.91461
4.8822293
test_variance_value
40.92768
39.667683
40.87091
40.300552
40.586323
41.472046
40.802032
40.76646
40.466976
42.002716
40.38507
40.040546
40.25532
42.263348
40.890926
40.433716
test_mean_costs
0.75993174
0.7676257
0.76828855
0.76574355
0.75762117
0.76848084
0.76789373
0.76392263
0.77968836
0.79540426
0.75962985
0.763393
0.7653964
0.7950135
0.8056868
0.7785615
test_mean_abs_costs
0.75993174
0.7676257
0.76828855
0.76574355
0.75762117
0.76848084
0.76789373
0.76392263
0.77968836
0.79540426
0.75962985
0.763393
0.7653964
0.7950135
0.8056868
0.7785615
test_variance_costs
0.0518733
0.049860366
0.050629966
0.051186986
0.052149557
0.049200464
0.051809005
0.053730924
0.052746624
0.04691247
0.05144051
0.050674815
0.05258341
0.05170602
0.0465023
0.049681235
test_mean_wealth
-4.9886985
-4.9983416
-4.996525
-4.9976826
-4.986691
-4.987793
-4.994572
-4.993387
-5.008375
-5.0210123
-4.989716
-4.989103
-4.9950423
-5.016567
-5.0351005
-5.0096464
test_mean_abs_wealth
4.9886985
4.9983416
4.996525
4.9976826
4.986691
4.987793
4.994572
4.993387
5.008375
5.0210123
4.989716
4.989103
4.9950423
5.016567
5.0351005
5.0096464
test_variance_wealth
1.1863481
1.2125853
1.1961099
1.1944188
1.1848931
1.225415
1.1831897
1.1804011
1.2148957
1.2154312
1.1901885
1.2003293
1.1950059
1.189697
1.2745423
1.2088493
test_wealth_with_price_abs_mean
1.0659928
1.0792072
1.0729673
1.0739131
1.0641738
1.0732692
1.0667738
1.0664197
1.0814022
1.0883173
1.0672442
1.0707244
1.071506
1.0754839
1.1123953
1.0840033
test_wealth_with_price_variance
1.1863481
1.2125853
1.1961099
1.1944188
1.1848931
1.225415
1.1831897
1.1804011
1.2148957
1.2154312
1.1901885
1.2003293
1.1950059
1.189697
1.2745423
1.2088493
price
4.232155
4.232155
4.232155
4.232155
4.232155
4.232155
4.232155
4.232155
4.232155
4.232155
4.232155
4.232155
4.232155
4.232155
4.232155
4.232155
train_time
6.866907499999996
5.50311240000002
6.366116099999999
7.508388999999966
9.62263449999989
4.287473000000091
6.460946599999943
9.769368299999996
4.300215499999922
4.718690999999808
7.318540199999916
6.854056899999932
6.148305700000037
5.205803600000081
5.187554399999954
5.151350799999818


================================================================================
=== deep network
train_risk
7.2340264
7.195513
7.1986737
7.186007
7.189184
7.195833
7.247062
7.193655
7.2308006
7.2412777
7.200997
7.196242
7.2307954
7.190471
7.243321
7.185913
test_risk
7.2334776
7.190795
7.194549
7.179584
7.1896944
7.198846
7.250027
7.1883316
7.22904
7.2352057
7.214791
7.19464
7.235018
7.1958294
7.2513046
7.190857
test_mean_value
0.41847157
0.40388718
0.43155503
0.40998513
0.41893417
0.40011406
0.42478794
0.4097315
0.43059328
0.43555152
0.4001133
0.4000849
0.40232927
0.411904
0.441727
0.42071927
test_mean_abs_value
4.816766
4.805492
4.8230157
4.805968
4.811118
4.802508
4.8075657
4.818545
4.7670307
4.824973
4.8069177
4.7950115
4.7528024
4.8170295
4.8536963
4.8169436
test_variance_value
40.189976
39.957294
40.30693
39.909985
40.00997
39.913727
40.032204
40.191517
39.407005
40.176296
39.89644
39.70461
39.174896
40.112682
40.68732
40.089157
test_mean_costs
0.7604343
0.74479955
0.7458814
0.7406643
0.749901
0.74444056
0.7723909
0.75382185
0.76955235
0.7569442
0.75021344
0.7377808
0.7656048
0.73903793
0.77065235
0.74169904
test_mean_abs_costs
0.7604343
0.74479955
0.7458814
0.7406643
0.749901
0.74444056
0.7723909
0.75382185
0.76955235
0.7569442
0.75021344
0.7377808
0.7656048
0.73903793
0.77065235
0.74169904
test_variance_costs
0.033986147
0.032451663
0.03313564
0.032730885
0.03334982
0.03404473
0.03435164
0.03545491
0.035696063
0.03344715
0.03251407
0.0320546
0.03448496
0.032987937
0.03304807
0.032157797
test_mean_wealth
-4.992012
-4.972201
-4.974429
-4.973015
-4.981378
-4.97137
-5.0026307
-4.985125
-5.0023165
-4.989288
-4.982019
-4.9636455
-4.999974
-4.9703197
-5.001997
-4.9743943
test_mean_abs_wealth
4.992012
4.972201
4.974429
4.973015
4.981378
4.97137
5.0026307
4.985125
5.0023165
4.989288
4.982019
4.9636455
4.999974
4.9703197
5.001997
4.9743943
test_variance_wealth
1.374923
1.3699507
1.3856792
1.3824182
1.3613106
1.3658576
1.3623581
1.3512652
1.375207
1.3829395
1.3765808
1.3985667
1.3857844
1.3821211
1.3719026
1.3749596
test_wealth_with_price_abs_mean
1.160429
1.1506662
1.1573713
1.1564276
1.1528997
1.1478018
1.1586542
1.1516932
1.1673979
1.1602947
1.1562247
1.1564543
1.1682521
1.1534594
1.1613754
1.1541313
test_wealth_with_price_variance
1.374923
1.3699507
1.3856792
1.3824182
1.3613106
1.3658576
1.3623581
1.3512652
1.375207
1.3829395
1.3765808
1.3985667
1.3857844
1.3821211
1.3719026
1.3749596
price
4.232155
4.232155
4.232155
4.232155
4.232155
4.232155
4.232155
4.232155
4.232155
4.232155
4.232155
4.232155
4.232155
4.232155
4.232155
4.232155
train_time
59.9427602
83.18420980000002
105.28082599999999
94.86258869999995
102.75350830000002
116.47759770000005
74.16885079999997
98.73522639999987
65.97694560000014
65.33492930000011
86.63397439999994
137.83419430000004
69.37001580000015
142.49773389999996
86.49935219999998
122.33711780000021


================================================================================
=== twin network feature map
train_risk
7.36775
7.469952
7.4162865
7.358305
7.3654203
7.4141855
7.3856215
7.406142
7.427032
7.4183073
7.326163
7.4027762
7.429744
7.3567576
7.373973
7.4910936
test_risk
7.367336
7.466825
7.4101615
7.3466988
7.3595476
7.414655
7.3808885
7.3990088
7.4181194
7.4061723
7.3337364
7.3878636
7.440781
7.3563604
7.3843355
7.486744
test_mean_value
0.4216925
0.40679556
0.4375657
0.4112305
0.42151684
0.3966757
0.42728725
0.41145808
0.4436234
0.4400189
0.40219438
0.396634
0.41361368
0.4102534
0.4416695
0.4195979
test_mean_abs_value
4.928227
4.901448
4.975546
4.8758516
4.893683
4.78435
4.894846
4.8548937
4.9789414
4.938063
4.8835716
4.7746835
4.9486113
4.815677
4.8656416
4.8406854
test_variance_value
40.98531
40.899933
42.00704
40.424553
40.595383
39.48263
40.585022
40.697754
41.884518
41.444565
40.405895
39.462074
41.41651
39.962425
40.88031
40.164314
test_mean_costs
0.76026875
0.8315139
0.78807
0.76835364
0.7630979
0.7676434
0.7778113
0.767367
0.7746566
0.77772224
0.76153594
0.75946087
0.79980433
0.7615942
0.7658202
0.81152904
test_mean_abs_costs
0.76026875
0.8315139
0.78807
0.76835364
0.7630979
0.7676434
0.7778113
0.767367
0.7746566
0.77772224
0.76153594
0.75946087
0.79980433
0.7615942
0.7658202
0.81152904
test_variance_costs
0.05386842
0.050956283
0.054356195
0.04830785
0.054657444
0.049565762
0.05015073
0.053509507
0.04631963
0.051029295
0.050542183
0.051394317
0.04566195
0.048903327
0.052029733
0.047005847
test_mean_wealth
-4.9886255
-5.0560064
-5.010607
-4.999459
-4.991992
-4.9980116
-5.005552
-4.996944
-4.9943905
-5.0055985
-4.99126
-4.9887767
-5.0228887
-4.994527
-4.997222
-5.045346
test_mean_abs_wealth
4.9886255
5.0560064
5.010607
4.999459
4.991992
4.9980116
5.005552
4.996944
4.9943905
5.0055985
4.99126
4.9887767
5.0228887
4.994527
4.997222
5.045346
test_variance_wealth
1.1984241
1.2441337
1.2013903
1.2142475
1.1852634
1.2773613
1.218445
1.2239357
1.2631004
1.2149708
1.1958528
1.2541614
1.2667688
1.2411631
1.2309281
1.2984885
test_wealth_with_price_abs_mean
1.0649024
1.1159006
1.0729215
1.0845194
1.0626786
1.1003693
1.0851973
1.0787611
1.0897796
1.0775222
1.0711844
1.0873874
1.1069413
1.0910311
1.0853858
1.1253563
test_wealth_with_price_variance
1.1984241
1.2441337
1.2013903
1.2142475
1.1852634
1.2773613
1.218445
1.2239357
1.2631004
1.2149708
1.1958528
1.2541614
1.2667688
1.2411631
1.2309281
1.2984885
price
4.232155
4.232155
4.232155
4.232155
4.232155
4.232155
4.232155
4.232155
4.232155
4.232155
4.232155
4.232155
4.232155
4.232155
4.232155
4.232155
train_time
6.922705500000006
6.127572199999975
6.249823400000025
8.197182399999974
8.938573399999996
4.354539100000011
8.297224500000084
8.124449800000093
4.362181399999827
4.738579900000104
10.604752499999904
6.880063199999995
5.218482700000095
5.211062699999957
6.511076500000399
5.217091500000151


