================================================================================
=== twin network
train_time
40.7555926
41.463616
40.6771928
42.456991899999935
41.284049799999934
41.59701180000013
43.34865659999991
42.859143700000004
41.86770709999996
41.424342000000024
42.195290900000145
44.891365000000405
41.1207402
43.11513519999971
41.184749999999894
41.23794730000009


================================================================================
=== continuous-time
train_risk
6.8044543
6.719323
7.1414585
6.9266253
6.9436913
7.2350726
6.9773784
6.7072897
6.9803147
6.93434
6.868584
7.432945
6.9863386
6.984466
6.755447
6.7730727
test_risk
6.8030505
6.727214
7.136816
6.927187
6.9391274
7.22268
6.968587
6.706392
6.9836054
6.93636
6.8401017
7.4538894
6.9870095
6.990234
6.760953
6.78086
test_mean_value
0.40253142
0.4078165
0.4246596
0.4215188
0.42246473
0.4294077
0.42013752
0.4153751
0.41961047
0.40105292
0.42255166
0.41309777
0.42546192
0.40979072
0.41149858
0.4224509
test_mean_abs_value
3.154136
3.0255163
2.3122158
3.1230693
2.6158538
3.1418798
2.8838687
2.4203377
2.188644
3.2939148
2.00375
2.5694728
3.4979417
2.9160304
2.743623
2.6054235
test_variance_value
16.843512
15.098519
9.951231
16.561922
10.962422
16.940325
13.325352
9.640574
7.7836447
18.024565
6.867675
13.175526
20.506845
14.599244
12.5798435
11.315217
test_mean_costs
1.0850136
1.0849746
1.0842137
1.0850195
1.0843648
1.0845181
1.0849265
1.0849721
1.0848209
1.0848532
1.0835886
1.0850599
1.0849748
1.0840279
1.0846286
1.0846014
test_mean_abs_costs
1.0850136
1.0849746
1.0842137
1.0850195
1.0843648
1.0845181
1.0849265
1.0849721
1.0848209
1.0848532
1.0835886
1.0850599
1.0849748
1.0840279
1.0846286
1.0846014
test_variance_costs
0.043616407
0.040369205
0.060998827
0.050812475
0.05035774
0.06774687
0.05241399
0.038844105
0.05136243
0.050869487
0.04631032
0.080588035
0.05445594
0.05441185
0.041655082
0.04281658
test_mean_wealth
-5.3190536
-5.319176
-5.318224
-5.3167763
-5.3177013
-5.316744
-5.317833
-5.320272
-5.3176503
-5.318401
-5.3152003
-5.320036
-5.316784
-5.3183312
-5.3159933
-5.3184605
test_mean_abs_wealth
5.3190536
5.319176
5.318224
5.3167763
5.3177013
5.316744
5.317833
5.320272
5.3176503
5.318401
5.3152003
5.320036
5.316784
5.3183312
5.3159933
5.3184605
test_variance_wealth
0.39187858
0.35914654
0.5499355
0.45798212
0.45471886
0.6080036
0.4702246
0.34960124
0.4689795
0.4601965
0.41800764
0.7290505
0.4911415
0.48544014
0.37563792
0.38762456
test_wealth_with_price_abs_mean
1.0973426
1.0951701
1.1118656
1.1016247
1.1012566
1.1192672
1.1035066
1.0954077
1.1013327
1.1034981
1.0969298
1.1341461
1.1059542
1.1059046
1.0932946
1.0971726
test_wealth_with_price_variance
0.39187858
0.35914654
0.5499355
0.45798212
0.45471886
0.6080036
0.4702246
0.34960124
0.4689795
0.4601965
0.41800764
0.7290505
0.4911415
0.48544014
0.37563792
0.38762456
price
4.232155
4.232155
4.232155
4.232155
4.232155
4.232155
4.232155
4.232155
4.232155
4.232155
4.232155
4.232155
4.232155
4.232155
4.232155
4.232155
train_time
2.4563243999999997
4.318113500000038
2.17392719999998
2.500575000000026
2.4567674999999554
3.4485369999999875
3.3664931000000706
2.1966385000000628
2.4734017000000676
3.0977828999998565
3.406586800000241
2.470171500000106
4.021733300000051
2.818359700000201
3.9978486999998495
2.8894940999998653


================================================================================
=== continuous time feature map
train_risk
6.33106
6.2593617
6.083452
6.4343534
6.440665
5.319306
6.4015803
6.2390795
6.482018
6.3972597
3.5215495
3.909023
6.278615
6.4777765
6.2867546
6.2149544
test_risk
6.3277593
6.2640743
6.088963
6.427669
6.4387836
5.3159747
6.3994904
6.238212
6.484692
6.40177
3.5221775
3.9062781
6.2808475
6.4817863
6.2874413
6.2187977
test_mean_value
0.4106143
0.41390735
0.972545
0.45933607
0.46056825
1.7035577
0.48433292
0.4335062
0.45616755
0.44225544
4.157494
4.145025
0.62350804
0.4384394
0.42873603
0.55084026
test_mean_abs_value
3.1078665
2.9605765
2.2837381
3.0506504
2.5464091
3.2217534
2.8022501
2.3609612
2.1271825
3.2168283
4.2724743
4.3658533
3.437624
2.8578408
2.6877851
2.5396802
test_variance_value
16.180275
14.358578
9.454062
15.656637
10.349528
17.781296
12.543271
9.109032
7.2538867
17.099014
12.758335
20.67543
19.802404
13.868333
11.958599
10.701177
test_mean_costs
0.72704977
0.7131715
0.5624802
0.73064566
0.7343553
0.41426647
0.7019471
0.7133311
0.7521798
0.71619093
0.2614221
0.33409837
0.68432796
0.7237067
0.70742154
0.69190395
test_mean_abs_costs
0.72704977
0.7131715
0.5624802
0.73064566
0.7343553
0.41426647
0.7019471
0.7133311
0.7521798
0.71619093
0.2614221
0.33409837
0.68432796
0.7237067
0.70742154
0.69190395
test_variance_costs
0.014116423
0.012464242
0.010699446
0.015818806
0.01666166
0.007014878
0.016637374
0.011792809
0.017283874
0.015770085
0.002139645
0.003791106
0.015786547
0.017217759
0.012445644
0.011749503
test_mean_wealth
-4.953007
-4.9412823
-4.2486053
-4.9245853
-4.9295883
-3.3723423
-4.8706584
-4.9305
-4.948452
-4.908536
-0.7580917
-0.8371475
-4.718091
-4.9293613
-4.921549
-4.797374
test_mean_abs_wealth
4.953007
4.9412823
4.2486053
4.9245853
4.9295883
3.3789067
4.8706584
4.9305
4.948452
4.908536
1.394763
1.5150042
4.718091
4.9293613
4.921549
4.797374
test_variance_wealth
0.4078852
0.3813232
0.7985315
0.49830943
0.4915996
0.83415323
0.5171512
0.37347868
0.48895213
0.4970406
2.5485697
3.103947
0.5373217
0.52394724
0.40554312
0.45876202
test_wealth_with_price_abs_mean
0.79683197
0.78084046
0.71585035
0.8089891
0.8077456
1.0207341
0.7815652
0.7699075
0.81462556
0.7997366
3.4774837
3.4064384
0.70491904
0.8199193
0.773812
0.71555525
test_wealth_with_price_variance
0.4078852
0.3813232
0.7985315
0.49830943
0.4915996
0.83415323
0.5171512
0.37347868
0.48895213
0.4970406
2.5485697
3.103947
0.5373217
0.52394724
0.40554312
0.45876202
price
4.232155
4.232155
4.232155
4.232155
4.232155
4.232155
4.232155
4.232155
4.232155
4.232155
4.232155
4.232155
4.232155
4.232155
4.232155
4.232155
train_time
14.330309499999998
13.73857849999996
15.9860008
12.774433300000055
14.618232499999976
18.583541100000048
25.22050839999997
14.572097900000017
11.035921500000086
17.047523499999897
18.13044429999991
24.500755400000344
10.264507400000184
9.403498300000138
12.102832100000342
12.931946799999878


================================================================================
=== deep network
train_risk
6.372275
7.4729986
6.242115
6.502124
6.4974976
5.0598884
6.414638
7.481957
7.6376743
6.5288243
3.517224
3.8432708
6.7888956
6.4775295
7.2846537
6.2923975
test_risk
6.3811755
7.478531
6.2542877
6.5041265
6.5155196
5.0576534
6.4206057
7.4610467
7.6451674
6.5403576
3.524165
3.8440437
6.8029666
6.492136
7.2885604
6.299397
test_mean_value
0.4094056
0.43906474
1.1707882
0.46001655
0.4521262
1.8259224
0.48052537
0.45391527
0.47742462
0.44706666
4.5583587
3.99858
0.7427629
0.43444896
0.43127364
0.56053734
test_mean_abs_value
3.0787103
3.0561926
2.3283367
3.0230997
2.4942818
3.2211537
2.776497
2.352839
2.1017127
3.1868627
4.6696467
4.2174106
3.3340464
2.8188264
2.6294925
2.5156226
test_variance_value
15.977105
15.493753
9.583027
15.514727
9.983352
17.48865
12.406746
9.121158
7.2673206
16.96474
14.470876
18.253456
19.374277
13.644513
11.475473
10.594385
test_mean_costs
0.7245497
1.0050263
0.5054237
0.73265904
0.7535491
0.5190283
0.7321002
1.0722123
1.1535108
0.7210005
0.34444237
0.3587735
0.94491696
0.7255986
1.0317507
0.71603966
test_mean_abs_costs
0.7245497
1.0050263
0.5054237
0.73265904
0.7535491
0.5190283
0.7321002
1.0722123
1.1535108
0.7210005
0.34444237
0.3587735
0.94491696
0.7255986
1.0317507
0.71603966
test_variance_costs
0.011374698
0.01840063
0.008018981
0.013295786
0.013423669
0.009235435
0.014448409
0.018500509
0.03382149
0.012917981
0.01115034
0.010423315
0.017825883
0.014425915
0.016973771
0.009502187
test_mean_wealth
-4.951716
-5.2079797
-3.9933054
-4.925918
-4.9572244
-3.3547394
-4.9046187
-5.268972
-5.328526
-4.908534
-0.4402471
-1.0082673
-4.859425
-4.9352436
-5.2433405
-4.8118124
test_mean_abs_wealth
4.951716
5.2079797
3.9933307
4.925918
4.9572244
3.3591864
4.9046187
5.268972
5.328526
4.908534
1.4151773
1.4487925
4.859425
4.9352436
5.2433405
4.8118124
test_variance_wealth
0.4820935
1.0210403
1.2066809
0.6039057
0.5646877
0.7343395
0.5552112
0.9940066
1.126083
0.6427916
3.2095277
2.1862535
0.8633116
0.5822576
0.8803904
0.5300321
test_wealth_with_price_abs_mean
0.82797545
1.128173
0.9000895
0.85720986
0.8589063
0.99687296
0.8254725
1.1728902
1.2450026
0.8607888
3.7963686
3.2328706
0.90475684
0.8546601
1.1335367
0.75822926
test_wealth_with_price_variance
0.4820935
1.0210403
1.2066809
0.6039057
0.5646877
0.7343395
0.5552112
0.9940066
1.126083
0.6427916
3.2095277
2.1862535
0.8633116
0.5822576
0.8803904
0.5300321
price
4.232155
4.232155
4.232155
4.232155
4.232155
4.232155
4.232155
4.232155
4.232155
4.232155
4.232155
4.232155
4.232155
4.232155
4.232155
4.232155
train_time
151.5423858
46.444731700000034
102.40435869999993
113.54735460000006
103.81642470000008
132.5750055000001
198.82017029999997
46.56723980000015
48.61783030000015
143.31132490000005
118.19123280000031
206.33698820000018
48.27162290000024
174.84638489999998
49.39603800000032
172.0205646000004


================================================================================
=== twin network feature map
train_risk
6.3456364
6.2774644
6.0996847
6.447705
6.439749
5.4542613
6.412236
6.258349
6.4949226
6.4078045
3.320084
3.9027135
6.232106
6.4777026
6.298796
6.2063375
test_risk
6.3440633
6.2823095
6.105095
6.4428663
6.4409237
5.45482
6.410568
6.256502
6.497086
6.411967
3.3221714
3.9006405
6.2353406
6.4822726
6.2990394
6.207794
test_mean_value
0.41051063
0.41528675
0.9658935
0.46062362
0.46019495
1.4308324
0.48378465
0.43479556
0.45888445
0.4415874
5.7115445
4.257232
0.67706907
0.43533286
0.4287302
0.55406946
test_mean_abs_value
3.1106193
2.9675343
2.2814322
3.0524278
2.5512638
3.057018
2.7958305
2.3692324
2.132914
3.2147713
5.776331
4.4757304
3.409458
2.8449023
2.687559
2.5422437
test_variance_value
16.183508
14.440635
9.460312
15.733379
10.40451
16.35246
12.530981
9.159806
7.30125
17.054121
17.812891
21.536182
19.663269
13.784152
11.982956
10.766363
test_mean_costs
0.7351595
0.7140487
0.57136756
0.74044955
0.7304603
0.43350807
0.70837003
0.7190253
0.75220907
0.71871126
0.44961184
0.35606325
0.66371274
0.73512095
0.7179477
0.6785048
test_mean_abs_costs
0.7351595
0.7140487
0.57136756
0.74044955
0.7304603
0.43350807
0.70837003
0.7190253
0.75220907
0.71871126
0.44961184
0.35606325
0.66371274
0.73512095
0.7179477
0.6785048
test_variance_costs
0.013543464
0.0116994595
0.009813605
0.015192736
0.01604495
0.006009167
0.014968276
0.010512348
0.016236667
0.014812287
0.0033632352
0.004135428
0.014319317
0.017298454
0.01169225
0.010332307
test_mean_wealth
-4.9612203
-4.94078
-4.264144
-4.9331017
-4.926067
-3.6643093
-4.8776293
-4.9349046
-4.9457645
-4.911724
0.6077691
-0.74690497
-4.6439147
-4.943882
-4.9320807
-4.7807455
test_mean_abs_wealth
4.9612203
4.94078
4.264144
4.9331017
4.926067
3.6653244
4.8776293
4.9349046
4.9457645
4.911724
1.7233537
1.5220648
4.6439147
4.943882
4.9320807
4.7807455
test_variance_wealth
0.41301468
0.3905764
0.80060405
0.504231
0.48987728
0.7109907
0.5256058
0.38446513
0.49991304
0.5053394
5.4444866
3.3823278
0.55911106
0.5164169
0.40861753
0.46724883
test_wealth_with_price_abs_mean
0.8046279
0.78286284
0.71741915
0.81748825
0.8039648
0.80817276
0.7905165
0.77754
0.8163526
0.8055261
4.845405
3.496888
0.6808481
0.82785493
0.7830764
0.71018225
test_wealth_with_price_variance
0.41301468
0.3905764
0.80060405
0.504231
0.48987728
0.7109907
0.5256058
0.38446513
0.49991304
0.5053394
5.4444866
3.3823278
0.55911106
0.5164169
0.40861753
0.46724883
price
4.232155
4.232155
4.232155
4.232155
4.232155
4.232155
4.232155
4.232155
4.232155
4.232155
4.232155
4.232155
4.232155
4.232155
4.232155
4.232155
train_time
14.185890099999995
13.787994000000026
16.14611130000003
11.704882400000088
16.293480700000032
13.72061020000001
17.27535910000006
13.882267599999977
11.071981800000003
16.35005410000008
21.133357299999716
25.03943500000014
22.27745959999993
17.7231069999998
12.19358370000009
14.21868429999995


