================================================================================
=== twin network
train_time
39.7688117
41.7988507
40.62285639999999
40.00431639999999
40.179653099999996
43.782107599999904
42.46985489999997
41.282984899999974
42.69024289999993
40.25719129999993
40.45294860000013
42.262034200000016
41.18779469999981
41.260160599999836
42.66084779999983
40.170903499999895


================================================================================
=== continuous-time
train_risk
6.5488496
6.772528
6.580425
6.6749415
6.5450754
6.5794826
6.7136006
6.61378
6.7927976
6.776554
6.746197
6.619266
6.7155004
6.623281
6.64357
6.77353
test_risk
6.553598
6.7701426
6.5708303
6.6781616
6.543743
6.5787106
6.7157784
6.6069345
6.799776
6.771503
6.748982
6.6158013
6.7090917
6.621585
6.6392546
6.7815814
test_mean_value
0.41055867
0.4113269
0.4163781
0.41378254
0.422946
0.41268054
0.41883722
0.4115346
0.4285856
0.41804534
0.40797094
0.41428608
0.40537965
0.41555578
0.41146645
0.41686913
test_mean_abs_value
2.5899353
2.7982094
1.8911762
2.4066515
1.7482806
1.7648295
2.6622148
2.4783962
2.7879643
3.0882962
1.9399151
2.0146942
2.7471287
1.5224968
1.8505601
2.3263292
test_variance_value
11.034964
12.921321
6.0078316
10.072549
5.038121
5.0864754
11.5490675
10.16075
13.762335
16.414759
6.365989
6.6290293
12.762995
3.8200607
5.8820677
8.823494
test_mean_costs
1.0846992
1.084674
1.0847504
1.0852171
1.0840776
1.0848417
1.084453
1.0849446
1.0846356
1.0845907
1.08557
1.0850536
1.0845904
1.0842406
1.0844691
1.0842122
test_mean_abs_costs
1.0846992
1.084674
1.0847504
1.0852171
1.0840776
1.0848417
1.084453
1.0849446
1.0846356
1.0845907
1.08557
1.0850536
1.0845904
1.0842406
1.0844691
1.0842122
test_variance_costs
0.03145098
0.041658618
0.03201034
0.037182044
0.03080176
0.03204037
0.039349936
0.033480514
0.042060055
0.041259572
0.040140986
0.0341405
0.03864857
0.033799425
0.035292886
0.041384734
test_mean_wealth
-5.317933
-5.3174415
-5.317165
-5.3198614
-5.316608
-5.3168073
-5.317381
-5.3187637
-5.319635
-5.318292
-5.319879
-5.316841
-5.3168645
-5.3173685
-5.3172035
-5.318034
test_mean_abs_wealth
5.317933
5.3174415
5.317165
5.3198614
5.316608
5.3168073
5.317381
5.3187637
5.319635
5.318292
5.319879
5.316841
5.3168645
5.3173685
5.3172035
5.318034
test_variance_wealth
0.28376734
0.37629527
0.2907504
0.33380234
0.2807338
0.29151064
0.35602695
0.30328453
0.38011426
0.37342802
0.36185947
0.30731955
0.35141665
0.30858585
0.3207361
0.37521458
test_wealth_with_price_abs_mean
1.0893645
1.0941195
1.0889347
1.0938299
1.0881256
1.0883873
1.0934488
1.0909686
1.0957941
1.0947062
1.095207
1.0895982
1.0922229
1.0898719
1.0906814
1.0941932
test_wealth_with_price_variance
0.28376734
0.37629527
0.2907504
0.33380234
0.2807338
0.29151064
0.35602695
0.30328453
0.38011426
0.37342802
0.36185947
0.30731955
0.35141665
0.30858585
0.3207361
0.37521458
price
4.232155
4.232155
4.232155
4.232155
4.232155
4.232155
4.232155
4.232155
4.232155
4.232155
4.232155
4.232155
4.232155
4.232155
4.232155
4.232155
train_time
4.0978645
2.941438599999998
5.541921000000002
4.06555149999997
6.744646999999986
5.358914400000003
2.5604673000000275
3.0239601999999195
2.9387420000000475
3.307350599999836
4.563526200000069
4.113676400000031
4.444424700000127
3.3507832999998755
3.011134900000343
5.011249700000008


================================================================================
=== continuous time feature map
train_risk
6.0610857
6.126252
5.9411807
5.6602306
5.992774
6.093467
6.2494864
6.0801954
6.2892
6.2882876
6.037406
6.035774
6.1616483
6.04384
4.7892447
6.0454106
test_risk
6.0602646
6.1267724
5.9418106
5.666408
5.994734
6.0910206
6.2518477
6.077985
6.2912703
6.2885633
6.036993
6.0378404
6.158175
6.0461087
4.7961893
6.047889
test_mean_value
0.46296492
0.5700296
0.6818331
1.1264601
0.5610521
0.47560674
0.44250995
0.55689585
0.4724052
0.43947023
0.68870246
0.5951309
0.5175477
0.58940464
2.2006366
0.68983877
test_mean_abs_value
2.542851
2.7364402
1.8603526
2.4289494
1.7042642
1.7166401
2.5850801
2.4257984
2.7478518
3.0446007
1.9110603
1.9940268
2.6948004
1.4944793
2.612492
2.274817
test_variance_value
10.571323
12.31796
5.6613994
9.925316
4.686377
4.732974
10.8467245
9.667615
13.172319
15.75526
6.0021315
6.396229
12.210165
3.5104809
7.798771
8.325363
test_mean_costs
0.6743167
0.6792099
0.5877905
0.4935926
0.63231134
0.68487537
0.7123039
0.64406264
0.7182023
0.7085915
0.62539965
0.6555625
0.68704134
0.6227113
0.4625957
0.62876374
test_mean_abs_costs
0.6743167
0.6792099
0.5877905
0.4935926
0.63231134
0.68487537
0.7123039
0.64406264
0.7182023
0.7085915
0.62539965
0.6555625
0.68704134
0.6227113
0.4625957
0.62876374
test_variance_costs
0.007941265
0.011135173
0.0055781384
0.0060460907
0.0065111723
0.008723321
0.011140669
0.0067608217
0.013372487
0.013079875
0.009386832
0.0080674775
0.010827974
0.0068421243
0.0061262036
0.010463433
test_mean_wealth
-4.8551445
-4.7532744
-4.55475
-4.015559
-4.7267356
-4.8539147
-4.921559
-4.7325206
-4.909382
-4.920868
-4.5789776
-4.7065053
-4.8071475
-4.68199
-2.9061596
-4.589616
test_mean_abs_wealth
4.8551445
4.7532744
4.55475
4.015559
4.7267356
4.8539147
4.921559
4.7325206
4.909382
4.920868
4.5789776
4.7065053
4.8071475
4.68199
2.928399
4.589616
test_variance_wealth
0.3255858
0.40520906
0.44202647
0.617894
0.36725897
0.3353595
0.3952455
0.40502703
0.40734702
0.40190658
0.46613187
0.39811546
0.40946078
0.4177924
0.95801324
0.4606662
test_wealth_with_price_abs_mean
0.6991054
0.6616006
0.59048355
0.651307
0.6340026
0.6996684
0.77268445
0.65292263
0.7633651
0.7711073
0.60797954
0.63551813
0.70065933
0.63235646
1.3851355
0.6096079
test_wealth_with_price_variance
0.3255858
0.40520906
0.44202647
0.617894
0.36725897
0.3353595
0.3952455
0.40502703
0.40734702
0.40190658
0.46613187
0.39811546
0.40946078
0.4177924
0.95801324
0.4606662
price
4.232155
4.232155
4.232155
4.232155
4.232155
4.232155
4.232155
4.232155
4.232155
4.232155
4.232155
4.232155
4.232155
4.232155
4.232155
4.232155
train_time
21.119812099999997
21.852644700000013
15.786027600000011
19.745260700000017
30.014686600000005
24.748221899999976
11.707405999999992
12.712082100000089
17.875321100000065
26.013417499999832
20.187575100000004
14.847162000000026
23.046338900000137
16.306555500000286
18.431441899999754
27.59313229999998


================================================================================
=== deep network
train_risk
7.2030144
7.132271
7.304086
6.523989
6.4099274
7.2581177
7.626737
7.1419563
6.586049
6.8163433
6.1369243
6.1837687
6.4309516
7.465909
6.3224545
7.176226
test_risk
7.202198
7.1237864
7.3080072
6.528704
6.4196405
7.243604
7.6312857
7.1339736
6.590851
6.8222003
6.145808
6.190445
6.4333267
7.470059
6.3232265
7.1803975
test_mean_value
0.5098582
0.5624211
1.0565532
1.5698032
0.624185
0.5318233
0.4608681
0.6574099
0.4849407
0.4500154
0.83361125
0.6441762
0.5579396
0.7694463
1.6751904
0.7415454
test_mean_abs_value
2.4266922
2.747901
2.019607
2.6382594
1.6452632
1.7394427
2.5358825
2.3912225
2.7139962
2.9487343
1.9077317
1.9600037
2.6462386
1.586704
2.1977038
2.2180746
test_variance_value
9.691071
12.685493
5.932005
10.919147
4.3561544
4.7798347
10.446224
9.522172
12.994435
14.928376
5.898235
6.187142
11.899277
3.8931315
5.989922
7.9558353
test_mean_costs
0.9311507
1.0395218
0.8840867
1.022559
0.5839014
0.96644866
1.2200156
1.016228
0.73771286
0.8161065
0.6042336
0.6737554
0.6585557
1.0531505
1.0194831
1.1597803
test_mean_abs_costs
0.9311507
1.0395218
0.8840867
1.022559
0.5839014
0.96644866
1.2200156
1.016228
0.73771286
0.8161065
0.6042336
0.6737554
0.6585557
1.0531505
1.0194831
1.1597803
test_variance_costs
0.014892042
0.02238212
0.026189603
0.012339201
0.004994736
0.018054074
0.017454335
0.010074881
0.011458084
0.012159688
0.009639448
0.008133255
0.00897142
0.025505489
0.031798154
0.019411767
test_mean_wealth
-5.0650854
-5.1211953
-4.476326
-4.1011825
-4.615193
-5.079272
-5.4109125
-5.0041714
-4.916357
-5.017838
-4.4129024
-4.675653
-4.73827
-4.932388
-3.9884932
-5.068926
test_mean_abs_wealth
5.0650854
5.1211953
4.4763546
4.101322
4.615193
5.079272
5.4109125
5.0041714
4.916357
5.017838
4.4129024
4.675653
4.73827
4.932388
3.9890034
5.068926
test_variance_wealth
0.9856362
0.8367614
1.7407516
1.351562
0.7186412
0.95303833
1.0097061
0.9790377
0.65031546
0.72904265
0.6953879
0.5369925
0.68640393
1.3505012
1.0890191
0.95333123
test_wealth_with_price_abs_mean
1.0435725
1.0351877
1.0668308
0.93382585
0.7404051
1.0332965
1.2825211
1.007959
0.8612389
0.9451196
0.6807525
0.68870294
0.78463125
1.074074
0.8531053
1.0377572
test_wealth_with_price_variance
0.9856362
0.8367614
1.7407516
1.351562
0.7186412
0.95303833
1.0097061
0.9790377
0.65031546
0.72904265
0.6953879
0.5369925
0.68640393
1.3505012
1.0890191
0.95333123
price
4.232155
4.232155
4.232155
4.232155
4.232155
4.232155
4.232155
4.232155
4.232155
4.232155
4.232155
4.232155
4.232155
4.232155
4.232155
4.232155
train_time
47.743085300000004
48.6825254
47.86034160000003
47.91410540000004
144.62888640000006
48.78188629999988
47.30221400000005
53.33552719999989
78.70329149999998
64.99412009999992
147.4723732
136.03429890000007
119.24808569999959
51.30363239999997
41.667744400000174
47.791144299999814


================================================================================
=== twin network feature map
train_risk
6.07473
6.1326313
5.949287
5.665851
6.0069995
6.144217
6.2397656
6.0917077
6.3354764
6.297898
6.049722
6.0300064
6.208357
6.092208
4.8091326
6.104612
test_risk
6.074797
6.1338844
5.9509726
5.6717687
6.0103755
6.1408076
6.242331
6.0865755
6.3380804
6.2970667
6.050615
6.0349464
6.202714
6.094998
4.815127
6.1077685
test_mean_value
0.4630305
0.57502866
0.68414843
1.1278355
0.56219995
0.47628492
0.44328752
0.5630663
0.47030455
0.4385001
0.70631266
0.59862465
0.5160989
0.5841471
2.0654066
0.6526477
test_mean_abs_value
2.537048
2.73486
1.8694563
2.4280958
1.7054019
1.7039108
2.5918458
2.4476006
2.7584276
3.0250256
1.9183496
1.9685082
2.6725793
1.4948398
2.5077498
2.252789
test_variance_value
10.564434
12.351982
5.7051935
9.922983
4.699001
4.670177
10.9477415
9.843573
13.302588
15.64619
6.081794
6.2391014
12.076875
3.5285015
7.4750767
8.213575
test_mean_costs
0.6797621
0.6799366
0.58534986
0.4962916
0.631909
0.66844636
0.709275
0.64196295
0.7465604
0.71374255
0.62594634
0.63180923
0.69810987
0.6751957
0.46056318
0.66271865
test_mean_abs_costs
0.6797621
0.6799366
0.58534986
0.4962916
0.631909
0.66844636
0.709275
0.64196295
0.7465604
0.71374255
0.62594634
0.63180923
0.69810987
0.6751957
0.46056318
0.66271865
test_variance_costs
0.006751565
0.00919434
0.004832391
0.00502659
0.005703701
0.006250501
0.009410446
0.006152206
0.011862393
0.010549088
0.0078736665
0.0066715213
0.008527674
0.0070012175
0.0056422725
0.009388701
test_mean_wealth
-4.860524
-4.7490025
-4.5499935
-4.016883
-4.725186
-4.8368077
-4.9177523
-4.7242503
-4.939841
-4.926989
-4.561914
-4.6792583
-4.819665
-4.7397323
-3.0393572
-4.660762
test_mean_abs_wealth
4.860524
4.7490025
4.5499935
4.016883
4.725186
4.8368077
4.9177523
4.7242503
4.939841
4.926989
4.561914
4.6792583
4.819665
4.7397323
3.0529113
4.660762
test_variance_wealth
0.33469254
0.4177221
0.45414525
0.62617636
0.3781022
0.37501538
0.40030348
0.415501
0.41774225
0.41547406
0.48986694
0.41627145
0.43357044
0.4143175
0.82633585
0.45847598
test_wealth_with_price_abs_mean
0.70766497
0.6659122
0.5958516
0.65506667
0.6383411
0.70354617
0.7740041
0.6535088
0.78902453
0.7829668
0.6145311
0.6304888
0.7191669
0.66230714
1.2561427
0.6399737
test_wealth_with_price_variance
0.33469254
0.4177221
0.45414525
0.62617636
0.3781022
0.37501538
0.40030348
0.415501
0.41774225
0.41547406
0.48986694
0.41627145
0.43357044
0.4143175
0.82633585
0.45847598
price
4.232155
4.232155
4.232155
4.232155
4.232155
4.232155
4.232155
4.232155
4.232155
4.232155
4.232155
4.232155
4.232155
4.232155
4.232155
4.232155
train_time
21.7186471
23.53315839999999
15.652405200000032
18.919582500000047
31.98205900000005
11.750095700000202
25.218190899999854
10.69892549999986
11.868911400000115
25.865599900000007
24.114986199999976
15.194096600000194
12.818411900000228
16.034109300000182
18.37287260000039
11.937910000000102


