================================================================================
=== twin network
train_time
39.9234732
39.9023454
39.98178580000001
39.40403059999994
39.59370960000001
40.995406799999955
40.61251449999986
39.88561830000003


================================================================================
=== continuous-time
train_risk
2.2733483
2.2595158
2.2600477
2.2769663
2.2809498
2.249992
2.2637684
2.2611744
test_risk
2.2723284
2.2597852
2.2636502
2.2727532
2.2793202
2.2522943
2.265957
2.2619758
test_mean_value
-0.0029091777
-0.004693925
-0.0034287835
-0.003507002
-0.0014285956
-0.0023724376
-0.0025539927
-0.004299874
test_mean_abs_value
0.3620155
0.35335082
0.35756215
0.36877364
0.37432268
0.3489328
0.35956454
0.35771117
test_variance_value
0.20612916
0.19733039
0.20072977
0.21327096
0.21990329
0.19130231
0.20348023
0.20115736
test_mean_costs
0.56078774
0.5609237
0.5610272
0.5609145
0.5613195
0.5608919
0.5607345
0.56083494
test_mean_abs_costs
0.56078774
0.5609237
0.5610272
0.5609145
0.5613195
0.5608919
0.5607345
0.56083494
test_variance_costs
0.00944577
0.009023228
0.009170219
0.009976863
0.010497493
0.008626993
0.009382466
0.009304424
test_mean_wealth
-1.5338264
-1.533434
-1.5325474
-1.532735
-1.5332438
-1.5335664
-1.5326074
-1.5327895
test_mean_abs_wealth
1.5338564
1.5334482
1.5325906
1.5327815
1.5332799
1.5335873
1.5326378
1.5328287
test_variance_wealth
0.110888146
0.108416125
0.109595194
0.111507975
0.112478875
0.10649264
0.11018012
0.10930823
test_wealth_with_price_abs_mean
0.5720098
0.57106435
0.5704933
0.5707968
0.57149476
0.57080764
0.5706694
0.57058823
test_wealth_with_price_variance
0.110888146
0.108416125
0.1095952
0.11150798
0.11247887
0.106492646
0.110180125
0.109308235
price
0.97258383
0.97258097
0.9725874
0.97258073
0.9725792
0.97258264
0.97258264
0.97258574
train_time
5.465461700000006
4.063949900000011
4.651786600000037
4.6212286999999606
5.494154200000025
5.009579300000041
4.445846300000085
4.513475100000051


================================================================================
=== continuous time feature map
train_risk
2.1167703
2.2642279
2.196738
2.2088273
2.0792942
2.2417932
1.530074
2.0833526
test_risk
2.1134243
2.2672877
2.1994457
2.2056377
2.0781562
2.2468946
1.5493727
2.0846963
test_mean_value
0.04969877
0.014063122
0.28824446
0.31201705
0.09988094
0.032751758
1.7048315
0.033313118
test_mean_abs_value
0.30921912
0.3207387
0.4308899
0.43661812
0.3373692
0.3068632
1.7142904
0.28992233
test_variance_value
0.14772256
0.16174711
0.20348208
0.1974682
0.16920702
0.14710982
0.99838716
0.12979586
test_mean_costs
0.31881946
0.42789808
0.52352655
0.43924353
0.2919254
0.43138543
0.35694924
0.28623396
test_mean_abs_costs
0.31881946
0.42789808
0.52352655
0.43924353
0.2919254
0.43138543
0.35694924
0.28623396
test_variance_costs
0.0014309913
0.0014362711
0.0019257527
0.0015039155
0.0012236338
0.0013894949
0.0018467924
0.0012155588
test_mean_wealth
-1.2392502
-1.3816514
-1.2033734
-1.0955399
-1.1625402
-1.3689356
0.37856337
-1.2205755
test_mean_abs_wealth
1.2394555
1.3816985
1.2061622
1.1035218
1.1632396
1.3690215
0.866145
1.2207043
test_variance_wealth
0.15636933
0.16637415
0.22795156
0.2790762
0.17349936
0.16445102
1.346464
0.15001512
test_wealth_with_price_abs_mean
0.37579927
0.47036213
0.42201594
0.42966083
0.35918027
0.4608792
1.415691
0.36088482
test_wealth_with_price_variance
0.15636933
0.16637416
0.22795157
0.2790762
0.17349936
0.16445102
1.346464
0.15001512
price
0.97258383
0.97258097
0.9725874
0.97258073
0.9725792
0.97258264
0.97258264
0.97258574
train_time
17.98148160000001
10.995443799999975
11.268149300000005
10.742699200000061
41.842446400000085
11.291391900000008
33.42199759999994
31.823057999999946


================================================================================
=== deep network
train_risk
2.2324157
2.2338264
3.3862967
2.1872544
2.2293403
2.2089086
1.7059809
3.863377
test_risk
2.2269242
2.2357378
3.3734057
2.1841643
2.232156
2.221391
1.7203683
3.8646626
test_mean_value
0.06671378
0.0500741
0.8555043
0.48643044
0.1264733
0.042917106
2.09328
0.6023064
test_mean_abs_value
0.1742753
0.13084419
1.1862063
0.55183077
0.24581951
0.09678169
2.1055574
1.1980567
test_variance_value
0.044020794
0.028781114
1.4930917
0.21523976
0.07872378
0.013106124
1.8174973
1.9238671
test_mean_costs
0.10633514
0.023683507
0.55399656
0.20233184
0.14092788
0.017737132
0.274752
0.39247456
test_mean_abs_costs
0.10633514
0.023683507
0.55399656
0.20233184
0.14092788
0.017737132
0.274752
0.39247456
test_variance_costs
0.0010243157
0.000194411
0.014317411
0.0060924785
0.0022478055
0.00010338458
0.03534067
0.0066881026
test_mean_wealth
-1.0097508
-0.94142586
-0.66658366
-0.68421483
-0.9849503
-0.945122
0.84920925
-0.75782275
test_mean_abs_wealth
1.0123154
0.951528
1.2166957
0.7921939
0.99152476
0.9496049
1.2641008
1.37475
test_variance_wealth
0.27920303
0.32125938
1.8372535
0.4800952
0.2972334
0.30603734
2.14877
2.3531363
test_wealth_with_price_abs_mean
0.419875
0.4540307
1.1013305
0.60471344
0.4322696
0.4451475
1.9047621
1.2307426
test_wealth_with_price_variance
0.27920303
0.32125938
1.8372536
0.4800952
0.29723337
0.30603734
2.14877
2.3531363
price
0.97258383
0.97258097
0.9725874
0.97258073
0.9725792
0.97258264
0.97258264
0.97258574
train_time
186.4832489
110.99693009999999
45.27514819999999
153.18128760000002
172.86002589999998
157.53570459999992
138.98021399999993
47.37044300000002


================================================================================
=== twin network feature map
train_risk
2.2941036
2.1465642
1.9554695
2.0443988
2.1315374
2.1484828
1.5632088
2.3347433
test_risk
2.2908835
2.148704
1.9510139
2.0416303
2.1288993
2.15659
1.5807233
2.3367326
test_mean_value
0.06871812
0.03596604
0.41937372
0.33732858
0.11858302
0.032546084
1.8545846
0.05451006
test_mean_abs_value
0.28174442
0.22764905
0.47758874
0.41381165
0.28868175
0.20810428
1.861773
0.29352304
test_variance_value
0.12260734
0.08091913
0.14915481
0.1480102
0.11937238
0.06795812
0.9990359
0.13417187
test_mean_costs
0.37170506
0.19978893
0.20918086
0.20549403
0.21431361
0.19823551
0.4067143
0.3707965
test_mean_abs_costs
0.37170506
0.19978893
0.20918086
0.20549403
0.21431361
0.19823551
0.4067143
0.3707965
test_variance_costs
0.0014079291
0.00085728447
0.00095136074
0.0010436407
0.0011814561
0.00066819397
0.0036774839
0.0010054548
test_mean_wealth
-1.2731164
-1.1316394
-0.75789845
-0.8364789
-1.0662264
-1.1359913
0.4785514
-1.283941
test_mean_abs_wealth
1.2732571
1.1318693
0.7994111
0.86306673
1.0678059
1.1361403
0.9316135
1.2844585
test_variance_wealth
0.21382871
0.20739764
0.31488648
0.3118702
0.23005077
0.20795251
1.4044003
0.23370664
test_wealth_with_price_abs_mean
0.4349253
0.37926093
0.48218325
0.46147949
0.3867385
0.38088045
1.5183532
0.45535952
test_wealth_with_price_variance
0.21382873
0.20739764
0.31488648
0.3118702
0.23005077
0.20795251
1.4044003
0.23370664
price
0.97258383
0.97258097
0.9725874
0.97258073
0.9725792
0.97258264
0.97258264
0.97258574
train_time
11.001037300000007
18.124652400000002
20.54408939999996
33.69163819999994
23.705153999999993
15.602860499999906
18.885790499999985
12.682339300000194


