================================================================================
=== twin network
train_time
46.3399792
40.179833900000006
39.50039479999998
39.817352899999946
39.22416319999991
40.99756060000004
39.519481999999925
39.97703189999993


================================================================================
=== continuous-time
train_risk
2.8380535
2.8132415
2.8038921
3.0949574
2.8001673
3.0158784
2.9040456
2.820246
test_risk
2.8342993
2.819155
2.8068216
3.1040168
2.7982578
3.0113103
2.9040103
2.818044
test_mean_value
-0.003688398
-0.0032568441
-0.0021443185
-0.004001939
-0.0030705738
-0.0060335784
-0.0014157831
-0.0031780342
test_mean_abs_value
0.5940208
0.5836428
0.5796712
0.7805511
0.5675206
0.7225613
0.610782
0.5873221
test_variance_value
0.54654264
0.5275256
0.52017367
0.88867366
0.4999709
0.7745642
0.59562504
0.5340176
test_mean_costs
0.56073725
0.5611497
0.5608956
0.5608334
0.5606802
0.5603694
0.5615242
0.5611446
test_mean_abs_costs
0.56073725
0.5611497
0.5608956
0.5608334
0.5606802
0.5603694
0.5615242
0.5611446
test_variance_costs
0.023515763
0.022714058
0.022410858
0.039222408
0.020758063
0.03473415
0.026193695
0.023013616
test_mean_wealth
-1.5311878
-1.5330133
-1.5328423
-1.5351954
-1.5326035
-1.5332564
-1.5338763
-1.5318307
test_mean_abs_wealth
1.5353615
1.5367891
1.5365633
1.5455316
1.5362433
1.5409899
1.5385315
1.5357367
test_variance_wealth
0.32023877
0.31600556
0.31337646
0.419871
0.31202054
0.38379535
0.33034256
0.31546348
test_wealth_with_price_abs_mean
0.6305316
0.63136375
0.63074845
0.65088713
0.6317221
0.6424962
0.63203734
0.6298298
test_wealth_with_price_variance
0.32023877
0.31600553
0.31337646
0.41987097
0.3120205
0.38379532
0.33034256
0.31546348
price
0.97259253
0.97259253
0.9725875
0.97259253
0.97259253
0.9725825
0.97259253
0.9725875
train_time
2.8545187
6.320511499999981
1.8510608000000275
3.2471193000000085
1.9722163999999793
2.8229201999999987
2.417599999999993
3.9442790999999033


================================================================================
=== continuous time feature map
train_risk
2.761782
2.6991675
2.7452805
2.9198647
2.6782334
2.9396853
2.8073423
2.689595
test_risk
2.7554657
2.7067637
2.7505176
2.9302397
2.6771364
2.9360218
2.8102179
2.6902668
test_mean_value
0.004959156
0.0035181558
0.008360398
-0.003702294
-0.00036143366
0.0059921937
0.010896273
-0.00083541375
test_mean_abs_value
0.647127
0.6337417
0.583969
0.95661616
0.58713937
0.8165804
0.68789715
0.6311112
test_variance_value
0.6411506
0.6133683
0.5253183
1.2936026
0.52931684
0.9840651
0.73061216
0.60770273
test_mean_costs
0.48019737
0.45724905
0.45801052
0.5191621
0.42767602
0.5202931
0.4984172
0.4385434
test_mean_abs_costs
0.48019737
0.45724905
0.45801052
0.5191621
0.42767602
0.5202931
0.4984172
0.4385434
test_variance_costs
0.009733149
0.008798461
0.008468418
0.018899146
0.0073638144
0.014934603
0.011523776
0.0082844375
test_mean_wealth
-1.4420004
-1.4223377
-1.4194525
-1.4932245
-1.3968902
-1.4811544
-1.4584572
-1.4068868
test_mean_abs_wealth
1.4499321
1.4296383
1.4250523
1.5163614
1.4029956
1.4974964
1.4671847
1.4143386
test_variance_wealth
0.37193537
0.35680637
0.36940345
0.47578084
0.3475405
0.45625874
0.39106664
0.35533485
test_wealth_with_price_abs_mean
0.61398864
0.59701484
0.5956993
0.6986327
0.57504404
0.67441744
0.6332798
0.58700085
test_wealth_with_price_variance
0.37193534
0.35680634
0.36940345
0.47578084
0.3475405
0.4562587
0.3910666
0.35533482
price
0.97259253
0.97259253
0.9725875
0.97259253
0.97259253
0.9725825
0.97259253
0.9725875
train_time
9.446961400000006
15.824189100000012
6.126352199999985
10.953451900000005
14.850717900000063
8.846472399999925
6.877964600000041
12.538871700000072


================================================================================
=== deep network
train_risk
2.8165617
3.0601032
2.744964
3.5495937
3.3490663
2.9104626
2.8146546
3.3179822
test_risk
2.8140574
3.0645764
2.7533715
3.560954
3.3523872
2.9075298
2.8187885
3.3205974
test_mean_value
0.0054735565
0.0035924541
0.005508099
-0.014904839
-0.00023719567
0.0012066931
-0.00013504234
-0.018106975
test_mean_abs_value
0.5996717
0.27977926
0.5940499
0.5579687
0.24439268
0.8623117
0.63681
0.30334473
test_variance_value
0.54113317
0.1409256
0.5481887
0.50605357
0.10952642
1.0726229
0.6302536
0.16852085
test_mean_costs
0.38663906
0.16629477
0.4084543
0.43730864
0.42533055
0.42348
0.3973112
0.36107886
test_mean_abs_costs
0.38663906
0.16629477
0.4084543
0.43730864
0.42533055
0.42348
0.3973112
0.36107886
test_variance_costs
0.006748756
0.0025890695
0.006424996
0.015829159
0.013541053
0.012137029
0.009409111
0.022207022
test_mean_wealth
-1.3479276
-1.1313092
-1.3727486
-1.4225736
-1.3944204
-1.3891268
-1.3683826
-1.3466939
test_mean_abs_wealth
1.3590814
1.146742
1.3805465
1.4366716
1.3965317
1.4178377
1.378602
1.35294
test_variance_wealth
0.45296994
0.6675149
0.41017047
0.8127374
0.69470376
0.53772664
0.44184163
0.7068183
test_wealth_with_price_abs_mean
0.6069795
0.6593143
0.5999688
0.7664486
0.72180486
0.67542243
0.6072684
0.7104754
test_wealth_with_price_variance
0.4529699
0.6675149
0.41017044
0.8127374
0.69470376
0.5377266
0.44184163
0.7068182
price
0.97259253
0.97259253
0.9725875
0.97259253
0.97259253
0.9725825
0.97259253
0.9725875
train_time
101.98816130000002
133.8714951
110.66946140000005
39.485909900000024
40.220137600000044
141.1704054999999
139.22145969999997
40.781104700000014


================================================================================
=== twin network feature map
train_risk
2.7741175
2.701939
2.7688546
2.9544613
2.6948035
2.8739185
2.8123374
2.7115667
test_risk
2.7673728
2.7084916
2.7722561
2.965604
2.6933765
2.8711343
2.8145106
2.7119856
test_mean_value
0.0129004605
0.0040878267
0.0026285842
-0.005786997
-0.00030680984
-0.0034678385
0.010145303
-0.002772059
test_mean_abs_value
0.6311543
0.61536413
0.54095894
0.93179804
0.578018
0.856457
0.6841638
0.62092704
test_variance_value
0.6089132
0.5752775
0.45167115
1.2346467
0.51281035
1.0609001
0.7229952
0.59000903
test_mean_costs
0.45516327
0.4243296
0.41553706
0.5039342
0.4158247
0.48041537
0.4831436
0.42845196
test_mean_abs_costs
0.45516327
0.4243296
0.41553706
0.5039342
0.4158247
0.48041537
0.4831436
0.42845196
test_variance_costs
0.008691636
0.007950689
0.00830403
0.017770616
0.0075810165
0.016079398
0.012420967
0.008686075
test_mean_wealth
-1.409025
-1.3888487
-1.3827108
-1.4800813
-1.3849843
-1.4507366
-1.4439346
-1.3987321
test_mean_abs_wealth
1.4178799
1.396648
1.3888031
1.5037626
1.3916639
1.4713427
1.4539831
1.4065009
test_variance_wealth
0.39168766
0.36517453
0.3839869
0.49411577
0.36142936
0.4618837
0.39931202
0.36983463
test_wealth_with_price_abs_mean
0.603287
0.5787662
0.5769126
0.69404596
0.57482713
0.66529596
0.6273201
0.5878347
test_wealth_with_price_variance
0.39168766
0.36517453
0.38398686
0.49411574
0.36142933
0.46188366
0.399312
0.36983463
price
0.97259253
0.97259253
0.9725875
0.97259253
0.97259253
0.9725825
0.97259253
0.9725875
train_time
8.63697879999998
14.63573580000002
6.055716899999993
10.074748399999976
14.97705469999994
11.705546199999844
7.035670799999934
12.73889220000001


