================================================================================
=== twin network
train_time
39.4295432
42.17865939999999
41.69611480000003
39.956662300000005
42.32738340000003
40.64648220000004
40.52220239999997
42.47863670000015
41.20247170000016
41.32938919999992
40.43794549999984
40.60373279999999
41.75982920000024
41.54611900000009
40.82347550000031
40.556447299999945


================================================================================
=== continuous-time
train_risk
7.0311275
6.992975
6.970858
7.6915574
6.8850393
7.533883
7.1435423
7.0151925
7.229301
7.214931
7.3146667
6.85199
7.3825526
7.0972166
6.9087267
7.0683966
test_risk
7.0265718
6.9911547
6.978589
7.6982183
6.8853016
7.5544186
7.1447635
7.007308
7.230125
7.2227826
7.312283
6.849256
7.376344
7.1003227
6.913098
7.0749273
test_mean_value
0.4165159
0.42348585
0.41556966
0.41098088
0.42146564
0.4141717
0.3958612
0.4220505
0.41502216
0.40918228
0.42284426
0.4093492
0.42452833
0.42288688
0.41404805
0.41694343
test_mean_abs_value
2.7722297
2.3650005
2.503336
4.651514
3.3247983
2.9073882
3.79843
3.201782
3.570552
2.2326376
3.2918751
2.796887
2.8144486
2.459165
2.592329
2.9648254
test_variance_value
12.605016
9.070493
10.167638
37.666992
18.333874
15.005431
24.318115
17.056885
21.365944
8.338386
18.302778
12.569427
13.654924
9.972375
10.79704
14.663898
test_mean_costs
1.0846378
1.0847272
1.0844417
1.0844848
1.0839095
1.0846617
1.0853667
1.084383
1.0853127
1.0851197
1.0851213
1.0849272
1.0842777
1.0843512
1.0836816
1.0845535
test_mean_abs_costs
1.0846378
1.0847272
1.0844417
1.0844848
1.0839095
1.0846617
1.0853667
1.084383
1.0853127
1.0851197
1.0851213
1.0849272
1.0842777
1.0843512
1.0836816
1.0845535
test_variance_costs
0.056719355
0.053986665
0.05316594
0.1006968
0.04889294
0.087953255
0.0638524
0.055105586
0.06876799
0.06757198
0.074023254
0.047070824
0.076874346
0.060378965
0.050130427
0.058295373
test_mean_wealth
-5.318013
-5.31741
-5.3187227
-5.3188653
-5.317706
-5.31956
-5.320306
-5.3192472
-5.319894
-5.3214912
-5.320321
-5.316489
-5.316703
-5.320096
-5.315377
-5.315212
test_mean_abs_wealth
5.318013
5.31741
5.3187227
5.3188653
5.317706
5.31956
5.320306
5.3192472
5.319894
5.3214912
5.320321
5.316489
5.316703
5.320096
5.315377
5.315212
test_variance_wealth
0.5071949
0.48578098
0.47842216
0.8915916
0.43709037
0.7922547
0.57111216
0.4943735
0.6131878
0.6071858
0.65710557
0.42094103
0.69163793
0.5416435
0.44962642
0.5254226
test_wealth_with_price_abs_mean
1.1081071
1.1048166
1.1050966
1.1583931
1.1009616
1.1438944
1.1183044
1.1073375
1.1233274
1.1232829
1.1281363
1.0981883
1.1283764
1.1140288
1.0998051
1.1066972
test_wealth_with_price_variance
0.5071949
0.48578098
0.47842216
0.8915916
0.43709037
0.7922547
0.57111216
0.4943735
0.6131878
0.6071858
0.65710557
0.42094103
0.69163793
0.5416435
0.44962642
0.5254226
price
4.232155
4.232155
4.232155
4.232155
4.232155
4.232155
4.232155
4.232155
4.232155
4.232155
4.232155
4.232155
4.232155
4.232155
4.232155
4.232155
train_time
3.9804983000000007
2.2124527
3.2360224000000244
2.9707852999999886
3.7072140000000218
2.4490655999999262
4.862716399999954
3.4980396999999357
1.913142999999991
2.4421865000001617
1.8997471999998652
3.2490336000000752
2.1356089000000793
2.5305292000002737
2.9903174999999464
3.143272799999977


================================================================================
=== continuous time feature map
train_risk
6.524074
6.464592
6.4883833
7.062
6.397302
6.907
6.5929255
6.531695
6.508475
6.4880667
6.8573594
6.3535233
6.801942
6.536533
6.4137836
6.5505037
test_risk
6.516373
6.469737
6.4909325
7.069803
6.39725
6.9175453
6.5975404
6.5317616
6.5162354
6.4953837
6.863072
6.362612
6.7951136
6.5372725
6.416608
6.5573044
test_mean_value
0.44034526
0.45112583
0.43783087
0.4143069
0.42710525
0.45350432
0.40751553
0.4309178
0.543473
0.58771884
0.45907846
0.42020532
0.5369755
0.4688281
0.42970625
0.43200883
test_mean_abs_value
2.6794639
2.2772102
2.4311051
4.5834146
3.264966
2.8144631
3.720899
3.1355138
3.4723516
2.124653
3.229283
2.7224104
2.758281
2.3638458
2.5159
2.8947113
test_variance_value
11.716796
8.342019
9.529281
35.884804
17.52842
13.911714
23.11179
16.23669
20.1874
7.511582
17.515812
11.875413
13.047484
9.1413555
10.134817
13.8839655
test_mean_costs
0.7358427
0.728261
0.7517107
0.7750087
0.7188956
0.76027066
0.73434365
0.7507353
0.7073748
0.6771154
0.70380133
0.7149028
0.7513087
0.7233577
0.7288188
0.7484555
test_mean_abs_costs
0.7358427
0.728261
0.7517107
0.7750087
0.7188956
0.76027066
0.73434365
0.7507353
0.7073748
0.6771154
0.70380133
0.7149028
0.7513087
0.7233577
0.7288188
0.7484555
test_variance_costs
0.018938271
0.018356238
0.018440498
0.04077593
0.016019981
0.0336106
0.02276839
0.018704912
0.021474369
0.02020781
0.0188202
0.014931101
0.022813702
0.020628138
0.016553998
0.021007616
test_mean_wealth
-4.945389
-4.933304
-4.9637303
-5.006063
-4.9470525
-4.955837
-4.9576283
-4.976732
-4.8135047
-4.7349505
-4.902767
-4.935609
-4.8712864
-4.9131613
-4.944856
-4.9640484
test_mean_abs_wealth
4.945389
4.933304
4.9637303
5.006063
4.9470525
4.955837
4.9576283
4.976732
4.8135047
4.7349505
4.902767
4.935609
4.8712864
4.9131613
4.944856
4.9640484
test_variance_wealth
0.5382344
0.5096639
0.50098646
0.87773585
0.45982116
0.80169415
0.5891325
0.51506454
0.6382595
0.70918524
0.8065587
0.44597542
0.79260135
0.5767812
0.46890455
0.5348844
test_wealth_with_price_abs_mean
0.8357387
0.81679994
0.83438903
0.97613895
0.81149155
0.9231504
0.86314315
0.84744054
0.79565746
0.7883189
0.89589727
0.7985527
0.876907
0.8284968
0.812008
0.84399664
test_wealth_with_price_variance
0.5382344
0.5096639
0.50098646
0.87773585
0.45982116
0.80169415
0.5891325
0.51506454
0.6382595
0.70918524
0.8065587
0.44597542
0.79260135
0.5767812
0.46890455
0.5348844
price
4.232155
4.232155
4.232155
4.232155
4.232155
4.232155
4.232155
4.232155
4.232155
4.232155
4.232155
4.232155
4.232155
4.232155
4.232155
4.232155
train_time
9.554462800000003
18.313629899999995
10.40760270000004
16.84776389999996
20.76326789999996
11.766484399999968
15.607139400000051
11.140051599999879
11.169365700000071
12.65850619999992
6.329053499999873
23.191837899999882
7.065189400000236
15.231758600000376
15.178028299999824
15.18361559999994


================================================================================
=== deep network
train_risk
6.6237864
7.2579637
6.573855
7.589753
6.4546604
6.871515
6.6417637
6.532983
6.38807
7.515493
6.713437
6.390326
6.7000666
6.5633383
6.4207854
6.650374
test_risk
6.6269784
7.2628098
6.5834217
7.596766
6.4652343
6.879216
6.655561
6.542551
6.392489
7.5159054
6.722984
6.407308
6.6962414
6.56617
6.4305377
6.6574283
test_mean_value
0.43842387
0.45235738
0.43338135
0.425093
0.4256313
0.44320238
0.40847933
0.4294257
0.7009759
0.6131195
0.44677836
0.41773307
0.5186494
0.4628136
0.4274494
0.43048438
test_mean_abs_value
2.6459517
2.2149184
2.3767958
4.6745615
3.2330785
2.728457
3.7068849
3.105756
3.4319453
2.2581718
3.1502893
2.6922548
2.6530097
2.3071406
2.4907699
2.8344958
test_variance_value
11.574994
8.092218
9.210939
37.751392
17.34259
13.419412
23.103527
16.0374
20.111704
8.597931
16.870218
11.682773
12.317606
8.871255
9.990488
13.484367
test_mean_costs
0.78334075
1.0320563
0.78181624
0.99593383
0.77449423
0.73204684
0.7624517
0.7535018
0.7177709
1.21946
0.75828904
0.75954527
0.70540506
0.71949077
0.75638574
0.755829
test_mean_abs_costs
0.78334075
1.0320563
0.78181624
0.99593383
0.77449423
0.73204684
0.7624517
0.7535018
0.7177709
1.21946
0.75828904
0.75954527
0.70540506
0.71949077
0.75638574
0.755829
test_variance_costs
0.015742088
0.023305325
0.014069699
0.039100677
0.014008056
0.023440786
0.01617434
0.0145176565
0.016417606
0.032911066
0.020046834
0.013236431
0.017735884
0.015506985
0.014327456
0.015657492
test_mean_wealth
-4.994808
-5.2358675
-4.9982853
-5.2162023
-5.004125
-4.937915
-4.984772
-4.9809904
-4.666398
-5.2518945
-4.969555
-4.9827237
-4.843709
-4.915309
-4.97468
-4.972946
test_mean_abs_wealth
4.994808
5.2358675
4.9982853
5.2162023
5.004125
4.937915
4.984772
4.9809904
4.666398
5.2518945
4.969555
4.9827237
4.843709
4.915309
4.97468
4.972946
test_variance_wealth
0.6356227
0.90364826
0.5943455
1.2587557
0.509846
0.9357678
0.68363696
0.5850689
0.7471701
1.0719489
0.76968634
0.47857454
0.85720134
0.6698828
0.49902406
0.68598455
test_wealth_with_price_abs_mean
0.909994
1.1372068
0.8974059
1.2173222
0.8763728
0.97941285
0.9231273
0.8844682
0.783679
1.1803148
0.9437851
0.84966063
0.90565276
0.87551117
0.850461
0.9134478
test_wealth_with_price_variance
0.6356227
0.90364826
0.5943455
1.2587557
0.509846
0.9357678
0.68363696
0.5850689
0.7471701
1.0719489
0.76968634
0.47857454
0.85720134
0.6698828
0.49902406
0.68598455
price
4.232155
4.232155
4.232155
4.232155
4.232155
4.232155
4.232155
4.232155
4.232155
4.232155
4.232155
4.232155
4.232155
4.232155
4.232155
4.232155
train_time
69.32271740000002
47.713474899999994
71.4529124
46.757133299999964
139.0840983999999
95.7668539
107.16352869999992
128.67751019999992
79.7764572000001
47.268382900000006
101.4737768
151.31832350000013
123.67689370000016
127.39970429999994
135.9265250000003
111.16281160000017


================================================================================
=== twin network feature map
train_risk
6.532686
6.4805107
6.5036836
7.2207947
6.407885
6.9493427
6.592885
6.5160675
6.503159
6.494552
6.781725
6.360328
6.7178802
6.5525355
6.43002
6.5937557
test_risk
6.5241227
6.485462
6.507004
7.2263837
6.408254
6.9598746
6.5989213
6.515964
6.5092297
6.5016255
6.7891054
6.370391
6.7153773
6.5540233
6.4321465
6.6000133
test_mean_value
0.44064236
0.452214
0.43570238
0.40844864
0.42669848
0.45231035
0.40770793
0.43202284
0.553813
0.5861371
0.45116472
0.4203599
0.5302581
0.46916702
0.42645505
0.43794188
test_mean_abs_value
2.6802912
2.2804427
2.4262578
4.518534
3.2617328
2.834873
3.711337
3.1433086
3.47287
2.1210067
3.2016954
2.7238567
2.7121916
2.3611035
2.5056512
2.9142072
test_variance_value
11.747625
8.384266
9.509734
35.223812
17.518585
14.099935
23.13217
16.304823
20.239197
7.4890246
17.152977
11.871568
12.640502
9.151593
10.06072
14.0473795
test_mean_costs
0.73504865
0.7306759
0.7528039
0.86872125
0.7245976
0.7740723
0.743206
0.7426661
0.7027184
0.6804425
0.76230127
0.7150216
0.72081697
0.72916013
0.73550564
0.76219577
test_mean_abs_costs
0.73504865
0.7306759
0.7528039
0.86872125
0.7245976
0.7740723
0.743206
0.7426661
0.7027184
0.6804425
0.76230127
0.7150216
0.72081697
0.72916013
0.73550564
0.76219577
test_variance_costs
0.018564947
0.017751152
0.016990103
0.038288858
0.014921022
0.03267556
0.02112108
0.018310321
0.020126581
0.018931469
0.024935646
0.014380784
0.026281737
0.020124083
0.015850596
0.019926103
test_mean_wealth
-4.9442973
-4.9346304
-4.9669523
-5.1056337
-4.9531612
-4.9708323
-4.966298
-4.967558
-4.7985086
-4.7398596
-4.9691806
-4.935573
-4.8475122
-4.918625
-4.954794
-4.9718556
test_mean_abs_wealth
4.9442973
4.9346304
4.9669523
5.1056337
4.9531612
4.9708323
4.966298
4.967558
4.7985086
4.7398596
4.9691806
4.935573
4.8475122
4.918625
4.954794
4.9718556
test_variance_wealth
0.5434624
0.51560205
0.50807524
0.9406831
0.46602497
0.81186193
0.5952007
0.5128871
0.64587826
0.7160504
0.70778525
0.45231175
0.7545538
0.5813996
0.47291434
0.55558467
test_wealth_with_price_abs_mean
0.8365029
0.81907344
0.83912575
1.0561638
0.8184385
0.93167156
0.8735372
0.84078294
0.79099536
0.7941382
0.90520555
0.8008409
0.8529355
0.83260596
0.82036495
0.8548643
test_wealth_with_price_variance
0.5434624
0.51560205
0.50807524
0.9406831
0.46602497
0.81186193
0.5952007
0.5128871
0.64587826
0.7160504
0.70778525
0.45231175
0.7545538
0.5813996
0.47291434
0.55558467
price
4.232155
4.232155
4.232155
4.232155
4.232155
4.232155
4.232155
4.232155
4.232155
4.232155
4.232155
4.232155
4.232155
4.232155
4.232155
4.232155
train_time
9.616490699999986
14.007786599999974
10.271013899999957
7.873548199999959
20.050939200000016
11.948198700000034
17.10594489999994
18.467892599999914
11.057560700000067
13.537737100000186
17.315899100000024
18.399099699999624
11.908469700000296
14.435433300000113
9.452138699999978
11.551104300000134


