================================================================================
=== twin network
train_time
43.2771854
41.018155500000006
41.68683979999997
42.10439819999999
42.8100743
41.954386800000066
41.51147139999989
42.91643040000008


================================================================================
=== continuous-time
test_risk
46.51288
46.377785
50.083668
36.007988
46.06545
13.425214
36.983837
70.84456
test_wealth_with_price_abs_mean
12.426382
12.77547
10.168326
10.259355
10.414523
12.752749
11.128577
11.090527
test_wealth_with_price_variance
13.895033
22.602457
17.07617
10.072022
20.323387
13.1614485
13.632938
20.856277
price
25.596087
22.496403
30.285288
18.442505
25.22948
-7.205428
17.317781
49.195744
train_time
4.015849199999998
4.45029020000004
9.055920299999968
6.697583499999951
5.370302199999969
4.529174000000012
6.942731399999957
5.900158200000078


================================================================================
=== continuous time feature map
test_risk
38.8556
41.819355
46.239346
29.013063
41.84684
9.099896
24.869022
66.32743
test_wealth_with_price_abs_mean
4.988684
8.479064
6.5770116
3.8012903
6.843793
7.5607786
3.0289497
6.8192353
test_wealth_with_price_variance
18.839167
28.571398
21.101416
13.448801
22.213827
20.044222
16.416798
26.134611
price
25.596087
22.496403
30.285288
18.442505
25.22948
-7.205428
17.317781
49.195744
train_time
29.395687400000007
28.370196999999962
24.290791100000035
28.872819299999946
26.47351270000013
29.60818489999997
45.21885650000013
28.255215000000135


================================================================================
=== deep network
test_risk
40.59759
45.17811
47.59934
30.1641
43.05301
10.646148
25.658443
67.10161
test_wealth_with_price_abs_mean
5.5331326
8.190526
6.450965
4.18291
6.787946
7.2642703
3.550653
6.653766
test_wealth_with_price_variance
41.741043
68.60401
38.699074
24.868103
33.025204
39.7839
22.58869
33.89527
price
25.596087
22.496403
30.285288
18.442505
25.22948
-7.205428
17.317781
49.195744
train_time
106.2245127
76.0879716
105.74765009999999
169.6753933
135.92841120000003
110.36388420000003
64.61906060000001
147.28095899999994


================================================================================
=== twin network feature map
test_risk
38.99925
42.05358
46.280945
29.111784
42.026123
9.217452
24.934645
66.4977
test_wealth_with_price_abs_mean
5.0138073
8.510529
6.5147667
3.8111916
6.867154
7.553836
3.0814633
6.867004
test_wealth_with_price_variance
19.690887
30.049911
21.82836
13.980578
23.094099
20.799875
16.866121
26.859045
price
25.596087
22.496403
30.285288
18.442505
25.22948
-7.205428
17.317781
49.195744
train_time
29.981831700000015
28.198136499999976
30.609994400000005
28.644038799999976
26.351682900000014
28.065478199999916
40.23403559999997
28.521661600000016


