================================================================================
=== twin network
train_time
40.0489754
39.241804900000005
42.586479699999984
39.80886239999995
39.769112099999916
39.8807084
40.41826979999996
39.50604590000012


================================================================================
=== continuous-time
train_risk
2.6400218
2.6289196
2.8025036
2.6813574
2.6797776
2.9143074
2.7388117
2.6167471
test_risk
2.6410947
2.6290095
2.8077624
2.6857352
2.6790934
2.9137464
2.7370093
2.6170166
test_mean_value
-0.001890536
-0.0023875174
-0.0024417015
-0.00024096432
-0.005650657
-0.002457244
-0.0047131213
-0.0048425947
test_mean_abs_value
0.5156062
0.5041188
0.6105011
0.54270244
0.5397496
0.61091
0.55901855
0.49609554
test_variance_value
0.4128954
0.39500383
0.5675955
0.46272284
0.4553191
0.597611
0.48974177
0.3833347
test_mean_costs
0.56104493
0.5611046
0.5613554
0.56084555
0.56048656
0.5608804
0.56068575
0.56054693
test_mean_abs_costs
0.56104493
0.5611046
0.5613554
0.56084555
0.56048656
0.5608804
0.56068575
0.56054693
test_variance_costs
0.018168977
0.016951086
0.024664205
0.020604482
0.020474581
0.026758436
0.02134497
0.016300172
test_mean_wealth
-1.5322802
-1.5338322
-1.5342449
-1.5348588
-1.533193
-1.5333728
-1.5330415
-1.5320143
test_mean_abs_wealth
1.5337938
1.5349832
1.5382501
1.5368192
1.5349488
1.5370986
1.5356314
1.5331384
test_variance_wealth
0.24056195
0.23513465
0.2996158
0.2494907
0.24715438
0.29698396
0.26224267
0.23377663
test_wealth_with_price_abs_mean
0.6074932
0.607358
0.6229477
0.610278
0.60826504
0.61458784
0.61220217
0.6065058
test_wealth_with_price_variance
0.24056195
0.23513465
0.2996158
0.2494907
0.24715438
0.29698396
0.26224267
0.23377663
price
0.9725816
0.9725778
0.9725816
0.9725852
0.9725852
0.97258496
0.97258496
0.9725888
train_time
2.4532503000000005
2.1027045000000157
2.1152873999999997
3.2607803999999305
2.385708300000033
2.9999864000001253
3.5961802000001626
2.1031829999999445


================================================================================
=== continuous time feature map
train_risk
2.5177472
2.5169122
2.6845255
2.539493
2.5492685
2.6054008
2.590158
2.5014088
test_risk
2.5219524
2.518375
2.6885114
2.547157
2.5532386
2.6068084
2.586153
2.5029151
test_mean_value
-0.00125993
0.003374584
0.17391662
0.010924457
0.006111271
0.28481218
0.014351065
-9.113983e-05
test_mean_abs_value
0.51756275
0.50073206
0.6843737
0.5805667
0.571273
0.7661716
0.6229774
0.475383
test_variance_value
0.41145253
0.38536578
0.6818312
0.515014
0.5023076
0.8876365
0.59324664
0.3495472
test_mean_costs
0.41337144
0.41126853
0.4741398
0.4217297
0.42548862
0.54817194
0.44986236
0.3900852
test_mean_abs_costs
0.41337144
0.41126853
0.4741398
0.4217297
0.42548862
0.54817194
0.44986236
0.3900852
test_variance_costs
0.0057823365
0.0055698026
0.008894853
0.006288176
0.0062485756
0.011761165
0.0076720617
0.0045158365
test_mean_wealth
-1.3839761
-1.378234
-1.270671
-1.3845775
-1.3864331
-1.2333949
-1.4031538
-1.356801
test_mean_abs_wealth
1.386611
1.3803512
1.2913219
1.3888276
1.3907182
1.2661089
1.4093441
1.3588271
test_variance_wealth
0.26883057
0.27113336
0.43530452
0.2885227
0.28761473
0.43556136
0.30491555
0.26975164
test_wealth_with_price_abs_mean
0.526243
0.5244931
0.5639261
0.54099303
0.5410602
0.5522984
0.56359124
0.5098427
test_wealth_with_price_variance
0.26883057
0.27113336
0.43530452
0.2885227
0.28761473
0.43556136
0.30491555
0.26975164
price
0.9725816
0.9725778
0.9725816
0.9725852
0.9725852
0.97258496
0.97258496
0.9725888
train_time
10.226229400000001
10.658654799999994
6.443548300000032
19.15079819999994
9.796802999999954
10.401090199999999
10.686492000000044
11.740607599999976


================================================================================
=== deep network
train_risk
2.9784005
2.7876885
2.7332814
2.5935636
2.6374342
2.460543
3.4916945
2.7219386
test_risk
2.9914281
2.7901058
2.738848
2.605275
2.6443553
2.4663436
3.488168
2.7243447
test_mean_value
-0.00026913467
-0.0034964643
0.24970646
0.011183327
0.0041691153
0.6591687
0.06470183
0.0039230245
test_mean_abs_value
0.28960824
0.19741516
0.68617046
0.52869964
0.4889721
0.8700218
0.36667877
0.27697495
test_variance_value
0.14590776
0.06787314
0.6687547
0.42787993
0.380132
0.9054793
0.22734855
0.12355962
test_mean_costs
0.35400966
0.11697992
0.3330765
0.33223793
0.31519264
0.57328343
0.51711357
0.1904529
test_mean_abs_costs
0.35400966
0.11697992
0.3330765
0.33223793
0.31519264
0.57328343
0.51711357
0.1904529
test_variance_costs
0.0022452164
0.00119629
0.00859353
0.0054852357
0.0038662516
0.02290064
0.06479084
0.0012578388
test_mean_wealth
-1.3236235
-1.0908165
-1.0538179
-1.2948269
-1.2780793
-0.88414985
-1.4200542
-1.1531546
test_mean_abs_wealth
1.3259193
1.0966934
1.1081073
1.3002942
1.2830127
0.9788271
1.4301479
1.1590096
test_variance_wealth
0.5108196
0.51807415
0.59353673
0.35138425
0.3719063
0.56463134
0.7602778
0.46437263
test_wealth_with_price_abs_mean
0.61458665
0.57841736
0.6081769
0.52834463
0.5334113
0.5832867
0.74932283
0.5538281
test_wealth_with_price_variance
0.5108196
0.51807415
0.59353673
0.35138425
0.3719063
0.56463134
0.7602778
0.46437263
price
0.9725816
0.9725778
0.9725816
0.9725852
0.9725852
0.97258496
0.97258496
0.9725888
train_time
55.2003036
103.51472730000003
109.4230852
185.1418714
143.75052359999995
142.74737159999995
40.91423689999988
104.50941080000007


================================================================================
=== twin network feature map
train_risk
2.5435977
2.5333335
2.6941006
2.6472433
2.5658357
2.5705023
2.6217952
2.5184288
test_risk
2.5487912
2.5355923
2.6999462
2.6542132
2.5706666
2.5728679
2.616827
2.5208843
test_mean_value
-0.0029330575
-0.00059984997
0.16853936
0.019090878
0.00330111
0.48168132
0.012626273
0.0013157798
test_mean_abs_value
0.49827212
0.47728503
0.67322123
0.56776947
0.561395
0.7960957
0.6124931
0.44999778
test_variance_value
0.3837512
0.351407
0.66507477
0.49612874
0.48670346
0.85751164
0.5803515
0.31398022
test_mean_costs
0.4009912
0.3786245
0.4787893
0.4830399
0.39090163
0.49632436
0.4274247
0.3437177
test_mean_abs_costs
0.4009912
0.3786245
0.4787893
0.4830399
0.39090163
0.49632436
0.4274247
0.3437177
test_variance_costs
0.007508102
0.0051655243
0.011871745
0.0073014866
0.007824487
0.013744224
0.009111364
0.0044352943
test_mean_wealth
-1.373269
-1.3495644
-1.2806977
-1.4377213
-1.3546562
-0.98467815
-1.3824409
-1.3090266
test_mean_abs_wealth
1.3757766
1.3520408
1.2997096
1.4412107
1.3604925
1.0938597
1.3906391
1.3121657
test_variance_wealth
0.2830785
0.28899175
0.43323058
0.315356
0.31489176
0.6372237
0.33424473
0.2992155
test_wealth_with_price_abs_mean
0.52507675
0.5166274
0.56641865
0.58452195
0.53707653
0.60557795
0.56474525
0.50139034
test_wealth_with_price_variance
0.2830785
0.28899175
0.43323058
0.315356
0.31489176
0.6372237
0.33424473
0.2992155
price
0.9725816
0.9725778
0.9725816
0.9725852
0.9725852
0.97258496
0.97258496
0.9725888
train_time
9.713337999999993
10.251976000000013
6.4539834999999925
9.814615799999956
13.148440299999947
20.335706099999925
10.798294400000032
12.782498099999884


