================================================================================
=== twin network
train_time
43.3519937
41.86293659999998
42.23240479999998
40.92494760000005
41.77755769999999
41.31406500000003
42.01708330000008
41.425676100000146


================================================================================
=== continuous-time
test_risk
18.866098
17.715921
15.18057
16.685242
14.727485
-8.467338
18.51069
21.462065
test_wealth_with_price_abs_mean
3.2769666
3.4000106
2.6365018
2.769121
2.718371
3.346044
2.8888166
3.0200355
test_wealth_with_price_variance
3.9968765
8.394684
4.606903
4.836505
6.154267
4.132874
4.3287754
4.994904
price
10.873648
7.1094437
7.3264494
8.583738
6.290489
-15.886969
10.762928
12.977113
train_time
2.2538941000000037
4.080557499999998
2.996925400000009
3.1648007999999663
2.9877801999999747
2.5334268000000293
4.769886399999905
2.0493346000000656


================================================================================
=== continuous time feature map
test_risk
18.063744
15.459587
11.039191
15.28527
11.905575
-8.885402
17.574974
16.91532
test_wealth_with_price_abs_mean
2.6866765
2.9139442
1.5690632
2.3228621
1.9969497
3.140413
2.5311456
2.3746703
test_wealth_with_price_variance
5.063384
8.910664
3.6459744
5.219163
5.969729
4.9156985
4.550801
7.187903
price
10.873648
7.1094437
7.3264494
8.583738
6.290489
-15.886969
10.762928
12.977113
train_time
7.387549999999997
14.955393500000014
13.027841200000012
12.207603400000039
12.40550780000001
16.415868700000033
19.434979500000054
16.771117199999935


================================================================================
=== deep network
test_risk
17.667393
15.064735
10.905444
14.977213
11.895455
-9.063806
17.457634
16.78831
test_wealth_with_price_abs_mean
2.7853823
3.082473
1.4991455
2.4507186
1.9989108
3.28195
2.6159558
2.3949714
test_wealth_with_price_variance
4.60045
10.07567
3.3391335
5.8613353
6.070491
5.385619
4.9531384
7.420885
price
10.873648
7.1094437
7.3264494
8.583738
6.290489
-15.886969
10.762928
12.977113
train_time
85.24668750000001
77.7428291
54.33699670000004
112.88036419999992
65.79086900000004
83.72378229999993
109.83422040000005
127.70673150000016


================================================================================
=== twin network feature map
test_risk
17.80574
15.536171
11.070784
15.332343
11.914684
-8.845682
17.609262
17.090805
test_wealth_with_price_abs_mean
2.7403047
2.947721
1.5969898
2.3177147
1.9992634
3.1221588
2.5335126
2.4052129
test_wealth_with_price_variance
4.3392286
9.044932
3.757434
5.230438
5.9755063
4.90975
4.601218
7.465794
price
10.873648
7.1094437
7.3264494
8.583738
6.290489
-15.886969
10.762928
12.977113
train_time
12.263837100000018
15.36007699999999
10.719269699999984
12.185994400000027
14.102221099999952
15.341557899999998
12.565690099999983
8.95508360000008


