================================================================================
=== twin network
train_time
41.9010035
42.270004400000005
41.387577299999975
41.04567989999998
41.57426290000001
41.32443539999997
41.42326109999999
41.59455049999997
41.4195236999999
42.86575689999995
41.95913210000003
42.534518800000114
41.784678299999996
44.6048753
42.05484260000003
41.83295270000008


================================================================================
=== continuous-time
train_risk
6.381588
6.336924
6.3556595
6.4235024
6.452635
6.315843
6.3639684
6.3748713
6.472756
6.4030685
6.2983413
6.3737707
6.4214497
6.3597274
6.4757257
6.3747396
test_risk
6.376459
6.337963
6.3626194
6.4221845
6.4513025
6.312316
6.3628793
6.3637958
6.460791
6.4023376
6.3010826
6.3781767
6.419938
6.3645864
6.4825053
6.3787007
test_mean_value
0.42045268
0.4189607
0.4174841
0.41674232
0.4139811
0.41979587
0.4090239
0.41886938
0.41728038
0.41938564
0.41317332
0.42885202
0.4143215
0.41022363
0.41358855
0.4223603
test_mean_abs_value
1.8515322
2.2612803
1.6571652
1.7841283
1.6112951
2.0227041
1.8063635
1.7766788
1.9122956
2.3651145
1.8530014
1.9053721
2.2145286
1.890763
1.6327142
1.5891049
test_variance_value
5.486315
8.308671
4.4021373
5.098814
4.1980286
6.7399006
5.2986197
5.096036
6.303423
9.222843
5.592532
5.892794
8.003033
5.795354
4.3811564
4.095344
test_mean_costs
1.0845596
1.0848558
1.0845271
1.0846455
1.0850462
1.084074
1.0847481
1.0843326
1.0849392
1.0845946
1.0846486
1.0842886
1.0846317
1.0851712
1.0849888
1.0845065
test_mean_abs_costs
1.0845596
1.0848558
1.0845271
1.0846455
1.0850462
1.084074
1.0847481
1.0843326
1.0849392
1.0845946
1.0846486
1.0842886
1.0846317
1.0851712
1.0849888
1.0845065
test_variance_costs
0.023483256
0.022235138
0.02265827
0.02486141
0.026298
0.021057958
0.023067556
0.023001447
0.026488526
0.024514737
0.020488217
0.023194138
0.024962146
0.022624597
0.026941715
0.02326718
test_mean_wealth
-5.318856
-5.3187876
-5.317343
-5.317902
-5.3188376
-5.317034
-5.318184
-5.317796
-5.31743
-5.3192344
-5.318396
-5.3167458
-5.317164
-5.319361
-5.32016
-5.3188863
test_mean_abs_wealth
5.318856
5.3187876
5.317343
5.317902
5.3188376
5.317034
5.318184
5.317796
5.31743
5.3192344
5.318396
5.3167458
5.317164
5.319361
5.32016
5.3188863
test_variance_wealth
0.21310242
0.20064579
0.20633423
0.22660355
0.24039243
0.19098806
0.20955987
0.20834835
0.24066746
0.22301736
0.18703398
0.21127933
0.2289048
0.20665121
0.24611802
0.21180062
test_wealth_with_price_abs_mean
1.0877608
1.0875089
1.086096
1.0870503
1.0884086
1.0855598
1.0870138
1.0865545
1.0867504
1.0884883
1.0867761
1.0855289
1.0864668
1.0880365
1.0897212
1.087619
test_wealth_with_price_variance
0.21310242
0.20064579
0.20633423
0.22660355
0.24039243
0.19098806
0.20955987
0.20834835
0.24066746
0.22301736
0.18703398
0.21127933
0.2289048
0.20665121
0.24611802
0.21180062
price
4.232155
4.232155
4.232155
4.232155
4.232155
4.232155
4.232155
4.232155
4.232155
4.232155
4.232155
4.232155
4.232155
4.232155
4.232155
4.232155
train_time
5.932893700000001
5.182139800000016
5.076152400000012
4.100745400000051
3.231941300000017
4.683866899999998
5.162296900000001
3.853230200000098
6.219285199999831
6.260921700000154
3.3169536999998854
11.337632400000075
5.295260400000188
6.297674999999799
4.349525000000085
4.296848699999828


================================================================================
=== continuous time feature map
train_risk
5.867119
5.8680267
5.699697
5.4470124
5.833585
5.868688
4.154972
5.9091897
5.981738
5.471003
5.654977
5.8435698
5.882418
5.797782
5.8471518
5.3609834
test_risk
5.8697743
5.871102
5.692616
5.447399
5.832973
5.8687353
4.1560206
5.912291
5.975969
5.4798665
5.663078
5.840318
5.8836503
5.8001685
5.8507466
5.351911
test_mean_value
0.58244854
0.48361394
1.0148995
1.1097713
0.67188144
0.4978829
3.439895
0.5221429
0.5008473
0.9891227
0.7998281
0.56774175
0.55230296
0.57052547
0.6595738
1.3510566
test_mean_abs_value
1.8219041
2.2409673
1.8053737
1.9231855
1.6170161
2.0050318
3.608863
1.754318
1.8880316
2.3917384
1.8970927
1.8788601
2.179767
1.8690368
1.6313634
1.9014378
test_variance_value
5.2011466
8.094992
4.6125317
5.1150155
4.0119658
6.5399475
8.805176
4.8842573
6.0298815
9.066926
5.5451756
5.619332
7.676665
5.5458755
4.1509485
4.4031353
test_mean_costs
0.61399204
0.6245057
0.707799
0.44043076
0.60586107
0.6348261
0.4450241
0.6355367
0.65809864
0.53586215
0.5153932
0.6139574
0.6208017
0.59591335
0.59232247
0.42339435
test_mean_abs_costs
0.61399204
0.6245057
0.707799
0.44043076
0.60586107
0.6348261
0.4450241
0.6355367
0.65809864
0.53586215
0.5153932
0.6139574
0.6208017
0.59591335
0.59232247
0.42339435
test_variance_costs
0.003776565
0.004325381
0.0034177348
0.002498174
0.0054755798
0.003852388
0.0021038016
0.0043893764
0.0064410204
0.004503765
0.0022333583
0.0044090943
0.004773468
0.0037661316
0.0057685375
0.0015950436
test_mean_wealth
-4.686292
-4.793784
-4.3431997
-3.980658
-4.5817523
-4.789699
-1.647589
-4.765727
-4.807022
-4.2007647
-4.362486
-4.707525
-4.7153525
-4.6698017
-4.581508
-3.7290778
test_mean_abs_wealth
4.686292
4.793784
4.3431997
3.980658
4.5817523
4.789699
1.8978808
4.765727
4.807022
4.2007756
4.362486
4.707525
4.7153525
4.6698017
4.581508
3.7290778
test_variance_wealth
0.31811422
0.2552133
0.38212755
0.50059044
0.35361058
0.2596041
2.0959806
0.2887196
0.29332605
0.3290929
0.3841181
0.2888479
0.3075238
0.28782722
0.36077398
0.6145532
test_wealth_with_price_abs_mean
0.5858284
0.62534696
0.4959267
0.60055244
0.5515111
0.62442183
2.5986962
0.61945033
0.64833575
0.45333233
0.50396603
0.5830022
0.5974068
0.5600733
0.55461645
0.7508457
test_wealth_with_price_variance
0.31811422
0.2552133
0.38212755
0.50059044
0.35361058
0.2596041
2.0959806
0.2887196
0.29332605
0.3290929
0.3841181
0.2888479
0.3075238
0.28782722
0.36077398
0.6145532
price
4.232155
4.232155
4.232155
4.232155
4.232155
4.232155
4.232155
4.232155
4.232155
4.232155
4.232155
4.232155
4.232155
4.232155
4.232155
4.232155
train_time
17.9073086
23.90849879999999
13.733984899999996
26.324352299999987
29.733588499999996
16.837055599999985
25.41451549999988
19.86626070000011
30.679829700000028
30.698053600000094
18.085959100000082
28.41913199999999
23.668970100000024
32.376711800000066
36.884986000000026
24.819315899999765


================================================================================
=== deep network
train_risk
7.235715
7.7611957
5.7728243
7.0286903
7.1666284
7.28492
5.8999147
7.649854
7.2594438
7.226326
6.080691
7.3531075
7.313698
7.3128443
7.148018
5.6700077
test_risk
7.2350364
7.7447624
5.7848463
7.030219
7.1528244
7.29191
5.883543
7.6636763
7.2543836
7.2423677
6.099267
7.3535614
7.319948
7.3127785
7.1476126
5.673687
test_mean_value
0.801032
0.516007
1.290453
1.8556652
1.0513587
0.642875
2.7886925
0.7431864
0.5695567
0.84542876
1.1984258
0.8189327
0.7772687
0.783037
0.94057435
2.4142246
test_mean_abs_value
1.8835875
2.1146727
1.8851888
2.4799147
1.8079741
1.9979748
3.151041
1.8293062
1.8310171
2.3310585
2.0448394
1.9884903
2.1996293
1.8566343
1.7759029
2.817816
test_variance_value
5.1541815
7.2125063
4.240511
6.5027523
4.392058
6.244377
8.179875
4.894785
5.6433473
8.4729
5.6618543
5.8668313
7.5471034
4.958972
4.4519567
6.656878
test_mean_costs
0.9449462
1.2635242
0.4379161
1.1224289
1.0414822
0.79705375
1.0566227
0.9870614
0.8076854
1.0811676
0.3447879
0.8054715
0.8566556
0.72933906
1.0248278
0.09591332
test_mean_abs_costs
0.9449462
1.2635242
0.4379161
1.1224289
1.0414822
0.79705375
1.0566227
0.9870614
0.8076854
1.0811676
0.3447879
0.8054715
0.8566556
0.72933906
1.0248278
0.09591332
test_variance_costs
0.007364295
0.016632179
0.00540664
0.015487688
0.01096441
0.0047088605
0.007304645
0.012552244
0.014233237
0.0107963355
0.0021272115
0.018795017
0.010693422
0.006989038
0.014166193
0.0006248
test_mean_wealth
-4.7986627
-5.4004097
-3.797763
-3.9167624
-4.637896
-4.8069344
-2.91039
-4.8962083
-4.8878994
-4.8897643
-3.793283
-4.647848
-4.7262406
-4.590716
-4.733013
-2.3384287
test_mean_abs_wealth
4.7986627
5.4004097
3.7977633
3.9183004
4.637896
4.8069344
2.987471
4.8962083
4.8878994
4.8897643
3.7933376
4.647848
4.7262406
4.590716
4.733013
2.4436166
test_variance_wealth
1.2742609
1.0821503
0.7869119
2.0612195
1.4010181
1.2444191
2.1847973
1.5770944
1.0964625
1.0795888
1.185634
1.487218
1.3782797
1.4391192
1.2287704
2.568466
test_wealth_with_price_abs_mean
1.0004313
1.2767379
0.80074507
1.1755025
0.9936206
0.9842568
1.580593
1.1182542
0.9673806
0.9628365
0.94293344
1.0124875
1.0020344
0.9790866
0.96079516
2.0823622
test_wealth_with_price_variance
1.2742609
1.0821503
0.7869119
2.0612195
1.4010181
1.2444191
2.1847973
1.5770944
1.0964625
1.0795888
1.185634
1.487218
1.3782797
1.4391192
1.2287704
2.568466
price
4.232155
4.232155
4.232155
4.232155
4.232155
4.232155
4.232155
4.232155
4.232155
4.232155
4.232155
4.232155
4.232155
4.232155
4.232155
4.232155
train_time
59.4025539
57.64317890000001
119.78664069999996
54.388050799999974
55.62639809999996
59.64002779999987
59.26661119999994
58.95031620000009
62.182053100000076
59.87624349999987
152.7829116999999
62.05357409999988
62.02212529999997
69.12363349999987
63.25557170000002
173.91237130000036


================================================================================
=== twin network feature map
train_risk
5.8424582
5.8829165
5.92115
5.456128
5.8468494
5.8843837
5.1012526
5.9234395
5.99922
5.4719844
5.6201057
5.8641806
5.8987455
6.3682804
5.8581433
5.312286
test_risk
5.846112
5.884599
5.921057
5.456682
5.844153
5.8841033
5.1000524
5.926621
5.9946666
5.481444
5.6242313
5.8603406
5.9005938
6.370185
5.861735
5.3031406
test_mean_value
0.5832689
0.48154098
0.93812823
1.1120852
0.69059473
0.49678016
1.6599187
0.52369916
0.5053467
0.9693537
0.80880195
0.5724494
0.55222905
0.56698704
0.6663902
1.3963854
test_mean_abs_value
1.8123523
2.234593
1.7704295
1.9230052
1.6162591
1.9911927
2.2347631
1.7554454
1.8864877
2.384934
1.8838317
1.8746628
2.1698685
1.9566985
1.6290618
1.9162669
test_variance_value
5.1581903
8.063389
4.5213547
5.119855
4.0028715
6.4814873
5.9341774
4.906577
6.035014
9.065686
5.4557996
5.6109247
7.630371
6.1110635
4.144039
4.384218
test_mean_costs
0.5678898
0.63507706
0.74210477
0.43573263
0.5584763
0.6272014
0.5765874
0.63107944
0.6360083
0.5364902
0.47697183
0.58463407
0.6160914
0.9145701
0.5825528
0.3608768
test_mean_abs_costs
0.5678898
0.63507706
0.74210477
0.43573263
0.5584763
0.6272014
0.5765874
0.63107944
0.6360083
0.5364902
0.47697183
0.58463407
0.6160914
0.9145701
0.5825528
0.3608768
test_variance_costs
0.002747747
0.003738349
0.0027791907
0.0019576913
0.0035238739
0.0030007905
0.0016084635
0.0034828156
0.00476473
0.0036068633
0.0017314078
0.003065025
0.0036805337
0.0043070395
0.0044667153
0.0011729371
test_mean_wealth
-4.6393695
-4.8064284
-4.4542766
-3.9736462
-4.515654
-4.783177
-3.5591285
-4.7597136
-4.7804327
-4.221162
-4.3150907
-4.673494
-4.7107162
-4.991997
-4.5649223
-3.6212316
test_mean_abs_wealth
4.6393695
4.8064284
4.4542766
3.9736462
4.515654
4.783177
3.5597818
4.7597136
4.7804327
4.221171
4.3150907
4.673494
4.7107162
4.991997
4.5649223
3.6212337
test_variance_wealth
0.33492306
0.26119372
0.43994915
0.51355195
0.40125445
0.27667767
0.5443678
0.30248
0.31961033
0.3289303
0.39816782
0.31990576
0.32539216
0.4075244
0.38223436
0.66457236
test_wealth_with_price_abs_mean
0.57008713
0.63877624
0.5500584
0.60928285
0.55344564
0.62894845
0.8160071
0.62255096
0.6418329
0.45311168
0.50747144
0.5793531
0.60508317
0.8238863
0.5609292
0.8254236
test_wealth_with_price_variance
0.33492306
0.26119372
0.43994915
0.51355195
0.40125445
0.27667767
0.5443678
0.30248
0.31961033
0.3289303
0.39816782
0.31990576
0.32539216
0.4075244
0.38223436
0.66457236
price
4.232155
4.232155
4.232155
4.232155
4.232155
4.232155
4.232155
4.232155
4.232155
4.232155
4.232155
4.232155
4.232155
4.232155
4.232155
4.232155
train_time
18.146861300000012
24.530504199999996
11.408801799999992
26.744829399999958
28.823722100000055
16.676783099999966
12.769779699999845
18.715928100000156
31.78613569999993
30.93318649999992
39.22512460000007
28.225587899999937
23.796220500000345
18.584567400000196
36.01899139999978
34.08278199999995


