================================================================================
=== twin network
train_time
41.0538382
42.728231299999976
40.56819559999997
41.69954610000002
42.06305499999996
41.92674459999989
41.29964290000021
43.63445849999994
43.44045549999987
41.76834250000002
42.22585089999984
44.27969359999997
26.63780050000014
42.8107986
41.50232029999961
42.2985749999998


================================================================================
=== continuous-time
train_risk
6.328922
6.286803
6.2812977
6.303012
6.311847
6.3312674
6.3335533
6.2819996
6.329305
6.359289
6.344349
6.288093
6.391994
6.343488
6.268373
6.249336
test_risk
6.3281965
6.289992
6.279962
6.29862
6.3151507
6.3380704
6.330688
6.282863
6.332749
6.3540444
6.343082
6.288461
6.3856497
6.340224
6.2732306
6.2564535
test_mean_value
0.41462648
0.41727623
0.41934338
0.41198593
0.41413802
0.41389027
0.41474277
0.42465794
0.42838022
0.43066874
0.41344982
0.4127685
0.42275822
0.41464338
0.41042238
0.41561463
test_mean_abs_value
1.6244719
1.4474843
2.1051285
1.7112762
2.0775542
1.5441605
2.303603
1.8597988
2.3763442
2.231963
2.0365384
1.9249266
1.9275386
1.654502
1.9946938
1.444875
test_variance_value
4.3084087
3.2825747
7.291451
5.0209703
7.044723
3.8674607
8.726513
5.582349
9.291211
8.341644
6.7711725
6.1146073
6.1322083
4.472646
6.389951
3.3251343
test_mean_costs
1.084573
1.0848829
1.0851192
1.0846422
1.0852944
1.0849875
1.084647
1.0840981
1.0843571
1.0842593
1.0845947
1.0849857
1.0843267
1.0843133
1.0849552
1.0847512
test_mean_abs_costs
1.084573
1.0848829
1.0851192
1.0846422
1.0852944
1.0849875
1.084647
1.0840981
1.0843571
1.0842593
1.0845947
1.0849857
1.0843267
1.0843133
1.0849552
1.0847512
test_variance_costs
0.021526014
0.019996502
0.019846536
0.020137435
0.020832442
0.021775287
0.021956883
0.019720465
0.021674044
0.022577906
0.021962749
0.019852173
0.023654725
0.021832583
0.01957959
0.018765105
test_mean_wealth
-5.3175755
-5.3183756
-5.319124
-5.3178196
-5.3198166
-5.3188934
-5.317423
-5.316873
-5.3174653
-5.3173018
-5.3183417
-5.317614
-5.317634
-5.3163147
-5.3191376
-5.3188934
test_mean_abs_wealth
5.3175755
5.3183756
5.319124
5.3178196
5.3198166
5.3188934
5.317423
5.316873
5.3174653
5.3173018
5.3183417
5.317614
5.317634
5.3163147
5.3191376
5.3188934
test_variance_wealth
0.19585408
0.18156137
0.17950468
0.18361504
0.1902752
0.19830224
0.1974989
0.1794987
0.19653724
0.20479544
0.2003956
0.18089391
0.21544187
0.19935128
0.17811103
0.17140366
test_wealth_with_price_abs_mean
1.0860769
1.0867559
1.0874548
1.0860742
1.0882603
1.0874224
1.086026
1.0851717
1.0859604
1.0860403
1.0869023
1.0859057
1.0865501
1.0849313
1.0874721
1.0870872
test_wealth_with_price_variance
0.19585408
0.18156137
0.17950468
0.18361504
0.1902752
0.19830224
0.1974989
0.1794987
0.19653724
0.20479544
0.2003956
0.18089391
0.21544187
0.19935128
0.17811103
0.17140366
price
4.2321544
4.2321544
4.2321544
4.2321544
4.2321544
4.2321544
4.2321544
4.2321544
4.2321544
4.2321544
4.2321544
4.2321544
4.2321544
4.2321544
4.2321544
4.2321544
train_time
6.825285900000004
4.808678999999984
3.806411799999978
5.838919300000043
5.288514300000088
4.903834899999993
4.92106960000001
3.9041299000000436
4.412483699999939
11.188325599999871
4.536056999999801
5.139398999999685
6.740255399999569
4.05071050000015
5.774719900000036
4.695540700000038


================================================================================
=== continuous time feature map
train_risk
5.393516
5.6612406
5.776741
4.924764
5.9172683
5.863472
5.780939
5.823245
5.9249434
5.525623
5.974643
5.7256064
5.5631046
4.723445
5.779829
5.3951635
test_risk
5.403528
5.6693006
5.7786922
4.9331603
5.917866
5.864785
5.7870765
5.8286757
5.9242053
5.527694
5.9723845
5.7284164
5.560941
4.7182803
5.781769
5.3877964
test_mean_value
1.1951183
0.7045742
0.5220742
1.8383485
0.43562198
0.49444684
0.57506806
0.4802019
0.46598324
1.2451365
0.43735975
0.5702163
1.0436966
2.2831693
0.5036742
1.9951848
test_mean_abs_value
1.8344603
1.4736252
2.0773635
2.2733257
2.0390522
1.5179096
2.2861972
1.8233147
2.364577
2.365053
1.996001
1.9023783
2.0410607
2.585709
1.960373
2.2517462
test_variance_value
4.469339
3.1328738
7.0112543
5.9653053
6.7395463
3.65532
8.494907
5.30512
9.119329
8.596057
6.4488297
5.8751903
6.247166
5.712456
6.100269
4.244571
test_mean_costs
0.4514166
0.5098072
0.62898374
0.59614426
0.63407063
0.6507119
0.60871863
0.6236472
0.66076064
0.73438895
0.67997056
0.573867
0.5046385
0.21372603
0.6018854
0.89437294
test_mean_abs_costs
0.4514166
0.5098072
0.62898374
0.59614426
0.63407063
0.6507119
0.60871863
0.6236472
0.66076064
0.73438895
0.67997056
0.573867
0.5046385
0.21372603
0.6018854
0.89437294
test_variance_costs
0.0019298365
0.0020954532
0.0039049978
0.0012894812
0.0038066066
0.0047646943
0.004373297
0.0037457678
0.004608099
0.0027351074
0.004654709
0.0031422677
0.0024124952
0.0007277983
0.0034117284
0.0021127427
test_mean_wealth
-3.9039273
-4.4560018
-4.760258
-3.4029593
-4.847109
-4.8040614
-4.6811695
-4.800878
-4.8562655
-4.1529636
-4.8898077
-4.6490474
-4.1170073
-2.5772016
-4.742816
-3.5489447
test_mean_abs_wealth
3.9039273
4.4560018
4.760258
3.4031575
4.847109
4.8040614
4.6811695
4.800878
4.8562655
4.1529665
4.8898077
4.6490474
4.1170073
2.5836434
4.742816
3.5500112
test_variance_wealth
0.51671326
0.33746186
0.22803733
0.48879674
0.25057137
0.24851702
0.26806474
0.23283492
0.24883205
0.3987456
0.25583002
0.2540687
0.47761264
1.0911405
0.24278961
0.784292
test_wealth_with_price_abs_mean
0.63308185
0.49687058
0.5889813
0.9199757
0.66284645
0.62964106
0.5547716
0.6211076
0.6697662
0.50602627
0.6988869
0.52749974
0.5597065
1.7038722
0.58462834
0.9026392
test_wealth_with_price_variance
0.51671326
0.33746186
0.22803733
0.48879674
0.25057137
0.24851702
0.26806474
0.23283492
0.24883205
0.3987456
0.25583002
0.2540687
0.47761264
1.0911405
0.24278961
0.784292
price
4.2321544
4.2321544
4.2321544
4.2321544
4.2321544
4.2321544
4.2321544
4.2321544
4.2321544
4.2321544
4.2321544
4.2321544
4.2321544
4.2321544
4.2321544
4.2321544
train_time
17.5926295
29.993686500000024
26.198722000000032
11.708735100000013
18.040453299999967
26.894566899999973
26.328253800000084
28.669706000000133
20.211613500000112
17.193090900000016
26.427447799999754
34.548472200000106
21.852819100000033
42.69033669999999
41.979309600000306
17.347158100000343


================================================================================
=== deep network
train_risk
6.4718337
6.7894263
6.067362
5.345157
7.5118966
7.3481317
7.3060718
6.4228215
7.267783
6.2833147
7.5298142
6.181751
6.782772
5.5208235
7.333044
6.134948
test_risk
6.4879026
6.793408
6.0760837
5.3492613
7.5107574
7.3502426
7.315103
6.429639
7.2871313
6.2869015
7.530551
6.194306
6.7884116
5.5071726
7.3418913
6.123298
test_mean_value
2.1659386
1.1923103
0.6289503
2.5801861
0.49701297
0.7120225
0.75814664
0.55300915
0.52343595
1.834158
0.49426368
0.69099087
1.7652229
3.1136515
0.6459953
2.650752
test_mean_abs_value
2.6221905
1.8012497
2.051698
2.9116964
2.0178258
1.619273
2.3862534
1.7890627
2.2929637
2.573978
1.9762244
1.8799031
2.5532017
3.3991573
1.9691982
3.023657
test_variance_value
6.0920315
3.700775
6.8387966
6.606206
6.472655
3.7037942
8.960516
4.9850254
8.551518
8.388143
6.248523
5.6193657
7.8649335
7.566782
5.8350286
6.7928615
test_mean_costs
0.68467426
0.5515309
0.5836419
0.48510173
0.80246735
0.47408238
0.86767673
0.3566789
0.7376847
0.9610385
0.9508751
0.415652
0.7987087
0.48419514
0.695094
0.41374582
test_mean_abs_costs
0.68467426
0.5515309
0.5836419
0.48510173
0.80246735
0.47408238
0.86767673
0.3566789
0.7376847
0.9610385
0.9508751
0.415652
0.7987087
0.48419514
0.695094
0.41374582
test_variance_costs
0.022910457
0.0017132016
0.004088303
0.03418792
0.009724764
0.0047948044
0.0074753156
0.0036047027
0.0073079476
0.012348242
0.015103832
0.0035237842
0.013568456
0.019452957
0.0039776415
0.0015881624
test_mean_wealth
-3.1663647
-4.0099897
-4.6080403
-2.550079
-4.9541144
-4.4098563
-4.7570486
-4.4611025
-4.875737
-3.7905917
-5.1038084
-4.370058
-3.6895514
-2.0171885
-4.693703
-2.4127502
test_mean_abs_wealth
3.1862159
4.010163
4.6080403
2.5677948
4.9541144
4.4098563
4.7570486
4.4611025
4.875737
3.7922919
5.1038084
4.370058
3.6931732
2.1998823
4.693703
2.544692
test_variance_wealth
2.4247463
1.6821004
0.4764046
1.4703321
1.2418901
1.6804861
1.2676872
0.7958518
1.150635
1.2314345
1.1356702
0.6846524
2.0550678
2.7834923
1.3634324
3.103357
test_wealth_with_price_abs_mean
1.5315058
1.0543939
0.6257742
1.8060778
1.0342686
1.0348324
0.9677526
0.7270262
0.9797796
0.953932
1.0857458
0.6629498
1.2301694
2.3629935
0.9802499
2.1028714
test_wealth_with_price_variance
2.4247463
1.6821004
0.4764046
1.4703321
1.2418901
1.6804861
1.2676872
0.7958518
1.150635
1.2314345
1.1356702
0.6846524
2.0550678
2.7834923
1.3634324
3.103357
price
4.2321544
4.2321544
4.2321544
4.2321544
4.2321544
4.2321544
4.2321544
4.2321544
4.2321544
4.2321544
4.2321544
4.2321544
4.2321544
4.2321544
4.2321544
4.2321544
train_time
52.51407179999998
53.12959429999995
205.40636159999997
49.12459660000002
55.060913700000015
50.81474890000004
57.98088500000017
177.73362709999992
61.523215100000016
62.782068399999844
61.28624859999991
195.4604314000003
62.4869362999998
65.64167129999987
67.84715719999986
60.52755109999998


================================================================================
=== twin network feature map
train_risk
5.3931565
5.673707
5.793133
4.6238103
5.9263873
5.8826733
5.8007817
5.8394756
5.944656
4.938893
5.9682846
5.730392
5.5771284
4.719792
5.7978215
4.585601
test_risk
5.4042525
5.681269
5.79604
4.62865
5.9289913
5.884395
5.8080225
5.84569
5.943408
4.9405727
5.966553
5.7311587
5.5761003
4.715404
5.7993712
4.5726967
test_mean_value
1.1971736
0.6938702
0.53144073
2.3237581
0.43776435
0.50038666
0.58315265
0.47981268
0.4670988
1.9266458
0.4382883
0.59435886
1.0484511
2.2921517
0.5052569
2.7277725
test_mean_abs_value
1.8374125
1.4688982
2.0750172
2.5469124
2.038858
1.5184271
2.2698383
1.820523
2.3673813
2.6719196
1.9791498
1.9082716
2.0284264
2.5922532
1.9554389
2.8747702
test_variance_value
4.504257
3.13064
7.0154166
5.706511
6.7570863
3.6686149
8.411895
5.3068433
9.147817
9.414743
6.370278
5.935551
6.182569
5.7281003
6.0973086
5.3205733
test_mean_costs
0.4410246
0.5388361
0.6081686
0.76776475
0.6502975
0.6260187
0.5764673
0.62894785
0.6613933
0.5410299
0.6749125
0.58376324
0.49493694
0.20173807
0.6015979
0.5209304
test_mean_abs_costs
0.4410246
0.5388361
0.6081686
0.76776475
0.6502975
0.6260187
0.5764673
0.62894785
0.6613933
0.5410299
0.6749125
0.58376324
0.49493694
0.20173807
0.6015979
0.5209304
test_variance_costs
0.0016179926
0.0021251203
0.002700133
0.0017979337
0.003312017
0.0031323319
0.0028235975
0.0029993851
0.0037382129
0.002723167
0.0037954308
0.0026978313
0.0019483288
0.0006030598
0.0026560943
0.0020514855
test_mean_wealth
-3.89148
-4.4957347
-4.7300763
-3.0891702
-4.861193
-4.7734284
-4.6408334
-4.806568
-4.8557825
-3.2780952
-4.883821
-4.6348014
-4.1025515
-2.5562315
-4.740946
-2.4429145
test_mean_abs_wealth
3.89148
4.4957347
4.7300763
3.0910149
4.861193
4.7734284
4.6408334
4.806568
4.8557825
3.2815616
4.883821
4.6348014
4.1025515
2.5634408
4.740946
2.4738889
test_variance_wealth
0.5277062
0.3250427
0.25439182
0.5729412
0.25470993
0.27687147
0.30389547
0.2428809
0.2611295
0.6837486
0.26289368
0.26798335
0.5005597
1.1105798
0.25679845
1.1795776
test_wealth_with_price_abs_mean
0.64269143
0.502309
0.5810641
1.183259
0.67713606
0.62054807
0.5519536
0.63080424
0.67460215
1.0448788
0.6982694
0.5287253
0.5746233
1.7244834
0.59145683
1.8242489
test_wealth_with_price_variance
0.5277062
0.3250427
0.25439182
0.5729412
0.25470993
0.27687147
0.30389547
0.2428809
0.2611295
0.6837486
0.26289368
0.26798335
0.5005597
1.1105798
0.25679845
1.1795776
price
4.2321544
4.2321544
4.2321544
4.2321544
4.2321544
4.2321544
4.2321544
4.2321544
4.2321544
4.2321544
4.2321544
4.2321544
4.2321544
4.2321544
4.2321544
4.2321544
train_time
17.499747900000017
30.82817730000005
25.464508600000045
13.668938400000002
17.07871709999995
26.102133800000047
26.367553300000054
28.42082909999999
19.92678980000005
28.918079500000204
36.32553269999971
34.45291259999976
22.345382599999994
42.573888200000056
42.363433400000304
33.12500360000013


