================================================================================
=== twin network
train_time
38.927604099999996
42.277098300000006
40.490164400000026
40.052563799999916
40.75856390000001
40.32077449999997
15.045237600000064
25.608868699999903
40.39618169999994
40.39141930000005
41.02005959999997
25.6578542000002
42.753515100000186
41.507364699999926
40.987773299999844
41.24169660000007


================================================================================
=== continuous-time
train_risk
8.059179
7.8624954
7.910568
7.194314
7.793996
8.019116
7.9572926
8.031895
7.200333
7.7640615
7.576609
8.0222845
8.064225
8.045473
8.037456
8.028818
test_risk
8.054553
7.882185
7.910769
7.1938105
7.778677
8.025942
7.961458
8.054139
7.217364
7.776856
7.5745497
8.005041
8.091444
8.049492
8.042074
8.029397
test_mean_value
0.41980386
0.42490056
0.40804702
0.43513992
0.4220592
0.41455817
0.43911627
0.43350756
0.4127041
0.41439992
0.44764134
0.3914609
0.433859
0.40821424
0.4113867
0.41837567
test_mean_abs_value
2.4423618
2.514129
4.8518786
3.4286315
2.593982
4.9405613
4.907149
4.9651794
3.9080563
2.599965
4.5215783
4.9302163
4.9837284
2.447979
4.953996
2.445792
test_variance_value
10.329921
10.840011
40.736473
18.758795
11.268096
42.15883
41.915302
42.687786
25.52036
11.31585
35.55742
42.08863
42.971016
10.378026
42.391293
10.383842
test_mean_costs
1.0843425
1.085331
1.0845946
1.0838889
1.084576
1.0844489
1.0847266
1.0850316
1.085052
1.0844144
1.0842572
1.0840427
1.0842719
1.084972
1.08442
1.0844713
test_mean_abs_costs
1.0843425
1.085331
1.0845946
1.0838889
1.084576
1.0844489
1.0847266
1.0850316
1.085052
1.0844144
1.0842572
1.0840427
1.0842719
1.084972
1.08442
1.0844713
test_variance_costs
0.12983839
0.115379214
0.11828084
0.06800596
0.10667242
0.12866156
0.12191631
0.12944457
0.06958247
0.105647415
0.091798104
0.12739801
0.13247964
0.12872507
0.13019195
0.12878342
test_mean_wealth
-5.3157578
-5.3187623
-5.3183017
-5.316667
-5.3170867
-5.3155546
-5.3199353
-5.3213615
-5.3192377
-5.3165665
-5.318655
-5.314163
-5.3189344
-5.3197627
-5.3176928
-5.316235
test_mean_abs_wealth
5.3157578
5.3187623
5.3183017
5.316667
5.3170867
5.3155546
5.3199353
5.3213615
5.3192377
5.3165665
5.318655
5.314163
5.3189344
5.3197627
5.3176928
5.316235
test_variance_wealth
1.1559798
1.0282127
1.0429143
0.60303813
0.9536087
1.1338875
1.0816886
1.1480534
0.61445034
0.9490133
0.81478196
1.123236
1.1796364
1.1479532
1.1462717
1.1445112
test_wealth_with_price_abs_mean
1.2011989
1.1820636
1.1841842
1.1202431
1.1679435
1.1972755
1.1906375
1.2035049
1.1234374
1.1669352
1.1478006
1.1948062
1.2074982
1.202563
1.2008095
1.2011179
test_wealth_with_price_variance
1.1559798
1.0282127
1.0429143
0.60303813
0.9536087
1.1338875
1.0816886
1.1480534
0.61445034
0.9490133
0.81478196
1.123236
1.1796364
1.1479532
1.1462717
1.1445112
price
4.232155
4.232155
4.232155
4.232155
4.232155
4.232155
4.232155
4.232155
4.232155
4.232155
4.232155
4.232155
4.232155
4.232155
4.232155
4.232155
train_time
3.662741600000004
3.160202800000036
3.3726634000000217
2.7228764000000183
1.968740900000057
3.6582939999998416
2.7794351999998526
2.633041800000001
3.9366907000000992
2.7229621999999836
6.427949699999999
3.2521998000001986
3.3056675999996514
1.8311601999998857
1.792453900000055
2.333902300000318


================================================================================
=== continuous time feature map
train_risk
5.558816
7.0455985
7.219491
6.676978
7.058548
7.3032312
7.2544355
7.317317
6.6597214
7.0633335
6.975291
7.300657
7.3384957
6.3909373
7.4651856
6.327129
test_risk
5.5556827
7.0552135
7.2243886
6.676556
7.0408587
7.2991495
7.258582
7.333838
6.6697216
7.057324
6.9692216
7.2876444
7.347769
6.396853
7.4725256
6.3221817
test_mean_value
2.2854156
0.571297
0.41299382
0.44199324
0.50133836
0.42260882
0.4412532
0.43931213
0.41739458
0.48913884
0.45101202
0.39674643
0.4401227
1.2401899
0.42404482
1.3260959
test_mean_abs_value
2.7947965
2.36094
4.774881
3.3278463
2.4504213
4.867425
4.8083906
4.8800845
3.8314655
2.4606807
4.459442
4.848582
4.910734
2.2903395
4.930716
2.3140273
test_variance_value
11.2204685
9.406924
38.72045
17.64962
9.871664
40.18151
39.497932
40.490406
24.282368
9.964541
33.95318
39.971565
40.96158
9.089935
41.223587
9.29025
test_mean_costs
0.26453897
0.7306521
0.7702586
0.75013906
0.7472307
0.7699167
0.76327425
0.7706827
0.7392168
0.75975156
0.77170146
0.76566714
0.76946115
0.5436568
0.75200015
0.51578975
test_mean_abs_costs
0.26453897
0.7306521
0.7702586
0.75013906
0.7472307
0.7699167
0.76327425
0.7706827
0.7392168
0.75975156
0.77170146
0.76566714
0.76946115
0.5436568
0.75200015
0.51578975
test_variance_costs
0.0047343085
0.042305097
0.046627916
0.023771314
0.040186346
0.050861694
0.04772053
0.05000081
0.024842285
0.039873965
0.03646897
0.04981048
0.05216469
0.025205761
0.04133292
0.021037938
test_mean_wealth
-2.6303427
-4.817687
-4.9990187
-4.976064
-4.900462
-4.992972
-4.9963465
-5.001208
-4.9687123
-4.917165
-5.002729
-4.990502
-4.99786
-3.946472
-4.972615
-3.8398333
test_mean_abs_wealth
2.679163
4.817687
4.9990187
4.976064
4.900462
4.992972
4.9963465
5.001208
4.9687123
4.917165
5.002729
4.990502
4.99786
3.9465342
4.972615
3.840035
test_variance_wealth
2.1689935
1.112433
1.0404975
0.62886226
0.9923162
1.1281288
1.0823417
1.1533147
0.6297108
0.9842656
0.8058423
1.1236144
1.1734833
1.4905621
1.2905165
1.5381634
test_wealth_with_price_abs_mean
1.7934524
0.9678588
1.0246058
0.8869897
0.9613276
1.0488425
1.0360684
1.060128
0.88308454
0.96672046
0.9534466
1.0468749
1.064656
1.0017722
1.078533
1.0364814
test_wealth_with_price_variance
2.1689935
1.112433
1.0404975
0.62886226
0.9923162
1.1281288
1.0823417
1.1533147
0.6297108
0.9842656
0.8058423
1.1236144
1.1734833
1.4905621
1.2905165
1.5381634
price
4.232155
4.232155
4.232155
4.232155
4.232155
4.232155
4.232155
4.232155
4.232155
4.232155
4.232155
4.232155
4.232155
4.232155
4.232155
4.232155
train_time
13.367246299999998
11.921772799999985
11.690825999999959
9.446572899999978
11.669125300000019
9.901892400000179
12.646478399999978
7.347582300000113
11.381525999999894
8.794678599999997
11.161401400000159
9.627582099999927
9.5554960999998
9.635741200000211
5.505462600000101
8.154861299999993


================================================================================
=== deep network
train_risk
5.4753757
6.971062
7.117923
6.6178226
6.986826
7.181663
7.1900215
7.172702
6.6502414
7.0388875
6.900182
7.1740146
7.288379
6.3755946
7.177691
6.266328
test_risk
5.4772925
6.9867597
7.120779
6.61665
6.975648
7.1751466
7.197275
7.1883483
6.6623917
7.0357223
6.8923655
7.1628942
7.3012676
6.3846965
7.187205
6.2619176
test_mean_value
2.60327
0.5458111
0.41137722
0.44116116
0.4851367
0.41745833
0.43594307
0.43740788
0.4169416
0.47433645
0.4489209
0.3947882
0.43072566
1.4049271
0.41447026
1.5096838
test_mean_abs_value
3.0992167
2.2503319
4.708354
3.3007255
2.3205352
4.756981
4.6998487
4.7966585
3.799756
2.313236
4.403766
4.7603006
4.7601175
2.4095786
4.7923355
2.4382138
test_variance_value
11.733499
8.915894
38.237907
17.48859
9.266374
39.084293
38.391525
39.77275
24.165741
9.231675
33.52607
39.242985
39.334217
9.49776
39.586136
9.619178
test_mean_costs
0.25778633
0.72027534
0.74666464
0.7438909
0.70235455
0.75334275
0.7650998
0.75459903
0.7558127
0.7147346
0.7367194
0.7594912
0.7800713
0.5135645
0.76859885
0.47266516
test_mean_abs_costs
0.25778633
0.72027534
0.74666464
0.7438909
0.70235455
0.75334275
0.7650998
0.75459903
0.7558127
0.7147346
0.7367194
0.7594912
0.7800713
0.5135645
0.76859885
0.47266516
test_variance_costs
0.0044812453
0.029025016
0.031154511
0.018360255
0.025940074
0.032605045
0.03252776
0.033335015
0.017964397
0.02464866
0.02428559
0.033177413
0.03213164
0.019699441
0.034450777
0.017006414
test_mean_wealth
-2.3057356
-4.8327966
-4.9770412
-4.9706483
-4.8717875
-4.9815483
-5.003482
-4.9870286
-4.985761
-4.8869505
-4.9698377
-4.9862843
-5.017867
-3.7516425
-4.998788
-3.6131206
test_mean_abs_wealth
2.405464
4.8327966
4.9770412
4.9706483
4.8717875
4.9815483
5.003482
4.9870286
4.985761
4.8869505
4.9698377
4.9862843
5.017867
3.7522883
4.998788
3.6143954
test_variance_wealth
2.4416382
1.228296
1.2246507
0.6647044
1.172915
1.3112167
1.2698889
1.3265297
0.69357926
1.2146546
0.93723273
1.294084
1.4042
1.7231343
1.3140641
1.7533493
test_wealth_with_price_abs_mean
2.0837803
1.0381924
1.1021025
0.9070001
1.034807
1.1353914
1.127827
1.1434196
0.9272527
1.0531381
0.9998224
1.132263
1.1787498
1.1161109
1.1459761
1.1660632
test_wealth_with_price_variance
2.4416382
1.228296
1.2246507
0.6647044
1.172915
1.3112167
1.2698889
1.3265297
0.69357926
1.2146546
0.93723273
1.294084
1.4042
1.7231343
1.3140641
1.7533493
price
4.232155
4.232155
4.232155
4.232155
4.232155
4.232155
4.232155
4.232155
4.232155
4.232155
4.232155
4.232155
4.232155
4.232155
4.232155
4.232155
train_time
115.43653649999999
96.67602049999999
108.2354259
199.07915000000003
125.33692489999999
100.94320690000018
64.68751620000012
106.85324579999997
98.17592769999987
74.53411830000005
136.35826599999973
121.87386449999985
85.73829419999993
89.28473250000025
106.97410619999982
119.01892729999963


================================================================================
=== twin network feature map
train_risk
5.56015
7.0700455
7.2273197
6.6770215
7.2185826
7.3344383
7.2616796
7.329821
6.670313
7.0702014
6.983213
7.337621
7.360288
6.3968234
7.4048705
6.294603
test_risk
5.55693
7.0799932
7.232419
6.675912
7.194868
7.331114
7.2672734
7.345506
6.679164
7.06503
6.9769716
7.3257017
7.367257
6.4036818
7.4153876
6.2915964
test_mean_value
2.3101885
0.5761071
0.41300324
0.44356585
0.5280536
0.42255715
0.4430482
0.43962783
0.41681024
0.49002996
0.45156518
0.39654955
0.43763396
1.2615744
0.4158941
1.4228257
test_mean_abs_value
2.8141701
2.3724666
4.7655163
3.3368983
2.4932685
4.866564
4.8289766
4.88294
3.822903
2.4587898
4.4708314
4.855845
4.8763304
2.3011951
4.8343205
2.36119
test_variance_value
11.3021345
9.450347
38.719593
17.7577
10.196958
40.345737
39.798615
40.612213
24.23779
9.953527
33.98304
39.943546
40.586468
9.157831
39.856796
9.421514
test_mean_costs
0.2633943
0.729675
0.7765455
0.7520592
0.7539988
0.78763497
0.77380365
0.7759267
0.74517137
0.75854397
0.7757263
0.7660068
0.7759061
0.53865
0.7745845
0.45948663
test_mean_abs_costs
0.2633943
0.729675
0.7765455
0.7520592
0.7539988
0.78763497
0.77380365
0.7759267
0.74517137
0.75854397
0.7757263
0.7660068
0.7759061
0.53865
0.7745845
0.45948663
test_variance_costs
0.004790137
0.043859787
0.045885865
0.023422234
0.03835898
0.04950455
0.04585944
0.050251488
0.024337037
0.039981715
0.035892308
0.053098135
0.05183989
0.024962407
0.039827343
0.019004952
test_mean_wealth
-2.6044252
-4.8119
-5.005296
-4.976412
-4.880515
-5.0107417
-5.0050807
-5.0061364
-4.9752507
-4.9150662
-5.0062003
-4.991039
-5.006794
-3.9200807
-5.00335
-3.6868002
test_mean_abs_wealth
2.6580334
4.8119
5.005296
4.976412
4.880515
5.0107417
5.0050807
5.0061364
4.9752507
4.9150662
5.0062003
4.991039
5.006794
3.9201658
5.00335
3.6875143
test_variance_wealth
2.2098029
1.1240265
1.0474026
0.62893957
1.13677
1.1364805
1.0931896
1.1502815
0.631901
0.9884884
0.8154894
1.1295953
1.1821245
1.5232598
1.2636094
1.6787667
test_wealth_with_price_abs_mean
1.8180983
0.966465
1.030864
0.8874097
0.99461263
1.0615076
1.045456
1.0603645
0.8878343
0.9664225
0.9584347
1.0413705
1.0708412
1.0179957
1.0960479
1.1223605
test_wealth_with_price_variance
2.2098029
1.1240265
1.0474026
0.62893957
1.13677
1.1364805
1.0931896
1.1502815
0.631901
0.9884884
0.8154894
1.1295953
1.1821245
1.5232598
1.2636094
1.6787667
price
4.232155
4.232155
4.232155
4.232155
4.232155
4.232155
4.232155
4.232155
4.232155
4.232155
4.232155
4.232155
4.232155
4.232155
4.232155
4.232155
train_time
13.072593399999988
12.338277500000004
11.992424299999925
8.641361000000074
5.375263900000164
9.930683499999986
13.251670300000114
7.372921800000086
12.890186199999789
8.77042849999998
13.245342300000175
9.552454200000284
9.732657600000039
9.713685000000169
5.551379299999553
13.257261899999776


