================================================================================
=== twin network
train_time
40.9993586
41.46723129999998
43.439675799999975
42.57285880000006
42.27105340000003
43.65099830000008
42.395842499999844
42.283063800000036


================================================================================
=== continuous-time
test_risk
33.2915
17.280155
24.551682
10.29651
17.238033
-5.459365
27.681704
27.487778
test_wealth_with_price_abs_mean
4.875486
4.828256
4.002079
4.0635138
3.5023952
4.4933987
4.3335714
4.2441673
test_wealth_with_price_variance
8.492389
9.712701
8.925469
3.199186
6.216573
7.6895013
9.889418
5.813261
price
21.466263
5.025649
13.231487
2.064662
7.81079
-15.609077
15.836793
17.599161
train_time
3.0262388999999956
4.525577499999997
4.766354699999965
2.95465999999999
2.6100081999999247
2.030498399999942
3.6533086999997977
2.5730776000000333


================================================================================
=== continuous time feature map
test_risk
30.722454
12.291126
22.248539
9.236219
16.006569
-7.148695
18.732908
26.035826
test_wealth_with_price_abs_mean
3.3292792
2.7437732
3.0978196
3.2010329
3.0005434
3.5761778
7.397166
3.3556755
test_wealth_with_price_variance
9.452716
9.951545
9.828846
3.5380735
6.7673903
9.430635
32.21867
6.326418
price
21.466263
5.025649
13.231487
2.064662
7.81079
-15.609077
15.836793
17.599161
train_time
12.8865099
16.683807299999984
10.665413300000012
17.72796649999998
14.507323600000063
19.36221640000008
9.257078100000172
12.666698800000177


================================================================================
=== deep network
test_risk
30.5491
11.803434
21.746614
9.2231865
15.914297
-7.3990874
17.604372
25.97902
test_wealth_with_price_abs_mean
3.3756495
2.5599334
3.2327461
3.182796
3.086003
3.7617896
7.277166
3.4037735
test_wealth_with_price_variance
10.405045
8.656596
10.8715515
4.0156164
7.1399117
10.867551
19.867447
6.8663826
price
21.466263
5.025649
13.231487
2.064662
7.81079
-15.609077
15.836793
17.599161
train_time
116.15157140000001
131.20952999999997
88.84570279999997
85.96803469999998
150.4729158
87.89029849999997
179.4484184999999
105.27829960000008


================================================================================
=== twin network feature map
test_risk
30.750107
12.308512
22.137068
9.327694
16.002512
-7.12887
18.594416
26.260778
test_wealth_with_price_abs_mean
3.3472092
2.7391243
3.0362797
3.1945534
2.9780865
3.5663178
7.5423574
3.3339322
test_wealth_with_price_variance
9.5321665
9.759736
9.552422
3.7136207
6.8386884
9.420531
31.51013
6.9963446
price
21.466263
5.025649
13.231487
2.064662
7.81079
-15.609077
15.836793
17.599161
train_time
12.779260499999992
17.444311699999957
19.112046599999985
11.460663700000055
14.795778700000028
18.01329069999997
9.408033500000101
9.518728999999894


