================================================================================
=== twin network
train_time
39.8965783
42.469696400000004
40.66758659999999
46.872922899999935
40.480973600000084
41.419352300000014
41.13575710000009
41.021976700000096
41.14754210000001
41.57477299999982
42.4484652000001
26.15284849999989
41.66493579999997
42.401096199999756
42.81857919999993
41.31025780000027


================================================================================
=== continuous-time
train_risk
6.417937
6.552589
6.457826
6.638642
6.552247
6.460887
6.468821
6.3882313
6.5330772
6.479872
6.3596926
6.388633
6.4379163
6.37366
6.4456573
6.434534
test_risk
6.4190226
6.550731
6.4641786
6.6350174
6.5475154
6.4586406
6.4612627
6.3846407
6.550219
6.4804654
6.3610177
6.3830137
6.442408
6.378394
6.443007
6.4387627
test_mean_value
0.41858497
0.42036036
0.41304958
0.41353142
0.41412723
0.41852802
0.41786283
0.4126739
0.4116441
0.42541945
0.41973624
0.41973764
0.41177207
0.41300517
0.41464153
0.4125566
test_mean_abs_value
1.6103787
2.1137753
2.0345953
1.9157143
2.2934153
1.5853237
1.8152037
1.8823631
1.7356924
2.2354858
1.9186528
2.0247731
2.2871544
1.9660839
1.5613722
1.7551367
test_variance_value
4.100442
7.4984493
6.6761394
5.9792714
8.491655
4.3160787
5.3418665
5.7674184
4.8308144
8.257876
6.1139
6.649126
8.666319
6.2337503
3.9954877
5.021486
test_mean_costs
1.0841473
1.0845082
1.0846705
1.0845631
1.0843877
1.084621
1.0849949
1.0852247
1.0850413
1.0844507
1.0843911
1.0847118
1.084776
1.0848341
1.0848202
1.0851518
test_mean_abs_costs
1.0841473
1.0845082
1.0846705
1.0845631
1.0843877
1.084621
1.0849949
1.0852247
1.0850413
1.0844507
1.0843911
1.0847118
1.084776
1.0848341
1.0848202
1.0851518
test_variance_costs
0.025114838
0.030570902
0.027050493
0.03430243
0.03067281
0.02666746
0.026733298
0.024169218
0.030127896
0.027878605
0.023235323
0.023955023
0.02604579
0.023607587
0.026037887
0.026096366
test_mean_wealth
-5.3175545
-5.3165693
-5.319573
-5.317898
-5.317087
-5.3187523
-5.3200064
-5.3186493
-5.3186054
-5.3171268
-5.3175316
-5.318309
-5.317913
-5.3200655
-5.319
-5.3192334
test_mean_abs_wealth
5.3175545
5.3165693
5.319573
5.317898
5.317087
5.3187523
5.3200064
5.3186493
5.3186054
5.3171268
5.3175316
5.318309
5.317913
5.3200655
5.319
5.3192334
test_variance_wealth
0.22936255
0.27864984
0.2445193
0.312439
0.27841076
0.24394327
0.24338776
0.21846099
0.27580586
0.25296333
0.2097312
0.21679276
0.23705989
0.21460369
0.23788536
0.23547688
test_wealth_with_price_abs_mean
1.0867995
1.0875381
1.0892116
1.0906675
1.088145
1.0884284
1.0897257
1.0877538
1.0892884
1.0871874
1.0864218
1.0873308
1.0874244
1.0889897
1.0885719
1.0887585
test_wealth_with_price_variance
0.22936255
0.27864984
0.2445193
0.312439
0.27841076
0.24394327
0.24338776
0.21846099
0.27580586
0.25296333
0.2097312
0.21679276
0.23705989
0.21460369
0.23788536
0.23547688
price
4.232155
4.232155
4.232155
4.232155
4.232155
4.232155
4.232155
4.232155
4.232155
4.232155
4.232155
4.232155
4.232155
4.232155
4.232155
4.232155
train_time
2.954962700000003
2.9555998999999815
4.224414899999999
7.590201999999977
6.974856100000011
4.756281700000045
4.275535300000001
5.092799100000093
3.0928685999999743
3.5200366000001395
5.799748200000067
4.87182729999995
3.929207800000313
3.5493853000002673
3.5823279000001094
4.471261700000014


================================================================================
=== continuous time feature map
train_risk
5.4080133
5.8031693
6.013494
5.976437
5.7895136
5.605531
5.884713
5.8491488
5.426383
5.8229175
5.518836
5.946275
5.9942627
5.953593
5.334629
4.8033414
test_risk
5.411472
5.8029
6.0171947
5.9723544
5.7905073
5.60332
5.890048
5.8529882
5.4361706
5.8173547
5.5209274
5.9468946
6.00431
5.9594517
5.329303
4.8120604
test_mean_value
1.2730556
0.8282349
0.48477456
0.66260743
0.76788455
0.95105
0.59710616
0.5611424
1.3086082
0.72153115
1.0599387
0.44707048
0.486849
0.45585582
1.4451971
2.2249978
test_mean_abs_value
1.870092
2.1195521
1.9953768
1.8793476
2.284907
1.6682847
1.7916924
1.8567177
1.9902804
2.2178469
2.0065682
1.9794945
2.2644198
1.9344227
1.923926
2.6004298
test_variance_value
4.287016
7.270794
6.35119
5.606474
8.222216
4.250141
5.0742803
5.515415
5.1610107
7.9635153
6.061418
6.311601
8.424094
5.981742
4.2828584
6.764928
test_mean_costs
0.42401987
0.55516213
0.65072215
0.59631073
0.5847147
0.48944747
0.6155034
0.6033841
0.49068052
0.55715495
0.4300416
0.6361896
0.6885657
0.66774064
0.3469695
0.36938244
test_mean_abs_costs
0.42401987
0.55516213
0.65072215
0.59631073
0.5847147
0.48944747
0.6155034
0.6033841
0.49068052
0.55715495
0.4300416
0.6361896
0.6885657
0.66774064
0.3469695
0.36938244
test_variance_costs
0.0026639972
0.0054340772
0.0054676486
0.0063383277
0.0059320694
0.0029716876
0.0052706953
0.0042979666
0.0024676472
0.004355827
0.0023010103
0.0047473432
0.0060379887
0.0050806054
0.0016408464
0.0018597443
test_mean_wealth
-3.8029566
-4.3793488
-4.8138995
-4.5805693
-4.463657
-4.1910567
-4.6712713
-4.68834
-3.8272805
-4.4937196
-4.0229797
-4.8424535
-4.846626
-4.8601217
-3.5505934
-2.7910228
test_mean_abs_wealth
3.8029566
4.3793488
4.8138995
4.5805693
4.463657
4.1910567
4.6712713
4.68834
3.8273041
4.4937196
4.0229797
4.8424535
4.846626
4.8601217
3.5506032
2.8106086
test_variance_wealth
0.59246725
0.45997947
0.31636608
0.44431975
0.38994607
0.4609838
0.33701274
0.30883005
0.58254474
0.40055954
0.5211004
0.26960954
0.29211468
0.26778555
0.7456584
1.0696816
test_wealth_with_price_abs_mean
0.7089572
0.5526373
0.6636477
0.60163265
0.5282977
0.54290104
0.58719575
0.5826757
0.6948574
0.54602075
0.60043114
0.66737604
0.67854345
0.6805751
0.89262164
1.5020524
test_wealth_with_price_variance
0.59246725
0.45997947
0.31636608
0.44431975
0.38994607
0.4609838
0.33701274
0.30883005
0.58254474
0.40055954
0.5211004
0.26960954
0.29211468
0.26778555
0.7456584
1.0696816
price
4.232155
4.232155
4.232155
4.232155
4.232155
4.232155
4.232155
4.232155
4.232155
4.232155
4.232155
4.232155
4.232155
4.232155
4.232155
4.232155
train_time
26.385143499999998
31.72396309999999
15.346002299999952
26.19067419999999
36.905947200000014
28.046844199999896
28.427613100000144
21.924817200000007
18.326916400000073
28.982647099999895
26.290912899999967
20.68990530000019
20.813274999999976
16.883621500000118
33.95532049999974
39.50993270000026


================================================================================
=== deep network
train_risk
5.5152836
6.9719634
7.5115438
7.5509243
7.165081
6.727621
7.2470503
6.730315
5.525146
6.934266
6.9084053
6.303247
7.254223
7.517689
6.194092
5.0847487
test_risk
5.521111
6.971051
7.5061784
7.529866
7.1711755
6.718761
7.258434
6.734682
5.5397043
6.926402
6.915755
6.319343
7.2667603
7.5273604
6.1905537
5.091335
test_mean_value
1.6110774
1.3352127
0.5802053
0.94736356
0.8708782
1.3421662
0.888522
0.67372507
1.5366504
0.9296113
1.7742574
0.45613065
0.56948906
0.4964792
2.868815
1.9290462
test_mean_abs_value
2.088269
2.3996737
1.9491184
2.0238593
2.289635
1.9174857
1.8652015
1.8908886
2.0865514
2.2808924
2.4670856
1.9202
2.1992185
1.8565601
3.2439866
2.3491025
test_variance_value
4.514813
8.22469
5.9589953
5.908556
8.090261
4.431331
4.9724183
5.6510553
5.173843
8.299542
7.1328177
6.004332
8.070215
5.4206095
7.945629
5.537901
test_mean_costs
0.3353045
0.8718842
0.9468281
0.95742226
1.0202265
0.69846296
0.7177252
0.88761395
0.55598265
0.9778773
0.96418434
0.6127636
1.0236447
1.1355125
0.34690166
0.27393782
test_mean_abs_costs
0.3353045
0.8718842
0.9468281
0.95742226
1.0202265
0.69846296
0.7177252
0.88761395
0.55598265
0.9778773
0.96418434
0.6127636
1.0236447
1.1355125
0.34690166
0.27393782
test_variance_costs
0.0031218063
0.011666974
0.01783889
0.029000403
0.014908233
0.0051053856
0.011381102
0.0066060275
0.0043147914
0.01615993
0.02466501
0.004807002
0.010516168
0.0151394615
0.0020281654
0.0028584078
test_mean_wealth
-3.3762193
-4.189093
-5.0145745
-4.6569247
-4.796175
-4.008956
-4.482077
-4.8599873
-3.6645405
-4.706362
-3.8428037
-4.8099675
-5.099065
-5.28727
-2.1269078
-2.9915297
test_mean_abs_wealth
3.3764915
4.1893086
5.0145745
4.6569276
4.796175
4.009045
4.4820867
4.8599873
3.6649117
4.706362
3.8445904
4.8099675
5.099065
5.28727
2.4029634
2.995596
test_variance_wealth
1.0578924
1.7104853
1.2378125
1.6734527
1.1309527
1.5958102
1.6184514
0.747861
0.8046132
1.0702951
2.0361965
0.49564293
0.9729267
0.9831827
3.8348174
0.98791385
test_wealth_with_price_abs_mean
1.0922637
1.0430554
1.0719342
1.0703067
0.94488615
1.0281364
1.0281144
0.8517179
0.8538296
0.90157866
1.1832863
0.7340113
1.0549866
1.1743801
2.3880725
1.3460586
test_wealth_with_price_variance
1.0578924
1.7104853
1.2378125
1.6734527
1.1309527
1.5958102
1.6184514
0.747861
0.8046132
1.0702951
2.0361965
0.49564293
0.9729267
0.9831827
3.8348174
0.98791385
price
4.232155
4.232155
4.232155
4.232155
4.232155
4.232155
4.232155
4.232155
4.232155
4.232155
4.232155
4.232155
4.232155
4.232155
4.232155
4.232155
train_time
128.4672867
49.305061799999976
50.89097600000008
57.149605000000065
50.188659200000075
53.19064320000007
52.19060820000004
88.44517840000003
147.9686403999999
62.30654230000005
56.00117620000037
244.37452810000013
64.86235869999973
72.15396620000001
51.17608640000026
210.94881499999974


================================================================================
=== twin network feature map
train_risk
5.788349
5.8194
5.998755
5.9860263
5.785308
5.6149716
5.904828
5.8932376
5.436162
5.833116
5.5246577
5.960606
5.975221
5.9599457
5.3460393
4.793022
test_risk
5.7965393
5.8206444
6.0008163
5.9817667
5.786841
5.6127534
5.911614
5.895074
5.4424005
5.829596
5.527248
5.9621077
5.9871354
5.966219
5.339745
4.801507
test_mean_value
1.1692755
0.8255549
0.48052013
0.65800244
0.8058437
0.9624141
0.59814405
0.56749636
1.2783146
0.71177524
1.067533
0.44779894
0.488155
0.45448375
1.4126931
2.1759994
test_mean_abs_value
1.837045
2.1197062
1.9809184
1.8784932
2.2841115
1.6675204
1.7875233
1.8514388
1.972058
2.2100189
2.0059693
1.9809147
2.2620878
1.9259036
1.8984258
2.5545466
test_variance_value
4.4083624
7.283452
6.259598
5.614907
8.226053
4.250215
5.077161
5.4974804
5.1208234
7.9471116
6.0580473
6.343007
8.42203
5.9300995
4.2375355
6.5738616
test_mean_costs
0.61488277
0.56182253
0.65777534
0.6170153
0.56499153
0.4805651
0.6139093
0.581898
0.49323916
0.5731591
0.4218582
0.6301316
0.6485359
0.6587525
0.3543261
0.36538175
test_mean_abs_costs
0.61488277
0.56182253
0.65777534
0.6170153
0.56499153
0.4805651
0.6139093
0.581898
0.49323916
0.5731591
0.4218582
0.6301316
0.6485359
0.6587525
0.3543261
0.36538175
test_variance_costs
0.0022528914
0.0045400755
0.0051149274
0.006024328
0.0044166762
0.0023148428
0.004023578
0.0030453922
0.0024401175
0.0037765263
0.0018533196
0.0038194964
0.0045796307
0.0041443217
0.0014362674
0.0018099465
test_mean_wealth
-4.0975995
-4.388689
-4.8252068
-4.605879
-4.4059744
-4.17081
-4.668639
-4.6605
-3.860133
-4.5194798
-4.0072017
-4.835667
-4.8052897
-4.852505
-3.590454
-2.8360205
test_mean_abs_wealth
4.0975995
4.388689
4.8252068
4.605879
4.4059744
4.17081
4.668639
4.6605
3.860148
4.5194798
4.0072017
4.835667
4.8052897
4.852505
3.590458
2.8512502
test_variance_wealth
0.6317443
0.46873787
0.30877241
0.4376071
0.43054166
0.48371485
0.3543571
0.34847337
0.5671903
0.39623052
0.5396306
0.28395495
0.30918404
0.2792398
0.7216131
1.0006077
test_wealth_with_price_abs_mean
0.6444513
0.5596441
0.67023945
0.60919124
0.53956735
0.55742764
0.59552926
0.58813703
0.6747538
0.5527973
0.61378425
0.66870916
0.656713
0.6801591
0.86191684
1.4561313
test_wealth_with_price_variance
0.6317443
0.46873787
0.30877241
0.4376071
0.43054166
0.48371485
0.3543571
0.34847337
0.5671903
0.39623052
0.5396306
0.28395495
0.30918404
0.2792398
0.7216131
1.0006077
price
4.232155
4.232155
4.232155
4.232155
4.232155
4.232155
4.232155
4.232155
4.232155
4.232155
4.232155
4.232155
4.232155
4.232155
4.232155
4.232155
train_time
10.222889899999984
23.70377780000001
17.73826079999992
21.680241999999907
34.05810580000002
28.610408600000028
30.09932589999994
13.722053899999992
18.21870459999991
28.63870880000013
27.510316299999886
20.58175570000003
23.07068019999997
16.649091800000406
32.826337500000136
40.86326850000023


