================================================================================
=== twin network
train_time
40.4932762
37.5062374
36.994539599999996
39.939963800000044
37.9639009
38.648104200000034
38.79286830000001
38.56456109999999


================================================================================
=== continuous-time
train_risk
3.8995287
3.8947601
3.883129
3.8869123
3.890628
3.8948064
3.906604
3.8883924
test_risk
3.8879123
3.9001982
3.8923671
3.898129
3.8929112
3.8913538
3.8975637
3.8898559
test_mean_value
-0.003938949
-0.0052176467
-0.005521114
-0.0023992353
-0.0031807325
-0.001717691
-0.001344471
-0.009588274
test_mean_abs_value
0.988811
0.98879415
0.9883697
0.9870426
0.98989224
0.9894064
0.9903793
0.9856674
test_variance_value
1.4325509
1.4315275
1.4304454
1.4297974
1.434719
1.4344476
1.4365145
1.4200733
test_mean_costs
0.56078917
0.5614028
0.56043464
0.56114507
0.56148994
0.56148416
0.5613546
0.5606446
test_mean_abs_costs
0.56078917
0.5614028
0.56043464
0.56114507
0.56148994
0.56148416
0.5613546
0.5606446
test_variance_costs
0.057954304
0.05783668
0.05777486
0.057748143
0.057955407
0.058078595
0.057701807
0.057535734
test_mean_wealth
-1.5310007
-1.5344653
-1.5336215
-1.5310433
-1.5340402
-1.5330461
-1.5307388
-1.5335929
test_mean_abs_wealth
1.5730808
1.5761284
1.5746162
1.572296
1.5757173
1.5746822
1.5744475
1.573973
test_variance_wealth
0.91907465
0.9205927
0.9164019
0.9194444
0.91694146
0.91552657
0.9268287
0.9137241
test_wealth_with_price_abs_mean
0.7774517
0.77947783
0.77721584
0.7774368
0.77772486
0.7774159
0.77909845
0.77743095
test_wealth_with_price_variance
0.91907465
0.9205927
0.9164019
0.9194444
0.91694146
0.91552657
0.9268287
0.9137241
price
0.97259235
0.9725776
0.97259235
0.9725776
0.97259235
0.97259235
0.97259235
0.97259235
train_time
2.975578200000001
2.1833105000000046
2.942077300000051
2.6457586999999876
2.0239771999999903
2.0020405999999866
2.392203600000016
1.442323100000067


================================================================================
=== continuous time feature map
train_risk
3.63124
3.6342504
3.6284678
3.6248412
3.6355333
3.6542773
3.684408
3.641603
test_risk
3.6228702
3.6388729
3.635502
3.635272
3.640744
3.653061
3.6812184
3.6399202
test_mean_value
-0.003674273
-0.0060846615
-0.000705006
-0.0037163259
-0.0016913881
-0.002121773
-0.008208112
-0.01256642
test_mean_abs_value
1.3629107
1.359028
1.3702191
1.3613026
1.388165
1.3540071
1.2869227
1.3481557
test_variance_value
2.5574808
2.5511293
2.5881882
2.555675
2.6566916
2.5260255
2.2865214
2.5052865
test_mean_costs
0.6134828
0.60585296
0.6159902
0.6152756
0.62732744
0.61493975
0.5844562
0.60294604
test_mean_abs_costs
0.6134828
0.60585296
0.6159902
0.6152756
0.62732744
0.61493975
0.5844562
0.60294604
test_variance_costs
0.037051823
0.03699096
0.037073802
0.03783769
0.038938913
0.039505772
0.034661498
0.03503382
test_mean_wealth
-1.5834297
-1.5797825
-1.5843611
-1.5864909
-1.5983884
-1.5869058
-1.560704
-1.5788724
test_mean_abs_wealth
1.6831927
1.6799352
1.6867765
1.6838864
1.6999326
1.6841757
1.6516647
1.6777141
test_variance_wealth
1.128193
1.1244392
1.1423844
1.116385
1.1507703
1.107965
1.0927758
1.1348503
test_wealth_with_price_abs_mean
0.9909798
0.98505026
0.995034
0.9869724
1.0061389
0.9809544
0.9566629
0.9896542
test_wealth_with_price_variance
1.128193
1.1244392
1.1423844
1.116385
1.1507703
1.107965
1.0927758
1.1348503
price
0.97259235
0.9725776
0.97259235
0.9725776
0.97259235
0.97259235
0.97259235
0.97259235
train_time
7.423863499999996
5.316703500000017
6.885603099999969
7.074984399999948
4.1155112000000145
3.9242523000000347
6.224663599999985
3.7991123000001608


================================================================================
=== deep network
train_risk
3.5390015
3.5704992
3.5616581
3.5527754
3.539266
3.5762625
3.5682526
3.5671718
test_risk
3.5320654
3.5795403
3.5723004
3.5653825
3.543271
3.5776234
3.567781
3.5643575
test_mean_value
-0.004293969
-0.0121283755
-0.00094567414
-0.0042569814
-0.0028143127
-0.0027468624
0.0014277638
-0.009369035
test_mean_abs_value
1.4202952
1.4289997
1.4389426
1.3887869
1.414343
1.3905041
1.4045137
1.398914
test_variance_value
2.82392
2.8680408
2.9133937
2.6928332
2.7912443
2.6959062
2.7579336
2.733608
test_mean_costs
0.60313445
0.61707795
0.61912966
0.5986354
0.60335475
0.6024492
0.6059201
0.6051775
test_mean_abs_costs
0.60313445
0.61707795
0.61912966
0.5986354
0.60335475
0.6024492
0.6059201
0.6051775
test_variance_costs
0.04473556
0.042006306
0.045930106
0.039368104
0.041365914
0.04082911
0.038983103
0.03993775
test_mean_wealth
-1.573701
-1.5970511
-1.5877411
-1.5703913
-1.5755386
-1.5750403
-1.572532
-1.5779066
test_mean_abs_wealth
1.7045294
1.7277764
1.7188158
1.6964881
1.7032899
1.7009046
1.7056081
1.7054565
test_variance_wealth
1.2337669
1.2597802
1.2505534
1.2146145
1.2288336
1.2184236
1.2462184
1.2247559
test_wealth_with_price_abs_mean
1.0261112
1.0431849
1.0353811
1.0167937
1.0246946
1.0219158
1.0283387
1.0234737
test_wealth_with_price_variance
1.2337669
1.2597802
1.2505534
1.2146145
1.2288336
1.2184236
1.2462184
1.2247559
price
0.97259235
0.9725776
0.97259235
0.9725776
0.97259235
0.97259235
0.97259235
0.97259235
train_time
100.83896490000001
56.604378800000035
77.53553149999999
67.02559950000006
93.7493733
79.42283789999999
66.61757269999998
66.76158520000013


================================================================================
=== twin network feature map
train_risk
3.651313
3.665463
3.6391997
3.655788
3.6729865
3.673028
3.6579213
3.665778
test_risk
3.6421194
3.671566
3.6481116
3.6649325
3.6749766
3.670304
3.6533546
3.6633537
test_mean_value
-0.008049362
-0.0070739957
-0.0037624976
-4.322012e-05
0.0058420678
0.0035788312
-0.0016549036
-0.0085705025
test_mean_abs_value
1.3614774
1.3264698
1.3206137
1.3246979
1.3591218
1.3093259
1.3306946
1.3352042
test_variance_value
2.5611844
2.4454186
2.4383135
2.446388
2.578765
2.3951945
2.4609025
2.4624202
test_mean_costs
0.5976998
0.5880157
0.5981243
0.59681123
0.6232645
0.60248584
0.59254533
0.5872678
test_mean_abs_costs
0.5976998
0.5880157
0.5981243
0.59681123
0.6232645
0.60248584
0.59254533
0.5872678
test_variance_costs
0.033723447
0.037214186
0.03628483
0.037380915
0.03964429
0.03406265
0.03553541
0.035217755
test_mean_wealth
-1.5720218
-1.5629345
-1.5695527
-1.5643533
-1.586792
-1.5687513
-1.56224
-1.5591984
test_mean_abs_wealth
1.6768137
1.6602815
1.664072
1.6614716
1.6931229
1.6597532
1.6618524
1.666302
test_variance_wealth
1.147339
1.1257409
1.0993264
1.1188111
1.1683329
1.0930855
1.1234151
1.1704018
test_wealth_with_price_abs_mean
0.987509
0.9679857
0.9635615
0.9690865
0.999858
0.96286255
0.96914846
0.987362
test_wealth_with_price_variance
1.147339
1.1257409
1.0993264
1.1188111
1.1683329
1.0930855
1.1234151
1.1704018
price
0.97259235
0.9725776
0.97259235
0.9725776
0.97259235
0.97259235
0.97259235
0.97259235
train_time
5.460517799999991
5.992737000000034
6.982083500000044
6.111704599999939
4.219009500000084
3.7667703999999276
7.440541800000005
3.793849499999851


