================================================================================
=== twin network
train_time
39.9511001
41.94088730000004
39.85261810000003
39.555527600000005
38.63683720000006
39.885854600000016
40.35320559999991
39.92117619999999


================================================================================
=== continuous-time
train_risk
2.5913894
2.5182445
2.5028336
2.569918
2.5434003
2.61075
2.5162885
2.5881493
test_risk
2.585882
2.5223525
2.5026133
2.5642698
2.5413291
2.6113312
2.5167658
2.5976527
test_mean_value
-0.003755867
-0.0027837118
-0.0031863714
-0.0035346793
-0.0024422656
-0.0024451204
-0.0010236128
-0.0013793029
test_mean_abs_value
0.51895607
0.46595946
0.45246968
0.48809698
0.49049214
0.53809553
0.46137208
0.509632
test_variance_value
0.4215296
0.34097984
0.31969407
0.3766448
0.37594613
0.44696936
0.3344105
0.40936807
test_mean_costs
0.5607535
0.56115025
0.5611945
0.56096387
0.5608919
0.56124413
0.5613605
0.5608527
test_mean_abs_costs
0.5607535
0.56115025
0.5611945
0.56096387
0.5608919
0.56124413
0.5613605
0.5608527
test_variance_costs
0.019779678
0.015344135
0.013787864
0.017217323
0.017401537
0.020293394
0.014925665
0.018910235
test_mean_wealth
-1.5344081
-1.5332379
-1.5330399
-1.5338523
-1.5325432
-1.5326384
-1.5315062
-1.5337173
test_mean_abs_wealth
1.535655
1.5338272
1.5334896
1.5346272
1.5334584
1.5343932
1.5320059
1.5348934
test_variance_wealth
0.20942761
0.19294108
0.18881176
0.19990437
0.1992593
0.22068992
0.19192927
0.2094173
test_wealth_with_price_abs_mean
0.59722346
0.5935273
0.59316915
0.5945841
0.59397703
0.5993504
0.59227425
0.5966013
test_wealth_with_price_variance
0.20942761
0.19294108
0.18881176
0.19990437
0.1992593
0.22068992
0.19192927
0.2094173
price
0.97259283
0.972584
0.97258687
0.972584
0.97258973
0.9725809
0.972584
0.972584
train_time
4.0557297000000005
3.7847487999999885
2.3190837000000215
3.696394400000031
4.00319479999996
5.0208758999999645
7.395623699999987
4.38846239999998


================================================================================
=== continuous time feature map
train_risk
2.3433406
2.3546097
2.3869586
2.2878685
2.3823895
2.4755743
2.3931665
2.447631
test_risk
2.341587
2.3566368
2.3881142
2.2857792
2.379407
2.4810994
2.3979807
2.462461
test_mean_value
0.3145374
0.13220365
0.004631079
0.49788
0.09850214
0.01819361
0.0054800236
0.010433661
test_mean_abs_value
0.5962403
0.46758556
0.4118901
0.659281
0.50086683
0.5691437
0.4433807
0.54721576
test_variance_value
0.47317672
0.32795462
0.263116
0.45046386
0.38730076
0.48407838
0.30529606
0.45937467
test_mean_costs
0.42787093
0.39991394
0.3604646
0.4349077
0.3893659
0.4044298
0.3773419
0.41436043
test_mean_abs_costs
0.42787093
0.39991394
0.3604646
0.4349077
0.3893659
0.4044298
0.3773419
0.41436043
test_variance_costs
0.004855601
0.0039668176
0.00318087
0.003989439
0.004113343
0.005671582
0.0034684632
0.0052484986
test_mean_wealth
-1.0832322
-1.2370143
-1.3244926
-0.9063815
-1.2600728
-1.3551854
-1.340984
-1.375412
test_mean_abs_wealth
1.1085224
1.2404777
1.3255721
0.9768339
1.2643603
1.3597941
1.342186
1.3784136
test_variance_wealth
0.36258152
0.2645559
0.23133105
0.46544832
0.27328938
0.26950306
0.23159352
0.2514092
test_wealth_with_price_abs_mean
0.47714436
0.45410854
0.47028196
0.5301856
0.4706656
0.51280254
0.48130056
0.51628965
test_wealth_with_price_variance
0.36258152
0.2645559
0.23133105
0.46544832
0.27328938
0.26950306
0.23159352
0.2514092
price
0.97259283
0.972584
0.97258687
0.972584
0.97258973
0.9725809
0.972584
0.972584
train_time
12.017517000000005
10.763025299999981
11.831113899999991
18.50471420000008
11.850143499999945
14.726162699999918
13.930559499999845
12.005301500000087


================================================================================
=== deep network
train_risk
2.5917816
3.88218
2.5918248
3.0967042
2.7006476
3.0406787
2.9574826
2.817632
test_risk
2.5925906
3.8773644
2.5962858
3.0923815
2.707261
3.0477552
2.9641955
2.8338368
test_mean_value
0.78845036
1.0980682
0.0070133973
0.70841795
0.14216086
0.02190715
0.007919681
0.017420342
test_mean_abs_value
0.8929796
1.4804955
0.1503426
0.8379546
0.44515187
0.4652049
0.25646788
0.47538653
test_variance_value
0.58606035
2.2575297
0.0399101
0.6939581
0.28767088
0.33781394
0.11082277
0.3509787
test_mean_costs
0.37462458
0.65985733
0.096891806
0.6875047
0.5036354
0.5580549
0.47456855
0.53239447
test_mean_abs_costs
0.37462458
0.65985733
0.096891806
0.6875047
0.5036354
0.5580549
0.47456855
0.53239447
test_variance_costs
0.025552996
0.1576063
0.0005674566
0.09224371
0.004419094
0.007897
0.0019204245
0.006226982
test_mean_wealth
-0.5560729
-0.5310931
-1.0585375
-0.9484406
-1.3306836
-1.505097
-1.435771
-1.4864594
test_mean_abs_wealth
0.8767405
1.3763509
1.0615839
1.1779182
1.3343645
1.5083768
1.4363159
1.4881216
test_variance_wealth
0.9089247
2.6914127
0.42710775
1.1380781
0.3844377
0.45411327
0.43349072
0.36435282
test_wealth_with_price_abs_mean
0.83156484
1.3476431
0.5220418
0.8351364
0.5615195
0.6740293
0.62431985
0.63236886
test_wealth_with_price_variance
0.9089247
2.6914127
0.42710775
1.1380781
0.3844377
0.45411327
0.43349072
0.36435282
price
0.97259283
0.972584
0.97258687
0.972584
0.97258973
0.9725809
0.972584
0.972584
train_time
152.1346591
40.686492799999996
114.84874429999996
40.41474870000002
82.17207819999999
63.138505099999975
61.35771599999998
69.52945760000011


================================================================================
=== twin network feature map
train_risk
2.3335462
2.3695154
2.388456
2.2926579
2.3998847
2.4914699
2.4197068
2.4673736
test_risk
2.331243
2.369813
2.3917346
2.2899985
2.398125
2.4954553
2.423904
2.4822962
test_mean_value
0.38412613
0.14130266
0.007837287
0.53507555
0.10865545
0.01385327
0.005945314
0.0065975166
test_mean_abs_value
0.615137
0.44398683
0.38484758
0.6783348
0.47240335
0.5428855
0.4064263
0.53762376
test_variance_value
0.4634585
0.29563624
0.22996968
0.44936338
0.34144774
0.44179317
0.25715575
0.44506606
test_mean_costs
0.39611545
0.3567884
0.32566378
0.42052305
0.36315516
0.3688971
0.34264696
0.3927689
test_mean_abs_costs
0.39611545
0.3567884
0.32566378
0.42052305
0.36315516
0.3688971
0.34264696
0.3927689
test_variance_costs
0.0053245206
0.004594751
0.004181819
0.004482596
0.0044122986
0.005741919
0.0043097315
0.0067898193
test_mean_wealth
-0.981888
-1.1847898
-1.2864856
-0.85480136
-1.2237087
-1.3239931
-1.3058238
-1.3576566
test_mean_abs_wealth
1.0255988
1.1892992
1.2874324
0.9459562
1.2281682
1.3285309
1.3068776
1.3613617
test_variance_wealth
0.4225161
0.2959104
0.24555683
0.5090206
0.29352134
0.2864668
0.25206706
0.26944068
test_wealth_with_price_abs_mean
0.50869894
0.45918164
0.45853063
0.55924344
0.46889347
0.5032059
0.47232932
0.5146045
test_wealth_with_price_variance
0.4225161
0.2959104
0.24555683
0.5090206
0.29352134
0.2864668
0.25206706
0.26944068
price
0.97259283
0.972584
0.97258687
0.972584
0.97258973
0.9725809
0.972584
0.972584
train_time
26.026928800000007
11.360533099999998
12.869051099999979
17.739378500000043
11.85246810000001
14.906797300000107
13.792321700000002
11.97663190000003


