================================================================================
=== twin network
train_time
39.794277
42.734714800000006
41.2367582
42.80032469999992
42.97763859999998
41.271044099999926
41.93125979999991
43.52281169999992
41.79394900000011
40.939693000000034
41.52700929999992
41.617556799999875
41.6650896000001
45.66431499999999
41.606465399999706
42.25226590000011


================================================================================
=== continuous-time
train_risk
6.4705496
6.583997
6.588148
6.4944124
6.4829044
6.5479236
6.6173534
6.5399275
6.619181
6.559225
6.4345512
6.6218834
6.5785265
6.7040076
6.5791607
6.547136
test_risk
6.473212
6.5842543
6.5870914
6.4917974
6.481599
6.5560923
6.6201415
6.544748
6.6237836
6.5572367
6.4356985
6.6218076
6.572875
6.7039495
6.573655
6.5497484
test_mean_value
0.41692677
0.4244784
0.41172275
0.41590646
0.41607308
0.42322433
0.42211214
0.41234952
0.4202419
0.4162348
0.41433334
0.40893945
0.41400468
0.4145443
0.41610503
0.4157164
test_mean_abs_value
1.885323
2.287955
2.6103208
1.8737671
1.6803666
1.9189379
2.2974916
2.0237882
1.6675285
2.072865
2.0445557
2.3519642
2.0728626
2.1053858
1.6463586
2.5889976
test_variance_value
5.9695826
8.510212
11.837028
5.827658
4.686789
6.1974688
8.820159
6.9633293
4.780963
6.937903
6.9159684
9.431858
7.4552336
7.937936
4.414584
11.272731
test_mean_costs
1.0848812
1.0847622
1.0848942
1.0850341
1.0847168
1.0844136
1.0849373
1.0844458
1.0847678
1.0847604
1.0846926
1.0847613
1.0845332
1.0846193
1.0855418
1.0851616
test_mean_abs_costs
1.0848812
1.0847622
1.0848942
1.0850341
1.0847168
1.0844136
1.0849373
1.0844458
1.0847678
1.0847604
1.0846926
1.0847613
1.0845332
1.0846193
1.0855418
1.0851616
test_variance_costs
0.027397692
0.032036334
0.031779587
0.028214043
0.028031172
0.03085936
0.033692516
0.03042208
0.03386249
0.030958544
0.026229288
0.03348414
0.031718485
0.036868956
0.032010928
0.031130157
test_mean_wealth
-5.3196273
-5.319037
-5.3175797
-5.31833
-5.3184204
-5.317994
-5.317559
-5.3170285
-5.3184156
-5.3198447
-5.317718
-5.319345
-5.31705
-5.3181777
-5.3204885
-5.3179703
test_mean_abs_wealth
5.3196273
5.319037
5.3175797
5.31833
5.3184204
5.317994
5.317559
5.3170285
5.3184156
5.3198447
5.317718
5.319345
5.31705
5.3181777
5.3204885
5.3179703
test_variance_wealth
0.24840945
0.29120523
0.28847188
0.2565219
0.25425568
0.28249124
0.3045506
0.27685136
0.30939212
0.28213337
0.23760846
0.30370247
0.28743365
0.33845457
0.2910391
0.28012648
test_wealth_with_price_abs_mean
1.0894196
1.0904036
1.0886421
1.0885956
1.0884804
1.0893197
1.0895423
1.0878282
1.0909051
1.0912045
1.087442
1.0913998
1.0885205
1.0918918
1.0922673
1.0892955
test_wealth_with_price_variance
0.24840945
0.29120523
0.28847188
0.2565219
0.25425568
0.28249124
0.3045506
0.27685136
0.30939212
0.28213337
0.23760846
0.30370247
0.28743365
0.33845457
0.2910391
0.28012648
price
4.232155
4.232155
4.232155
4.232155
4.232155
4.232155
4.232155
4.232155
4.232155
4.232155
4.232155
4.232155
4.232155
4.232155
4.232155
4.232155
train_time
3.8860625999999954
3.5848086999999964
3.586753999999985
5.619521200000008
4.01925069999993
8.114466700000094
6.534303099999988
4.89385510000011
10.254486100000122
2.8121633000000656
2.8774748000000727
3.6457773000001907
3.22094960000004
4.889392600000065
4.489192700000331
6.180919800000083


================================================================================
=== continuous time feature map
train_risk
5.7846594
6.132195
6.1145334
5.4475207
5.7118826
6.0297055
6.117155
6.0894566
5.643407
5.8958826
4.5226474
6.108313
5.984962
6.174643
5.9330897
6.04521
test_risk
5.786644
6.1339025
6.118166
5.4544134
5.715187
6.0366387
6.1223855
6.0952373
5.643932
5.897143
4.5215178
6.109385
5.9789658
6.1726756
5.9407516
6.0392537
test_mean_value
0.7636241
0.4704007
0.45776346
1.0169606
0.90972686
0.53454846
0.5105553
0.44829223
1.1473889
0.72653407
2.5650673
0.53612924
0.5552668
0.4933215
0.6602833
0.5210899
test_mean_abs_value
1.8908707
2.2245088
2.5690064
1.9366482
1.7316734
1.8895259
2.2489283
1.9791411
1.8033973
2.073726
2.9712594
2.3197913
2.010076
2.061915
1.6323515
2.5684857
test_variance_value
5.749074
8.011601
11.316647
5.7230325
4.5221906
5.908542
8.394428
6.572609
4.7490625
6.7462926
8.644291
9.086224
6.935197
7.496003
4.1384645
11.009059
test_mean_costs
0.53602326
0.69951665
0.69176114
0.49033853
0.49507138
0.6681247
0.6558388
0.693977
0.4405985
0.5845881
0.32447618
0.669624
0.62860847
0.68364996
0.6154099
0.68234146
test_mean_abs_costs
0.53602326
0.69951665
0.69176114
0.49033853
0.49507138
0.6681247
0.6558388
0.693977
0.4405985
0.5845881
0.32447618
0.669624
0.62860847
0.68364996
0.6154099
0.68234146
test_variance_costs
0.0035434111
0.008623786
0.00865124
0.0034454826
0.0031400877
0.007932646
0.007387733
0.008232671
0.0030688194
0.0046854327
0.0018781383
0.00771158
0.0067210156
0.010690659
0.0066891843
0.0077120555
test_mean_wealth
-4.424072
-4.8878694
-4.878406
-4.12258
-4.2351213
-4.790381
-4.8000174
-4.8906174
-3.9470992
-4.5093727
-2.4067676
-4.777018
-4.719863
-4.8384314
-4.606178
-4.809777
test_mean_abs_wealth
4.424072
4.8878694
4.878406
4.12258
4.2351213
4.790381
4.8000174
4.8906174
3.9470992
4.5093727
2.4380553
4.777018
4.719863
4.8384314
4.606178
4.809777
test_variance_wealth
0.4280731
0.33535868
0.32705602
0.3632939
0.5105392
0.3394131
0.3814267
0.31329545
0.68434775
0.4440055
1.1764017
0.39355865
0.35926548
0.3885937
0.40641046
0.32757974
test_wealth_with_price_abs_mean
0.5439862
0.7237678
0.7127684
0.48737633
0.57030606
0.6577878
0.6815339
0.7183032
0.69829565
0.5765821
1.8562404
0.67349106
0.62573546
0.70957613
0.591725
0.6657645
test_wealth_with_price_variance
0.4280731
0.33535868
0.32705602
0.3632939
0.5105392
0.3394131
0.3814267
0.31329545
0.68434775
0.4440055
1.1764017
0.39355865
0.35926548
0.3885937
0.40641046
0.32757974
price
4.232155
4.232155
4.232155
4.232155
4.232155
4.232155
4.232155
4.232155
4.232155
4.232155
4.232155
4.232155
4.232155
4.232155
4.232155
4.232155
train_time
25.7200671
16.124274000000014
18.577481299999988
18.293526199999974
26.216456199999925
25.659543499999927
12.957917599999973
26.93815749999999
26.852852600000006
15.709222599999976
22.50480349999998
19.76746940000021
23.748689199999717
35.10530820000031
25.878156499999932
16.45704310000019


================================================================================
=== deep network
train_risk
6.1440177
7.2763853
7.3886786
5.513257
7.0354586
6.2160854
7.2719536
7.515076
5.993128
7.142303
5.817072
6.485435
7.313229
7.8075137
7.4753604
6.261481
test_risk
6.1468477
7.293866
7.389819
5.5236692
7.028669
6.226675
7.269188
7.510943
5.983833
7.1318946
5.8297844
6.485024
7.311947
7.8174195
7.47841
6.262434
test_mean_value
1.057986
0.52705204
0.512095
1.2266175
1.6349837
0.6034726
0.60424083
0.500162
2.0477624
1.0433502
2.6128478
0.6111122
0.6736537
0.6469123
1.0352092
0.60883534
test_mean_abs_value
1.9818556
2.251679
2.4969208
1.9616351
2.262137
1.8269135
2.1521838
1.9634753
2.5110826
2.1185677
3.036388
2.2611
2.0324142
2.0817423
1.8469163
2.5056732
test_variance_value
5.860083
8.21883
10.827197
5.464644
5.846438
5.5690756
7.617616
6.4561844
6.0803356
6.531144
9.04061
8.704529
7.0188746
7.3949404
4.577636
10.597489
test_mean_costs
0.3849379
1.165299
0.8759772
0.52735656
0.8747222
0.6403645
0.8391474
1.0198123
0.047048695
0.9197915
1.0515082
0.5303767
0.85955
0.9490123
0.992768
0.63019437
test_mean_abs_costs
0.3849379
1.165299
0.8759772
0.52735656
0.8747222
0.6403645
0.8391474
1.0198123
0.047048695
0.9197915
1.0515082
0.5303767
0.85955
0.9490123
0.992768
0.63019437
test_variance_costs
0.0026321663
0.0141145205
0.012257905
0.006369153
0.015908401
0.0077530034
0.008065327
0.013420003
0.0001940042
0.0077936747
0.044147313
0.0068183364
0.016070852
0.03137332
0.013724447
0.0073565664
test_mean_wealth
-3.9786246
-5.2970004
-5.008291
-3.9499412
-3.8895152
-4.693697
-4.8896403
-5.1645827
-2.653176
-4.52776
-3.086019
-4.562788
-4.832418
-4.950203
-4.60861
-4.669884
test_mean_abs_wealth
3.9786296
5.2970004
5.008291
3.9499412
3.8924859
4.693697
4.8896403
5.1645827
2.7183688
4.5277724
3.1081707
4.562788
4.832418
4.950203
4.6086226
4.669884
test_variance_wealth
1.0731497
0.8308261
1.1547748
0.54083645
2.2273319
0.53489524
1.1800928
1.0820181
2.6033382
1.4967064
1.7276522
0.8100887
1.2297134
1.743997
1.7751778
0.5797626
test_wealth_with_price_abs_mean
0.85466087
1.1591485
1.0510944
0.6336142
1.2248626
0.69425845
1.0055615
1.1140583
1.8607273
1.0001591
1.4128966
0.76152337
0.98931074
1.1938748
1.0983189
0.7034332
test_wealth_with_price_variance
1.0731497
0.8308261
1.1547748
0.54083645
2.2273319
0.53489524
1.1800928
1.0820181
2.6033382
1.4967064
1.7276522
0.8100887
1.2297134
1.743997
1.7751778
0.5797626
price
4.232155
4.232155
4.232155
4.232155
4.232155
4.232155
4.232155
4.232155
4.232155
4.232155
4.232155
4.232155
4.232155
4.232155
4.232155
4.232155
train_time
147.358559
56.83051819999997
50.752679700000044
154.89495020000004
51.459228499999995
163.9088795
52.5751709000001
53.280826199999865
177.34256389999996
59.555432099999734
53.24406409999983
148.42904679999992
53.784798500000306
52.917113999999856
56.041128800000024
180.07206069999984


================================================================================
=== twin network feature map
train_risk
5.8026037
6.159624
6.1315517
5.422728
5.7200217
6.047301
6.127342
6.1029096
5.654266
5.9061666
4.488462
6.115001
6.0004334
6.190213
5.952945
6.0534797
test_risk
5.80384
6.1603913
6.134771
5.42911
5.7228518
6.054036
6.1320496
6.109033
5.655117
5.9083853
4.488375
6.1168833
5.9951015
6.1880264
5.959454
6.0470657
test_mean_value
0.76297027
0.4666004
0.45586386
1.0453768
0.9118223
0.5338664
0.5124269
0.4485758
1.1663588
0.7252381
2.7696893
0.53824544
0.5566686
0.49224514
0.6656379
0.51851785
test_mean_abs_value
1.8843825
2.2211459
2.5582235
1.9430796
1.7317195
1.8623347
2.247043
1.9767263
1.810348
2.0662003
3.1427796
2.3161807
2.0130844
2.0556989
1.632951
2.572343
test_variance_value
5.7180014
8.005798
11.284529
5.762562
4.5300984
5.7697086
8.419011
6.5868607
4.7604294
6.710838
9.12394
9.095272
6.971293
7.483806
4.1504083
11.075156
test_mean_costs
0.5356685
0.7092208
0.69315624
0.48857355
0.49298453
0.66208655
0.6571227
0.6942053
0.4201969
0.5866903
0.33155948
0.6630107
0.63417333
0.68700194
0.6062034
0.67869914
test_mean_abs_costs
0.5356685
0.7092208
0.69315624
0.48857355
0.49298453
0.66208655
0.6571227
0.6942053
0.4201969
0.5866903
0.33155948
0.6630107
0.63417333
0.68700194
0.6062034
0.67869914
test_variance_costs
0.003029074
0.0073195547
0.0070371707
0.0030535506
0.0028406319
0.006084518
0.006638429
0.0069137993
0.0023284415
0.0041499995
0.0017797303
0.006880963
0.0056895576
0.008990424
0.0052283495
0.0064280936
test_mean_wealth
-4.424371
-4.901374
-4.8817005
-4.092399
-4.230939
-4.785025
-4.7994294
-4.890562
-3.9077277
-4.512771
-2.2092288
-4.7682886
-4.724026
-4.8428597
-4.5916166
-4.8087068
test_mean_abs_wealth
4.424371
4.901374
4.8817005
4.092399
4.230939
4.785025
4.7994294
4.890562
3.9077277
4.512771
2.266337
4.7682886
4.724026
4.8428597
4.5916166
4.8087068
test_variance_wealth
0.4416896
0.3484991
0.33979914
0.3716313
0.5202741
0.35873577
0.391219
0.3246606
0.72747064
0.45198715
1.3900033
0.40677765
0.3693469
0.40056428
0.42948365
0.3390937
test_wealth_with_price_abs_mean
0.55241674
0.7399871
0.7212881
0.49844554
0.57588303
0.6643196
0.68620944
0.7232168
0.72848535
0.58243906
2.0521562
0.674962
0.6337297
0.7185542
0.5980665
0.67151237
test_wealth_with_price_variance
0.4416896
0.3484991
0.33979914
0.3716313
0.5202741
0.35873577
0.391219
0.3246606
0.72747064
0.45198715
1.3900033
0.40677765
0.3693469
0.40056428
0.42948365
0.3390937
price
4.232155
4.232155
4.232155
4.232155
4.232155
4.232155
4.232155
4.232155
4.232155
4.232155
4.232155
4.232155
4.232155
4.232155
4.232155
4.232155
train_time
17.008179100000007
16.335788700000023
18.613876900000037
17.36205289999998
24.096199100000035
26.811799699999938
23.898346199999878
26.229753400000163
26.224167800000032
15.789134000000104
34.35261420000006
19.626723400000174
22.251430000000255
35.36343399999987
25.83502419999968
16.96736009999995


