================================================================================
=== value network
train time
7.9296340999999995,7.647805300000002,7.375886700000002,7.549474599999996,7.712114500000013,7.595994599999997,7.553654199999983,7.785651299999984
mean squared error
0.00040848806,0.00045960696,0.00061560154,0.00047266486,0.0004753041,0.00040033436,0.00061934587
0.00031200968,0.0002958263,0.00030467333,0.00032634966,0.00035278153,0.0005236368,0.00035489633
0.0004820251,0.00047810317,0.00042193892,0.00080788747,0.0004102085,0.0005001386,0.0005686336
0.00049042766,0.0005721397,0.00047725072,0.0006015954,0.00055683445,0.00063857925,0.00036338213
0.0010346452,0.0007892213,0.00073189865,0.00082649814,0.00076091295,0.0005828835,0.0012478635
0.00084912125,0.0012481441,0.0009321228,0.0009972391,0.0011365765,0.00064564036,0.0009866194
0.0005835627,0.0005822142,0.0006614324,0.00061995327,0.0007623625,0.00056069327,0.0006488344
0.0003733045,0.0003638207,0.0003101823,0.00039199466,0.00041035752,0.00034344624,0.000342531
mean absolute error
0.015985927,0.017005121,0.018905077,0.016908022,0.017562618,0.014983039,0.01864825
0.014140938,0.013537455,0.013415449,0.014366197,0.014613613,0.017363613,0.015106225
0.017282711,0.016283369,0.015837993,0.01945984,0.015263948,0.017279077,0.018672775
0.017221538,0.017469287,0.016636647,0.017971061,0.016872426,0.019044464,0.014502404
0.02221517,0.021618916,0.01896224,0.02109791,0.021893688,0.01818719,0.021216178
0.022138951,0.024999196,0.021753646,0.023209423,0.023498965,0.019431721,0.023109535
0.018818144,0.018444046,0.019596564,0.019843325,0.0213371,0.018187476,0.019586997
0.015018851,0.015050811,0.013987341,0.015389041,0.015738834,0.013576261,0.014291599


================================================================================
=== twin network
train time
9.071221699999999,2.7794071000000002,9.157291900000004,9.507059300000009,10.21490390000001,2.8753672999999935,8.833051100000006,11.351145900000006
mean squared error
6.616152e-05,5.8679474e-05,3.4375607e-05,4.4126456e-05,6.866112e-05,3.5688015e-05,6.9877344e-05
8.098491e-05,7.981981e-05,8.362276e-05,0.00024372127,9.045075e-05,0.00013411674,8.490926e-05
3.9045084e-05,3.0236402e-05,3.9954524e-05,4.0424755e-05,2.3016952e-05,2.9683126e-05,3.9641756e-05
5.1626248e-05,9.0546266e-05,6.0539143e-05,0.00011292582,4.2226373e-05,4.097903e-05,6.86075e-05
3.5733956e-05,3.971018e-05,2.3422337e-05,3.9834722e-05,5.652985e-05,4.851587e-05,2.5881742e-05
8.157772e-05,9.4848554e-05,0.00013866898,7.763817e-05,6.827214e-05,9.89967e-05,0.0001398856
3.9243194e-05,2.2088867e-05,2.893394e-05,2.3181274e-05,4.065727e-05,3.075573e-05,2.556e-05
3.384062e-05,5.7667065e-05,4.6803747e-05,7.300144e-05,2.103512e-05,3.4771598e-05,4.656771e-05
mean absolute error
0.0062465067,0.005623617,0.00463784,0.0049707675,0.0067186286,0.004652462,0.006390684
0.0070757144,0.0068332134,0.006982999,0.013894429,0.0074376315,0.008950523,0.007223537
0.004803347,0.0041103982,0.004823435,0.0050248,0.003540442,0.004184843,0.0047917855
0.0052921483,0.007017231,0.005596983,0.007986598,0.004921998,0.00474896,0.0059848325
0.004941797,0.0052581606,0.004063608,0.005177257,0.006531406,0.0059063924,0.0040405565
0.006883678,0.007463093,0.009187714,0.006713051,0.006150944,0.0076191914,0.009222153
0.004652495,0.0035494845,0.0040515736,0.0036993283,0.0048086005,0.004131253,0.0037766425
0.0044077113,0.0055918386,0.0051575867,0.0064891335,0.003458808,0.0044314605,0.0051895096


================================================================================
=== delta network
train time
6.113424200000001,6.3477239999999995,6.361288599999995,6.352349499999988,7.067040300000002,6.237398200000001,6.201857600000011,6.250757099999987
mean squared error
4.904051e-05,5.4632306e-05,4.9847367e-05,4.7488546e-05,4.6864803e-05,4.9364357e-05,5.3476313e-05
6.19767e-05,6.291548e-05,6.3377665e-05,5.7235688e-05,4.4309756e-05,5.3492713e-05,6.447464e-05
4.8433165e-05,5.5921726e-05,6.786818e-05,5.671585e-05,4.4231074e-05,6.0945615e-05,5.404514e-05
4.740065e-05,6.115484e-05,4.077067e-05,6.096254e-05,4.3694432e-05,4.6666675e-05,4.9173024e-05
8.753045e-05,8.432162e-05,5.451503e-05,7.166759e-05,8.4870975e-05,8.421064e-05,6.129375e-05
9.0171336e-05,7.154137e-05,6.601302e-05,6.296404e-05,6.8312904e-05,6.7687244e-05,6.550099e-05
6.828251e-05,4.727621e-05,4.3733293e-05,5.625044e-05,5.0743358e-05,4.9294795e-05,3.9889637e-05
4.8291018e-05,4.343521e-05,4.7198748e-05,4.9976545e-05,4.1118892e-05,4.9152135e-05,4.974399e-05
mean absolute error
0.0055756243,0.0057517905,0.0056499443,0.0055042612,0.0054947976,0.005577527,0.005778009
0.006290194,0.0063218195,0.006356464,0.0060515064,0.005255719,0.005860051,0.006521405
0.0055606067,0.006004055,0.00659253,0.0060203588,0.0052979183,0.0061615533,0.005923193
0.0055438303,0.0061372845,0.005039706,0.006125505,0.0052661346,0.0052960673,0.0055654957
0.007653041,0.0074061486,0.0060105417,0.006871466,0.007491535,0.0073244944,0.006350139
0.0076590544,0.0068198955,0.0065315836,0.006356416,0.0066167153,0.006538332,0.0064663664
0.0065860357,0.0054300637,0.0053103203,0.0059810625,0.005606191,0.0055901227,0.004972765
0.0054784724,0.0051392545,0.005483548,0.00557735,0.0050139353,0.0055241734,0.0055338307


