================================================================================
=== value network
train_time
6.8285109
7.247027000000003
7.242601199999996
9.819126799999992
8.436250999999999
8.352697000000006
9.046066799999977
8.486110999999994
8.241545800000011
9.716399999999965
8.708415300000013
7.926873600000022
7.2916430999999875
7.930739200000005
7.33219779999996
7.307794699999988
7.422369800000013
6.176858799999991
7.300881500000003
9.442818699999975
7.39971150000008
7.265378699999928
7.208514900000068
7.36681729999998
7.782108499999936
7.545916700000021
7.491325800000027
7.270456600000102
7.386047100000042
7.275562100000002
7.798676699999987
7.631950999999958
7.200433299999986
7.310426600000028
7.253835399999957
7.243402899999978
4.506562899999949
7.74184009999999
7.2146437000000105
7.306334600000014
7.219468799999959
7.34218890000011
7.272552099999984
7.3724160000001575
7.25434580000001
7.260883299999932
7.218808899999885
8.65406639999992
7.096827300000086
7.843136200000117
7.159914600000093
7.310390699999971
7.225614699999824
7.268507100000079
7.363110000000006
7.305315500000006
7.7861886999999115
7.417410000000018
7.289972799999987
7.7732568999999785
7.386514000000034
7.196030500000006
7.2396000999999615
7.383101899999929
7.378871899999922
7.390833799999882
7.715891699999929
7.154330200000004
7.64719070000001
7.307022799999913
7.142356399999926
7.163473099999919
7.19375500000001
7.1796554000000015
8.641463699999804
7.350635400000101
7.1668085999999676
7.295077199999923
7.137314899999865
7.480451700000003
7.236158700000033
7.2726602000000184
7.249912699999641
7.279324000000088
7.735849700000017
7.287042100000235
7.402023899999676
7.490208499999881
7.2085698999999295
7.263097399999879
7.275763099999949
7.201550199999929
8.462043900000026
7.303982100000212
7.36674290000019
7.372029699999985
7.201936599999954
7.363267599999745
7.335167499999898
7.684063499999866
7.455502499999966
7.44220230000019
7.185276299999714
7.334303900000123
7.186187199999949
4.5074971999997615
7.405192500000339
7.309639499999776
7.450951299999815
7.15635599999996
7.2800084000000425
7.384330200000022
7.206532400000015
7.478331000000253
7.397078999999849
7.316426699999738
7.137048799999775
7.401764400000047
7.180142199999864
7.276266599999872
7.331942099999651
8.392496599999959
8.172478899999987
4.53664179999987
7.703717699999743
7.383607699999629
7.373103899999933
7.223414899999625
test_delta_mean_squared_error
0.02505440264940262
0.026433827355504036
0.027088474482297897
0.026364900171756744
0.024608904495835304
0.025954872369766235
0.02811216376721859
0.025058085098862648
0.02678520232439041
0.026738997548818588
0.027310719713568687
0.02499086782336235
0.02566518820822239
0.029158813878893852
0.022644836455583572
0.026686742901802063
0.02390638366341591
0.027168696746230125
0.02676110714673996
0.025464117527008057
0.02708975411951542
0.02816782332956791
0.024318750947713852
0.025651799514889717
0.03013629838824272
0.027096092700958252
0.026328548789024353
0.028023911640048027
0.026125643402338028
0.02654394321143627
0.027339307591319084
0.028720466420054436
0.02751479670405388
0.025496073067188263
0.02609379030764103
0.020319754257798195
0.031407665461301804
0.026652701199054718
0.030104195699095726
0.02718161605298519
0.029275700449943542
0.028896108269691467
0.026295434683561325
0.02648262307047844
0.025172529742121696
0.02807307243347168
0.0268703643232584
0.027905073016881943
0.025225486606359482
0.028219757601618767
0.028776874765753746
0.028085384517908096
0.02590561844408512
0.026651667430996895
0.02606661431491375
0.03522943705320358
0.027147162705659866
0.02712564915418625
0.021849069744348526
0.026493845507502556
0.0257000382989645
0.026175610721111298
0.02498353272676468
0.030690276995301247
0.02321694791316986
0.028734317049384117
0.02576739527285099
0.02668684720993042
0.023773059248924255
0.02418043278157711
0.02698231115937233
0.028896130621433258
0.025155160576105118
0.028421413153409958
0.02298753708600998
0.024309489876031876
0.023971257731318474
0.02897009812295437
0.02412445656955242
0.02531632035970688
0.026709824800491333
0.029171057045459747
0.024646829813718796
0.021898766979575157
0.030312461778521538
0.027807418256998062
0.025844329968094826
0.022516833618283272
0.027448251843452454
0.030347472056746483
0.02694609761238098
0.025268498808145523
0.028103647753596306
0.028279855847358704
0.026516448706388474
0.02661677822470665
0.03225058317184448
0.025624079629778862
0.02933867648243904
0.026340313255786896
0.028089124709367752
0.02315662056207657
0.02815270610153675
0.025926586240530014
0.024902256205677986
0.02551257237792015
0.025405175983905792
0.031133336946368217
0.02798834629356861
0.02648117206990719
0.02507922798395157
0.02822108566761017
0.028326328843832016
0.032826896756887436
0.029626015573740005
0.027490226551890373
0.025134265422821045
0.025203632190823555
0.024477120488882065
0.024309605360031128
0.026355979964137077
0.02540990151464939
0.02727029100060463
0.025750476866960526
0.023293137550354004
0.025299526751041412
0.0311445239931345
0.028036581352353096
test_delta_mean_absolute_error
0.05795929953455925
0.06023101508617401
0.06207296997308731
0.060985296964645386
0.05607093870639801
0.059456463903188705
0.06507624685764313
0.058384496718645096
0.06207672506570816
0.06154421344399452
0.06291471421718597
0.05718318000435829
0.05837150663137436
0.06696377694606781
0.05253910273313522
0.06141584739089012
0.05524381250143051
0.06275386363267899
0.062105536460876465
0.0591505765914917
0.06248652562499046
0.06456533074378967
0.054875701665878296
0.059701986610889435
0.06963330507278442
0.062144797295331955
0.06010057032108307
0.06478256732225418
0.06043782830238342
0.060797207057476044
0.063372902572155
0.06594181060791016
0.06340184807777405
0.0589703768491745
0.05988117307424545
0.04638500139117241
0.0716300681233406
0.060787029564380646
0.06920500844717026
0.0623910091817379
0.06559876352548599
0.06708545237779617
0.06097402796149254
0.06094589829444885
0.057849470525979996
0.06440657377243042
0.06152080371975899
0.06388846784830093
0.058473192155361176
0.06544119119644165
0.06570001691579819
0.0643245130777359
0.05944576486945152
0.06055532023310661
0.06021633744239807
0.0815168023109436
0.06312793493270874
0.06281565129756927
0.05091191828250885
0.06123087555170059
0.0586761049926281
0.06024477258324623
0.057120226323604584
0.0707928016781807
0.05364266410470009
0.06618250906467438
0.05977153405547142
0.062030188739299774
0.05474541336297989
0.055618178099393845
0.0621664822101593
0.06578034907579422
0.05827658250927925
0.0654396191239357
0.052277758717536926
0.05562793090939522
0.05541044846177101
0.06627415865659714
0.05490144342184067
0.05870316922664642
0.06152702867984772
0.06654666364192963
0.056504156440496445
0.05060069262981415
0.0703640729188919
0.06317848712205887
0.05965261906385422
0.05238960310816765
0.06263823807239532
0.07040993869304657
0.0613095760345459
0.058382343500852585
0.06473278254270554
0.06464144587516785
0.06158560514450073
0.06138937920331955
0.07488173246383667
0.05831535905599594
0.06722988933324814
0.06072338670492172
0.06502387672662735
0.053409259766340256
0.06455691903829575
0.05954401195049286
0.05698348954319954
0.05913884937763214
0.05868939682841301
0.071802519261837
0.06453807651996613
0.060956183820962906
0.057851437479257584
0.06542816758155823
0.06542737036943436
0.07572172582149506
0.06904999911785126
0.06352494657039642
0.05809630826115608
0.057704582810401917
0.05644948408007622
0.056517552584409714
0.061047304421663284
0.057484567165374756
0.06330600380897522
0.05917266011238098
0.05318387225270271
0.058106500655412674
0.07205279171466827
0.0635775476694107


================================================================================
=== twin network
train_time
9.742091899999998
9.394590299999997
9.221497400000004
11.249913800000002
10.2273632
7.68870849999999
10.53706840000001
10.269744000000003
10.4501415
12.281103400000006
8.679761699999972
10.467247299999997
8.441082800000004
8.699168900000018
8.626255399999991
8.44584309999999
6.092338500000039
8.425438900000017
8.581048500000009
8.395018800000003
8.450546700000018
8.488077799999928
8.381456200000002
6.389046300000018
8.462676099999953
8.408904900000039
5.860473200000001
8.891155400000002
8.460105899999917
9.175036400000067
8.465551300000016
8.357681100000036
8.463978399999974
8.534683099999938
8.327335300000072
6.6378824000000805
5.481206600000064
9.450296800000046
8.536215399999946
8.392357699999934
8.598883500000056
8.468753300000117
8.601143699999966
8.666280400000005
8.537871699999869
8.676899899999853
8.505252600000176
8.228450399999929
5.864222899999959
10.061175699999922
8.58837799999992
8.503654300000107
8.681066899999905
8.548570100000006
8.65954469999997
8.689075500000172
8.589948299999833
8.551754200000005
6.199021199999834
8.592467299999953
5.605887699999812
8.599538999999822
8.684009699999933
8.631212300000016
8.739276700000119
8.64394859999993
7.365010600000005
8.615019399999937
8.456798500000104
6.573034099999859
8.684369600000082
8.468903100000034
8.549512900000082
10.495648099999926
9.0928222
8.405408800000032
8.586909900000137
8.465063500000042
8.644426499999781
8.913790399999925
8.514175000000023
8.42774970000005
8.517801500000132
6.642017799999849
8.394283099999939
8.481946599999901
8.98282300000028
8.594194400000106
8.703566199999841
8.530391300000247
8.519319900000028
5.711349899999732
8.712308799999846
8.580180599999949
8.8692659000003
8.682532899999842
8.607769100000041
8.545205200000055
8.458789599999818
6.038989799999854
8.56432440000026
8.460950700000012
8.434165300000132
5.630830500000229
8.572663700000248
8.791335699999763
8.340126099999907
8.708666200000152
8.501486999999997
5.527496100000008
8.550991799999792
8.457821599999988
11.44627360000004
8.499317899999824
8.479835500000263
8.439765500000249
8.501048300000093
8.659721600000012
8.880033299999923
8.54761759999974
8.621191799999906
9.627155499999844
8.676247299999886
8.591239500000029
8.679383499999858
8.557529499999873
8.342494299999998
8.770066500000212
test_delta_mean_squared_error
0.019586211070418358
0.01697814278304577
0.021820539608597755
0.018962400034070015
0.015093515627086163
0.021853376179933548
0.023435575887560844
0.016997724771499634
0.0173278097063303
0.01968500204384327
0.018596453592181206
0.018422165885567665
0.01951500028371811
0.014929107390344143
0.014536428265273571
0.02513943985104561
0.019977359101176262
0.015881763771176338
0.02133936993777752
0.019108695909380913
0.02136792428791523
0.019281692802906036
0.01522559579461813
0.019201725721359253
0.023919040337204933
0.013821127824485302
0.019463753327727318
0.015080493874847889
0.019437601789832115
0.01953902095556259
0.02098420076072216
0.01869059167802334
0.017238358035683632
0.018929501995444298
0.018491512164473534
0.0145425945520401
0.0238405242562294
0.018330272287130356
0.01992333121597767
0.019971825182437897
0.017497090622782707
0.018760668113827705
0.022216038778424263
0.015352985821664333
0.018538126721978188
0.024427073076367378
0.01787174679338932
0.01942501962184906
0.017654726281762123
0.01587088033556938
0.024201974272727966
0.022017138078808784
0.01719745062291622
0.02269059233367443
0.019421016797423363
0.028603922575712204
0.01811126247048378
0.016152311116456985
0.015326760709285736
0.013505972921848297
0.021421154960989952
0.018975893035531044
0.018749073147773743
0.020060528069734573
0.020459532737731934
0.017385944724082947
0.01590350829064846
0.016965113580226898
0.01877594366669655
0.018888438120484352
0.020058128982782364
0.017634758725762367
0.015562663786113262
0.026280367746949196
0.015683231875300407
0.01833692565560341
0.01723370887339115
0.016434453427791595
0.018903078511357307
0.015949977561831474
0.019736433401703835
0.021018827334046364
0.017128538340330124
0.01676427572965622
0.020539462566375732
0.022097675129771233
0.021643338724970818
0.0154635701328516
0.020740604028105736
0.018926452845335007
0.01445809006690979
0.014837447553873062
0.019870128482580185
0.022137055173516273
0.022767920047044754
0.016119638457894325
0.02233324944972992
0.020466364920139313
0.025303471833467484
0.021798711270093918
0.018900085240602493
0.020490415394306183
0.017511839047074318
0.022338861599564552
0.0216002706438303
0.02290411666035652
0.02064809389412403
0.023015303537249565
0.018049338832497597
0.01523502916097641
0.022308139130473137
0.020271025598049164
0.022751815617084503
0.019711092114448547
0.018457265570759773
0.015670213848352432
0.019536754116415977
0.02211642824113369
0.018555250018835068
0.016451723873615265
0.017787553369998932
0.017503665760159492
0.021130157634615898
0.014938343316316605
0.01662432961165905
0.017267892137169838
0.019802026450634003
0.01795089989900589
test_delta_mean_absolute_error
0.04467662051320076
0.03931426256895065
0.05023675039410591
0.04403502121567726
0.034777913242578506
0.05064693093299866
0.05435054749250412
0.039704158902168274
0.03985678404569626
0.045223891735076904
0.04307551309466362
0.04239775985479355
0.044601328670978546
0.03404400870203972
0.03373062610626221
0.05862297862768173
0.04609239473938942
0.0370466485619545
0.04983637109398842
0.04402942210435867
0.0497501976788044
0.044760413467884064
0.035075437277555466
0.044336557388305664
0.05527928099036217
0.031806666404008865
0.04480898007750511
0.034859947860240936
0.04503234103322029
0.04509084299206734
0.049147579818964005
0.04341782256960869
0.04007761552929878
0.04377437010407448
0.043104108422994614
0.03384030982851982
0.05471261963248253
0.04232104495167732
0.04615649953484535
0.046104855835437775
0.03998374193906784
0.04379795119166374
0.05140009522438049
0.03562380373477936
0.042754217982292175
0.056624747812747955
0.040965717285871506
0.04494921490550041
0.041019611060619354
0.036503732204437256
0.05546063557267189
0.05075301229953766
0.03961683809757233
0.05258220434188843
0.044613055884838104
0.06616818904876709
0.04208769649267197
0.03735678270459175
0.03561656177043915
0.03103075549006462
0.04884714633226395
0.04408635199069977
0.04306391626596451
0.0463327057659626
0.04724153131246567
0.04004036635160446
0.037105996161699295
0.03938571736216545
0.04368695616722107
0.04385776072740555
0.04598759114742279
0.04063574597239494
0.03571929782629013
0.06081515550613403
0.036068134009838104
0.041644491255283356
0.04011058434844017
0.0380328930914402
0.043692696839571
0.03718236833810806
0.04596443846821785
0.0483795702457428
0.03990889713168144
0.03888815641403198
0.04795236140489578
0.050419919192790985
0.04996397718787193
0.036014214158058167
0.047720108181238174
0.04388289153575897
0.033418525010347366
0.03416232392191887
0.045956116169691086
0.05102219432592392
0.052973050624132156
0.03726503252983093
0.05195802077651024
0.047143466770648956
0.05830308422446251
0.050240565091371536
0.043859511613845825
0.04727945849299431
0.040431030094623566
0.0517047718167305
0.049759071320295334
0.05297404155135155
0.04797444865107536
0.053247127681970596
0.041604120284318924
0.03497336804866791
0.05158328637480736
0.047079410403966904
0.05255858972668648
0.04558530077338219
0.04228401929140091
0.0364418588578701
0.04523466154932976
0.05093107372522354
0.043080296367406845
0.03849751502275467
0.04148375242948532
0.040620043873786926
0.04916747286915779
0.034563276916742325
0.03823369741439819
0.03983905911445618
0.04544074460864067
0.041716404259204865


================================================================================
=== delta network
train_time
6.3583851
6.393824300000006
7.372220000000013
7.200565400000002
7.411106899999993
7.328102900000005
7.251166600000005
7.053637199999997
9.52808589999998
8.877637799999945
6.834271600000022
6.414526800000033
6.183485700000006
6.693950400000006
6.441231300000027
6.327236099999993
6.383987499999989
6.0453302000000235
6.209220200000004
6.491422399999919
6.383741999999984
6.433743899999968
6.831887100000017
7.252445299999977
6.3211491999999225
6.377802299999985
6.453368999999952
6.34369479999998
6.051634900000067
6.233413600000063
6.414239899999984
6.353558000000021
6.87323379999998
6.605098199999929
5.609655999999973
6.381936100000075
8.224365599999942
6.3246350000000575
6.215680900000052
3.8508086000000503
6.112375899999961
6.259893099999999
6.521713299999874
6.454398699999956
6.139800599999944
6.159147800000028
6.347147499999892
6.49657400000001
6.384369300000117
6.165774299999839
6.121389800000088
6.635054599999876
5.376175599999897
6.510682999999972
6.899899700000105
6.640436700000009
6.295707699999866
7.133555899999919
8.066334200000028
6.2334264999999505
6.386534499999925
8.22078949999991
6.366254499999968
6.858971399999973
6.184085399999958
6.813844499999959
6.206285699999853
6.383532899999864
6.337170400000105
6.138356700000031
6.335692599999902
6.4757448999998815
6.438416799999914
6.180130799999915
6.219704299999876
7.034970899999962
6.41900140000007
6.388768099999879
6.200043600000072
6.569589899999983
6.143481699999938
6.4308406000000105
6.586959899999783
6.220021000000088
6.852861399999711
6.408331899999666
7.332058599999982
6.917720500000087
6.44448999999986
6.833630899999662
6.84283860000005
6.463192100000015
5.441116500000135
6.26852770000005
6.377070300000014
5.995759700000235
6.3649749999999585
6.100401300000158
7.284247399999913
6.621939800000291
6.509226299999682
6.135012000000188
6.2211810000003425
6.4248938999999154
6.153178800000205
6.171812999999929
6.27533799999992
6.46331629999986
6.338449899999887
6.281724700000268
5.721816299999773
8.681211500000245
6.2272900000002664
6.4079892999998265
5.8496070000001055
6.266754499999934
6.530696499999976
6.528573900000083
6.829107500000191
6.580712400000266
7.661885900000016
7.271618799999942
6.182862800000294
8.25814040000023
6.687096200000269
6.366803899999923
6.11640750000015
6.341267499999958
test_delta_mean_squared_error
0.018937882035970688
0.01929502561688423
0.021063659340143204
0.018092898651957512
0.01886991783976555
0.017966654151678085
0.02090016007423401
0.019284512847661972
0.021636197343468666
0.021308910101652145
0.019858695566654205
0.019503729417920113
0.019437894225120544
0.019182942807674408
0.0186430923640728
0.019939454272389412
0.018932877108454704
0.019079308956861496
0.019362779334187508
0.01930338516831398
0.017693551257252693
0.01843954622745514
0.01868489384651184
0.018390962854027748
0.020701689645648003
0.01825392246246338
0.01951870694756508
0.019473759457468987
0.019015995785593987
0.018602097406983376
0.018824070692062378
0.019823625683784485
0.02018246054649353
0.018049733713269234
0.018647311255335808
0.017254073172807693
0.020915260538458824
0.018693219870328903
0.017845114693045616
0.018519673496484756
0.01948501355946064
0.019979294389486313
0.01964915171265602
0.01749519445002079
0.018779601901769638
0.019776802510023117
0.02028260938823223
0.019458092749118805
0.018499061465263367
0.019655998796224594
0.020415930077433586
0.02014048770070076
0.019508516415953636
0.019175928086042404
0.01900605298578739
0.02092519775032997
0.02072213776409626
0.01840074732899666
0.017742455005645752
0.017452750355005264
0.019513845443725586
0.017375856637954712
0.019741734489798546
0.017763085663318634
0.018816083669662476
0.017667202278971672
0.020277971401810646
0.01837448962032795
0.017917156219482422
0.016413886100053787
0.020448945462703705
0.0205225832760334
0.018330948427319527
0.020676009356975555
0.01825636811554432
0.018308568745851517
0.017646202817559242
0.021142685785889626
0.019288046285510063
0.019122716039419174
0.020887814462184906
0.02012464590370655
0.01925995945930481
0.018355006352066994
0.018804550170898438
0.018938547000288963
0.019972093403339386
0.017270397394895554
0.01863502711057663
0.02026308886706829
0.0188848078250885
0.01798168383538723
0.02128935419023037
0.020924871787428856
0.01844547875225544
0.018568353727459908
0.0205813180655241
0.019786598160862923
0.020800044760107994
0.019183393567800522
0.019288983196020126
0.01958141103386879
0.019565869122743607
0.020507683977484703
0.01946503110229969
0.020305978134274483
0.021574169397354126
0.018424393609166145
0.02091880328953266
0.020100204274058342
0.01964450627565384
0.018834957852959633
0.021007660776376724
0.01997440867125988
0.018764378502964973
0.0209833774715662
0.019004935398697853
0.01953498274087906
0.019578967243433
0.018661856651306152
0.019009556621313095
0.019692007452249527
0.018897511065006256
0.02006814256310463
0.01816723868250847
0.019225705415010452
0.0200639721006155
0.019195569679141045
test_delta_mean_absolute_error
0.04399767890572548
0.044258881360292435
0.04897193983197212
0.04179047793149948
0.043604522943496704
0.04168669134378433
0.04835480824112892
0.04472958669066429
0.05010053142905235
0.04908847063779831
0.04596542567014694
0.045050885528326035
0.04520406574010849
0.04403291270136833
0.043155744671821594
0.046159639954566956
0.04379437118768692
0.04411095380783081
0.045107219368219376
0.044719330966472626
0.041044849902391434
0.04303459823131561
0.043122634291648865
0.04277874156832695
0.04801303893327713
0.04204179346561432
0.04485194757580757
0.04483187943696976
0.04398804530501366
0.04322662949562073
0.04363841563463211
0.04592619091272354
0.04683742672204971
0.04170449078083038
0.043089479207992554
0.040281254798173904
0.04839194566011429
0.04297483339905739
0.041294291615486145
0.04300247132778168
0.044863972812891006
0.04592378810048103
0.045318592339754105
0.04030735045671463
0.04344397783279419
0.04576727747917175
0.04704518988728523
0.044985607266426086
0.04289970174431801
0.04559214785695076
0.046858396381139755
0.04692734777927399
0.04531152918934822
0.044595617800951004
0.04395872354507446
0.048562996089458466
0.047866348177194595
0.04245763644576073
0.041140925139188766
0.04034943878650665
0.044864386320114136
0.04016212001442909
0.04580027610063553
0.04143531247973442
0.04363372176885605
0.041036419570446014
0.047081321477890015
0.04236498847603798
0.04131954163312912
0.038088127970695496
0.046697113662958145
0.047546930611133575
0.04264458641409874
0.04786742851138115
0.042722783982753754
0.04240879788994789
0.04068365693092346
0.048864174634218216
0.044460128992795944
0.044256340712308884
0.048526111990213394
0.04636788368225098
0.04461727291345596
0.04266050457954407
0.0434747077524662
0.04362091049551964
0.04613949730992317
0.040055081248283386
0.042871538549661636
0.047041937708854675
0.04372600093483925
0.04186764359474182
0.049319542944431305
0.04829370975494385
0.04256924241781235
0.04310652241110802
0.047678299248218536
0.0457925908267498
0.04775998368859291
0.04451248422265053
0.04467357322573662
0.04527448117733002
0.045215100049972534
0.047320421785116196
0.04504559561610222
0.04693569988012314
0.050147708505392075
0.04255431517958641
0.04837113246321678
0.046469010412693024
0.04557964578270912
0.043484319001436234
0.048387009650468826
0.04601259157061577
0.043551865965127945
0.04864470288157463
0.04382392764091492
0.04519372060894966
0.04513974487781525
0.04331885650753975
0.044008564203977585
0.04552476853132248
0.0438261441886425
0.046730875968933105
0.04220721870660782
0.044342316687107086
0.04651715233922005
0.04450969770550728


