================================================================================
=== value network
train_time
7.3722271
7.314380499999999
2.4126567000000065
7.530095000000003
7.857076599999999
9.358176700000001
7.823864999999984
7.483773999999983
10.154585700000013
7.561749600000013
7.648737799999992
7.542901900000004
8.012047699999982
7.934489399999961
7.665262499999983
7.77347420000001
4.6829931999999985
7.495059000000026
7.495806200000004
2.1833366000000183
7.415740500000027
7.334847999999965
7.420858200000055
7.479595700000004
7.502340900000036
7.487562199999957
7.526291299999912
2.5969413999999915
7.520489600000019
7.686840699999948
2.4110858000000235
7.4124051999999665
9.608202000000006
5.255000100000075
7.45299
7.543581499999959
7.435154600000033
7.567071700000042
7.375174600000037
7.326222199999961
2.0732024000000138
7.77232570000001
7.415271699999948
7.379844100000014
7.4776542000000745
7.252188499999988
9.30503120000003
8.766228500000125
7.4517141000001175
7.340413400000216
7.665688199999977
7.394894799999975
7.486694200000102
7.471234500000037
7.386184299999968
7.544173200000159
7.536144400000012
7.452553900000112
7.453863100000035
7.473985800000037
7.40243559999999
7.352499900000112
2.359644899999921
7.382786299999907
5.487052799999901
4.693172999999888
2.5373571999998603
7.585699599999998
7.346870899999885
7.41901729999995
7.481624699999884
2.601036499999964
7.3843233000000055
7.403334300000097
9.306900199999973
7.385879000000159
7.424694299999828
7.37720760000002
7.389625400000114
7.380597899999884
7.469145000000026
7.708299200000056
7.385675200000151
2.0090999999999894
7.3840103
7.36682699999983
7.510436199999958
7.5077225
8.684720000000198
2.19426169999997
7.512651400000095
7.221408599999904
2.153568299999961
7.40338759999986
2.4419333999999253
7.282463099999859
7.570162200000141
8.146166700000322
7.3590705999999955
7.461911100000179
7.474329099999977
7.41831749999983
4.598953100000017
2.3508366999999453
7.283251800000016
7.326009599999907
7.50547620000043
2.2325089000000844
7.3348949000001085
4.606223199999931
7.382178899999872
7.379438400000254
7.436234300000251
7.460929100000158
4.571520999999848
7.378468200000043
7.431502200000068
7.433202199999869
7.334501799999998
7.4536112999999204
4.548982900000283
7.364052100000208
7.4657609999999295
7.3107584999997925
7.305925600000137
7.357270900000003
5.513034300000072
7.507643899999948
test_delta_mean_squared_error
0.05945444852113724
0.0692908987402916
0.048701755702495575
0.056859612464904785
0.04546760022640228
0.04810731112957001
0.05097487196326256
0.05479998141527176
0.045570917427539825
0.05555012822151184
0.049015577882528305
0.04827287048101425
0.05781023949384689
0.045512691140174866
0.046579569578170776
0.044999390840530396
0.04866707697510719
0.04627920687198639
0.04800325632095337
0.04116023704409599
0.07280150055885315
0.05029425024986267
0.04761675372719765
0.04791051521897316
0.05393821746110916
0.07010188698768616
0.055587220937013626
0.04106516018509865
0.0459207184612751
0.0543287917971611
0.05776125192642212
0.04461514204740524
0.06145336851477623
0.0517289824783802
0.05080560967326164
0.04401480406522751
0.05906994268298149
0.040247369557619095
0.05178380757570267
0.056177038699388504
0.061433129012584686
0.048368584364652634
0.03984622657299042
0.03935098275542259
0.04449998587369919
0.04013217240571976
0.045155733823776245
0.05859732627868652
0.048348262906074524
0.04735863208770752
0.0381714291870594
0.04187893122434616
0.06746839731931686
0.05246300622820854
0.04856235533952713
0.042761921882629395
0.049058422446250916
0.04850441589951515
0.06128636375069618
0.04150700196623802
0.05072702467441559
0.06594856083393097
0.06467671692371368
0.04930216073989868
0.058690719306468964
0.04710795357823372
0.05240737274289131
0.04468183591961861
0.05064960941672325
0.05274278298020363
0.048195816576480865
0.05190258473157883
0.05140158161520958
0.06234237179160118
0.05541006848216057
0.04771443456411362
0.05400186404585838
0.047337066382169724
0.05244078487157822
0.04638874530792236
0.044349707663059235
0.05342085659503937
0.056330256164073944
0.041775789111852646
0.04217976704239845
0.05421721562743187
0.052580755203962326
0.04911985248327255
0.04873029142618179
0.044645845890045166
0.04788997024297714
0.06758993864059448
0.03749272599816322
0.04761949181556702
0.04705659672617912
0.05391955375671387
0.04151533544063568
0.05011814832687378
0.04828152433037758
0.05251957103610039
0.054349884390830994
0.048260051757097244
0.04059286043047905
0.0466071218252182
0.050720058381557465
0.04305333271622658
0.05065648630261421
0.05086921900510788
0.04325677454471588
0.03853628411889076
0.05137695372104645
0.04950596019625664
0.06002293899655342
0.04812977463006973
0.05566038936376572
0.04843785986304283
0.053366970270872116
0.05614880472421646
0.05909329652786255
0.05401691049337387
0.05258818715810776
0.05235700681805611
0.03831471875309944
0.05219236761331558
0.04439779743552208
0.05189812183380127
0.05334123596549034
0.05659359693527222
test_delta_mean_absolute_error
0.12197166681289673
0.1418289691209793
0.09816013276576996
0.11616698652505875
0.09302857518196106
0.09773414582014084
0.10329291969537735
0.10945077240467072
0.09217912703752518
0.11401620507240295
0.09991312026977539
0.09847494214773178
0.11866064369678497
0.09213920682668686
0.09478737413883209
0.09094951301813126
0.09949938207864761
0.09397801011800766
0.09713057428598404
0.08443589508533478
0.14791904389858246
0.10269729048013687
0.09737802296876907
0.09935694187879562
0.11014677584171295
0.1424638330936432
0.11192549765110016
0.08366576582193375
0.09376738965511322
0.11100621521472931
0.11867685616016388
0.09023376554250717
0.12484531104564667
0.10610871016979218
0.10377614945173264
0.08760744333267212
0.12065071612596512
0.08115795999765396
0.10501163452863693
0.11307311803102493
0.12702886760234833
0.0986328050494194
0.08129144459962845
0.0793435275554657
0.09127703309059143
0.08204825222492218
0.09171541035175323
0.12016613781452179
0.09880676120519638
0.09581984579563141
0.07740374654531479
0.08587032556533813
0.13528887927532196
0.10660778731107712
0.0988210067152977
0.0860590711236
0.1011912152171135
0.09807712584733963
0.12454888224601746
0.08391869813203812
0.10330069810152054
0.13501159846782684
0.13399218022823334
0.10068222880363464
0.1195765882730484
0.09621172398328781
0.10964617133140564
0.08969101309776306
0.10338538885116577
0.1079198494553566
0.09883023053407669
0.10613398998975754
0.10441029071807861
0.1269536316394806
0.11339019984006882
0.09714758396148682
0.11033454537391663
0.09484534710645676
0.107544906437397
0.09384520351886749
0.09056723117828369
0.10847391933202744
0.11459808051586151
0.08643844723701477
0.08533015102148056
0.10928502678871155
0.10871683806180954
0.10110589116811752
0.09979967027902603
0.09111573547124863
0.09778621792793274
0.13813939690589905
0.07778900861740112
0.09655067324638367
0.09562757611274719
0.1094324141740799
0.08373935520648956
0.10165410488843918
0.09716934710741043
0.10740268975496292
0.11012562364339828
0.0982046127319336
0.08219372481107712
0.09403133392333984
0.10348161309957504
0.08719121664762497
0.10377514362335205
0.10451389104127884
0.08729387074708939
0.07908161729574203
0.10436404496431351
0.10079314559698105
0.12217961996793747
0.0982062816619873
0.11489225178956985
0.09934739768505096
0.10801953822374344
0.11395840346813202
0.12039871513843536
0.10947936028242111
0.10697782784700394
0.10686963051557541
0.0782376378774643
0.10798610746860504
0.09115702658891678
0.10590557754039764
0.10832086205482483
0.11530261486768723


================================================================================
=== twin network
train_time
8.784264100000001
8.628309999999999
9.166243200000004
8.630389899999997
10.49295939999999
2.4023270999999795
9.45236650000001
9.659270899999996
9.011827199999999
9.533738800000009
8.812711100000001
8.803265599999975
5.685955100000001
2.4284349000000134
8.801831800000002
8.828844400000037
8.888744799999984
11.468172100000004
8.665948500000013
8.806737499999997
2.684844499999997
2.451226600000041
9.040823000000046
8.862603400000012
8.758317200000079
5.55442400000004
8.74207720000004
8.815136800000005
5.389931999999931
9.640730500000018
2.835694999999987
8.751161499999967
8.972736699999928
2.522188099999994
8.70082089999994
8.707778699999949
8.778791799999908
9.719802200000004
2.094304399999942
2.573085200000037
8.701306400000021
8.867392999999993
8.746479100000101
8.719311199999993
8.978950599999962
9.000942499999951
8.96218429999999
8.759943799999974
8.868498900000077
8.923384100000021
8.92356830000017
2.3767694999999094
8.71715549999999
8.922780000000103
2.199293199999829
8.867094100000031
8.722380200000089
2.2339340000000902
9.074292499999956
9.773526100000026
8.584749500000044
8.67019479999999
2.5711919999998827
8.74266949999992
8.701168400000142
2.0867138000000978
8.628321700000015
8.87723619999997
9.061573599999974
8.676549199999954
8.934604700000136
9.016766899999993
2.7516406999998253
10.971319700000095
8.910028999999895
8.841393100000005
8.768154500000037
9.290351800000053
8.664080100000092
2.1411035000000993
8.659619300000031
2.5463927000000695
8.890071100000114
2.468852300000208
8.687461999999869
8.749105999999983
8.670422299999927
2.6312611000000743
3.2120632999999543
8.933948099999952
9.123438999999962
8.602171799999951
5.602285599999959
9.093917000000147
2.964591500000097
2.1892016000001604
8.926501900000403
2.7721802000000935
2.247075499999937
2.248507199999949
2.4491727999998147
8.71256429999994
5.4540390000001935
2.9384875999999167
8.81576300000006
8.795529299999998
9.020900299999994
8.987094600000091
8.711138099999971
8.847986700000092
2.9609381000000212
3.2473534000000654
12.19944570000007
8.7860426000002
5.435622500000136
8.781319800000347
2.6259501999998065
8.695248999999876
8.806100199999946
9.069104300000163
5.449126500000148
8.826714100000117
2.5571525000000292
8.774594699999852
9.062024299999848
5.7870787000001656
8.729653700000199
2.3650188000001435
test_delta_mean_squared_error
0.016041796654462814
0.014467612840235233
0.014306909404695034
0.015869632363319397
0.010525628924369812
0.025365103036165237
0.012797921895980835
0.012010863050818443
0.009653745219111443
0.013372342102229595
0.011643663048744202
0.015404797159135342
0.01810443587601185
0.02457597851753235
0.009215930476784706
0.019382311031222343
0.017071356996893883
0.011315813288092613
0.013698759488761425
0.011095801368355751
0.030092690140008926
0.025621917098760605
0.012153328396379948
0.011505324393510818
0.020635398104786873
0.012085748836398125
0.01398064661771059
0.013080980628728867
0.01229233667254448
0.014256278052926064
0.04401809349656105
0.009053158573806286
0.010929501615464687
0.03172923997044563
0.015037525445222855
0.008971696719527245
0.01631554774940014
0.012134548276662827
0.023029370233416557
0.027708353474736214
0.011081273667514324
0.010927069932222366
0.02087610773742199
0.009852103888988495
0.01319129765033722
0.018682392314076424
0.009744631126523018
0.015990091487765312
0.014971737749874592
0.00913670938462019
0.01970778964459896
0.03022797964513302
0.011574476957321167
0.021361561492085457
0.02803303487598896
0.018797961995005608
0.010497202165424824
0.019588088616728783
0.010144944302737713
0.009988331235945225
0.01898033171892166
0.012361169792711735
0.026197925209999084
0.012090656906366348
0.01151883415877819
0.027248786762356758
0.01211509294807911
0.011144274845719337
0.013548264279961586
0.016874270513653755
0.01654229126870632
0.010675297118723392
0.026394080370664597
0.023863010108470917
0.012752562761306763
0.014223900623619556
0.014696020632982254
0.013368372805416584
0.019451575353741646
0.027427637949585915
0.0158184003084898
0.028151581063866615
0.010177308693528175
0.025599051266908646
0.014990078285336494
0.01708483137190342
0.014406302012503147
0.0357271246612072
0.027618179097771645
0.011113738641142845
0.011479188688099384
0.012038152664899826
0.01375588495284319
0.016368145123124123
0.027847332879900932
0.027875801548361778
0.018279043957591057
0.02845160663127899
0.028282547369599342
0.028335539624094963
0.03084520436823368
0.015992173925042152
0.013179352506995201
0.027372287586331367
0.015312486328184605
0.019959960132837296
0.012643354013562202
0.0205442626029253
0.013385765254497528
0.009345630183815956
0.027796607464551926
0.026972990483045578
0.018879149109125137
0.00994766317307949
0.011958998627960682
0.010745079256594181
0.0313284732401371
0.02090395614504814
0.012266245670616627
0.014773067086935043
0.010899556800723076
0.009929779917001724
0.028874650597572327
0.009539175778627396
0.014047719538211823
0.013618295080959797
0.010309934616088867
0.0312171783298254
test_delta_mean_absolute_error
0.032230161130428314
0.02936520241200924
0.028927017003297806
0.03240739926695824
0.021210337057709694
0.0522383451461792
0.026046186685562134
0.02444506622850895
0.01948496513068676
0.02712128683924675
0.023374853655695915
0.03103911690413952
0.03669600561261177
0.04997626319527626
0.01868590898811817
0.03889781981706619
0.03468744456768036
0.02288425713777542
0.027634063735604286
0.022559339180588722
0.05953671410679817
0.05217882618308067
0.02481575310230255
0.023272499442100525
0.04157883673906326
0.02460571378469467
0.028635017573833466
0.026443922892212868
0.024823211133480072
0.02867179736495018
0.08817736804485321
0.018430819734930992
0.021981729194521904
0.06544052064418793
0.030186515301465988
0.018365614116191864
0.03240734338760376
0.024570586159825325
0.047292184084653854
0.056549422442913055
0.022557558491826057
0.022227607667446136
0.04301039129495621
0.019959935918450356
0.02665906958281994
0.03779282420873642
0.01983601227402687
0.03250446543097496
0.030218221247196198
0.018557870760560036
0.03995539993047714
0.06253361701965332
0.023497244343161583
0.04346698150038719
0.05687079578638077
0.03815137594938278
0.021457025781273842
0.04007970914244652
0.02028104104101658
0.02017166279256344
0.03798815608024597
0.02523588016629219
0.053138960152864456
0.024486051872372627
0.023057838901877403
0.05589328333735466
0.024376902729272842
0.02259157970547676
0.02755134552717209
0.03416643664240837
0.03362821042537689
0.021734049543738365
0.05395892262458801
0.048375725746154785
0.025891004130244255
0.029182011261582375
0.03010541759431362
0.02701423689723015
0.03953435644507408
0.05599342659115791
0.03207569196820259
0.05739632248878479
0.020722977817058563
0.05244198441505432
0.030028128996491432
0.03441505506634712
0.029427150264382362
0.07408379763364792
0.05624591186642647
0.022570207715034485
0.023399746045470238
0.02476789988577366
0.027807148173451424
0.033105090260505676
0.056316811591386795
0.05708116292953491
0.03695441037416458
0.05778689309954643
0.05798974633216858
0.058419596403837204
0.06219393014907837
0.032564181834459305
0.026751404628157616
0.05626114457845688
0.03120993822813034
0.04017936438322067
0.025700299069285393
0.041412994265556335
0.026925964280962944
0.019109342247247696
0.056484147906303406
0.05606378614902496
0.03774937987327576
0.020130431279540062
0.024480201303958893
0.021745778620243073
0.06336499005556107
0.0425291582942009
0.025016671046614647
0.029877375811338425
0.02225068025290966
0.020280471071600914
0.06006533280014992
0.01972145587205887
0.028212137520313263
0.027284864336252213
0.021040206775069237
0.06387270987033844


================================================================================
=== delta network
train_time
6.465055700000001
6.5123313
6.323512100000002
6.4926128999999975
6.343210500000012
6.41785710000002
6.569805300000013
8.734189100000009
6.410095900000016
6.377316500000006
6.338046199999951
6.517911900000001
6.425940200000014
6.532041100000015
6.451848299999995
6.373362500000042
6.263146399999982
6.484865599999978
6.317672500000015
6.373956000000021
6.584108000000015
6.309629800000039
7.467291999999929
6.3862188000000515
6.288665700000024
6.35719430000006
6.34622289999993
6.335805499999992
2.05578109999999
6.360846199999969
6.334304800000041
6.456851700000016
6.316296599999987
6.459604100000092
6.291793000000098
6.31191889999991
1.9115438999999697
6.216809900000044
6.329566399999976
7.137450899999976
6.314894299999992
6.3685376000000815
6.350096800000074
6.302010899999914
6.221669399999996
7.019570599999952
7.198428700000022
6.276852899999994
6.494963999999982
6.450591399999894
6.332017000000178
6.529241099999808
6.3560541999997895
6.301781699999992
6.428022300000066
6.455971399999953
6.302907499999947
6.3618543000000045
8.046235900000056
7.31401690000007
6.321356300000161
6.346955900000012
6.3243362999999135
6.274872100000039
6.325580399999808
6.195675299999948
6.281527100000176
6.436067399999956
6.306837200000018
6.245796200000086
6.230076700000154
6.232764599999882
6.410059899999851
6.457660999999916
6.3618128000000524
6.30824819999998
6.27142710000021
6.36921459999985
6.273775800000067
6.289017000000058
6.322132199999942
6.18034990000001
6.200023199999805
2.020668099999966
6.254258599999957
6.30624940000007
6.181624699999929
6.333184500000016
7.491239699999824
6.356569099999888
6.317992700000104
6.31444190000002
6.389998999999989
6.4366313999998965
6.317267399999764
2.0269908999998734
6.484167300000081
6.491682899999887
2.054810399999951
6.319506400000137
6.242492200000015
6.306126399999812
6.336356700000124
6.276257799999712
8.539021300000059
6.2386349000003065
6.186569299999974
6.3553280999999515
6.290103899999849
6.229809899999964
6.3704155999998875
6.282559199999923
6.416881300000114
6.198609399999896
6.277584800000113
6.353832100000091
6.276400899999771
6.38013890000002
8.01441769999974
6.234456499999851
6.329359899999872
6.2026316999999835
6.36641869999994
6.242442600000231
6.322840400000132
6.317057099999602
6.2442338000000746
6.261833900000056
test_delta_mean_squared_error
0.015936175361275673
0.017092764377593994
0.01647576130926609
0.017173686996102333
0.01622835174202919
0.017780374735593796
0.01715179532766342
0.016069205477833748
0.017236847430467606
0.01611507683992386
0.015948034822940826
0.01606524921953678
0.017189059406518936
0.016200680285692215
0.01640843041241169
0.016131915152072906
0.016244322061538696
0.016410397365689278
0.0157758891582489
0.01639353111386299
0.01653580367565155
0.016165535897016525
0.016466451808810234
0.016441306099295616
0.017024748027324677
0.01817374862730503
0.017349453642964363
0.01633978821337223
0.02713923715054989
0.016020989045500755
0.015911435708403587
0.015711475163698196
0.0157499760389328
0.015686186030507088
0.017528684809803963
0.018022894859313965
0.028696101158857346
0.015606769360601902
0.016185980290174484
0.018340371549129486
0.0155878821387887
0.015671148896217346
0.015942655503749847
0.017503706738352776
0.01584792509675026
0.01748623698949814
0.01534416526556015
0.017161592841148376
0.01728089153766632
0.015615427866578102
0.015833085402846336
0.015642577782273293
0.018183937296271324
0.016420232132077217
0.0165707990527153
0.015798361971974373
0.017125291749835014
0.016989246010780334
0.01573292724788189
0.017425227910280228
0.01733238808810711
0.016555791720747948
0.018024930730462074
0.017120258882641792
0.016145385801792145
0.017272772267460823
0.01646609790623188
0.017243634909391403
0.018219035118818283
0.017665917053818703
0.015128975734114647
0.017707310616970062
0.016216641291975975
0.01671854592859745
0.015711944550275803
0.017526229843497276
0.016819771379232407
0.016641272231936455
0.016536809504032135
0.017858821898698807
0.01642359420657158
0.01634467951953411
0.01654418744146824
0.02243209257721901
0.01703638955950737
0.016330555081367493
0.017412647604942322
0.016599291935563087
0.017700916156172752
0.016990389674901962
0.01650737226009369
0.016503531485795975
0.016733383759856224
0.016408631578087807
0.017714576795697212
0.0248362235724926
0.015695221722126007
0.01721028983592987
0.029001964256167412
0.016443869099020958
0.01707274466753006
0.016073791310191154
0.01759074442088604
0.018248440697789192
0.015926549211144447
0.016974614933133125
0.015863385051488876
0.016547126695513725
0.016557486727833748
0.017070816829800606
0.016344456002116203
0.017769573256373405
0.016672980040311813
0.01587250828742981
0.018418719992041588
0.01620662212371826
0.01672821119427681
0.01671343483030796
0.016424085944890976
0.01609680987894535
0.01714789867401123
0.016858428716659546
0.01554276142269373
0.016283733770251274
0.016987308859825134
0.015647361055016518
0.015591816045343876
0.01718330755829811
test_delta_mean_absolute_error
0.032716669142246246
0.03509338200092316
0.033853691071271896
0.03540394827723503
0.03342410549521446
0.03651535138487816
0.035186730325222015
0.032916389405727386
0.03528812527656555
0.03304225206375122
0.03284016624093056
0.03303275629878044
0.035327620804309845
0.03334550932049751
0.03359650447964668
0.033232178539037704
0.0334848016500473
0.03378128260374069
0.03246142342686653
0.03390421345829964
0.033973731100559235
0.032930221408605576
0.03381038084626198
0.033836934715509415
0.035035472363233566
0.03708671033382416
0.03565411642193794
0.033586692065000534
0.054332222789525986
0.03293551132082939
0.03283937647938728
0.0321369431912899
0.032479625195264816
0.03224188834428787
0.03614221140742302
0.03738119825720787
0.058864135295152664
0.03214506059885025
0.03325062245130539
0.037774499505758286
0.03203804790973663
0.03205355629324913
0.03287284076213837
0.03615405410528183
0.032520558685064316
0.0360514260828495
0.031360384076833725
0.035517871379852295
0.035494789481163025
0.03199570253491402
0.03265663981437683
0.03208358213305473
0.03745296224951744
0.033615048974752426
0.0341462679207325
0.03230106085538864
0.03526538982987404
0.03509615734219551
0.032444681972265244
0.035691749304533005
0.0354594849050045
0.033874306827783585
0.0372774638235569
0.03536142408847809
0.03311970457434654
0.035529181361198425
0.0339290015399456
0.035339031368494034
0.037501364946365356
0.0364048145711422
0.030938075855374336
0.03631479665637016
0.03337068483233452
0.034318722784519196
0.032314617186784744
0.03585601598024368
0.03463052585721016
0.03422778844833374
0.03413516283035278
0.03680858388543129
0.03363551199436188
0.03357343375682831
0.034085363149642944
0.04611072689294815
0.035045284777879715
0.033708639442920685
0.035625241696834564
0.034113746136426926
0.03646308556199074
0.034801777452230453
0.034101881086826324
0.033980291336774826
0.03444914147257805
0.03366002067923546
0.0366053581237793
0.05099977180361748
0.032463137060403824
0.03531515970826149
0.058299336582422256
0.03389669582247734
0.03525906056165695
0.0330372229218483
0.03625693917274475
0.03741329163312912
0.03284564986824989
0.03483625873923302
0.0326627679169178
0.03381418436765671
0.03399450704455376
0.03518979623913765
0.033591754734516144
0.03627945855259895
0.03414500504732132
0.03230084478855133
0.03795358166098595
0.03344250097870827
0.03423886373639107
0.034469835460186005
0.033599890768527985
0.03326869010925293
0.03509579971432686
0.03501173481345177
0.03202547878026962
0.03356245905160904
0.03491457551717758
0.03214080631732941
0.032093025743961334
0.035201460123062134


