================================================================================
=== value network
train_time
6.266807600000002
8.824754399999996
2.6207516999999996
2.5086955000000017
2.3809506999999996
6.090102999999999
8.747008699999995
8.663998300000003
2.542861700000003
8.722138400000006
8.716758999999996
2.386763099999996
5.349797600000045
3.163166600000011
8.58904819999998
10.956670400000007
3.111124700000005
2.683363399999962
2.3436591999999905
2.1074208
2.9410393
2.536184100000014
8.521123799999998
2.6381668999999874
2.67268260000003
5.292534700000033
8.48862489999999
8.577362600000015
6.29182609999998
10.979723100000001
8.556714899999974
2.772662299999979
8.488487400000054
8.506237599999963
8.614674100000002
8.65156909999996
2.3169755000000123
9.275032600000031
8.661962700000004
9.10966069999995
8.756196199999977
8.426139799999987
11.660843199999931
3.0193883999999116
10.867265999999859
10.613335500000176
9.13342640000019
10.125459899999896
2.7728517000000465
8.610870199999908
2.440441299999975
2.3753695999998854
4.225590999999895
11.176013100000091
9.03819929999986
8.67815799999994
8.640357399999857
2.5719177999999374
8.701689700000088
5.860047000000122
8.591984799999864
5.414241899999979
2.646481499999936
8.662106600000016
8.624122899999975
8.587785699999813
2.8774544000000333
8.698833700000023
8.629107100000056
2.6798882999999023
9.499343999999837
8.84994699999993
8.795402400000057
8.5836276
8.57825089999983
8.492968899999823
8.72371309999994
2.8341184999999314
2.8791894999999386
2.5589471000000685
10.624746400000049
2.667433200000005
8.611990299999889
8.711982400000124
8.676129799999899
8.695328100000097
8.691303100000141
8.614949100000103
8.712105999999949
8.550638900000195
8.526363100000253
7.349893600000087
8.507777199999964
8.71645000000035
2.582367399999839
8.529644499999904
8.613420500000302
8.595425599999999
3.000029799999993
8.7610052
8.56892179999977
2.5610741000000417
8.58475849999968
10.030348300000242
8.645413599999756
3.085183000000143
8.758210500000132
8.587964000000284
8.625087800000074
8.66602550000016
8.84451480000007
2.680395800000042
2.4309047000001556
8.689208099999632
2.3845806999997876
2.579076299999997
2.7532686999998077
8.708254499999839
2.6716630000000805
2.926829600000019
8.653471000000081
8.643848199999866
2.2566798000002564
8.602190999999948
8.07527570000002
2.6416282000000137
9.286961599999813
2.6220573999999033
test_delta_mean_squared_error
0.052590884268283844
0.05484628304839134
0.051571931689977646
0.050441741943359375
0.04023134708404541
0.05305207148194313
0.03876702859997749
0.04152975231409073
0.0489027202129364
0.06084820628166199
0.032994482666254044
0.053151167929172516
0.06864993274211884
0.05576298013329506
0.04303796961903572
0.036541398614645004
0.04499072954058647
0.0586417056620121
0.04783519729971886
0.04706781357526779
0.06606624275445938
0.05642004683613777
0.05503257364034653
0.044232480227947235
0.05666498467326164
0.047622114419937134
0.03693583980202675
0.03838337957859039
0.04657040163874626
0.03866934776306152
0.05241277813911438
0.04060142859816551
0.05356162041425705
0.03927462920546532
0.03858810290694237
0.043005071580410004
0.058452751487493515
0.04933624342083931
0.040762048214673996
0.03355124220252037
0.04561446234583855
0.05823222175240517
0.040328480303287506
0.050933077931404114
0.042544350028038025
0.041855454444885254
0.03959747776389122
0.03721299394965172
0.047069743275642395
0.055785518139600754
0.04490357264876366
0.0528433695435524
0.042379509657621384
0.04591304063796997
0.04830702021718025
0.036461442708969116
0.06093371659517288
0.039586156606674194
0.05954478308558464
0.058823857456445694
0.04457793012261391
0.04731231555342674
0.058313339948654175
0.04796731844544411
0.05283954367041588
0.041498102247714996
0.04614701867103577
0.056366875767707825
0.04079756885766983
0.03328939899802208
0.0328342467546463
0.039151642471551895
0.05004321411252022
0.03926760330796242
0.04174191132187843
0.04562323912978172
0.04608369246125221
0.04242931678891182
0.046343185007572174
0.03803354129195213
0.03906740993261337
0.04950696974992752
0.04796399548649788
0.036855507642030716
0.04644821211695671
0.05462779849767685
0.056941837072372437
0.04222593456506729
0.039828941226005554
0.04013415053486824
0.04489704221487045
0.046034883707761765
0.03777476027607918
0.052183493971824646
0.038632310926914215
0.05228742957115173
0.03846867009997368
0.03564528748393059
0.052992407232522964
0.040768224745988846
0.05126862972974777
0.04020950198173523
0.04330012574791908
0.03803808614611626
0.042158301919698715
0.05219374597072601
0.044386036694049835
0.04255862161517143
0.045493509620428085
0.05048844963312149
0.040359433740377426
0.04162443056702614
0.04249010980129242
0.042801883071660995
0.04484553635120392
0.06827371567487717
0.0538087897002697
0.04532567411661148
0.04817229509353638
0.04444160684943199
0.04426133260130882
0.04873310402035713
0.05286887660622597
0.037393152713775635
0.04563834145665169
0.04789644107222557
0.047430895268917084
0.05437912791967392
test_delta_mean_absolute_error
0.08785062283277512
0.09315521270036697
0.08762560784816742
0.08443586528301239
0.06847906112670898
0.09106895327568054
0.06586838513612747
0.06921336054801941
0.08389589935541153
0.10283056646585464
0.05624084174633026
0.09208942949771881
0.1173371821641922
0.09652522206306458
0.07277939468622208
0.0620005838572979
0.07503971457481384
0.10031342506408691
0.08101176470518112
0.0808580219745636
0.11199739575386047
0.09675530344247818
0.09516994655132294
0.07560065388679504
0.09525994956493378
0.0814514309167862
0.06218374893069267
0.0641501173377037
0.07835254073143005
0.06660019606351852
0.08896206319332123
0.07007280737161636
0.09157391637563705
0.06686132401227951
0.06517063826322556
0.07369066029787064
0.09602314233779907
0.08373153954744339
0.06912123411893845
0.05717974901199341
0.07859243452548981
0.0993899255990982
0.06944093108177185
0.08559318631887436
0.07233281433582306
0.07087088376283646
0.06802409142255783
0.06278765946626663
0.07911136001348495
0.09509448707103729
0.07787717133760452
0.09064964205026627
0.07279923558235168
0.0785169005393982
0.08105834573507309
0.0621744729578495
0.10625100135803223
0.0682341605424881
0.1002022922039032
0.09802354872226715
0.0754241868853569
0.08135288953781128
0.10345286875963211
0.08148162066936493
0.09014122933149338
0.06875871121883392
0.07804889231920242
0.09762413054704666
0.06916778534650803
0.057422883808612823
0.054958276450634
0.0658835917711258
0.08394017815589905
0.06645730882883072
0.06963851302862167
0.07808401435613632
0.07879193127155304
0.07211361825466156
0.08005912601947784
0.06477775424718857
0.0665891170501709
0.0848298966884613
0.08085393905639648
0.06274529546499252
0.07954767346382141
0.09234161674976349
0.09704294800758362
0.07134771347045898
0.06801556795835495
0.06789914518594742
0.0766412615776062
0.079497329890728
0.06385744363069534
0.08837465941905975
0.06420402228832245
0.08887477219104767
0.06474890559911728
0.06122221797704697
0.09113074094057083
0.06992186605930328
0.08651416748762131
0.06756028532981873
0.07349415868520737
0.06532155722379684
0.07169448584318161
0.09138478338718414
0.07508347928524017
0.07102537900209427
0.0776154175400734
0.08678829669952393
0.06948362290859222
0.06930383294820786
0.07319916784763336
0.07198178768157959
0.07605236768722534
0.11675453186035156
0.09164972603321075
0.0774620845913887
0.08199004828929901
0.07669882476329803
0.07456305623054504
0.08280763030052185
0.09188984334468842
0.06349923461675644
0.07659115642309189
0.08239489793777466
0.0795242190361023
0.09224002063274384


================================================================================
=== twin network
train_time
7.441219
10.135957599999998
10.227414199999998
10.008064700000006
10.242024600000008
6.743244300000001
10.372694000000024
10.238384100000019
10.17270719999999
2.9349216999999896
10.1447541
10.339405999999997
6.248351599999978
10.306004500000029
10.406895200000008
10.181616800000029
10.196616400000039
10.887341400000025
9.930158799999958
10.182895900000005
10.17374639999997
10.121251299999983
10.20873979999999
10.423221899999987
10.075443500000006
6.341377500000021
10.104726700000015
10.481205499999987
10.276700799999958
10.948903100000052
3.318514499999992
10.146737400000006
11.079325100000005
10.523447600000054
9.973365599999966
10.289390799999978
10.153389399999924
11.31045979999999
10.461758300000042
10.388191699999993
2.9335029999999733
10.37144150000006
15.605506900000023
13.108303700000079
12.87827080000011
12.71063509999999
10.937460600000122
10.176459999999906
10.360247699999945
10.211152000000084
3.0749112000000878
2.9833128000000215
16.457387200000085
14.632833299999902
10.668720899999926
10.148115700000062
10.420284300000048
10.604042900000195
10.304338500000085
2.5763898000000154
3.1731494999999086
6.332412700000077
3.287889899999982
10.311253400000169
11.338538400000061
10.213268900000003
10.73874980000005
10.193973799999867
10.4301210000001
10.683622299999797
10.459294099999852
9.996291200000087
10.218027299999903
5.863825899999938
2.842513100000133
10.237903300000198
10.149081900000056
10.103550900000073
2.816649699999971
10.147989600000074
10.336162800000011
3.362944799999923
10.28341760000012
10.22757230000002
10.199902000000066
10.141902600000094
10.139284699999962
10.273694700000306
2.6000684000000547
10.413477899999634
10.246921099999781
10.33795450000025
10.92048509999995
10.524288900000101
2.8876768999998603
10.05921460000036
10.579749500000162
10.509222500000305
3.0694171999998616
10.00948500000004
6.3782523999998375
6.378111900000022
10.23307879999993
2.4776090000000295
10.168237000000317
10.19324289999986
10.198882799999865
10.190452499999992
10.20304759999999
6.372229900000093
10.333031000000119
10.148006899999928
20.477841700000226
10.21278970000003
10.217996200000016
10.12465119999979
10.179316499999914
10.197298800000226
10.220489400000133
11.58912089999967
10.343705899999804
10.329079999999976
2.81703379999999
10.31264310000006
2.9599969000000783
10.211184900000262
10.501663699999881
10.09231329999966
test_delta_mean_squared_error
0.016984904184937477
0.012751158326864243
0.012862690724432468
0.012978526763617992
0.00982107874006033
0.01452321745455265
0.010933487676084042
0.011535312980413437
0.009961309842765331
0.036201052367687225
0.01017277967184782
0.010187220759689808
0.018261920660734177
0.0109002236276865
0.009133635088801384
0.017295435070991516
0.011935919523239136
0.012217115610837936
0.010561639443039894
0.007479041814804077
0.013380923308432102
0.01600164733827114
0.01112403068691492
0.011927573010325432
0.01291016023606062
0.010498936288058758
0.009721308946609497
0.013968689367175102
0.009794672019779682
0.009789659641683102
0.039312027394771576
0.00959567166864872
0.0084837069734931
0.013948922045528889
0.011300913989543915
0.008497895672917366
0.011298684403300285
0.00907665491104126
0.013136611320078373
0.013614987023174763
0.025499029085040092
0.010786897502839565
0.013812832534313202
0.011605530045926571
0.01294742152094841
0.014015899039804935
0.009077109396457672
0.01225883886218071
0.011568776331841946
0.0081836748868227
0.029742710292339325
0.029159720987081528
0.01032061967998743
0.017095403745770454
0.01516731083393097
0.013337203301489353
0.01166465599089861
0.009272295981645584
0.009181596338748932
0.01905371993780136
0.035194672644138336
0.009566264227032661
0.032399073243141174
0.009181215427815914
0.010229119099676609
0.012341326102614403
0.00956578180193901
0.011994767002761364
0.013166574761271477
0.01183462142944336
0.013278783299028873
0.008825921453535557
0.010800966992974281
0.0310219656676054
0.019550809636712074
0.01242815051227808
0.0103493332862854
0.006876024417579174
0.030153587460517883
0.009514241479337215
0.013248198665678501
0.028794199228286743
0.013347430154681206
0.009053653106093407
0.011205006390810013
0.014401915483176708
0.011265711858868599
0.01055346243083477
0.02715652622282505
0.0098448246717453
0.012592727318406105
0.011776191182434559
0.009668534621596336
0.015180233865976334
0.026503628119826317
0.011128338053822517
0.014148501679301262
0.011283541098237038
0.02180241234600544
0.015339383855462074
0.012390072457492352
0.012687718495726585
0.009284155443310738
0.02647109143435955
0.011086012236773968
0.015370287001132965
0.011159471236169338
0.01497611217200756
0.01082583051174879
0.010366695001721382
0.011210698634386063
0.012365891598165035
0.013695859350264072
0.009765349328517914
0.009179502725601196
0.009220728650689125
0.011369992978870869
0.013749421574175358
0.010733479633927345
0.012596303597092628
0.011634132824838161
0.008702466264367104
0.030923018231987953
0.00703102583065629
0.02940102480351925
0.012415789067745209
0.008758882991969585
0.009701804257929325
test_delta_mean_absolute_error
0.028963487595319748
0.021702449768781662
0.02183086983859539
0.022153012454509735
0.016930226236581802
0.025028929114341736
0.018527889624238014
0.019504863768815994
0.016854453831911087
0.06341544538736343
0.01703004352748394
0.017258787527680397
0.030996475368738174
0.018465327098965645
0.015692029148340225
0.029510656371712685
0.019998610019683838
0.02068590559065342
0.01775907352566719
0.012649026699364185
0.022976143285632133
0.027144581079483032
0.018901385366916656
0.02007083036005497
0.021925562992691994
0.018251918256282806
0.016533026471734047
0.023709779605269432
0.01655406691133976
0.016844362020492554
0.0666358545422554
0.01609889417886734
0.014389531686902046
0.023637065663933754
0.019022632390260696
0.01427401602268219
0.019209103658795357
0.015118996612727642
0.022545570507645607
0.023300649598240852
0.04359558969736099
0.01838669180870056
0.023646995425224304
0.019450992345809937
0.021928958594799042
0.024199016392230988
0.015378924086689949
0.020926490426063538
0.01968044973909855
0.014098749496042728
0.05078130587935448
0.04907668009400368
0.0175881739705801
0.029160622507333755
0.025961151346564293
0.022546246647834778
0.020154718309640884
0.015943769365549088
0.01576955057680607
0.03197387978434563
0.061295315623283386
0.016363510861992836
0.05620333552360535
0.0156252384185791
0.017681356519460678
0.020686883479356766
0.016104107722640038
0.020369673147797585
0.022630497813224792
0.019917676225304604
0.02288549207150936
0.014971956610679626
0.018489263951778412
0.05399894714355469
0.03322611376643181
0.021070584654808044
0.017494525760412216
0.011771837249398232
0.051184456795454025
0.01630566082894802
0.02247645892202854
0.049066994339227676
0.022910570725798607
0.015606490895152092
0.018898876383900642
0.024353310465812683
0.01927776262164116
0.01771664060652256
0.04638240486383438
0.016781317070126534
0.021606862545013428
0.01973010040819645
0.01637355238199234
0.02590738609433174
0.0452411025762558
0.018892809748649597
0.024158889427781105
0.019229793921113014
0.03741834685206413
0.02640995942056179
0.020888572558760643
0.021713750436902046
0.015584798529744148
0.046072326600551605
0.01891372911632061
0.02628759667277336
0.01872370019555092
0.025602620095014572
0.018327968195080757
0.01728885993361473
0.019259000197052956
0.02121622860431671
0.022948414087295532
0.016619063913822174
0.015773018822073936
0.015517594292759895
0.01924757845699787
0.023402370512485504
0.0181769710034132
0.021350156515836716
0.01993415132164955
0.014693167060613632
0.05336081609129906
0.012036019004881382
0.05116479843854904
0.021082159131765366
0.014857374131679535
0.01652161031961441


================================================================================
=== delta network
train_time
3.3066432
2.3304311999999996
2.5600590000000096
7.288307900000007
7.434323199999994
2.2927435000000003
2.4074365999999827
7.3163094999999885
7.535611900000021
2.1329120999999986
7.318943099999984
7.3816478000000245
4.614823099999967
7.318504099999984
7.153092200000003
7.429477399999996
7.301895999999999
7.382884799999999
7.664691799999957
7.428358200000048
2.1627418999999577
7.3841575999999804
8.157738300000005
7.353648099999987
2.351479599999948
2.318103899999983
7.246826499999997
7.725001099999986
7.4084483999999975
7.328761399999962
2.429518700000017
2.37564789999999
7.511722799999916
7.207762399999979
7.479802500000005
7.301163400000064
7.629124499999989
7.460943999999927
2.083279800000014
2.4088164000000916
7.360115000000064
10.482815500000015
9.576050100000089
9.441348700000049
8.968951199999992
9.14851049999993
2.37337320000006
7.391306800000166
2.2509404999998424
7.376370799999904
7.4984582000001865
10.191929800000025
10.89416580000011
9.645484399999987
2.2818351000000803
2.166471799999954
2.1466416999999183
7.391342200000054
9.253883599999881
7.800259900000128
2.447852699999885
7.2483305000000655
7.302692099999831
7.343490100000054
7.45051199999989
7.398342100000036
9.46825960000001
7.382282499999974
7.261928900000157
8.468953600000077
7.4913537999998425
2.3564546999998583
2.2085136000000603
2.493467600000031
4.542336900000009
7.420086200000014
8.575381200000038
7.534805300000016
7.370368999999982
7.579479999999876
7.228410799999892
2.320484800000031
7.360280600000124
7.38121319999982
7.566631099999995
7.571424799999932
7.575313000000278
2.193254100000104
7.414461200000005
2.0451678999997966
7.661374100000103
2.0875482999999804
8.887262700000065
2.2716528999999355
2.418659800000114
2.221021500000006
7.365923500000008
7.1851269999997385
2.171596600000157
7.349504899999829
7.282852400000138
2.1267468999999437
8.13686880000023
2.4336475000000064
7.434766599999875
7.445611899999676
9.690098800000214
2.204703800000061
7.249887399999807
7.315848100000039
7.481775000000198
2.2303000000001703
7.362258200000269
7.312791500000003
7.3831787000003715
7.442535700000008
7.410617299999558
7.3553053999999065
7.569930699999986
3.0841334000001552
7.352361799999926
7.459462499999972
7.397541099999671
7.42137270000012
7.288441000000148
7.303011800000149
7.264526800000112
7.322549099999833
test_delta_mean_squared_error
0.025916852056980133
0.026331128552556038
0.02985653467476368
0.014179902151226997
0.014681635424494743
0.017625773325562477
0.026210488751530647
0.015995237976312637
0.01421364862471819
0.03289823606610298
0.012765428982675076
0.014111358672380447
0.012273380532860756
0.014762389473617077
0.012134929187595844
0.013839691877365112
0.012704810127615929
0.01388103049248457
0.012799411080777645
0.010988597758114338
0.02107154205441475
0.012200957164168358
0.014021501876413822
0.013623178005218506
0.030789900571107864
0.022026482969522476
0.01255027949810028
0.014741241000592709
0.013487706892192364
0.01497378945350647
0.02573227882385254
0.01942918449640274
0.014769935049116611
0.014008944854140282
0.01681477576494217
0.012734479270875454
0.012466950342059135
0.013213212601840496
0.021027222275733948
0.02480507455766201
0.01341926772147417
0.013032913208007812
0.01344025693833828
0.015724781900644302
0.013499299064278603
0.013369306921958923
0.02206719107925892
0.013534124940633774
0.019911952316761017
0.013325023464858532
0.012707830406725407
0.013083296827971935
0.01353244949132204
0.015592577867209911
0.025644144043326378
0.03149370104074478
0.031780585646629333
0.014065252617001534
0.012932117097079754
0.014862218871712685
0.024659650400280952
0.012784306891262531
0.016185233369469643
0.013178185559809208
0.01509141456335783
0.01341995969414711
0.013470077887177467
0.012870416045188904
0.012924360111355782
0.01247395109385252
0.012867642566561699
0.024248339235782623
0.024866605177521706
0.029132680967450142
0.014309197664260864
0.013429812155663967
0.012375385500490665
0.01295520830899477
0.013944731093943119
0.013204044662415981
0.013624177314341068
0.02321462705731392
0.014074895530939102
0.013394605368375778
0.014468085952103138
0.014879290014505386
0.011294998228549957
0.0236675962805748
0.012678244151175022
0.024815449491143227
0.012892085127532482
0.029491571709513664
0.013101324439048767
0.027891363948583603
0.0185412410646677
0.027837496250867844
0.01190581638365984
0.012987841852009296
0.026565423235297203
0.014250637032091618
0.01319615077227354
0.019815783947706223
0.012514225207269192
0.029244549572467804
0.011709402315318584
0.013763722963631153
0.013651684857904911
0.0235233623534441
0.014607932418584824
0.011324705556035042
0.01461118832230568
0.021262159571051598
0.013912642374634743
0.014114348217844963
0.01298570353537798
0.011980921030044556
0.01467067375779152
0.01405803207308054
0.013036297634243965
0.03005184791982174
0.013931520283222198
0.01358724758028984
0.012978622689843178
0.011310101486742496
0.01479070633649826
0.01341197732836008
0.01313572097569704
0.012904271483421326
test_delta_mean_absolute_error
0.044461049139499664
0.04531116038560867
0.050967663526535034
0.024128377437591553
0.025167597457766533
0.030622350051999092
0.04520013555884361
0.027147775515913963
0.024616144597530365
0.05712850019335747
0.021852077916264534
0.02391829900443554
0.020696649327874184
0.02538265474140644
0.020582929253578186
0.023103371262550354
0.02164699323475361
0.02366621233522892
0.02167321927845478
0.01869567669928074
0.03605826199054718
0.020942144095897675
0.02360301837325096
0.023402705788612366
0.05234219878911972
0.037565477192401886
0.021569471806287766
0.025246111676096916
0.02277066744863987
0.0253854189068079
0.0442793034017086
0.03331156075000763
0.024907434359192848
0.024021223187446594
0.028680721297860146
0.021656397730112076
0.020834043622016907
0.022676104679703712
0.036483097821474075
0.041364528238773346
0.022804806008934975
0.021797891706228256
0.022721586748957634
0.026577502489089966
0.022930601611733437
0.022450020536780357
0.0372132770717144
0.02314882166683674
0.03388415649533272
0.022860562428832054
0.021635526791214943
0.022124972194433212
0.02283649891614914
0.02661864459514618
0.04450982064008713
0.05359489098191261
0.054368823766708374
0.024094726890325546
0.021915141493082047
0.025240225717425346
0.042210228741168976
0.021908799186348915
0.0274927020072937
0.022384921088814735
0.025979764759540558
0.022957781329751015
0.02305132895708084
0.022001469507813454
0.022010773420333862
0.02130604349076748
0.022095421329140663
0.04188375547528267
0.0422666110098362
0.050293728709220886
0.024371201172471046
0.023043807595968246
0.02109571546316147
0.02200368046760559
0.02402171678841114
0.022502142935991287
0.02296517789363861
0.03966255113482475
0.024028383195400238
0.02301611378788948
0.024355480447411537
0.025299187749624252
0.01934283971786499
0.040985532104969025
0.02177535369992256
0.041940703988075256
0.022116834297776222
0.05099321901798248
0.02210533618927002
0.04722004756331444
0.03167155012488365
0.048313166946172714
0.020296575501561165
0.022190915420651436
0.04409411549568176
0.02427608333528042
0.022520842030644417
0.03325718268752098
0.020990384742617607
0.050318289548158646
0.01973985880613327
0.023448115214705467
0.02348734438419342
0.040569256991147995
0.024804778397083282
0.01925293728709221
0.024786250665783882
0.03639385476708412
0.023671815171837807
0.024104801937937737
0.021859098225831985
0.020528152585029602
0.024979040026664734
0.023901447653770447
0.022123025730252266
0.051947541534900665
0.02366316318511963
0.023297354578971863
0.022008396685123444
0.019152427092194557
0.025265591219067574
0.022683024406433105
0.02211260423064232
0.021954115480184555


