================================================================================
=== value network
train_time
6.735931900000001
7.5435462000000015
7.196442399999995
7.199251600000011
7.290005699999995
7.160710800000004
7.894588900000002
7.160476399999993
7.385874299999983
7.2616017
4.77417650000001
7.282415999999984
2.2943824000000177
7.615598000000034
8.361947900000018
7.373743100000013
5.047529900000029
7.264431000000002
7.2870498999999995
2.51575170000001
7.280886600000031
7.274685900000009
7.391679399999987
7.229189800000029
7.538389299999949
2.1780833000000257
7.299077300000022
7.219009500000084
7.200556099999972
7.199745900000039
7.451437900000087
2.117776700000036
7.337373700000057
4.767241300000023
7.271696199999951
2.13768529999993
5.684271399999943
7.117923200000064
5.928576700000008
7.312660899999969
7.242076099999963
7.448831200000086
7.428753999999913
6.527226799999994
7.336979700000029
7.693524999999909
4.645496600000001
6.280867499999999
7.348041899999998
7.348510199999964
7.310319599999957
7.284808199999816
7.392593999999917
7.494189800000186
5.445587100000012
7.442445899999939
7.22836459999985
9.579367100000127
7.201308700000027
7.124729399999978
4.951173200000085
7.5308006000000205
7.260343200000079
7.325975799999924
7.267807100000027
7.378860599999825
7.452992799999947
5.116981599999917
7.115932500000099
7.187496600000031
5.171395399999938
7.4109567000000425
7.16256999999996
2.18942949999996
7.193023799999992
7.225455399999873
7.318236800000022
7.2359770999999
7.244231099999979
2.2407611999999517
7.393591799999967
7.216947399999981
8.281318299999839
2.2543161999999484
7.486926799999992
7.451208599999973
2.039922899999965
7.429363199999898
7.318428699999913
8.877823100000114
7.338176299999986
7.121638599999869
7.311596300000019
2.1471185000000332
7.28002319999996
7.330896500000108
7.0510512000000745
7.21112949999997
7.4789552000002
1.9986926000001404
4.504612100000031
7.174682999999732
7.330396199999996
7.384760899999947
7.197204900000088
7.263182299999698
4.761362299999746
4.662266400000135
7.473235599999953
8.106275000000096
1.9609300000001895
7.370712099999764
7.658417200000258
6.389031700000032
7.223664699999972
7.159759099999974
7.54319039999973
7.5323905999998715
7.168905100000302
7.393888600000082
7.293719100000089
7.3512563000003865
7.359618500000124
7.263532599999962
5.1141725000002225
7.43741749999981
7.301594800000203
7.107114499999625
test_delta_mean_squared_error
0.015437329187989235
0.015248235315084457
0.02192649431526661
0.02561018243432045
0.018760250881314278
0.02053282968699932
0.02156205289065838
0.017994750291109085
0.019593168050050735
0.018651586025953293
0.017289184033870697
0.017699573189020157
0.01832559145987034
0.02099609375
0.019054226577281952
0.023103447631001472
0.020388081669807434
0.020941894501447678
0.015056535601615906
0.022029001265764236
0.026240190491080284
0.01856953836977482
0.01798839494585991
0.017984839156270027
0.019604671746492386
0.028127145022153854
0.01848430559039116
0.019254496321082115
0.018651148304343224
0.020797086879611015
0.017268028110265732
0.02838488668203354
0.016670456156134605
0.019655071198940277
0.01577102020382881
0.022586185485124588
0.016988415271043777
0.021466830745339394
0.0188218355178833
0.01787593401968479
0.025213727727532387
0.021596349775791168
0.022801417857408524
0.020716382190585136
0.02012721821665764
0.024058450013399124
0.024019615724682808
0.021708393469452858
0.02406613528728485
0.01957155019044876
0.0150521919131279
0.02383885160088539
0.021180614829063416
0.01723799668252468
0.021613365039229393
0.019514672458171844
0.019500691443681717
0.016228176653385162
0.018732016906142235
0.015732556581497192
0.021488282829523087
0.01863153465092182
0.012653890065848827
0.024715865030884743
0.020060183480381966
0.015662377700209618
0.023028669878840446
0.018794354051351547
0.019296668469905853
0.020486850291490555
0.01756214164197445
0.017074497416615486
0.020560255274176598
0.03333326801657677
0.019554119557142258
0.02013043314218521
0.01975276693701744
0.023917188867926598
0.017483754083514214
0.016402598470449448
0.018979938700795174
0.01989707536995411
0.01807117648422718
0.01866602711379528
0.020395386964082718
0.01574625074863434
0.02765563502907753
0.01453498937189579
0.018645871430635452
0.019879933446645737
0.017451250925660133
0.015647806227207184
0.02112574689090252
0.027401184663176537
0.02151181362569332
0.01569720171391964
0.01984790898859501
0.021467870101332664
0.01387976948171854
0.031613726168870926
0.01876903511583805
0.01963762193918228
0.023211007937788963
0.023502197116613388
0.026669073849916458
0.018392978236079216
0.01679934188723564
0.01726001501083374
0.02070889249444008
0.021816745400428772
0.03575897216796875
0.02094412036240101
0.027290524914860725
0.022738642990589142
0.01675252802670002
0.01574230194091797
0.020431336015462875
0.020878812298178673
0.01627609319984913
0.016799723729491234
0.018348101526498795
0.024607067927718163
0.023748639971017838
0.020126331597566605
0.018178725615143776
0.022563280537724495
0.02349579893052578
0.026844363659620285
test_delta_mean_absolute_error
0.022821899503469467
0.0227215476334095
0.033143550157547
0.03685685247182846
0.02839856967329979
0.030347418040037155
0.032036926597356796
0.026580078527331352
0.02899809740483761
0.028000110760331154
0.025794846937060356
0.026340706273913383
0.027996327728033066
0.03153355047106743
0.028961198404431343
0.03445461392402649
0.030894383788108826
0.03148974850773811
0.022512778639793396
0.03361397236585617
0.039433177560567856
0.028044259175658226
0.02680554986000061
0.026875296607613564
0.029579343274235725
0.042710915207862854
0.027472350746393204
0.02871963568031788
0.027503853663802147
0.030676381662487984
0.025894509628415108
0.044247619807720184
0.02495945245027542
0.029773583635687828
0.023886442184448242
0.03529844805598259
0.0247755479067564
0.032078295946121216
0.028051994740962982
0.02628263086080551
0.03740045800805092
0.03240975737571716
0.033805061131715775
0.03099707141518593
0.030274467542767525
0.0359514094889164
0.03628933057188988
0.03289942443370819
0.03650464490056038
0.029174551367759705
0.021966222673654556
0.03485952690243721
0.03210395574569702
0.025965286418795586
0.03296726569533348
0.02946576289832592
0.029539678245782852
0.02403203397989273
0.027832074090838432
0.023776568472385406
0.03200874850153923
0.02763436548411846
0.019150836393237114
0.03687000647187233
0.029694028198719025
0.02332352101802826
0.03534358739852905
0.028421584516763687
0.02886306494474411
0.030494367703795433
0.026151642203330994
0.025379640981554985
0.030918803066015244
0.05081624537706375
0.028539733961224556
0.030116848647594452
0.029809098690748215
0.035778820514678955
0.02620333805680275
0.024889245629310608
0.028260892257094383
0.02965674363076687
0.026431884616613388
0.027999397367239
0.03108765184879303
0.023811370134353638
0.04092260077595711
0.022156283259391785
0.027658963575959206
0.02977914735674858
0.026002738624811172
0.023563379421830177
0.0313531830906868
0.04175793379545212
0.03179403766989708
0.023759251460433006
0.029493795707821846
0.032799188047647476
0.0211280956864357
0.04848200082778931
0.027987264096736908
0.02937203459441662
0.034703124314546585
0.03496103733778
0.03993753716349602
0.02697298489511013
0.025394810363650322
0.026176270097494125
0.03112919069826603
0.033142708241939545
0.05508153885602951
0.03094794601202011
0.04169420897960663
0.03425385057926178
0.025361105799674988
0.023289378732442856
0.031225524842739105
0.03138967975974083
0.024312812834978104
0.02515803463757038
0.027310511097311974
0.03755984455347061
0.03527980297803879
0.029551908373832703
0.027694912627339363
0.03279300034046173
0.03464699909090996
0.0398113951086998


================================================================================
=== twin network
train_time
7.156272800000002
8.706050599999998
8.692468199999993
8.598252299999999
8.783757800000004
8.529051300000006
8.681780900000007
8.627062799999976
8.403737799999988
8.690930000000009
8.6430048
8.674485199999992
6.108250999999996
8.63180920000002
8.435218399999997
6.151659300000006
8.545340799999963
5.948717299999998
8.615859399999977
8.577277800000047
8.498104599999976
7.347138099999995
8.478926299999955
5.904613499999982
5.393294200000014
8.53831510000009
8.68177460000004
8.408710999999926
10.1973835
9.311568299999976
6.65573059999997
8.536961700000006
8.613861000000043
8.559835199999952
5.731398400000103
8.675676299999964
5.627248800000075
9.656093499999997
7.6188099999999395
8.567729099999951
8.218246700000009
8.838534199999913
7.468624800000043
6.5406099000000495
8.482888500000058
6.889243300000089
8.663361699999996
8.396863800000006
8.864354399999911
6.701840199999879
6.347332800000004
8.619852300000048
5.4686492999999246
8.517984599999863
8.638639000000012
8.366815499999802
8.65660129999992
8.59449120000022
8.340105100000073
8.547216199999866
7.245358000000124
8.445042000000058
8.550416600000062
8.544852100000071
5.59019330000001
8.541771100000005
6.772977399999945
6.32070449999992
8.455694199999925
8.399228100000073
6.267041199999994
9.6918541
8.561423900000136
8.284184299999879
8.625245599999971
8.638326499999948
8.430935399999953
8.575443899999982
5.413238900000124
2.6609663000001547
8.433278399999836
5.926844500000016
8.665352199999916
8.571905400000105
8.83063089999996
8.831211499999881
7.948362700000189
9.38533940000002
10.002232900000081
8.550723999999946
8.761702799999966
8.469013899999936
8.602988099999948
8.576415199999929
8.467133200000035
8.563862299999982
8.696308499999759
8.580174400000033
5.566504099999747
8.625837100000354
6.60323980000021
8.376057200000105
8.495237599999655
8.464375700000346
8.597463399999924
8.378250499999922
6.9411802999998145
6.175592099999903
9.077582399999756
5.887021999999888
8.699786899999708
8.496716300000116
8.741624100000081
7.089823499999966
6.000427699999818
5.826062499999807
5.807955899999797
8.49045440000009
5.551021000000219
8.560145299999931
7.4545044999999845
5.449116900000263
8.298315900000034
8.580800499999896
9.445484100000158
8.447241399999712
8.777252999999746
8.751498000000083
test_delta_mean_squared_error
0.01428424846380949
0.010465176776051521
0.011981473304331303
0.015154927968978882
0.011052098125219345
0.013991525396704674
0.016187723726034164
0.010423087514936924
0.011066948994994164
0.013292904943227768
0.008912600576877594
0.01169090997427702
0.010460223071277142
0.00902854185551405
0.01257470715790987
0.013642776757478714
0.012688622809946537
0.010912030003964901
0.013397786766290665
0.010894318111240864
0.013680005446076393
0.01123326737433672
0.012826332822442055
0.012320534326136112
0.015987642109394073
0.012830343097448349
0.014065400697290897
0.014014634303748608
0.009950394742190838
0.015898622572422028
0.01305756438523531
0.013295182026922703
0.013161960989236832
0.015223321504890919
0.013755949214100838
0.009761260822415352
0.013152599334716797
0.012437713332474232
0.011434054933488369
0.011933021247386932
0.013834556564688683
0.01108595822006464
0.016275208443403244
0.01118006557226181
0.011877561919391155
0.01595187745988369
0.01245997752994299
0.01047658734023571
0.01214753556996584
0.01440133061259985
0.014110040850937366
0.014560975134372711
0.009739694185554981
0.012983673252165318
0.014776024967432022
0.01379779540002346
0.014107723720371723
0.011814364232122898
0.011846823617815971
0.010011334903538227
0.01128598116338253
0.011502362787723541
0.010188890621066093
0.013292858377099037
0.011052764020860195
0.010621163062751293
0.011543743312358856
0.012469291687011719
0.012695168145000935
0.01333423238247633
0.011409821920096874
0.011652227491140366
0.010932337492704391
0.015690091997385025
0.01296895183622837
0.012256326153874397
0.011724916286766529
0.012480896897614002
0.01240490097552538
0.013628809712827206
0.013964174315333366
0.01254073716700077
0.01088037434965372
0.008800094947218895
0.011624799109995365
0.011750316247344017
0.014259583316743374
0.010728602297604084
0.012857074849307537
0.01346001960337162
0.01045515201985836
0.011459126137197018
0.015510274097323418
0.012024395167827606
0.014198711141943932
0.010574860498309135
0.012223396450281143
0.01420716941356659
0.012139109894633293
0.01634170673787594
0.011838939972221851
0.010750306770205498
0.013261762447655201
0.017849046736955643
0.01628785952925682
0.011797409504652023
0.011983741074800491
0.013150596059858799
0.014303519390523434
0.011829404160380363
0.016903486102819443
0.01492397766560316
0.016464481130242348
0.010178814642131329
0.010087513364851475
0.0116414874792099
0.011079349555075169
0.01525195874273777
0.012370731681585312
0.011813575401902199
0.00956947635859251
0.013563398271799088
0.014161961153149605
0.013465043157339096
0.012359502725303173
0.01381719671189785
0.014543751254677773
0.012238260358572006
test_delta_mean_absolute_error
0.021309662610292435
0.015836220234632492
0.018100276589393616
0.0226729903370142
0.016621911898255348
0.02115708217024803
0.023673593997955322
0.01570686511695385
0.01639408990740776
0.01981399953365326
0.013213268481194973
0.017536291852593422
0.015736619010567665
0.01344469003379345
0.01855899952352047
0.02057468518614769
0.01888931542634964
0.016514722257852554
0.02018982358276844
0.01641477458178997
0.02062903344631195
0.01671956107020378
0.019054340198636055
0.018256740644574165
0.024297144263982773
0.019107289612293243
0.02093886397778988
0.02102804183959961
0.014940072782337666
0.02377203106880188
0.01967267505824566
0.01998148486018181
0.01941038854420185
0.022709013894200325
0.020652344450354576
0.014461236074566841
0.019511481747031212
0.018670937046408653
0.016871687024831772
0.0172867551445961
0.020627181977033615
0.016373811289668083
0.024094702675938606
0.016941888257861137
0.01747475191950798
0.023861367255449295
0.018481168895959854
0.015705328434705734
0.01810436137020588
0.02149725705385208
0.02086862362921238
0.02145870216190815
0.014474902302026749
0.019594278186559677
0.02228347770869732
0.02067892998456955
0.021107202395796776
0.01771092601120472
0.017705567181110382
0.01502283290028572
0.016701752319931984
0.016995787620544434
0.015205098316073418
0.019888868555426598
0.016563788056373596
0.016026698052883148
0.016829269006848335
0.018660856410861015
0.01883585937321186
0.019704431295394897
0.01668686419725418
0.01748999021947384
0.01625700294971466
0.023806845769286156
0.01911742240190506
0.018580680713057518
0.01757854036986828
0.01881352998316288
0.01856544241309166
0.02078569121658802
0.02082747407257557
0.019003042951226234
0.01611412689089775
0.013020290993154049
0.017621882259845734
0.017470121383666992
0.02148314192891121
0.015959130600094795
0.019364623352885246
0.0201547984033823
0.015661194920539856
0.017305176705121994
0.02271786704659462
0.01806512475013733
0.021222678944468498
0.015901723876595497
0.018414920195937157
0.021108176559209824
0.017886413261294365
0.02474556863307953
0.017814822494983673
0.01570885069668293
0.019842758774757385
0.026859775185585022
0.0246339850127697
0.017782054841518402
0.017863165587186813
0.01987283118069172
0.021739669144153595
0.017708301544189453
0.025492507964372635
0.022055480629205704
0.02487940900027752
0.015081388875842094
0.015155253931879997
0.01711449772119522
0.01662440039217472
0.023066101595759392
0.01809416338801384
0.017779268324375153
0.014627504162490368
0.020476998761296272
0.02127215266227722
0.020304793491959572
0.01812729239463806
0.02065606229007244
0.0215503741055727
0.018398059532046318


================================================================================
=== delta network
train_time
4.786197999999999
4.793364699999998
4.707091199999994
5.3287689
6.2115526000000045
6.282654199999996
6.254373900000019
4.4016149999999925
4.441058599999991
5.413171500000004
6.243807800000013
6.293171400000006
4.677623799999992
6.863402300000018
4.477194899999972
6.666363499999989
4.6030399999999645
6.3274600000000305
5.990775299999996
4.388171999999997
6.289014199999997
5.137981000000025
7.1532869999999775
4.380775299999982
6.175623500000029
4.711753599999952
6.67441610000003
4.86887020000006
5.917648500000041
7.108412199999975
6.005431999999928
4.511757099999954
6.00799799999993
4.414597600000093
4.484197300000005
5.3644641000000775
4.984879399999954
7.067039399999999
4.637088300000073
6.134185499999944
7.128679700000021
6.192498499999942
6.5273657000000185
4.518646000000103
6.702463399999942
6.185858200000098
6.715347100000031
4.347324099999923
6.632150299999921
6.313423199999988
4.377062999999907
7.130060699999831
4.738031500000034
6.395370200000116
6.749797700000045
6.1711462999999185
4.95101539999996
6.2260761
6.3505782000002
6.344755000000077
6.349942300000066
1.9249084000000494
2.024206099999901
6.658553600000005
7.093008399999917
4.153049900000042
4.957584600000018
6.360160400000041
5.1192550000000665
6.254549100000077
4.018606499999805
6.69422069999996
6.443922200000088
5.030948099999932
6.285402900000008
6.157202200000029
6.083604600000172
4.555278899999848
4.008601499999941
6.362760600000001
6.169144899999992
6.0706815000000915
6.330641799999967
6.139558900000111
4.071418200000153
6.2374286000001575
4.706719600000042
1.9859569999998712
7.8098373999998785
4.26497419999987
4.1548806999999215
5.711850700000014
6.260644299999967
6.119024399999944
6.571575899999971
4.326684100000421
6.35383980000006
6.278090199999951
6.404638299999988
4.78108790000033
6.9195662999995875
6.94085989999985
4.981963999999607
6.100608100000045
4.400437299999794
6.2284153000000515
4.532010399999763
4.756300399999873
5.3527343999999175
3.8984184000000823
5.646188300000176
4.781303799999932
6.819296499999837
4.754691399999956
6.226151700000173
6.460998999999902
7.052746899999875
6.636787200000072
6.1872343
5.282901999999922
4.991260199999942
6.126509100000021
4.304370400000153
6.402415500000188
6.269919100000152
6.140427299999828
4.537325799999962
6.434642499999882
test_delta_mean_squared_error
0.015799539163708687
0.018114464357495308
0.02031802199780941
0.015585599467158318
0.014841461554169655
0.01961163990199566
0.021637266501784325
0.018117843195796013
0.018855184316635132
0.02107059583067894
0.014774668961763382
0.019418567419052124
0.01200367696583271
0.01925601437687874
0.01706135831773281
0.019183406606316566
0.016788331791758537
0.0205826498568058
0.018858594819903374
0.016429677605628967
0.021716369315981865
0.01595662720501423
0.01749425195157528
0.01935192197561264
0.017866574227809906
0.01952398754656315
0.021434234455227852
0.021883035078644753
0.016069339588284492
0.018053963780403137
0.014106024987995625
0.019739918410778046
0.019741365686058998
0.016857566311955452
0.020205099135637283
0.015266203321516514
0.0182491522282362
0.018280470743775368
0.015289143659174442
0.013247248716652393
0.020476648584008217
0.02184249274432659
0.02226041816174984
0.019056731835007668
0.016065582633018494
0.021715737879276276
0.0217001773416996
0.01877281442284584
0.018496675416827202
0.018315402790904045
0.018731845542788506
0.01945563219487667
0.017666541039943695
0.019277777522802353
0.018120458349585533
0.020046373829245567
0.02228950336575508
0.014640836045145988
0.015564349479973316
0.014203602448105812
0.019323712214827538
0.027480153366923332
0.024337617680430412
0.022085724398493767
0.021811064332723618
0.015361434780061245
0.019555095583200455
0.02011832222342491
0.012957565486431122
0.018338343128561974
0.014026425778865814
0.017916100099682808
0.014768807217478752
0.02156681753695011
0.020822802558541298
0.013971826061606407
0.021258536726236343
0.02136598899960518
0.01726776547729969
0.013976630754768848
0.021678289398550987
0.01645674556493759
0.01634962670505047
0.018496084958314896
0.019665025174617767
0.016426587477326393
0.017750049009919167
0.019269203767180443
0.014780767261981964
0.017496159300208092
0.017762186005711555
0.013809822499752045
0.02143840119242668
0.02048259973526001
0.0179225355386734
0.016564738005399704
0.021292995661497116
0.019549425691366196
0.01671280339360237
0.01819515973329544
0.018440673127770424
0.016309479251503944
0.01808663085103035
0.016239231452345848
0.02066086046397686
0.016898097470402718
0.01453524548560381
0.017437996342778206
0.01850251294672489
0.017013030126690865
0.021205956116318703
0.015242050401866436
0.01986459083855152
0.018164625391364098
0.013009002432227135
0.0168822780251503
0.01792251318693161
0.020887237042188644
0.018201835453510284
0.01605123095214367
0.01760806143283844
0.018948450684547424
0.019795740023255348
0.022768165916204453
0.015517247840762138
0.01878068409860134
0.019253605976700783
0.018240565434098244
test_delta_mean_absolute_error
0.023693960160017014
0.026655875146389008
0.03019227646291256
0.023552102968096733
0.02241300605237484
0.029466407373547554
0.03237872198224068
0.027471603825688362
0.028527555987238884
0.03129406273365021
0.021458439528942108
0.02897506020963192
0.01772160828113556
0.028067566454410553
0.025571001693606377
0.02861453965306282
0.025083541870117188
0.030321097001433372
0.028503237292170525
0.02487853169441223
0.032788507640361786
0.02413991093635559
0.025956926867365837
0.029476257041096687
0.026499111205339432
0.029196446761488914
0.03192826732993126
0.0327809676527977
0.024210374802350998
0.026962973177433014
0.020904529839754105
0.029555968940258026
0.029087908565998077
0.02505635842680931
0.030079415068030357
0.02272711507976055
0.026894113048911095
0.027140529826283455
0.023073023185133934
0.019729947671294212
0.03087393008172512
0.03264504671096802
0.033526256680488586
0.02896854095160961
0.023916788399219513
0.03221380338072777
0.032391127198934555
0.02864878438413143
0.027550648897886276
0.02736514061689377
0.027245009317994118
0.029017308726906776
0.026370275765657425
0.028681494295597076
0.026565272361040115
0.02978191338479519
0.03315432742238045
0.02190381847321987
0.023312876001000404
0.02101719006896019
0.029145002365112305
0.04225617274641991
0.03728052228689194
0.03341832756996155
0.03333461657166481
0.022835765033960342
0.02915331721305847
0.030244501307606697
0.019150156527757645
0.027255963534116745
0.02055782452225685
0.026735378429293633
0.022337013855576515
0.032165754586458206
0.030574245378375053
0.02107100374996662
0.031533095985651016
0.031850166618824005
0.025067446753382683
0.020985141396522522
0.0321778729557991
0.024750148877501488
0.02429697848856449
0.027793409302830696
0.02960672415792942
0.02481738291680813
0.026369608938694
0.028356041759252548
0.021770192310214043
0.026777304708957672
0.02661740779876709
0.021041272208094597
0.03173130005598068
0.030877016484737396
0.026778899133205414
0.024991480633616447
0.03145395219326019
0.028396999463438988
0.02482323907315731
0.02655763551592827
0.027012409642338753
0.024238411337137222
0.026978638023138046
0.023636745288968086
0.03057960420846939
0.024802139028906822
0.02182239480316639
0.025836564600467682
0.027746833860874176
0.02540685422718525
0.031693391501903534
0.02277170866727829
0.02994486875832081
0.02669668197631836
0.019355060532689095
0.025406131520867348
0.026680486276745796
0.031194910407066345
0.02722112461924553
0.0238485187292099
0.02645006962120533
0.02828054688870907
0.02934257872402668
0.032923199236392975
0.02324165403842926
0.028010480105876923
0.028787823393940926
0.027084361761808395


