================================================================================
=== value network
train_time
8.896933299999999
7.761682699999998
7.740602500000001
8.04615419999999
8.60324039999999
8.446603300000021
8.557443699999993
9.764125999999976
7.739267399999989
7.833156799999983
8.04266400000003
8.550320499999998
9.816688999999997
9.093285100000003
8.800238799999988
8.422570000000007
8.324606200000005
8.02720370000003
7.780122600000027
7.634445200000016
7.9835381000000325
7.740315099999975
7.795374100000004
7.718833899999936
7.632913300000041
4.7088708
8.091424800000027
8.067374199999904
7.6984604000000445
9.159101799999917
7.7171679000000495
7.55405780000001
7.630077500000084
9.850878100000045
7.621843300000023
4.696169599999962
7.775595100000032
7.651389999999992
7.546307400000046
7.471515899999986
7.490772300000003
8.008538199999975
7.7467267000000675
7.838244600000053
7.623329799999965
7.546058599999924
7.704239300000154
10.544761300000118
7.668235800000048
7.550385000000006
8.315747400000191
7.705354300000181
7.628275899999835
8.384249500000124
8.01898970000002
8.135696299999836
7.450981400000046
11.088005600000088
8.969455299999936
7.686755400000038
8.88105859999996
8.31598820000022
8.622628000000077
8.332423800000015
8.35011140000006
8.923457499999813
8.322998299999881
8.545715299999983
8.53472829999987
8.188205599999947
8.333712600000126
8.0509555000001
7.605883699999822
8.206600200000139
8.616066100000126
9.28176039999994
7.517289699999992
7.739782899999909
7.710772399999996
7.671695100000079
7.492769400000043
7.599395700000059
8.795312700000068
12.037946599999941
9.137432399999852
8.32464570000002
8.841217799999868
8.724201499999708
10.144005600000128
7.675073599999905
8.993605799999841
7.970043199999964
8.229097699999784
7.925103800000215
8.594377400000212
9.735455100000308
10.401287500000308
12.930026500000167
19.243276499999865
9.1220158000001
7.9497135000001435
9.168239900000117
7.459191999999803
7.423525700000027
9.250167800000327
11.735955200000262
9.94969429999992
8.38903130000017
8.093503299999611
7.794482199999948
7.58454729999994
8.381247099999655
8.050721600000088
7.6396365000000515
9.299203499999749
8.888348100000258
7.647475299999769
8.652621899999758
7.704370099999778
9.395938800000295
9.229282499999954
8.359074500000133
8.74417399999993
8.674163500000304
8.102305400000205
8.490391700000146
8.646023400000104
8.741479700000127
test_delta_mean_squared_error
0.056214991956949234
0.07972928136587143
0.050425171852111816
0.07353829592466354
0.0555955208837986
0.05952451378107071
0.051606498658657074
0.059278614819049835
0.046391624957323074
0.06212364509701729
0.05829061195254326
0.05636044219136238
0.07959739118814468
0.0709102526307106
0.05696515366435051
0.04752298817038536
0.05553411319851875
0.05553271621465683
0.04974917694926262
0.0546516552567482
0.05877545103430748
0.05680805817246437
0.06397409737110138
0.07335186749696732
0.06941237300634384
0.05516122281551361
0.04877828061580658
0.06188543140888214
0.0578734427690506
0.06836322695016861
0.06835190206766129
0.046289730817079544
0.05641733482480049
0.0550333708524704
0.06757161021232605
0.05444236099720001
0.049105606973171234
0.0793757513165474
0.054735030978918076
0.058660540729761124
0.054322123527526855
0.0608455054461956
0.049886614084243774
0.06732959300279617
0.06827772408723831
0.057510651648044586
0.07211802899837494
0.06298116594552994
0.06989166140556335
0.06197429075837135
0.06752466410398483
0.06269165873527527
0.06382907927036285
0.06248236075043678
0.06889453530311584
0.06200723722577095
0.058369748294353485
0.05401761084794998
0.06695547699928284
0.072664774954319
0.06535451859235764
0.05772027745842934
0.056671760976314545
0.07347644865512848
0.053578585386276245
0.07317332923412323
0.04611353203654289
0.05413960665464401
0.05275696888566017
0.06718619912862778
0.06801819056272507
0.0634385347366333
0.06521406024694443
0.051458925008773804
0.06338490545749664
0.050851549953222275
0.04525468125939369
0.0432245209813118
0.06427647918462753
0.05104393512010574
0.06518154591321945
0.05826150253415108
0.07381617277860641
0.05513504147529602
0.057639673352241516
0.08982149511575699
0.048467133194208145
0.054683931171894073
0.0635313168168068
0.06250446289777756
0.05728580057621002
0.054996807128190994
0.057617031037807465
0.04784543812274933
0.05495423823595047
0.056557103991508484
0.05056312307715416
0.0684819146990776
0.055039286613464355
0.045866359025239944
0.0676756426692009
0.047584597021341324
0.05173908919095993
0.0587773323059082
0.05594084784388542
0.059017036110162735
0.04988975450396538
0.06141000613570213
0.05873894691467285
0.0572420172393322
0.06952765583992004
0.08171947300434113
0.06720873713493347
0.07086145132780075
0.06144481897354126
0.06698548793792725
0.053563911467790604
0.07033482939004898
0.059257518500089645
0.0720987617969513
0.04992062598466873
0.06746304780244827
0.06266667693853378
0.05935664847493172
0.05260977894067764
0.06346771866083145
0.054449234157800674
0.0641813576221466
test_delta_mean_absolute_error
0.13876251876354218
0.19713331758975983
0.12414636462926865
0.18149986863136292
0.13762468099594116
0.14603875577449799
0.12717707455158234
0.1464347541332245
0.11363569647073746
0.15096203982830048
0.14352260529994965
0.1387055367231369
0.1954730749130249
0.17516779899597168
0.14087745547294617
0.116193987429142
0.13409759104251862
0.13709469139575958
0.12256554514169693
0.13424688577651978
0.14378443360328674
0.13993647694587708
0.1582493931055069
0.1820611208677292
0.1708134561777115
0.13574574887752533
0.1198335811495781
0.15109816193580627
0.14199547469615936
0.16927678883075714
0.16827167570590973
0.11340111494064331
0.13869315385818481
0.13541898131370544
0.16695687174797058
0.1338755190372467
0.12067021429538727
0.194419726729393
0.13484050333499908
0.14549903571605682
0.13397130370140076
0.1496146321296692
0.12279938161373138
0.16475677490234375
0.16840171813964844
0.1413959413766861
0.17817960679531097
0.15581372380256653
0.17205654084682465
0.1523648202419281
0.16594085097312927
0.15483535826206207
0.15658818185329437
0.15280835330486298
0.16860519349575043
0.15042662620544434
0.14325310289859772
0.1330588161945343
0.16418737173080444
0.1799718290567398
0.16106632351875305
0.1422678530216217
0.13908657431602478
0.18021202087402344
0.1322203427553177
0.18080738186836243
0.11309512704610825
0.13226833939552307
0.12889662384986877
0.16633455455303192
0.16790133714675903
0.15597094595432281
0.16107937693595886
0.1269010603427887
0.15632517635822296
0.12457098811864853
0.1119256392121315
0.10615985840559006
0.15847505629062653
0.12643224000930786
0.15957707166671753
0.1430676430463791
0.18336085975170135
0.13478004932403564
0.1404961198568344
0.21704842150211334
0.11921956390142441
0.13414667546749115
0.15592767298221588
0.15444022417068481
0.14227697253227234
0.13619741797447205
0.14247377216815948
0.11684224009513855
0.13582171499729156
0.139407679438591
0.12424324452877045
0.16843561828136444
0.13567616045475006
0.11283637583255768
0.16760098934173584
0.11666934192180634
0.12750813364982605
0.14479412138462067
0.1373128592967987
0.14612258970737457
0.12238021194934845
0.15075667202472687
0.1458384394645691
0.1411273032426834
0.17202730476856232
0.20068490505218506
0.16533055901527405
0.17442786693572998
0.1509942263364792
0.16672201454639435
0.13021793961524963
0.17499011754989624
0.14505067467689514
0.17857463657855988
0.12273001670837402
0.1655409187078476
0.15511047840118408
0.14569714665412903
0.12916125357151031
0.1564718782901764
0.13313397765159607
0.1579943597316742


================================================================================
=== twin network
train_time
2.3707221999999994
9.879595200000004
10.389316399999991
8.8801275
2.610045100000008
10.041888
2.8992054999999937
4.141676399999994
9.086039900000003
9.994130600000005
2.9271648999999798
9.686829400000022
9.8993964
2.7364798000000405
10.740885200000037
3.1833670000000325
3.4937876000000188
9.789879799999994
9.488008000000036
9.054060100000015
8.941338500000029
9.319893400000069
9.782949700000017
5.663473299999964
2.325979400000051
5.670316899999989
9.573381899999958
10.543392100000005
3.1036103999999796
3.9541161999999304
9.138482199999999
9.061671600000068
5.6907295999999405
2.7222452999999405
8.997083499999917
2.5656016000000363
2.4003122000000303
10.21992929999999
9.190572699999962
9.264556299999981
2.6984555999999884
8.940047299999947
9.500274200000035
9.693358100000069
9.17066439999985
2.862043500000027
9.099811199999976
9.032887800000026
9.243398200000001
9.169023600000173
9.238811400000031
2.6610346999998455
2.6330390999999054
10.425451600000088
2.9252277999999023
9.407619599999862
9.866207799999984
11.809615200000053
9.913145900000018
9.46642380000003
3.0109506999999667
10.25268670000014
3.2791097000001628
10.858563699999877
10.270100400000047
2.843100800000002
11.15072310000005
2.7745511000000533
6.455947699999797
10.266268300000092
3.5254367
11.38894890000006
2.7156612000001132
11.619488100000126
9.61779179999985
8.857045900000003
9.258525899999995
9.513689999999997
8.954855499999894
9.559186299999965
9.032050900000058
9.236685500000021
9.447128099999873
10.476996899999904
10.67302810000001
3.4320440999999846
10.323665599999913
13.173533900000166
10.120657200000096
10.676704800000152
3.0876656000000366
11.265599700000166
3.1085118999999395
10.054958799999895
15.566860500000075
13.934365699999944
13.506938600000012
14.87368400000014
16.03158790000043
9.320952099999886
2.770019300000058
8.958114900000055
2.584410000000389
8.793341000000055
9.582363799999712
11.99367570000004
3.274667700000009
9.006844999999885
9.744322999999895
9.07991179999999
9.393540200000189
3.1136563999998543
19.958642500000224
11.31905770000003
3.190050500000325
13.880887399999665
3.165697999999793
2.6014608000000408
9.005152499999895
3.8318672000000333
10.490799499999866
13.014623200000187
3.1052568999998584
11.690396099999816
10.631101399999807
2.7581498999998075
10.137120100000175
11.472940000000108
test_delta_mean_squared_error
0.02812272123992443
0.017180101945996284
0.019164688885211945
0.019318802282214165
0.028441954404115677
0.02203911915421486
0.03049398586153984
0.021911900490522385
0.00908719003200531
0.019483499228954315
0.027555957436561584
0.017532991245388985
0.025120312348008156
0.021530546247959137
0.0145235825330019
0.027306880801916122
0.025537414476275444
0.01206802949309349
0.017185499891638756
0.015831338241696358
0.02254870906472206
0.022286316379904747
0.017304765060544014
0.016524367034435272
0.032993461936712265
0.014817283488810062
0.01714637130498886
0.01918419450521469
0.027945542708039284
0.02349468134343624
0.02334459125995636
0.011347650550305843
0.014420127496123314
0.02836032211780548
0.018424462527036667
0.01908383145928383
0.026676218956708908
0.013891150243580341
0.021448533982038498
0.0242399200797081
0.025131110101938248
0.017664896324276924
0.022577980533242226
0.015145602636039257
0.016824115067720413
0.03411414474248886
0.012779277749359608
0.02319221757352352
0.01969064585864544
0.009553419426083565
0.024271883070468903
0.030597515404224396
0.02304409071803093
0.022381292656064034
0.02724362351000309
0.024879885837435722
0.017351679503917694
0.013939392752945423
0.010149783454835415
0.014333058148622513
0.028163546696305275
0.019689761102199554
0.030340444296598434
0.018082255497574806
0.014390654861927032
0.03501319885253906
0.014960253611207008
0.024125592783093452
0.015097388066351414
0.02092062495648861
0.025761915370821953
0.012204916216433048
0.025898156687617302
0.02495582029223442
0.01420927606523037
0.015532631427049637
0.017978403717279434
0.013074906542897224
0.02510727569460869
0.014516585506498814
0.021801622584462166
0.021154195070266724
0.01821340247988701
0.01490691863000393
0.016476204618811607
0.028631601482629776
0.019648032262921333
0.016421178355813026
0.0219497662037611
0.013559311628341675
0.025479624047875404
0.01549836527556181
0.02669118158519268
0.02135534957051277
0.01920485310256481
0.014597917906939983
0.0227968730032444
0.024285167455673218
0.022257359698414803
0.024413548409938812
0.026154790073633194
0.019398795440793037
0.026868639513850212
0.023398995399475098
0.0212799571454525
0.024586524814367294
0.028239762410521507
0.02315615490078926
0.01685631275177002
0.011520331725478172
0.02303067408502102
0.02982713282108307
0.024032536894083023
0.016235152259469032
0.02626938745379448
0.013094209134578705
0.023986227810382843
0.02857605367898941
0.012764648534357548
0.025936849415302277
0.016069231554865837
0.008808286860585213
0.03468800708651543
0.010458125732839108
0.016780121251940727
0.025493690744042397
0.015279221348464489
0.01928812824189663
test_delta_mean_absolute_error
0.0701313242316246
0.042005155235528946
0.0465000756084919
0.046662040054798126
0.07111134380102158
0.054044876247644424
0.07422585040330887
0.05354022607207298
0.022279541939496994
0.04695358872413635
0.06766501814126968
0.04229068011045456
0.0612545907497406
0.05266937240958214
0.03529715538024902
0.06791333854198456
0.06301629543304443
0.029194410890340805
0.04174920544028282
0.038465142250061035
0.05463244393467903
0.05440427362918854
0.04181506112217903
0.04037812724709511
0.08284597843885422
0.03628738224506378
0.04145675525069237
0.04629308730363846
0.06910234689712524
0.058073244988918304
0.05729110166430473
0.0276446845382452
0.03486280515789986
0.07045435905456543
0.044591110199689865
0.047918181866407394
0.06604310125112534
0.03396853059530258
0.0523468442261219
0.05962473899126053
0.06210089102387428
0.04260389506816864
0.05506598949432373
0.03656619042158127
0.04104407876729965
0.08582597970962524
0.031045034527778625
0.056348152458667755
0.047898173332214355
0.023204637691378593
0.059369709342718124
0.07604169100522995
0.05748946964740753
0.054667290300130844
0.06792986392974854
0.06024809554219246
0.042018357664346695
0.033809058368206024
0.024458829313516617
0.034631699323654175
0.06962618231773376
0.04792531207203865
0.0761370062828064
0.04353196546435356
0.03490082547068596
0.08854234218597412
0.03606335073709488
0.059214841574430466
0.036657534539699554
0.05113228037953377
0.06345964968204498
0.02936811000108719
0.06451011449098587
0.06124928593635559
0.034562550485134125
0.037166744470596313
0.04336496815085411
0.0316077284514904
0.06164770945906639
0.035058747977018356
0.05307411774992943
0.051678694784641266
0.04395792633295059
0.036112140864133835
0.039865367114543915
0.070138119161129
0.0475444458425045
0.03977213054895401
0.05367165058851242
0.032466426491737366
0.06296893209218979
0.03697574511170387
0.06641384959220886
0.05162572115659714
0.046974293887615204
0.03533834218978882
0.0556248277425766
0.05947516858577728
0.05424867570400238
0.05957106128334999
0.06512798368930817
0.047157883644104004
0.06669412553310394
0.05743386968970299
0.05154578015208244
0.05965621769428253
0.06994856894016266
0.05661030113697052
0.04066218063235283
0.027939995750784874
0.05628189817070961
0.0740562379360199
0.059014178812503815
0.0388692244887352
0.06452547013759613
0.03191140294075012
0.058723337948322296
0.07058428227901459
0.031177623197436333
0.06527191400527954
0.03907990828156471
0.02150009013712406
0.08482099324464798
0.025337638333439827
0.04088829830288887
0.06242542713880539
0.0366806834936142
0.046328067779541016


================================================================================
=== delta network
train_time
7.107020200000001
6.910210299999996
7.360179700000003
6.854575199999999
6.789387300000001
6.702685299999985
7.292695000000009
6.763564300000013
7.126793600000013
7.01812910000001
8.15986049999998
7.297302500000001
8.153307200000029
6.9104127999999605
7.307415099999957
7.208641399999976
7.64022970000002
6.542360000000031
6.553696000000002
7.951192300000002
6.568057199999998
6.501131499999929
7.360455499999944
6.507331199999953
6.398295300000086
6.538641900000016
7.099334200000044
7.1547199999999975
7.0884655999999495
7.410454899999991
6.46571229999995
6.47762350000005
6.704180099999917
6.5050644000000375
7.229053399999998
6.630421500000011
6.62859370000001
6.540314400000057
6.44701299999997
6.576062900000011
7.258361000000036
4.119926700000065
6.461759000000029
6.749464699999862
6.60096539999995
6.6145040999999765
8.886609399999998
6.425569499999938
6.535448999999971
6.419759699999986
6.565578999999843
6.561386999999968
6.567610700000159
8.876765199999909
6.951078800000005
10.54299970000011
7.866801000000123
7.939575600000126
10.75639729999989
7.343933300000117
6.548368700000083
7.316298200000119
7.365650200000118
7.873065800000177
7.715104899999915
7.293004600000131
7.418502600000011
6.748306899999989
4.630147299999862
6.972329899999977
7.402162900000121
6.983833900000036
7.287650499999927
7.10975859999985
7.135310599999912
7.1223620000000665
6.587803400000212
6.566813499999853
6.578554700000041
6.598332000000028
6.588588999999956
7.570472599999903
6.9449798000000555
7.277794800000038
8.459650599999804
7.982674400000178
7.545458800000233
11.273089700000128
6.55130999999983
7.325985299999957
7.874209000000064
7.368316900000082
7.916264899999987
7.4278503000000455
7.937677699999767
10.98938010000029
11.91929429999982
8.714935499999683
11.673629099999744
7.0791942000000745
6.476878200000101
6.422088299999814
6.540608700000121
6.454272899999978
6.891928500000176
8.545229099999688
7.268779399999858
7.314303399999972
6.648332199999913
7.240567699999701
7.066225900000063
6.918808300000364
6.8403158999999505
8.270978000000014
8.248971399999846
6.608384399999977
6.647587000000385
6.453136900000118
6.542147399999976
7.32524310000008
7.347531599999911
9.497227400000156
7.298136800000066
6.773097199999938
7.372340299999905
7.956711899999846
7.685138400000142
10.018902499999967
test_delta_mean_squared_error
0.016338104382157326
0.017513765022158623
0.016433726996183395
0.016864383593201637
0.016752321273088455
0.015907112509012222
0.016053780913352966
0.016198085620999336
0.016389181837439537
0.015711380168795586
0.015437162481248379
0.016131974756717682
0.01722167804837227
0.016580674797296524
0.016896609216928482
0.0160385649651289
0.01678255759179592
0.016843236982822418
0.01613691635429859
0.01653863862156868
0.016410479322075844
0.01655319519340992
0.016169792041182518
0.017331818118691444
0.016409562900662422
0.015721473842859268
0.016972456127405167
0.016208196058869362
0.016086619347333908
0.016775626689195633
0.016294317319989204
0.014883015304803848
0.01706390455365181
0.016932113096117973
0.016480760648846626
0.015823189169168472
0.01553990039974451
0.015976199880242348
0.017178162932395935
0.016925418749451637
0.01635701395571232
0.01659802347421646
0.017329728230834007
0.01645302213728428
0.016391735523939133
0.015767792239785194
0.016142740845680237
0.01621863804757595
0.016592321917414665
0.016501225531101227
0.01654038392007351
0.016791975125670433
0.015963127836585045
0.017612287774682045
0.01763530820608139
0.016268474981188774
0.015747031196951866
0.016406310722231865
0.016300607472658157
0.016603875905275345
0.01623193733394146
0.016546359285712242
0.016122078523039818
0.01636631414294243
0.01638934575021267
0.017168648540973663
0.016571640968322754
0.016049757599830627
0.017535701394081116
0.017739569768309593
0.016530705615878105
0.015557664446532726
0.015767889097332954
0.01580037921667099
0.016723567619919777
0.01629214733839035
0.016657250002026558
0.016014503315091133
0.015901364386081696
0.016068998724222183
0.0175289586186409
0.01621486060321331
0.016237875446677208
0.016836553812026978
0.016219642013311386
0.017108704894781113
0.016530126333236694
0.016939586028456688
0.01633213460445404
0.016541533172130585
0.016019413247704506
0.017398463562130928
0.01612670160830021
0.01646401174366474
0.016523730009794235
0.01629543863236904
0.016815556213259697
0.016284946352243423
0.0160382017493248
0.016071904450654984
0.017056813463568687
0.01731392927467823
0.016656849533319473
0.017700254917144775
0.01665395125746727
0.01674346812069416
0.015542824752628803
0.016562290489673615
0.01579139567911625
0.01622578874230385
0.015488894656300545
0.016720835119485855
0.016723303124308586
0.017035212367773056
0.015669003129005432
0.016407934948801994
0.016030946746468544
0.016185959801077843
0.016811277717351913
0.01764027588069439
0.017369741573929787
0.01579010859131813
0.016470683738589287
0.016407515853643417
0.015949217602610588
0.01682255230844021
0.017079731449484825
0.017105644568800926
test_delta_mean_absolute_error
0.040329039096832275
0.043172381818294525
0.04061034321784973
0.04175175726413727
0.041348349303007126
0.03932004049420357
0.03983549028635025
0.040004972368478775
0.04057532921433449
0.0388261154294014
0.038173407316207886
0.039885014295578
0.04273645207285881
0.04099971801042557
0.041621025651693344
0.039662811905145645
0.0413990393280983
0.04167602211236954
0.039965301752090454
0.040853336453437805
0.040553610771894455
0.04090424254536629
0.04005797579884529
0.04278594255447388
0.04058465361595154
0.03891979902982712
0.04184894263744354
0.040065471082925797
0.039670102298259735
0.04153641685843468
0.04024062305688858
0.03694082796573639
0.0422232449054718
0.04187818616628647
0.04086848720908165
0.03914973512291908
0.03840433061122894
0.03941871598362923
0.04241683706641197
0.04183505102992058
0.04041576385498047
0.041160862892866135
0.04274353012442589
0.040641188621520996
0.04066614434123039
0.038915179669857025
0.03988547623157501
0.040090955793857574
0.04110610857605934
0.04082673415541649
0.04082344099879265
0.04151550680398941
0.03949412703514099
0.04358069971203804
0.04353994131088257
0.04033190757036209
0.03888300433754921
0.040590424090623856
0.04037253558635712
0.04091629385948181
0.04011785611510277
0.040971219539642334
0.039907462894916534
0.040452659130096436
0.04056735336780548
0.042445600032806396
0.04085617884993553
0.03969825804233551
0.04335908964276314
0.043859098106622696
0.04078945145010948
0.038436196744441986
0.03902328386902809
0.039036452770233154
0.04125169292092323
0.04025541618466377
0.041346706449985504
0.03944121301174164
0.03923524543642998
0.039635393768548965
0.04325756058096886
0.03995893895626068
0.04019434377551079
0.04163674637675285
0.040154460817575455
0.0422532819211483
0.04085949435830116
0.04180894047021866
0.040337223559617996
0.04099493473768234
0.039576128125190735
0.04304853826761246
0.03985169529914856
0.04061977192759514
0.04095347598195076
0.040325991809368134
0.04151896759867668
0.04026482254266739
0.039584141224622726
0.03987198323011398
0.04207995906472206
0.0428398996591568
0.04123471677303314
0.043470073491334915
0.041074808686971664
0.0414334200322628
0.038449328392744064
0.04090852290391922
0.039092522114515305
0.04017581790685654
0.038346681743860245
0.041304901242256165
0.0413491427898407
0.04221829026937485
0.03869003802537918
0.04064576327800751
0.039737675338983536
0.039733611047267914
0.041628047823905945
0.04347354546189308
0.043012622743844986
0.03909982740879059
0.040723446756601334
0.040516436100006104
0.039279837161302567
0.041559167206287384
0.04220009595155716
0.04236976057291031


