================================================================================
=== value network
train_time
2.5911675999999995
1.7498715999999988
8.292412900000002
1.5692175000000006
1.917071700000001
1.6546285000000012
2.135832300000004
2.190669700000001
6.838139099999992
4.70615149999999
4.547522999999998
7.383652099999992
2.162196499999993
5.476299999999981
4.4093732000000045
2.3070749999999975
1.7445948000000158
3.1846165999999982
1.8564330000000098
1.7628316999999925
2.1691616999999894
2.2181204999999977
10.887940500000013
2.523521399999993
2.494126699999981
2.0024787000000117
7.303635100000008
2.6649860999999646
2.2462950999999975
2.2567688999999973
3.540640699999983
1.8946561999999858
2.0541147999999794
3.6582387999999924
2.131824999999992
1.8830965999999876
2.0866565000000037
1.8566393000000403
1.5015679999999634
7.325222100000019
2.772357100000022
6.986955899999998
7.196499899999992
7.033249500000011
7.246527399999991
1.5863663000000088
7.128415500000017
2.9571834000000194
2.0845252999999957
2.4110589000000004
6.906853000000012
7.003107300000011
1.659917900000039
1.6163950000000114
4.3866742999999815
1.62402069999996
1.8706234999999651
2.4541004999999814
2.376548400000047
1.5985867999999073
2.48791719999997
1.5040705000000116
4.677301400000033
2.395881999999915
2.3833759000000327
3.2641538999999966
2.4310659000000214
2.1686857999999347
1.5865873999999849
7.1181481999999505
2.401634100000024
7.966280400000073
7.150918300000058
7.1857850999999755
7.558494600000017
4.570767899999964
4.188767800000051
2.4992944999999054
1.685920499999952
2.5583235000000286
3.6886462000001075
1.5223187999999936
9.461055299999998
1.8534869000000072
1.9034465000000864
1.707537699999989
1.9660114000000704
7.664209600000049
2.667721899999947
5.487656300000026
4.310005499999988
2.866430799999989
2.2716380000000527
2.156465799999978
1.7113903999999138
1.5819131000000652
2.0462276000000656
2.47489070000006
8.192491200000063
2.2467609000000266
2.7721418999999514
7.246306000000004
2.836084899999946
1.7924986000000445
1.6425295000000233
1.8521257999999534
1.7963883999999553
1.8111480000000029
3.060186700000031
4.625218199999949
2.3337922999999137
1.7615312999998878
1.5800140999999712
7.203455399999939
2.512993399999914
1.6142064999999093
1.5709544999999707
1.6651044000000184
2.160246700000016
7.272610900000018
2.6666377000001376
1.8994058000000678
2.007965600000034
2.44670270000006
1.7205988000000616
1.642480100000057
4.4739624999999705
1.8473238999999921
test_delta_mean_squared_error
0.07400137931108475
0.04079965874552727
0.03831132501363754
0.03350626304745674
0.06675184518098831
0.03332400321960449
0.06857068091630936
0.05643533542752266
0.040579333901405334
0.05471004545688629
0.05637102946639061
0.01849752478301525
0.04778806492686272
0.026524176821112633
0.028751887381076813
0.04279235750436783
0.05692121386528015
0.07279205322265625
0.09243565797805786
0.06561122089624405
0.04400278255343437
0.05904707685112953
0.03682348504662514
0.046357523649930954
0.03160059452056885
0.03981194272637367
0.0414130762219429
0.03371763974428177
0.06230412796139717
0.050428979098796844
0.05988433584570885
0.025190498679876328
0.03896385803818703
0.028092144057154655
0.046491291373968124
0.01613195799291134
0.04447726160287857
0.03426313027739525
0.03194800764322281
0.03401497006416321
0.047787271440029144
0.014911984093487263
0.03179793059825897
0.02976194955408573
0.039530783891677856
0.037578463554382324
0.02992524392902851
0.0480082742869854
0.0568569116294384
0.04614724963903427
0.05507500469684601
0.02855820022523403
0.04425020515918732
0.030758894979953766
0.03726432844996452
0.030544470995664597
0.03356350585818291
0.04942663013935089
0.08514861017465591
0.06490367650985718
0.053825605660676956
0.056314148008823395
0.052304957062006
0.0494251549243927
0.03263347968459129
0.07687627524137497
0.0469513013958931
0.031469959765672684
0.05484480410814285
0.031458497047424316
0.04144025221467018
0.030040103942155838
0.05478533357381821
0.02778821997344494
0.021385570988059044
0.04455328360199928
0.03371265158057213
0.0576462559401989
0.01887121982872486
0.04721935838460922
0.04291056841611862
0.046237897127866745
0.056088488548994064
0.04899424687027931
0.04629812762141228
0.03805898129940033
0.04747035354375839
0.04836490377783775
0.02646612375974655
0.031583648175001144
0.037031836807727814
0.04065823182463646
0.06713058799505234
0.04837051033973694
0.07345659285783768
0.0452287383377552
0.06593771278858185
0.021586667746305466
0.030784353613853455
0.05476458743214607
0.06254839152097702
0.03785363957285881
0.046611689031124115
0.025976618751883507
0.04392791911959648
0.023293638601899147
0.01696806773543358
0.05298212915658951
0.06187751144170761
0.03675002232193947
0.04763052240014076
0.05228639766573906
0.09187476336956024
0.030134499073028564
0.07208642363548279
0.05409427359700203
0.06178770214319229
0.03140513598918915
0.05830433964729309
0.03921239823102951
0.0379415862262249
0.06221182271838188
0.05376356095075607
0.03728300705552101
0.046371880918741226
0.03616589307785034
0.03498103469610214
0.038675881922245026
test_delta_mean_absolute_error
0.07400137931108475
0.04079965874552727
0.03831132873892784
0.03350626304745674
0.06675185263156891
0.03332400321960449
0.06857068091630936
0.05643533542752266
0.040579333901405334
0.05471004545688629
0.05637102946639061
0.01849752478301525
0.04778806492686272
0.026524176821112633
0.028751887381076813
0.04279235750436783
0.05692121386528015
0.07279205322265625
0.09243565797805786
0.06561122089624405
0.04400278255343437
0.05904707685112953
0.03682348504662514
0.046357523649930954
0.03160059452056885
0.03981194272637367
0.0414130799472332
0.03371763974428177
0.06230412796139717
0.050428979098796844
0.059884339570999146
0.025190498679876328
0.03896385803818703
0.028092145919799805
0.046491291373968124
0.01613195799291134
0.04447726160287857
0.03426313027739525
0.03194800764322281
0.03401497006416321
0.047787271440029144
0.014911984093487263
0.03179793059825897
0.02976194955408573
0.039530783891677856
0.037578463554382324
0.02992524392902851
0.0480082742869854
0.0568569116294384
0.04614725336432457
0.05507500469684601
0.02855820022523403
0.04425020515918732
0.030758894979953766
0.03726432844996452
0.030544470995664597
0.03356350585818291
0.04942663013935089
0.08514861017465591
0.06490367650985718
0.053825605660676956
0.056314148008823395
0.052304957062006
0.0494251549243927
0.03263347968459129
0.07687627524137497
0.0469513013958931
0.031469959765672684
0.05484480410814285
0.031458497047424316
0.04144025221467018
0.030040103942155838
0.05478533357381821
0.02778821997344494
0.021385570988059044
0.04455328360199928
0.03371265158057213
0.0576462559401989
0.01887121982872486
0.04721935838460922
0.04291056841611862
0.046237897127866745
0.056088488548994064
0.04899425059556961
0.04629812762141228
0.03805898129940033
0.04747035354375839
0.04836490377783775
0.0264661256223917
0.031583648175001144
0.037031836807727814
0.04065823182463646
0.06713058799505234
0.04837051406502724
0.07345659285783768
0.0452287383377552
0.06593771278858185
0.021586667746305466
0.030784353613853455
0.05476458743214607
0.06254839152097702
0.03785364329814911
0.04661169275641441
0.025976618751883507
0.04392791911959648
0.023293638601899147
0.01696806773543358
0.05298212915658951
0.06187751144170761
0.03675002232193947
0.04763052240014076
0.05228639766573906
0.09187476336956024
0.030134500935673714
0.07208642363548279
0.05409427732229233
0.06178770214319229
0.03140513598918915
0.05830433964729309
0.03921239823102951
0.0379415862262249
0.06221182271838188
0.05376356095075607
0.03728300705552101
0.046371880918741226
0.03616589307785034
0.03498103469610214
0.038675881922245026


================================================================================
=== twin network
train_time
3.4412470000000006
1.9700756000000013
2.0741623000000047
1.951455099999997
2.7376278999999997
8.367432299999997
2.383590099999992
2.588222299999998
2.5517657999999983
3.372720799999996
2.1024797000000035
1.8572198999999898
2.711641600000007
3.176024300000023
2.729416399999991
2.6525200000000098
2.1647885000000144
3.2370004999999935
8.265270300000026
2.1712287000000003
2.546691900000013
2.792122300000017
4.62499600000001
2.794158799999991
2.898723199999978
2.7189764999999966
3.8219028999999978
4.119951800000024
9.804139200000009
3.5632958000000485
6.036426799999958
2.2025957000000176
2.694300300000009
3.1693721000000323
8.335847600000022
1.9150121000000127
2.4176027999999974
6.2536216999999965
2.8091252000000395
3.680613200000039
1.9431255999999735
3.1807779000000096
2.357881700000007
2.1759905000000117
2.7845849999999928
2.2492781000000264
2.0498236999999904
2.78609449999999
1.9597699999999918
2.480305499999986
2.7727591000000302
2.2842787000000158
5.280888400000038
1.7334579999999278
2.3555474999999433
2.472660700000006
2.2379483000000846
2.691136599999936
2.637167399999953
2.0042856999999685
2.9721289000000297
3.4488850000000184
2.6691227000000026
2.434853099999941
1.994058300000006
8.754327800000056
3.4345524000000296
3.328302600000029
1.8419225000000097
8.365357100000097
2.9934961000000158
1.8756982999999536
8.517224599999963
4.9738874999999325
2.2187374999999747
2.705208299999981
2.324753600000008
2.660992999999962
2.320457000000033
2.7895619000000806
10.049080799999956
2.01667980000002
3.3659354999999778
2.8550235999999813
2.3449410000000626
2.1069817000000057
2.522956499999964
2.571758599999953
3.5718628000000763
6.768884699999944
2.251510600000074
3.0163879000000406
1.9173779000000195
1.871358799999939
2.2794812000000775
1.9649316999999655
2.495448699999997
2.8193145000000186
9.70632779999994
2.7948915000000625
2.5894069000000854
2.5425688000000264
2.332332299999962
2.185749900000019
3.400431200000071
2.522700699999973
2.2470411000000468
1.9050878999998986
2.1638619999999946
2.0179233999999724
8.567648400000053
2.291001999999935
9.333943599999884
1.8628758999998354
8.49489390000008
2.893486500000108
2.0208592999999837
2.594048599999951
2.596466599999985
2.0881915999998455
2.153144500000053
2.1117299999998522
2.540454400000044
2.931621899999982
2.075016499999947
2.1332658999999694
1.9315761999998813
2.2623373999999785
test_delta_mean_squared_error
0.030310004949569702
0.03245125710964203
0.01886446215212345
0.018395429477095604
0.0655343160033226
0.011243117041885853
0.07684347778558731
0.015388849191367626
0.028131673112511635
0.017459869384765625
0.043053168803453445
0.022451268509030342
0.04651921987533569
0.012386097572743893
0.05081896483898163
0.013576822355389595
0.021249352023005486
0.027314389124512672
0.004960703197866678
0.04761767014861107
0.07588131725788116
0.01929381676018238
0.030299942940473557
0.019840873777866364
0.04297100007534027
0.01945684477686882
0.03531574085354805
0.0277347844094038
0.008929346688091755
0.014123931527137756
0.012044467031955719
0.08294551074504852
0.01215642411261797
0.03171516954898834
0.012662687338888645
0.030687246471643448
0.1095239669084549
0.012006520293653011
0.012202611193060875
0.01651453599333763
0.055255088955163956
0.02029937319457531
0.02503707818686962
0.06448516249656677
0.06931808590888977
0.06642049551010132
0.038512855768203735
0.021336859092116356
0.02494390681385994
0.016754351556301117
0.013603342697024345
0.016957219690084457
0.011133556254208088
0.021786242723464966
0.038421690464019775
0.016832074150443077
0.03572216257452965
0.015561011619865894
0.021250445395708084
0.05567549914121628
0.02644321508705616
0.034716781228780746
0.015473193489015102
0.020900201052427292
0.01740073226392269
0.013034951873123646
0.06386276334524155
0.023175405338406563
0.025210337713360786
0.012573152780532837
0.03182894363999367
0.027913009747862816
0.014187533408403397
0.032635584473609924
0.01192840188741684
0.030940551310777664
0.025413615629076958
0.028900494799017906
0.0472695454955101
0.03609100729227066
0.010165528394281864
0.027369150891900063
0.021997788920998573
0.02767007239162922
0.01439202856272459
0.019372940063476562
0.09580761194229126
0.010922825895249844
0.03785267099738121
0.030152782797813416
0.04641462117433548
0.011370128951966763
0.043552517890930176
0.06395324319601059
0.044545628130435944
0.026304200291633606
0.0514693520963192
0.031021028757095337
0.01334105059504509
0.022910213097929955
0.015590550377964973
0.034258756786584854
0.015924664214253426
0.01383474376052618
0.06233979016542435
0.028317073360085487
0.010753554292023182
0.062493737787008286
0.018312158063054085
0.01254634652286768
0.005442355759441853
0.032821860164403915
0.018743110820651054
0.015172501094639301
0.009908781386911869
0.009839537553489208
0.045552801340818405
0.0304735004901886
0.018466683104634285
0.013679685071110725
0.006025921553373337
0.023136554285883904
0.02589813619852066
0.022629408165812492
0.01350593101233244
0.03295885771512985
0.04686509445309639
0.046735476702451706
test_delta_mean_absolute_error
0.03031000681221485
0.03245125710964203
0.01886446215212345
0.018395429477095604
0.0655343160033226
0.011243117041885853
0.07684347778558731
0.015388849191367626
0.028131674975156784
0.017459869384765625
0.043053168803453445
0.022451268509030342
0.04651921987533569
0.012386097572743893
0.05081896856427193
0.01357682328671217
0.021249352023005486
0.027314389124512672
0.0049607036635279655
0.04761767014861107
0.07588131725788116
0.01929381862282753
0.030299942940473557
0.019840873777866364
0.04297100007534027
0.01945684477686882
0.03531574085354805
0.0277347844094038
0.008929346688091755
0.014123931527137756
0.012044467031955719
0.08294551074504852
0.01215642411261797
0.03171516954898834
0.012662687338888645
0.030687248334288597
0.1095239669084549
0.012006520293653011
0.012202611193060875
0.01651453599333763
0.055255088955163956
0.02029937319457531
0.02503707818686962
0.06448516249656677
0.06931808590888977
0.06642049551010132
0.038512855768203735
0.021336859092116356
0.02494390681385994
0.016754351556301117
0.01360334362834692
0.016957221552729607
0.011133556254208088
0.021786242723464966
0.038421690464019775
0.016832074150443077
0.03572216257452965
0.015561011619865894
0.021250445395708084
0.05567549914121628
0.02644321508705616
0.034716781228780746
0.015473193489015102
0.020900201052427292
0.01740073226392269
0.013034951873123646
0.06386276334524155
0.023175405338406563
0.025210339576005936
0.012573152780532837
0.03182894363999367
0.027913009747862816
0.014187533408403397
0.032635584473609924
0.01192840188741684
0.030940551310777664
0.025413615629076958
0.028900496661663055
0.0472695454955101
0.03609100729227066
0.010165528394281864
0.027369150891900063
0.021997788920998573
0.02767007239162922
0.01439202856272459
0.019372940063476562
0.09580761194229126
0.010922825895249844
0.03785267099738121
0.030152782797813416
0.04641462117433548
0.011370128951966763
0.043552517890930176
0.06395324319601059
0.04454563185572624
0.026304200291633606
0.0514693520963192
0.031021028757095337
0.01334105059504509
0.022910213097929955
0.015590550377964973
0.034258756786584854
0.015924664214253426
0.01383474376052618
0.06233979016542435
0.028317073360085487
0.010753554292023182
0.062493737787008286
0.018312158063054085
0.01254634652286768
0.005442355759441853
0.032821860164403915
0.018743110820651054
0.015172501094639301
0.009908781386911869
0.009839537553489208
0.045552801340818405
0.0304735004901886
0.018466683104634285
0.013679685071110725
0.006025921553373337
0.023136554285883904
0.02589813619852066
0.022629408165812492
0.013505931943655014
0.03295885771512985
0.04686509445309639
0.046735476702451706


================================================================================
=== delta network
train_time
6.6051001
2.1988820999999987
1.4870649
1.5187574999999995
2.5409057999999973
1.4146674000000061
5.978985899999998
1.4348341000000033
2.0427911000000023
1.7860840999999965
1.4867603000000003
1.6913911000000041
1.9750737999999899
1.6063230000000033
1.4568000000000154
1.5349842999999908
1.4589912999999797
1.3208725000000072
1.7309260999999765
1.5777900999999872
1.4195554000000072
1.3523075000000233
2.605914499999983
2.1442815999999993
1.4063649999999939
1.3334846999999854
2.5255873999999494
1.5136617999999658
1.774105700000007
4.457525599999997
1.3229922000000442
1.3972172
1.982715399999961
2.5619125000000054
1.272595899999999
1.7727322000000072
1.3963145999999824
1.5760977999999568
1.6029217000000244
1.843854599999986
1.7254475999999954
1.4963013000000274
1.8918067999999835
1.783370600000012
1.2998307999999952
1.5344307999999955
1.7615109000000189
1.5383706999999731
1.9314284000000157
1.4079447999999957
1.4929374000000166
1.7338291000000368
1.4715932000000294
1.4967683999999508
1.4386350999999422
1.5169722000000547
1.4123509000000922
1.855869699999971
3.3377283999999463
1.436392899999987
1.6406559000000698
1.3770236000000295
1.7294938999999658
1.6826780999999755
1.8597636000000648
1.3762735999999904
2.3344194000000016
1.7322191000000657
1.5304976999999553
1.5143467999999984
1.586740299999974
1.9671930999999176
1.5005357000000004
3.0831752999999935
1.9338559999999916
1.6882082999999284
1.3107559999999694
1.8943201000000727
1.6153295999999955
1.3861205999999129
1.4650583999999753
1.7222477000000254
2.7306184000000258
2.4943444000000454
1.369097199999942
1.5612598000000162
1.367917499999976
1.847117199999957
5.263832199999911
2.3565733000000364
1.799474299999929
1.2887186000000384
1.5609023000000661
1.894721699999991
1.545026699999994
1.4136726000000408
1.30942129999994
1.5637222000000293
1.3670801999999185
1.3027227999999695
1.5986705000000256
1.4851704000000154
1.678127399999994
1.5836868999999751
1.4959777000000258
2.00601979999999
1.34955350000007
1.7661290000000918
1.502145599999949
1.3263332999999875
1.4169288000000506
1.4432742000001326
1.4303359000000455
1.4395079000000806
1.943664900000158
1.6513864000000922
1.6123898000000736
1.6469368000000486
1.4232972000002064
1.8638548999999784
1.2618499000000156
1.3352915999998913
1.7748401999999714
1.5613540999997895
1.4276048000001538
1.5995053999999982
1.395850499999824
1.5849241999999322
test_delta_mean_squared_error
0.005510668735951185
0.020980671048164368
0.02274888940155506
0.0462685264647007
0.012277306988835335
0.028995739296078682
0.00948484055697918
0.008927366696298122
0.008069366216659546
0.0155051089823246
0.035906095057725906
0.06840743869543076
0.029482336714863777
0.01385954674333334
0.03502770885825157
0.029491182416677475
0.08029640465974808
0.019920768216252327
0.014359771274030209
0.04775996878743172
0.02631293796002865
0.018531499430537224
0.03291989862918854
0.01277567446231842
0.01378373708575964
0.05024415999650955
0.01058251317590475
0.08683906495571136
0.013823488727211952
0.007710894104093313
0.019045870751142502
0.023718958720564842
0.008218532428145409
0.02662459760904312
0.007453728001564741
0.10876408219337463
0.013256060890853405
0.03635423257946968
0.057352785021066666
0.031728632748126984
0.009291508235037327
0.024508314207196236
0.02686248905956745
0.06677474081516266
0.021944940090179443
0.04084032028913498
0.028206268325448036
0.0525677353143692
0.05380593612790108
0.01036030426621437
0.042953550815582275
0.06364638358354568
0.057233069092035294
0.025337813422083855
0.02679390087723732
0.011079259216785431
0.03832467645406723
0.012974921613931656
0.02819201350212097
0.06442064791917801
0.02022664062678814
0.04779389500617981
0.11157200485467911
0.017212627455592155
0.04972844943404198
0.03413177281618118
0.0694073736667633
0.012327571399509907
0.08628953993320465
0.013012148439884186
0.052609801292419434
0.03638993576169014
0.05523635074496269
0.023288441821932793
0.03839491307735443
0.0760507732629776
0.06224949657917023
0.041495393961668015
0.03958318009972572
0.03096255101263523
0.02507934719324112
0.0071196965873241425
0.032007887959480286
0.019098807126283646
0.041930247098207474
0.07742659747600555
0.09976586699485779
0.015407071448862553
0.0406467542052269
0.07117965072393417
0.03751455247402191
0.02484634518623352
0.03430814668536186
0.010336514562368393
0.014315946958959103
0.02285546250641346
0.02835961990058422
0.05248970910906792
0.02123965509235859
0.04999880492687225
0.010720024816691875
0.03880101442337036
0.017914602532982826
0.007627879269421101
0.018560117110610008
0.016793962568044662
0.014021581038832664
0.04894585907459259
0.01474483497440815
0.016396572813391685
0.04719303175806999
0.1164378896355629
0.07035414129495621
0.021325217559933662
0.027064966037869453
0.09262359887361526
0.040219251066446304
0.07831447571516037
0.018767373636364937
0.03015008196234703
0.040016721934080124
0.009073425084352493
0.11189058423042297
0.020536374300718307
0.04052921012043953
0.03823988139629364
0.029597263783216476
0.06734972447156906
test_delta_mean_absolute_error
0.005510668735951185
0.020980671048164368
0.02274888940155506
0.0462685264647007
0.012277306988835335
0.028995739296078682
0.009484841488301754
0.008927366696298122
0.008069366216659546
0.0155051089823246
0.035906095057725906
0.06840743869543076
0.029482336714863777
0.01385954674333334
0.03502770885825157
0.029491184279322624
0.08029640465974808
0.019920768216252327
0.014359771274030209
0.047759972512722015
0.026312939822673798
0.018531499430537224
0.03291989862918854
0.01277567446231842
0.01378373708575964
0.05024415999650955
0.01058251317590475
0.08683907240629196
0.013823488727211952
0.007710894104093313
0.01904587261378765
0.023718958720564842
0.008218532428145409
0.02662459760904312
0.007453728001564741
0.10876408219337463
0.01325606182217598
0.03635423257946968
0.057352788746356964
0.031728632748126984
0.009291509166359901
0.024508314207196236
0.02686248905956745
0.06677474081516266
0.021944941952824593
0.04084032028913498
0.028206268325448036
0.0525677353143692
0.05380593612790108
0.01036030426621437
0.042953550815582275
0.06364638358354568
0.057233069092035294
0.025337813422083855
0.02679390087723732
0.011079259216785431
0.03832467645406723
0.01297492254525423
0.02819201350212097
0.06442064791917801
0.02022664062678814
0.04779389500617981
0.11157200485467911
0.017212629318237305
0.04972844943404198
0.03413177654147148
0.0694073736667633
0.012327571399509907
0.08628953993320465
0.013012148439884186
0.052609801292419434
0.03638993576169014
0.05523635074496269
0.023288441821932793
0.03839491307735443
0.0760507732629776
0.06224949657917023
0.04149539768695831
0.03958318009972572
0.03096255287528038
0.02507934719324112
0.0071196965873241425
0.032007887959480286
0.019098807126283646
0.041930247098207474
0.07742659747600555
0.09976586699485779
0.015407071448862553
0.0406467542052269
0.07117965817451477
0.03751455247402191
0.02484634518623352
0.03430814668536186
0.010336515493690968
0.014315947890281677
0.02285546250641346
0.02835961990058422
0.05248970910906792
0.02123965509235859
0.04999880492687225
0.010720024816691875
0.03880101442337036
0.017914604395627975
0.007627879269421101
0.018560117110610008
0.016793962568044662
0.014021581038832664
0.04894585907459259
0.01474483497440815
0.016396572813391685
0.04719303175806999
0.1164378896355629
0.07035414129495621
0.021325217559933662
0.027064966037869453
0.09262359887361526
0.040219251066446304
0.07831447571516037
0.018767373636364937
0.03015008382499218
0.04001672565937042
0.009073425084352493
0.11189058423042297
0.020536374300718307
0.04052921012043953
0.03823988139629364
0.029597265645861626
0.06734972447156906


