================================================================================
=== value network
train_time
7.423867799999998
7.6463848
7.4262377000000015
7.4856233
7.478637199999994
7.8085296
8.070249700000005
8.643728100000004
2.8663349999999923
8.691252800000001
7.70824859999999
7.532241100000022
7.908551400000022
7.965951099999984
4.650895200000036
7.469000900000026
8.065342500000042
7.553779599999984
8.658505099999957
7.798229400000025
7.518472400000007
7.46519870000003
7.6121859999999515
7.414886600000045
8.34856119999995
8.744676300000037
7.535631500000022
7.586538599999926
7.4784899
7.686294500000031
11.659549200000015
9.257968800000071
8.904507200000012
8.754668700000025
8.176901900000075
8.62029270000005
7.64742549999994
7.861971199999971
7.590645800000061
8.48908819999997
8.400756600000022
7.749786600000107
7.815085500000009
7.490629399999989
8.478076999999985
7.554197899999963
8.090892000000167
9.468874800000094
9.708363599999984
8.49923509999985
7.499130400000013
7.441548699999885
7.396488299999874
7.493494300000066
7.5122519999999895
7.470954699999993
7.568959899999982
7.437852800000201
7.885087399999975
7.343789400000105
7.536690800000088
7.649462500000027
7.4340290999998615
7.362988300000097
7.452957999999853
7.874926400000049
7.49594930000012
7.461271299999908
4.578025999999909
7.471760399999994
7.860176599999932
7.472621900000149
7.673586800000066
6.822016300000087
7.4959691999999905
7.399177499999951
7.501330199999984
7.422930999999835
7.417622100000017
5.026923899999929
7.461516000000074
7.5241208999998435
7.8357760000001235
2.104015799999843
7.425388600000133
7.598388999999997
8.544225000000097
7.358899800000017
7.477505400000155
7.519099399999959
7.41287900000043
7.367206399999759
7.430460699999912
7.333846100000301
7.377146000000266
7.522923900000023
7.453698899999836
7.390513900000315
7.397472300000118
7.4479159000002255
7.381906199999776
7.422527199999877
7.5381962000001295
7.488850200000343
8.157344000000194
4.635072800000216
10.733005699999921
7.669098600000325
7.780414199999996
8.932516599999872
8.912358200000199
8.333059499999763
9.535606300000381
9.096315299999787
6.158575299999939
8.174048599999878
8.019808199999716
10.625088199999936
7.9014007000000674
8.483164100000067
8.030180700000074
7.603214500000377
7.705715000000055
4.8280932000002394
7.691708500000004
9.921331400000327
9.30717279999999
8.026811700000053
test_delta_mean_squared_error
0.055639974772930145
0.05803459882736206
0.05758662894368172
0.053500618785619736
0.07096026092767715
0.047212354838848114
0.053145572543144226
0.06077980995178223
0.04500110447406769
0.05590803176164627
0.06109747290611267
0.05501110851764679
0.05751923471689224
0.06503673642873764
0.04706438630819321
0.05195962265133858
0.05986165255308151
0.04267110675573349
0.05124405026435852
0.05216049402952194
0.06477347761392593
0.05411217361688614
0.056543558835983276
0.04684341326355934
0.058583881705999374
0.05790046602487564
0.04820380359888077
0.057586006820201874
0.054421618580818176
0.05704435706138611
0.06054579094052315
0.0626487210392952
0.059938352555036545
0.06267135590314865
0.047378312796354294
0.044339653104543686
0.053677164018154144
0.05085244029760361
0.06944076716899872
0.04895003139972687
0.054917313158512115
0.05371695011854172
0.052565522491931915
0.057073526084423065
0.04433120787143707
0.04161268100142479
0.04904261976480484
0.052535682916641235
0.05666729435324669
0.06667135655879974
0.06968078017234802
0.055861666798591614
0.061676498502492905
0.04674948751926422
0.059981103986501694
0.053804002702236176
0.05178716033697128
0.05881045013666153
0.06246417388319969
0.057705752551555634
0.05008314549922943
0.05703144520521164
0.057256948202848434
0.05775041878223419
0.06233847886323929
0.04560783505439758
0.04982868209481239
0.04587910324335098
0.056331817060709
0.062343113124370575
0.05505754426121712
0.0669412687420845
0.052262645214796066
0.06583845615386963
0.0482342466711998
0.05890235677361488
0.06292741000652313
0.05618954449892044
0.060628339648246765
0.05090095475316048
0.08625084906816483
0.08655855804681778
0.051190268248319626
0.05560358986258507
0.052547965198755264
0.06217730790376663
0.05246838554739952
0.060954853892326355
0.05506398528814316
0.05649121478199959
0.06325485557317734
0.05870601534843445
0.06381931155920029
0.06193208321928978
0.08055495470762253
0.06581559777259827
0.04961208254098892
0.04986841604113579
0.054571978747844696
0.05639616400003433
0.05540512129664421
0.04223129525780678
0.0665544867515564
0.04649566486477852
0.06656063348054886
0.04525303840637207
0.0550839938223362
0.059480734169483185
0.061501383781433105
0.06155397370457649
0.04559839889407158
0.05843392014503479
0.05627821013331413
0.06476559489965439
0.06898952275514603
0.06243274360895157
0.05154312774538994
0.05138552933931351
0.05984744802117348
0.0717632845044136
0.048651497811079025
0.049475327134132385
0.05774950236082077
0.05467074736952782
0.06022407487034798
0.06608903408050537
0.056110162287950516
0.06257731467485428
test_delta_mean_absolute_error
0.12974698841571808
0.13516178727149963
0.13476914167404175
0.12448108941316605
0.16538839042186737
0.10858553647994995
0.12301062792539597
0.1426253765821457
0.10525257885456085
0.1301228553056717
0.14252325892448425
0.12828242778778076
0.13423310220241547
0.15179410576820374
0.10912509262561798
0.12049778550863266
0.13979242742061615
0.09883850067853928
0.11926309019327164
0.12166386097669601
0.15131980180740356
0.12581613659858704
0.1316390186548233
0.1087539866566658
0.13615790009498596
0.13492342829704285
0.11226024478673935
0.13514043390750885
0.12595108151435852
0.13085688650608063
0.14140711724758148
0.14614559710025787
0.1384081244468689
0.14531928300857544
0.10902643948793411
0.1026732474565506
0.1240229606628418
0.11802785098552704
0.1609714776277542
0.11348780989646912
0.12852723896503448
0.12655487656593323
0.12329466640949249
0.1329396516084671
0.10249017924070358
0.09725049883127213
0.11375827342271805
0.12248582392930984
0.13220639526844025
0.15564976632595062
0.16255423426628113
0.1288553923368454
0.14385181665420532
0.10839876532554626
0.14027753472328186
0.1251859962940216
0.12089423835277557
0.13677838444709778
0.14568565785884857
0.1342475712299347
0.1166360080242157
0.13241267204284668
0.13381700217723846
0.13449738919734955
0.14408740401268005
0.10458230972290039
0.1164630576968193
0.10734336823225021
0.13143831491470337
0.14538045227527618
0.12808506190776825
0.15674202144145966
0.12197194248437881
0.15341654419898987
0.11193708330392838
0.13662280142307281
0.14629770815372467
0.13086485862731934
0.14163827896118164
0.11903984844684601
0.20135706663131714
0.20203587412834167
0.11901354789733887
0.1322818249464035
0.12194495648145676
0.14480189979076385
0.12251585721969604
0.14317187666893005
0.1275489777326584
0.1316986232995987
0.1466144174337387
0.1365012526512146
0.14842206239700317
0.14405500888824463
0.18950363993644714
0.1529221385717392
0.11528381705284119
0.11570347845554352
0.12715759873390198
0.13185712695121765
0.12955406308174133
0.09801124036312103
0.1550261229276657
0.10736945271492004
0.1557151973247528
0.10523320734500885
0.12780803442001343
0.13771559298038483
0.1433505415916443
0.14111730456352234
0.10640592128038406
0.1360359638929367
0.13129281997680664
0.1502484381198883
0.1602136492729187
0.1450263112783432
0.1194029450416565
0.1191406324505806
0.14026102423667908
0.16724932193756104
0.11375635117292404
0.11405914276838303
0.13331134617328644
0.12828220427036285
0.1391272246837616
0.1541130691766739
0.12982015311717987
0.14562420547008514


================================================================================
=== twin network
train_time
9.641050799999999
2.2913257000000016
2.791162700000001
8.780576600000003
9.338808999999998
9.1497916
3.1335750000000075
12.162352499999997
10.518264200000004
9.796931
2.6936398999999938
9.081787299999974
8.78581429999997
2.5187113999999724
8.769441799999981
2.2565658999999982
9.081555299999991
9.424628699999971
9.796147899999994
9.473084699999959
2.874510999999984
8.721189699999968
9.111222100000077
11.364303599999971
2.235420299999987
10.113010799999984
9.368629399999918
9.31755540000006
9.807424900000001
11.38700760000006
6.443897200000038
10.63728470000001
12.281050800000003
10.078974899999935
2.731714000000011
8.978890200000023
2.5178639000000658
10.29667429999995
9.226284299999975
8.947270899999921
8.923189399999956
5.592999200000008
9.721123400000124
6.049308700000211
5.628900499999872
13.4331916000001
9.536310100000037
9.336411300000009
9.382344999999987
8.953531399999974
3.051980500000127
8.749106900000015
8.760077899999942
8.822991399999864
2.526673300000084
9.268271500000083
9.74992659999998
9.071185400000104
8.570799699999952
8.851338599999963
8.78871879999997
8.902980200000002
2.746843500000068
2.249677100000099
8.706054900000026
8.91373139999996
8.7801336
8.76479039999981
2.7839076000000205
2.6148613000000296
9.41238310000017
10.228854299999966
5.539280799999915
10.914788999999928
8.81966750000015
8.784749300000158
8.798068400000147
8.93300309999995
2.7661809000001085
2.4603468999998768
2.2251293000001624
9.110234499999933
2.961124800000107
2.4639634999998634
8.775437700000111
8.737243599999829
2.3420366000000286
8.983940399999938
8.748621100000037
8.765953900000113
8.855015099999946
8.823402299999998
8.934543200000007
8.987806499999806
2.4748481000001448
2.3161473999998634
8.836634100000083
8.80696620000026
2.9236328000001777
2.1435544000000846
8.955399200000102
8.828524699999889
8.759092999999666
9.35457499999984
8.868936400000166
3.385415499999908
9.413799500000096
2.553819199999907
9.95013549999976
10.56123099999968
9.427407700000003
5.59877970000025
24.0580973000001
10.051883199999793
2.9300817000003008
9.124215599999843
10.752750200000264
4.121881300000041
2.4117043999999623
9.584248900000148
2.824946899999759
10.949436200000036
2.585663000000295
8.903513000000203
2.251474999999573
8.916814000000159
9.567822500000148
9.593862799999897
test_delta_mean_squared_error
0.02035078965127468
0.024567866697907448
0.027279896661639214
0.018247565254569054
0.010590841062366962
0.02158358506858349
0.029157647863030434
0.015139095485210419
0.008680521510541439
0.01740974187850952
0.02642379328608513
0.01600128598511219
0.023453453555703163
0.024013401940464973
0.011977991089224815
0.03013078309595585
0.021586328744888306
0.011461532674729824
0.016626568511128426
0.013616196811199188
0.027814416214823723
0.022533508017659187
0.015565291978418827
0.016281304880976677
0.02803690731525421
0.01457102783024311
0.017353637143969536
0.01861005276441574
0.017245974391698837
0.018630940467119217
0.023347236216068268
0.012828512117266655
0.012914292514324188
0.02245543710887432
0.030363213270902634
0.010094277560710907
0.029065143316984177
0.014495308510959148
0.020346229895949364
0.022332338616251945
0.013682565651834011
0.018784739077091217
0.023508792743086815
0.010918917134404182
0.015565345995128155
0.02206244133412838
0.01279981154948473
0.021996784955263138
0.019149908795952797
0.008926172740757465
0.03172353655099869
0.024253273382782936
0.01379737164825201
0.022816473618149757
0.029221881181001663
0.0229499414563179
0.014932439662516117
0.012880922295153141
0.010222687385976315
0.012256762944161892
0.016907550394535065
0.014538293704390526
0.03078162856400013
0.02511618100106716
0.015200053341686726
0.01870175264775753
0.012880946509540081
0.014984882436692715
0.026959948241710663
0.030672801658511162
0.01827508583664894
0.010991384275257587
0.014899255707859993
0.02401023730635643
0.014913673512637615
0.013210919685661793
0.01405386533588171
0.013300972059369087
0.028196413069963455
0.0251859650015831
0.026369478553533554
0.022101841866970062
0.026664627715945244
0.02111251838505268
0.014315561391413212
0.019992349669337273
0.026107732206583023
0.01571636274456978
0.021378684788942337
0.011528457514941692
0.016779134050011635
0.015488971024751663
0.017728229984641075
0.01842883974313736
0.029149243608117104
0.02638205513358116
0.022740229964256287
0.017932014539837837
0.02708554081618786
0.033199675381183624
0.018113180994987488
0.017914166674017906
0.017877966165542603
0.022118600085377693
0.02041245996952057
0.03229812905192375
0.01616327092051506
0.032109927386045456
0.013083510100841522
0.012430649250745773
0.019398698583245277
0.029416978359222412
0.022887015715241432
0.012056897394359112
0.024882083758711815
0.012209545820951462
0.020261600613594055
0.02857230231165886
0.024980539456009865
0.017777396366000175
0.023352373391389847
0.009081770665943623
0.02821590006351471
0.008506407961249352
0.02354567125439644
0.01460031047463417
0.012950018048286438
0.014566637575626373
test_delta_mean_absolute_error
0.04668653756380081
0.056850507855415344
0.06373221427202225
0.04181528091430664
0.024562295526266098
0.04972340539097786
0.06822481006383896
0.034815266728401184
0.020155319944024086
0.03983383998274803
0.06214235723018646
0.03642198070883751
0.05373935401439667
0.05618707835674286
0.02777636982500553
0.07059888541698456
0.049384430050849915
0.02645757608115673
0.038358550518751144
0.031128691509366035
0.0661502480506897
0.05189601331949234
0.035243697464466095
0.03678116574883461
0.06522265076637268
0.03332899883389473
0.039868518710136414
0.04228130728006363
0.03926372900605202
0.04278045520186424
0.054595205932855606
0.029294725507497787
0.029368573799729347
0.0515698678791523
0.07168910652399063
0.023079313337802887
0.06850684434175491
0.033176641911268234
0.046974364668130875
0.051392801105976105
0.03158930316567421
0.04306892305612564
0.05424332991242409
0.025061748921871185
0.03555271774530411
0.05082667991518974
0.02947484888136387
0.050836849957704544
0.04421805962920189
0.020735085010528564
0.0743962898850441
0.055711906403303146
0.031218063086271286
0.05253327637910843
0.06852226704359055
0.05319272726774216
0.03413685783743858
0.02961484156548977
0.023329220712184906
0.027907030656933784
0.038416583091020584
0.03361830115318298
0.07193266600370407
0.05911048501729965
0.03489502891898155
0.04321425035595894
0.02924739196896553
0.03421029821038246
0.06233339384198189
0.07089956849813461
0.04209974408149719
0.025440266355872154
0.03426242619752884
0.0557636059820652
0.03414950519800186
0.03015950694680214
0.03250913321971893
0.030550304800271988
0.06639345735311508
0.058358632028102875
0.06183299049735069
0.05053706467151642
0.06224576383829117
0.04779018089175224
0.033050794154405594
0.045925892889499664
0.06092933192849159
0.03593267872929573
0.04887180030345917
0.026603948324918747
0.03799465671181679
0.035626739263534546
0.04065047204494476
0.042664784938097
0.06924726068973541
0.06230072304606438
0.052880965173244476
0.041328758001327515
0.06401510536670685
0.07842064648866653
0.041474599391222
0.041232261806726456
0.04097094386816025
0.05058465898036957
0.04694346338510513
0.07485699653625488
0.036792509257793427
0.07557374984025955
0.03012079745531082
0.028294691815972328
0.04459226876497269
0.06784982234239578
0.05299955606460571
0.02786031924188137
0.05847692862153053
0.02800450474023819
0.046793919056653976
0.06599602848291397
0.05828653648495674
0.04136034846305847
0.05404024198651314
0.02090633101761341
0.06661423295736313
0.01968531869351864
0.054784514009952545
0.03318430483341217
0.029789377003908157
0.033253513276576996


================================================================================
=== delta network
train_time
6.575386299999998
6.579245
6.362494300000009
6.524423300000009
6.414159599999991
6.7856062999999835
6.9687714000000085
7.289622099999974
7.372956700000003
6.670225899999991
7.914874699999984
6.479141400000003
6.336697399999991
6.4286261999999965
6.179542000000026
7.139240400000006
6.998006700000019
6.381988499999977
6.420421400000009
6.794224800000052
8.687461100000007
6.456974499999944
6.963393699999983
6.807963200000017
6.675822100000005
6.792474599999991
6.331481800000006
6.5267910999999685
6.881460199999992
9.463323500000001
7.671783600000026
7.09019760000001
8.288224300000024
6.873642399999994
6.6204559000000245
6.385512400000039
6.63534889999994
6.386965300000043
7.2156927000000906
7.303775100000053
6.596397199999956
6.808897600000023
7.990230699999984
6.558174000000008
6.504155500000024
8.285101899999972
7.146637099999907
7.842238700000053
7.162437400000044
6.281922500000064
6.281541399999924
6.337914300000193
6.475046300000031
6.363133800000014
6.423119399999905
7.614240800000061
6.442492599999923
7.92788500000006
8.592673600000126
6.347267800000054
6.217878599999949
6.384729500000049
6.228811700000051
6.531376200000068
6.234055300000136
6.346389200000203
6.267242000000124
6.320467199999939
6.3124204000000645
6.478649700000005
6.537663099999918
7.042327299999897
6.520968499999981
6.4323360000000775
6.461822600000005
6.3913285000001
6.2205644999999095
6.518509900000026
6.269040899999936
6.495513899999878
6.351390700000138
6.263124999999945
6.286927800000058
6.506509900000083
6.301728799999864
6.906151399999999
6.339312199999995
6.379924899999878
6.388783800000056
6.44210269999985
6.291446600000199
6.38972160000003
6.402143000000251
6.346525700000257
6.783007800000178
6.3971190999996
6.9633938999995735
6.519313499999953
6.55317070000001
8.392064399999981
6.292650899999899
6.427081499999986
6.3547379999999976
5.2378545999999915
6.522871500000292
8.935592799999995
6.55420150000009
6.663066699999945
7.236633799999709
8.41167170000017
6.566627200000312
8.552865199999815
6.813336799999888
7.505266699999993
7.065876300000127
6.511348800000178
8.592626999999993
7.081431000000066
6.595325199999934
6.563715199999933
6.933078300000034
6.6831616999998005
6.371805300000233
6.899764100000084
6.433729400000175
6.307953300000008
6.589891699999953
6.647884200000135
test_delta_mean_squared_error
0.01738070510327816
0.017076371237635612
0.016594311222434044
0.017264211550354958
0.015869321301579475
0.017784837633371353
0.01683073863387108
0.017541823908686638
0.016942935064435005
0.01633402332663536
0.017471125349402428
0.016838138923048973
0.017258772626519203
0.01685059256851673
0.01708197593688965
0.016055913642048836
0.0162863340228796
0.01704305224120617
0.016810480505228043
0.016165299341082573
0.01699497550725937
0.017843376845121384
0.016873221844434738
0.01719740405678749
0.016303176060318947
0.01723250187933445
0.017335006967186928
0.016423268243670464
0.017121994867920876
0.017904626205563545
0.0163973830640316
0.016262123361229897
0.01810777187347412
0.016786348074674606
0.016684651374816895
0.016904395073652267
0.016305871307849884
0.01598983444273472
0.017042020335793495
0.018074557185173035
0.017172155901789665
0.01685604453086853
0.017295634374022484
0.016415320336818695
0.01669299602508545
0.016585197299718857
0.01703176088631153
0.017262527719140053
0.01751662977039814
0.017012763768434525
0.017032044008374214
0.017325080931186676
0.016474895179271698
0.016855305060744286
0.01815681904554367
0.016745097935199738
0.017253149300813675
0.017692094668745995
0.016941891983151436
0.016964662820100784
0.01786116510629654
0.016553770750761032
0.017687635496258736
0.01677314192056656
0.01667189598083496
0.016348809003829956
0.016778698191046715
0.017402540892362595
0.01669466309249401
0.01812572218477726
0.017147894948720932
0.01689992845058441
0.018063457682728767
0.01670304872095585
0.017396830022335052
0.01860024593770504
0.017328975722193718
0.017223279923200607
0.01795399747788906
0.01785568706691265
0.01696382835507393
0.01720738597214222
0.017580054700374603
0.017673617228865623
0.01715238206088543
0.018276385962963104
0.01704968884587288
0.01745278388261795
0.016938580200076103
0.017158640548586845
0.016582656651735306
0.018260138109326363
0.01635587215423584
0.016897624358534813
0.01728086546063423
0.01646777242422104
0.016028793528676033
0.01840565726161003
0.01744428090751171
0.016822392120957375
0.017548942938447
0.016942128539085388
0.0166628360748291
0.017243247479200363
0.01617530919611454
0.016631344333291054
0.016209758818149567
0.01659473031759262
0.016095822677016258
0.01690863072872162
0.01714405231177807
0.01768379658460617
0.016698017716407776
0.016123652458190918
0.01639898307621479
0.017407361418008804
0.017638307064771652
0.01603599637746811
0.01825663447380066
0.016317084431648254
0.017002999782562256
0.016551818698644638
0.01673494465649128
0.016678372398018837
0.01707623526453972
0.01720653474330902
0.017958883196115494
0.017180457711219788
test_delta_mean_absolute_error
0.040734659880399704
0.04002561420202255
0.0388641282916069
0.04044623672962189
0.0371549054980278
0.0416388064622879
0.039392516016960144
0.04111127182841301
0.03970581665635109
0.03822747990489006
0.04097520932555199
0.03933258727192879
0.040340594947338104
0.039521750062704086
0.04003234580159187
0.03758805990219116
0.0381828211247921
0.03998637944459915
0.039231352508068085
0.037876930087804794
0.039789650589227676
0.04170912504196167
0.03954944387078285
0.04029855504631996
0.03830374404788017
0.04035477712750435
0.040578730404376984
0.038644012063741684
0.040064018219709396
0.04189744591712952
0.03840087726712227
0.03828544169664383
0.04223319888114929
0.0391240157186985
0.03907244652509689
0.039538078010082245
0.03810290992259979
0.03746384382247925
0.03993992879986763
0.04228769987821579
0.040207620710134506
0.039376381784677505
0.04058116674423218
0.03844153881072998
0.03927968814969063
0.038916464895009995
0.039727989584207535
0.0405072420835495
0.04105369746685028
0.03967750445008278
0.039899226278066635
0.04066479951143265
0.0385519377887249
0.03959890455007553
0.04258796200156212
0.03911106288433075
0.04056146368384361
0.04135200381278992
0.03978842869400978
0.03960568085312843
0.041903719305992126
0.0388597697019577
0.041440945118665695
0.039167311042547226
0.0391744002699852
0.038327887654304504
0.03936902806162834
0.04082933068275452
0.039134006947278976
0.042603880167007446
0.04016317427158356
0.03952180966734886
0.0424293652176857
0.039015620946884155
0.040686991065740585
0.0433117151260376
0.04064423218369484
0.040214333683252335
0.042059142142534256
0.04195287078619003
0.03970968723297119
0.04021461680531502
0.04122069478034973
0.04135600104928017
0.04018748551607132
0.04279348626732826
0.040085405111312866
0.04081810638308525
0.03971409425139427
0.04008014127612114
0.03884751722216606
0.042834460735321045
0.03834104910492897
0.03960337117314339
0.04038911312818527
0.03856103867292404
0.03750256448984146
0.04315431788563728
0.04094355180859566
0.039519067853689194
0.04105044901371002
0.03979504108428955
0.039127711206674576
0.04031462222337723
0.03792640194296837
0.038909509778022766
0.037925850600004196
0.03889155760407448
0.03782035410404205
0.039675984531641006
0.040178023278713226
0.041280508041381836
0.03917894884943962
0.03779173642396927
0.03834589570760727
0.040639135986566544
0.04145891219377518
0.03761778771877289
0.04282005503773689
0.03818312659859657
0.039871085435152054
0.03870286047458649
0.03941916674375534
0.03903951495885849
0.03982851281762123
0.04041089490056038
0.04186112433671951
0.04016479477286339


