================================================================================
=== value network
train_time
8.250593100000001
7.9994917
8.371183600000002
8.6697798
8.458671100000004
7.978338199999996
8.826005199999997
9.456840999999997
8.709376300000002
7.668898900000016
8.227259900000035
10.534633799999995
9.591425200000003
9.098983900000007
8.942888799999992
9.242246500000022
8.653924099999983
9.14753989999997
8.997750800000006
7.732402899999954
9.2352257
9.642148499999962
8.832694599999968
8.894795199999976
9.09108660000004
8.407944699999916
8.37157609999997
8.273883400000045
5.486138700000083
9.449395600000003
8.72804199999996
8.271007800000007
7.758393000000069
7.660089399999947
8.841408099999967
5.079128100000048
8.898463500000048
8.872290700000008
9.36297460000003
8.3851813
9.101356699999997
7.903539599999931
8.865156999999954
8.481972399999904
7.903697100000045
9.863153699999884
8.328908800000136
9.105966699999954
9.588106499999867
8.41779079999992
8.496690099999796
8.110346400000026
8.826307300000053
8.340721300000041
8.29401710000002
8.165448500000139
8.641975099999854
8.924292100000002
10.077671900000041
8.532245200000034
7.9477816000000985
8.263876499999924
7.626342900000054
8.092164799999864
8.797968699999956
9.226610900000196
8.741342300000042
8.508651500000042
9.55430380000007
8.100721700000122
8.280702899999824
7.504332299999987
7.7629971000001206
7.752754599999889
7.975530700000036
8.041760000000068
7.8571766999998545
9.69465009999999
4.618360399999801
8.421185800000103
8.457107199999882
8.846377200000006
9.479569999999967
2.4842703999997866
10.035370000000057
9.737139899999875
8.476288600000316
7.662250200000017
7.993865299999925
8.315385500000048
8.79505139999992
9.306971099999828
10.058508999999958
10.999248900000111
7.664475999999922
7.777476599999773
7.586788399999932
9.067884900000081
9.102026300000034
8.387422499999957
8.069252999999662
9.239318799999637
7.964147900000171
7.859013800000412
7.594830400000319
7.535199599999942
9.0523704000002
7.935364899999968
7.695082199999888
8.549785300000167
7.775063300000056
8.558285099999921
9.011284199999864
8.090298399999938
7.893237900000258
8.871866599999976
8.126639799999793
7.6674448000003395
8.90046859999984
9.123341399999845
7.603167200000371
7.627826399999776
7.861800399999993
7.635104599999977
7.982722000000194
8.635642599999755
5.3288431999999375
8.628359499999988
test_delta_mean_squared_error
0.06471392512321472
0.048122815787792206
0.06661668419837952
0.07460307329893112
0.07504748553037643
0.047635581344366074
0.06602998077869415
0.07026894390583038
0.06411571800708771
0.0707879588007927
0.06471236050128937
0.07367118448019028
0.060449570417404175
0.06093386188149452
0.07598469406366348
0.05033306032419205
0.05897234380245209
0.04869120195508003
0.06412095576524734
0.05646486207842827
0.05633540824055672
0.062205102294683456
0.06520134955644608
0.07337184995412827
0.05454524606466293
0.07454384863376617
0.05320155248045921
0.05134514346718788
0.05842079594731331
0.07281734049320221
0.05470755696296692
0.054390888661146164
0.07233564555644989
0.06416809558868408
0.06144676357507706
0.05815570801496506
0.04982342571020126
0.05723133310675621
0.07441660761833191
0.07508298009634018
0.05302031710743904
0.05830395966768265
0.05376207083463669
0.075406014919281
0.05528952553868294
0.05085906386375427
0.05066109448671341
0.05928845703601837
0.05625900253653526
0.06083429604768753
0.05818840116262436
0.06298615038394928
0.05790269374847412
0.052322693169116974
0.06965096294879913
0.06925991177558899
0.06825192272663116
0.07077523320913315
0.05585722252726555
0.07064195722341537
0.06102973222732544
0.07594310492277145
0.06513933837413788
0.0845576748251915
0.062378864735364914
0.05197100713849068
0.053075745701789856
0.072134830057621
0.05947519838809967
0.06406431645154953
0.08143667876720428
0.0594833642244339
0.0732124075293541
0.054151203483343124
0.0605948232114315
0.05274542421102524
0.05911855772137642
0.06123637408018112
0.0573701448738575
0.07506127655506134
0.06234582141041756
0.06434411555528641
0.08576792478561401
0.050593819469213486
0.05464755371212959
0.07040632516145706
0.06931211054325104
0.07670451700687408
0.06379488110542297
0.06074170023202896
0.06408392637968063
0.0648694783449173
0.050307173281908035
0.056215137243270874
0.059646692126989365
0.05675211176276207
0.0537535585463047
0.0707637295126915
0.05263861268758774
0.07006730884313583
0.07374858856201172
0.05973426252603531
0.061998575925827026
0.05576955899596214
0.06203826516866684
0.06628818809986115
0.061265964061021805
0.06503977626562119
0.06075387820601463
0.05383480340242386
0.06371583044528961
0.055544182658195496
0.06941800564527512
0.05466015636920929
0.07603421062231064
0.06065787002444267
0.0498029850423336
0.05865183845162392
0.06662649661302567
0.08274905383586884
0.05612858012318611
0.06826113909482956
0.06377267092466354
0.05535419285297394
0.06139996647834778
0.04894941672682762
0.045646119862794876
0.06538507342338562
test_delta_mean_absolute_error
0.16685861349105835
0.12448514252901077
0.1718408465385437
0.1931629627943039
0.19450215995311737
0.12354515492916107
0.16956104338169098
0.1820985972881317
0.16438162326812744
0.18335455656051636
0.16708220541477203
0.19104793667793274
0.15662187337875366
0.1576550006866455
0.1972251683473587
0.1296519637107849
0.1527644693851471
0.12620827555656433
0.165708526968956
0.14518199861049652
0.14590023458003998
0.16126881539821625
0.16934335231781006
0.18948319554328918
0.1411750167608261
0.19256041944026947
0.13782045245170593
0.13303425908088684
0.15175142884254456
0.18778030574321747
0.14155985414981842
0.1401529610157013
0.18705791234970093
0.16705870628356934
0.1585705429315567
0.15035557746887207
0.12899626791477203
0.14679734408855438
0.1930035650730133
0.1941552311182022
0.1372864991426468
0.1504831612110138
0.13888058066368103
0.19546841084957123
0.1431024670600891
0.13131211698055267
0.13059020042419434
0.1538722813129425
0.14588645100593567
0.15674224495887756
0.14977779984474182
0.16296249628067017
0.149358332157135
0.13467279076576233
0.18087302148342133
0.17969970405101776
0.1760881394147873
0.18257303535938263
0.1442764848470688
0.18181844055652618
0.15811818838119507
0.19630961120128632
0.1681976467370987
0.2198900729417801
0.16179239749908447
0.13403570652008057
0.136580228805542
0.1863803118467331
0.15295474231243134
0.1658695638179779
0.21220290660858154
0.15394829213619232
0.18939432501792908
0.1400528997182846
0.15644223988056183
0.13517911732196808
0.1529800146818161
0.1593705266714096
0.14881514012813568
0.19375577569007874
0.16178767383098602
0.16601768136024475
0.2222616970539093
0.1321023553609848
0.1404232382774353
0.18266524374485016
0.17891842126846313
0.197616845369339
0.16481491923332214
0.1573544144630432
0.1658962070941925
0.1678253412246704
0.1298132687807083
0.14571115374565125
0.15438206493854523
0.14621618390083313
0.13855178654193878
0.18316711485385895
0.13607367873191833
0.18085922300815582
0.1915426403284073
0.15445269644260406
0.1609368473291397
0.14435099065303802
0.15972673892974854
0.17059750854969025
0.15963110327720642
0.16916199028491974
0.15740446746349335
0.13880519568920135
0.16492803394794464
0.14414983987808228
0.1790989339351654
0.14086924493312836
0.196702778339386
0.15649113059043884
0.12830954790115356
0.15071344375610352
0.1736476868391037
0.21414564549922943
0.145651176571846
0.17547206580638885
0.16483905911445618
0.14310327172279358
0.15841498970985413
0.12660114467144012
0.11770318448543549
0.16867555677890778


================================================================================
=== twin network
train_time
2.454385900000002
2.6636780999999985
9.981037700000002
9.751218100000003
2.651236499999996
10.408055899999994
12.297835300000003
11.46293989999998
12.893724899999995
10.947742199999993
10.078446999999983
3.5042077999999606
3.229937800000016
9.810105000000021
10.204544499999997
3.0075831000000335
3.1278045999999904
9.474087399999974
8.944746199999997
2.909718899999973
9.692393700000025
10.700493400000028
3.031244000000015
3.2491979999999785
10.082945499999937
9.27569840000001
6.110114599999974
3.596377000000075
6.101843099999996
6.524841600000059
2.53146090000007
9.590728199999944
8.94214169999998
11.778927400000043
10.445562999999993
2.70557969999993
9.58907099999999
11.548344900000075
3.184818699999937
3.278660500000001
2.5949011000000155
9.117370299999948
3.081199100000049
9.332288699999935
10.707946300000003
11.424128800000062
2.916297499999928
9.916480899999897
3.5265022000000954
2.95975999999996
10.25143490000005
3.000948499999822
9.871186099999932
9.652925800000048
2.211216999999806
10.536963999999898
10.427677599999924
10.464364400000022
10.822289700000056
10.689855799999805
9.846067500000117
10.091392599999836
10.570184899999958
9.733109199999944
10.232901900000115
3.4477924000000257
9.221700499999997
2.813935700000002
2.7730765999999676
3.2942710999998326
9.571382500000027
8.978456600000072
9.352621799999952
5.075501499999973
9.1955367999999
8.765215400000216
10.098827300000039
10.394054900000128
11.103618300000107
10.288929600000074
3.2942195999999058
4.268187900000157
11.004038600000058
2.915980000000218
11.380853300000126
11.19327370000019
11.962145899999996
2.881029799999851
3.050050399999691
11.46827570000005
3.152205800000047
10.442981400000008
10.22224389999974
13.620845599999939
9.666618500000368
9.192261700000017
9.998083899999983
3.714685499999632
11.544337499999983
2.624690300000111
2.5252737999999226
2.54909809999981
6.048994799999946
9.596698700000161
9.288042499999847
2.767847999999958
2.5835006000002068
9.611997900000006
9.139221200000065
10.433967399999801
9.110424500000136
10.666840800000045
15.03523580000001
9.159839899999952
9.876045900000008
9.079875299999912
9.261926600000152
2.818800900000042
10.407539599999836
9.318146399999932
9.661993900000198
9.04440999999997
2.5956593999999313
9.18038630000001
8.86009809999996
10.86437160000014
6.2707642999998825
11.174727000000075
test_delta_mean_squared_error
0.02924712374806404
0.02411813847720623
0.020899100229144096
0.020858976989984512
0.027254732325673103
0.02113364450633526
0.019496727734804153
0.018208663910627365
0.00936204195022583
0.01567430980503559
0.018167320638895035
0.02774963527917862
0.028731320053339005
0.015323424711823463
0.015883678570389748
0.03010348044335842
0.028376564383506775
0.012992876581847668
0.017979852855205536
0.023510683327913284
0.022946227341890335
0.022340169176459312
0.02278319001197815
0.025252975523471832
0.023796455934643745
0.016448676586151123
0.016817735508084297
0.025713741779327393
0.018161872401833534
0.019585827365517616
0.03024311736226082
0.013267005793750286
0.012204389087855816
0.023025186732411385
0.01693284884095192
0.02306751348078251
0.021373212337493896
0.014479619450867176
0.02670588344335556
0.02740170620381832
0.02711629867553711
0.02123207040131092
0.030985428020358086
0.013928208500146866
0.01959417201578617
0.02560807392001152
0.0259181410074234
0.02201896719634533
0.02731935866177082
0.026838449761271477
0.023378897458314896
0.03647948056459427
0.016273465007543564
0.023554017767310143
0.025570610538125038
0.0245436392724514
0.019653134047985077
0.01601879484951496
0.009211096912622452
0.014978515915572643
0.022447172552347183
0.01843690685927868
0.0213928259909153
0.02019714005291462
0.0158062893897295
0.024487478658556938
0.011816740036010742
0.02354039065539837
0.02625337243080139
0.029933804646134377
0.02186771295964718
0.01178685948252678
0.018947333097457886
0.03039529360830784
0.015875816345214844
0.015055160969495773
0.016510827466845512
0.014030161313712597
0.02433130331337452
0.012291348539292812
0.02800215221941471
0.02935202792286873
0.019114045426249504
0.022580528631806374
0.016754336655139923
0.021500596776604652
0.020612798631191254
0.023243729025125504
0.030451420694589615
0.015403342433273792
0.023852119222283363
0.01802399381995201
0.01854691468179226
0.021115878596901894
0.022738531231880188
0.014820435084402561
0.02451963536441326
0.028091588988900185
0.022706473246216774
0.03182036802172661
0.025469614192843437
0.02659234218299389
0.016315337270498276
0.024348227307200432
0.024745291098952293
0.030193770304322243
0.02711154893040657
0.02492363192141056
0.01523066870868206
0.01260189525783062
0.022797245532274246
0.02292788401246071
0.02469000034034252
0.01809706911444664
0.017926305532455444
0.013509128242731094
0.018173575401306152
0.026626598089933395
0.018701249733567238
0.01751534268260002
0.01501648873090744
0.012519140727818012
0.02700013853609562
0.011851738207042217
0.01861502043902874
0.014629981480538845
0.015382427722215652
0.016427254304289818
test_delta_mean_absolute_error
0.07551591098308563
0.06147149205207825
0.053176235407590866
0.053232092410326004
0.07137593626976013
0.05363205820322037
0.04975103214383125
0.046564068645238876
0.024098610505461693
0.03984333202242851
0.046290814876556396
0.07162468880414963
0.07485532760620117
0.03866385295987129
0.0403435193002224
0.07815968990325928
0.07310545444488525
0.03288102522492409
0.04596222564578056
0.06128818169236183
0.05906619131565094
0.057403311133384705
0.05939062684774399
0.06378646939992905
0.06113237887620926
0.041923120617866516
0.042478010058403015
0.06560654193162918
0.0457976758480072
0.05021952465176582
0.07885223627090454
0.03340129554271698
0.03039363957941532
0.05905573442578316
0.04312407970428467
0.05883200839161873
0.05494159460067749
0.036728452891111374
0.07030946761369705
0.0706845372915268
0.06877759844064713
0.05460260808467865
0.08042244613170624
0.035144541412591934
0.050141748040914536
0.06573304533958435
0.06654432415962219
0.05647648870944977
0.07117914408445358
0.06964763253927231
0.05990506708621979
0.0932961106300354
0.04090017452836037
0.05986636132001877
0.06614271551370621
0.06290286779403687
0.04993090778589249
0.04071904718875885
0.023431798443198204
0.038018617779016495
0.05768413469195366
0.04702147841453552
0.054819658398628235
0.051755741238594055
0.04004618152976036
0.0631740391254425
0.02970377914607525
0.06121709942817688
0.0671226978302002
0.07877315580844879
0.056067951023578644
0.030244000256061554
0.04828442633152008
0.07797222584486008
0.040613867342472076
0.03834324702620506
0.042145662009716034
0.03540341183543205
0.06276985257863998
0.03151926025748253
0.07241357117891312
0.07671290636062622
0.04867881163954735
0.05848260223865509
0.04277103394269943
0.05522487685084343
0.05268999934196472
0.059873417019844055
0.0786161869764328
0.039030905812978745
0.060763806104660034
0.04594790190458298
0.04696067422628403
0.053674280643463135
0.05832128971815109
0.0371130146086216
0.06296287477016449
0.07270302623510361
0.058097898960113525
0.08025568723678589
0.06646271049976349
0.06909587979316711
0.041404370218515396
0.06265398859977722
0.06344139575958252
0.07872738689184189
0.0702168419957161
0.06422705948352814
0.038049258291721344
0.032199468463659286
0.05832735449075699
0.05896266549825668
0.06348307430744171
0.04598257318139076
0.04567452520132065
0.03400234505534172
0.046133335679769516
0.0693058893084526
0.047358594834804535
0.04457852244377136
0.03782355785369873
0.03199264407157898
0.07060467451810837
0.029858166351914406
0.0478692464530468
0.03716391697525978
0.03911228105425835
0.04122667759656906


================================================================================
=== delta network
train_time
7.354302700000002
7.2443977999999944
7.641178999999994
8.035629200000002
6.936146499999992
7.177817400000009
7.944792499999977
7.164054499999992
6.886619199999984
8.237149699999975
4.582765399999971
8.397946499999989
6.574893000000031
7.18652179999998
7.784826699999996
6.590782099999956
7.342933499999958
7.079770600000018
6.5429406000000085
7.499518899999998
9.463708500000052
7.857481100000086
7.869716400000016
8.153923299999974
7.788644800000043
7.421281799999974
7.188040399999977
7.594663999999966
7.158877000000075
7.325000199999977
7.2303406999999424
7.090822499999945
6.721523400000024
6.388865099999975
6.937228599999912
7.567936300000042
7.345058399999971
7.631355399999961
8.540959399999906
7.065364499999987
7.002385100000083
7.497594299999946
8.270335299999942
6.481645900000103
7.436093700000129
10.642281599999933
7.6708426000000145
7.452754099999993
7.722519899999952
7.177358099999992
6.722262300000011
7.050646599999936
8.073435000000018
6.940966599999911
5.252472800000078
7.434397499999932
7.2475485999998455
9.037972100000161
9.165367199999991
7.689965400000119
7.012580999999955
7.466625900000054
7.3082050999998955
7.842841200000066
8.079979099999946
11.793810300000132
6.681468400000085
7.999148099999957
6.70402880000006
9.044265799999948
6.746474300000045
8.259444200000189
7.152221000000054
7.533499600000141
6.588061200000084
6.926672900000085
9.469794399999955
6.460876699999972
7.293220000000019
8.375154399999929
7.252226399999927
8.973079899999902
7.708825100000013
7.735247600000093
7.427880899999764
8.426860999999917
7.1178093999997145
6.574289300000146
6.917568899999878
7.4349050999999236
7.767599999999675
7.643248100000164
7.693108800000118
7.359826200000043
6.637799499999801
6.688029400000232
6.588359999999739
6.769809200000054
7.828121999999894
7.202562299999954
7.502143799999885
6.723719200000232
8.061105100000077
6.640816900000118
6.575689700000112
6.472122300000137
6.955907299999581
6.576652899999772
6.432930099999794
7.2923798000001625
6.705613699999958
7.353335599999809
6.777942100000018
6.56657180000002
7.328929799999969
6.956797299999835
6.633259199999884
7.495223400000214
6.672161400000277
6.559800999999879
7.1652657999998155
7.317704900000081
6.96325220000017
6.579651699999886
6.730013400000189
7.594821200000297
7.710806999999932
8.330459400000109
test_delta_mean_squared_error
0.01568593457341194
0.01621340587735176
0.01583707518875599
0.01545529905706644
0.016331292688846588
0.015791041776537895
0.015301641076803207
0.016231007874011993
0.015644600614905357
0.015332412905991077
0.015655891969799995
0.016160055994987488
0.016085466369986534
0.01601153053343296
0.015995226800441742
0.015050315298140049
0.016947543248534203
0.015662584453821182
0.015739021822810173
0.015546668320894241
0.016170460730791092
0.015656525269150734
0.016255619004368782
0.01574820838868618
0.015652956441044807
0.015597952529788017
0.015296083875000477
0.015684248879551888
0.016180511564016342
0.01696678064763546
0.015181547962129116
0.01553959771990776
0.01553384866565466
0.016226263716816902
0.015824822708964348
0.016114529222249985
0.015815645456314087
0.015162748284637928
0.016350025311112404
0.016561778262257576
0.01621006801724434
0.01594431698322296
0.014973502606153488
0.01699681393802166
0.016521979123353958
0.017121529206633568
0.015023051761090755
0.016034258529543877
0.015796100720763206
0.015485020354390144
0.015636872500181198
0.015347245149314404
0.015582576394081116
0.016271768137812614
0.01711200550198555
0.015830611810088158
0.015894293785095215
0.016250353306531906
0.016675803810358047
0.016296185553073883
0.01602567918598652
0.016713304445147514
0.017527705058455467
0.015942994505167007
0.01509908027946949
0.01641249842941761
0.01565992832183838
0.016938799992203712
0.015972327440977097
0.016688043251633644
0.01586921326816082
0.01693255454301834
0.015864461660385132
0.015860004350543022
0.016558174043893814
0.015787817537784576
0.016444096341729164
0.016808781772851944
0.016546228900551796
0.016666457056999207
0.015984732657670975
0.015424187295138836
0.016541175544261932
0.017034806311130524
0.015319365076720715
0.01649436727166176
0.015988226979970932
0.016764162108302116
0.01618923991918564
0.015558090060949326
0.015640422701835632
0.016649365425109863
0.016877397894859314
0.015927795320749283
0.015638411045074463
0.016396213322877884
0.01571381650865078
0.015286975540220737
0.015376689843833447
0.015973228961229324
0.016824735328555107
0.01672128215432167
0.015199840068817139
0.016461290419101715
0.01535965409129858
0.016337832435965538
0.015697594732046127
0.01572655513882637
0.015565349720418453
0.01661466620862484
0.01621897891163826
0.01604250632226467
0.016147790476679802
0.015113739296793938
0.01625111699104309
0.015166716650128365
0.015693236142396927
0.015802649781107903
0.01679234765470028
0.016492126509547234
0.016209647059440613
0.01586531288921833
0.015365690924227238
0.015854204073548317
0.015498104505240917
0.016761669889092445
0.015031017363071442
0.015508691780269146
test_delta_mean_absolute_error
0.040650978684425354
0.0420057587325573
0.0411049947142601
0.04013022780418396
0.04253315180540085
0.041034530848264694
0.03956970199942589
0.04216795787215233
0.04066682234406471
0.03985559940338135
0.04065962880849838
0.04204239323735237
0.041692741215229034
0.0415605865418911
0.04144420102238655
0.03918273001909256
0.04388049989938736
0.040694382041692734
0.040790997445583344
0.040382396429777145
0.04192986711859703
0.040687765926122665
0.042184557765722275
0.04088900238275528
0.040759216994047165
0.040503524243831635
0.03965473547577858
0.040686558932065964
0.041985299438238144
0.04402070492506027
0.0394040048122406
0.04033481329679489
0.040248703211545944
0.04201105982065201
0.04116335138678551
0.041885532438755035
0.04100789129734039
0.03943370655179024
0.04242123290896416
0.04305408149957657
0.04210871458053589
0.04142267629504204
0.038922954350709915
0.04401928186416626
0.04294924437999725
0.044064078480005264
0.0389958992600441
0.04150930792093277
0.040996991097927094
0.04003714397549629
0.040557194501161575
0.03991246968507767
0.0403158999979496
0.04230169206857681
0.04449755325913429
0.041154082864522934
0.0413036122918129
0.042151227593421936
0.043177925050258636
0.04224441200494766
0.041709963232278824
0.0434175543487072
0.045294322073459625
0.04142018407583237
0.03921150416135788
0.04262039437890053
0.040584973990917206
0.04400095343589783
0.04144087806344032
0.04340111091732979
0.04119223728775978
0.04380752518773079
0.04119246453046799
0.04112807288765907
0.042864833027124405
0.04100896418094635
0.042741578072309494
0.04367804527282715
0.04302184656262398
0.043168697506189346
0.04147055745124817
0.04014289379119873
0.04286201670765877
0.04430297389626503
0.03979189321398735
0.042786259204149246
0.041483573615550995
0.04354160651564598
0.042078740894794464
0.04034574702382088
0.04059891030192375
0.043229639530181885
0.04376258701086044
0.04118795692920685
0.04057237505912781
0.04253807291388512
0.04083016514778137
0.03968074545264244
0.04000859707593918
0.041468702256679535
0.043747708201408386
0.043357670307159424
0.03953050822019577
0.04264826327562332
0.03978908434510231
0.04247259721159935
0.04068724438548088
0.040796756744384766
0.04029734805226326
0.04324336722493172
0.04200936108827591
0.0416480116546154
0.041804444044828415
0.03921157494187355
0.04223858565092087
0.039335452020168304
0.04075246304273605
0.04098541662096977
0.04357998073101044
0.04289801046252251
0.04204225912690163
0.04107724875211716
0.039958175271749496
0.04115015268325806
0.04009459912776947
0.043298475444316864
0.03900605067610741
0.040146443992853165


