================================================================================
=== value network
train_time
7.5634526
7.240626800000001
7.228225999999999
7.329107399999998
7.121822199999997
7.228797100000008
7.570100300000007
7.816005799999999
7.192531500000001
7.417340899999999
7.380154699999991
7.517085599999973
7.409699700000033
7.8315809999999715
7.258812300000045
7.3794039
7.387596599999995
7.267455700000028
7.432839099999967
7.096523700000034
7.436032599999976
7.3516725000000065
7.325394800000026
7.345346600000084
7.217195299999958
7.300118399999974
7.430583800000022
6.557519399999933
7.261002800000028
7.468960000000038
7.472307000000001
7.393228900000054
7.34789909999995
7.194988100000046
7.320272100000011
1.9950208000000202
8.167202699999962
7.387087399999928
7.261819199999991
7.273557700000083
7.262521800000059
7.214893899999993
7.343559499999969
7.1847433000000365
2.1635105999998814
7.667019399999845
7.3404835999999705
5.884518000000071
7.611179700000093
7.261224900000116
7.311558800000057
7.3077725999999075
7.792825900000025
7.087349399999994
5.433735600000091
7.407127400000036
7.243221099999801
7.342694700000038
7.254198899999892
7.199443799999926
7.2821100000001024
7.364938299999949
7.339736199999834
8.945648800000072
7.332023900000195
7.421475300000111
7.1690046999999595
7.50320940000006
7.275623500000165
7.389688700000079
7.293425599999864
2.261882200000173
7.311639100000093
7.323326100000031
7.2682508999998845
7.198588199999904
7.3129864
7.24076910000008
7.24936189999994
6.208832900000061
7.47293969999987
7.310961799999859
7.40574370000013
6.275325500000008
7.477687500000002
7.438595299999861
7.5424061000001075
7.245725999999877
7.117249899999933
7.803069199999982
8.11374509999996
7.0905916000001525
7.1995075999998335
7.294986100000187
7.16081099999974
7.4095932999998695
7.318192699999599
7.2354724000001625
3.5102029999998194
7.432053200000155
7.379194199999802
7.148114999999962
5.4432802000001175
7.674489499999709
7.222187500000018
7.433411299999989
8.17919269999993
7.331770799999958
7.2335572000001775
2.298237599999993
7.2347539999996116
2.0624375000002146
7.322884300000169
7.075854200000322
7.23646830000007
5.591472500000236
7.204727600000297
4.6867795999996815
7.383255899999767
7.304132899999786
4.644764699999996
7.322990300000129
7.25539549999985
7.216616199999862
7.413950600000135
7.243751099999827
7.264441499999975
7.349992100000236
test_delta_mean_squared_error
0.02427983283996582
0.022880971431732178
0.02523273229598999
0.021968267858028412
0.024732699617743492
0.02089708298444748
0.027970489114522934
0.02137015573680401
0.022912194952368736
0.029315419495105743
0.021919259801506996
0.02615351416170597
0.018626289442181587
0.0247561763972044
0.022678421810269356
0.02783338539302349
0.025471245869994164
0.025400927290320396
0.026030903682112694
0.023027846589684486
0.02693631500005722
0.02149890922009945
0.024008162319660187
0.024410923942923546
0.026074402034282684
0.027752377092838287
0.02225717157125473
0.028772713616490364
0.02474202774465084
0.023627566173672676
0.026181332767009735
0.024195492267608643
0.022461991757154465
0.02461223118007183
0.023936444893479347
0.018588107079267502
0.02318386361002922
0.026782995089888573
0.021929539740085602
0.02327960543334484
0.02495703659951687
0.028126077726483345
0.025603674352169037
0.025108568370342255
0.02367996983230114
0.026006629690527916
0.026745397597551346
0.0260695181787014
0.02386956289410591
0.029027536511421204
0.020017951726913452
0.027673982083797455
0.023852022364735603
0.024011464789509773
0.01925066113471985
0.031276192516088486
0.027535943314433098
0.022027645260095596
0.019786158576607704
0.021361131221055984
0.024060849100351334
0.02551259845495224
0.02156500332057476
0.028888478875160217
0.025056442245841026
0.026884347200393677
0.025518886744976044
0.023589393123984337
0.022075239568948746
0.019970953464508057
0.02392008528113365
0.02792510762810707
0.02491539902985096
0.02716207131743431
0.02566947042942047
0.019046979025006294
0.026452334597706795
0.025949006900191307
0.02246648073196411
0.023799536749720573
0.025153249502182007
0.02332659624516964
0.022351955994963646
0.020173223689198494
0.02207503281533718
0.019715506583452225
0.026077333837747574
0.019242215901613235
0.020862918347120285
0.02505483292043209
0.02297973446547985
0.021570784971117973
0.027331406250596046
0.03127165511250496
0.023170888423919678
0.020529283210635185
0.029301006346940994
0.025087011978030205
0.02462315745651722
0.02713453769683838
0.025421490892767906
0.022302992641925812
0.027728404849767685
0.023243745788931847
0.026320746168494225
0.025846121832728386
0.024438776075839996
0.02453044429421425
0.0315653458237648
0.024625256657600403
0.02368984930217266
0.02337718941271305
0.02429281547665596
0.027894707396626472
0.024380318820476532
0.02094702422618866
0.021631821990013123
0.02988172136247158
0.025037020444869995
0.023719631135463715
0.025106405839323997
0.026607081294059753
0.025997910648584366
0.02256651408970356
0.021203771233558655
0.023376038298010826
0.02636268362402916
0.025060301646590233
test_delta_mean_absolute_error
0.045819614082574844
0.04253123700618744
0.046889182180166245
0.0408165380358696
0.04608633741736412
0.0387151837348938
0.05224747955799103
0.039458129554986954
0.0425526462495327
0.05557366460561752
0.04114559292793274
0.04849417880177498
0.03508441150188446
0.04588445648550987
0.04230901598930359
0.052571892738342285
0.04710092768073082
0.04711843654513359
0.04890787973999977
0.04251304268836975
0.05065389722585678
0.040039874613285065
0.04442726448178291
0.045524172484874725
0.048031456768512726
0.0519128181040287
0.04109018296003342
0.053643859922885895
0.04586287960410118
0.04362490028142929
0.04828466847538948
0.045178815722465515
0.04236984997987747
0.045036256313323975
0.0438978411257267
0.03604255989193916
0.04206283763051033
0.04872952401638031
0.0405527763068676
0.04335855692625046
0.04655590280890465
0.05188184604048729
0.0473189577460289
0.046203795820474625
0.04534086957573891
0.04858333617448807
0.05078177526593208
0.04924529418349266
0.04484955593943596
0.05477915331721306
0.03733885660767555
0.05131258815526962
0.045131005346775055
0.04460715875029564
0.03610094636678696
0.05760284140706062
0.0510575994849205
0.04164079949259758
0.036867834627628326
0.0394858717918396
0.044466666877269745
0.04768821597099304
0.03905213996767998
0.053228143602609634
0.04610475152730942
0.05056474730372429
0.048137418925762177
0.043549202382564545
0.04129709675908089
0.037985797971487045
0.04387066885828972
0.053517621010541916
0.04691284894943237
0.0505792610347271
0.047660987824201584
0.03556906804442406
0.04934397339820862
0.048665568232536316
0.04158691316843033
0.044312331825494766
0.04671706631779671
0.0429099015891552
0.0415491946041584
0.037714846432209015
0.04147158935666084
0.036779265850782394
0.04786193370819092
0.035725925117731094
0.039043426513671875
0.047065820544958115
0.04274287447333336
0.040432993322610855
0.05063193663954735
0.057746026664972305
0.04286229982972145
0.03852793574333191
0.05528810992836952
0.04686412587761879
0.04622558131814003
0.05052665248513222
0.04752037674188614
0.04188486188650131
0.05249401926994324
0.04376795515418053
0.04869365319609642
0.04869580641388893
0.045042842626571655
0.04536070302128792
0.058882784098386765
0.047392599284648895
0.04386025294661522
0.04512009397149086
0.045319560915231705
0.05239935964345932
0.04541083797812462
0.03846236318349838
0.03993365541100502
0.056412387639284134
0.045463453978300095
0.043922584503889084
0.04690714552998543
0.050549618899822235
0.04864981397986412
0.04162493720650673
0.039606716483831406
0.04320622235536575
0.049550995230674744
0.046272486448287964


================================================================================
=== twin network
train_time
8.2839799
8.374204499999998
8.677083699999997
8.72590360000001
8.552666900000006
5.588404500000024
8.875891299999978
8.524064399999986
8.490058699999992
10.289209299999982
5.871563899999984
8.600312099999996
7.765784100000019
8.542154499999981
8.509831200000008
8.370609899999977
8.513088200000027
9.044233099999985
8.587603999999999
7.999810299999979
8.66836410000002
5.394668200000012
9.605682099999967
8.559239899999966
8.69298219999996
8.455904099999998
8.718560799999977
8.418801899999949
6.004895300000044
9.344912499999964
8.401797500000043
8.490128199999958
8.536915099999987
8.524498900000026
8.458172699999977
8.818283500000007
8.601441499999964
9.434300599999915
8.401042500000017
8.581838800000014
8.391216899999904
8.44427410000003
8.51807389999999
8.52415259999998
6.032571699999835
8.398575299999948
8.443604099999902
5.258360399999901
8.385934499999848
10.974588100000119
7.313893999999891
8.289594800000032
8.421716900000092
6.005231499999809
8.402906599999824
8.684223499999916
5.482023600000048
6.32715589999998
8.472140200000013
8.61906840000006
6.4691614000000754
8.43061640000019
8.412828600000012
8.608583700000054
8.792787699999963
8.452466100000038
9.00607429999991
5.379705600000079
6.974319400000013
8.398501800000076
2.6717669000001933
8.505348899999944
8.88134889999992
10.561907499999961
5.758191200000056
6.155873299999939
8.530993500000022
6.226964199999884
8.477070499999854
7.445189300000038
8.736853299999893
8.72393820000002
8.733497899999975
8.566058999999996
5.852992000000086
8.68532059999984
8.542642999999998
8.503985100000136
5.484000500000093
7.5986799000002065
9.870623199999955
8.53248450000001
8.621849999999995
8.724400900000091
8.627506799999992
8.428650899999866
8.49162810000007
8.54402489999984
8.56888489999983
8.638960700000098
8.511421000000155
8.550227799999902
5.478533299999981
10.384080699999686
8.767184499999985
7.203027799999745
6.222731599999861
8.0500334999997
8.630679800000053
8.4931131000003
5.80655969999998
5.455964900000254
9.353360000000066
5.882092400000147
8.615434300000288
8.974471300000005
8.555452099999911
10.349473299999772
5.538014500000372
8.743665500000134
8.658010300000115
8.535105399999793
8.632985100000042
6.1787756000003355
8.578345700000227
8.47319460000017
8.447241600000325
5.495902099999967
test_delta_mean_squared_error
0.016629820689558983
0.0145242465659976
0.014795023947954178
0.015018215402960777
0.014635233208537102
0.0169548187404871
0.015721779316663742
0.013616698794066906
0.015427617356181145
0.016552502289414406
0.015902729704976082
0.014736965298652649
0.015818588435649872
0.012938907369971275
0.01589185558259487
0.018962649628520012
0.020447704941034317
0.01346935797482729
0.017969878390431404
0.013113023713231087
0.018568987026810646
0.01579834707081318
0.011844749562442303
0.016708040609955788
0.016657855361700058
0.01378156803548336
0.016052836552262306
0.015193674713373184
0.015642179176211357
0.017250128090381622
0.018281348049640656
0.01562618650496006
0.014010527171194553
0.01570790633559227
0.015993790701031685
0.014204909093677998
0.016909340396523476
0.012483899481594563
0.01527825091034174
0.017565356567502022
0.016939613968133926
0.016447601839900017
0.018156524747610092
0.014108406379818916
0.013150549493730068
0.019943663850426674
0.014434670098125935
0.01706705242395401
0.014332810416817665
0.016998108476400375
0.015166708268225193
0.017253166064620018
0.014482283964753151
0.018270278349518776
0.015192225575447083
0.022635405883193016
0.01582879200577736
0.01447843573987484
0.013018001802265644
0.011684554629027843
0.015262940898537636
0.015234817750751972
0.015203709714114666
0.014119824394583702
0.015639062970876694
0.01752508617937565
0.014671752229332924
0.011639652773737907
0.0154503732919693
0.01677871309220791
0.02237987518310547
0.014622155576944351
0.014058620668947697
0.021065419539809227
0.013725330121815205
0.013670681975781918
0.014851425774395466
0.014333712868392467
0.01619306020438671
0.015234186314046383
0.017549175769090652
0.016826704144477844
0.015960723161697388
0.01267991866916418
0.015633851289749146
0.0164163950830698
0.01694398745894432
0.013522395864129066
0.015193462371826172
0.016856731846928596
0.012558992020785809
0.01359168067574501
0.01660309173166752
0.017690978944301605
0.017697369679808617
0.014541436918079853
0.022388136014342308
0.017419913783669472
0.017879091203212738
0.01886933110654354
0.01648484356701374
0.018211565911769867
0.016236387193202972
0.0193035826086998
0.019724519923329353
0.018115218728780746
0.015785297378897667
0.016788482666015625
0.01687220111489296
0.01604403927922249
0.01851443015038967
0.014551910571753979
0.019637424498796463
0.016114182770252228
0.01580062508583069
0.012189566157758236
0.0160084031522274
0.021962082013487816
0.017330538481473923
0.013811534270644188
0.015638701617717743
0.015663033351302147
0.02028249017894268
0.01419136207550764
0.01588425785303116
0.013871699571609497
0.01557273231446743
0.013191643171012402
test_delta_mean_absolute_error
0.03092087246477604
0.027089251205325127
0.02769939973950386
0.02779041975736618
0.02736375480890274
0.03156204894185066
0.029077088460326195
0.025670437142252922
0.028898214921355247
0.030839568004012108
0.029795389622449875
0.02762632444500923
0.02954600192606449
0.02429216355085373
0.029771696776151657
0.035430122166872025
0.03823486343026161
0.02511792629957199
0.03350824490189552
0.024517269805073738
0.034820158034563065
0.029478585347533226
0.02217996120452881
0.031463321298360825
0.031003255397081375
0.025816170498728752
0.029820403084158897
0.028591271489858627
0.029671410098671913
0.03252258524298668
0.034263890236616135
0.029268836602568626
0.026191608980298042
0.02923676371574402
0.02990405447781086
0.026252111420035362
0.03131825476884842
0.02342471480369568
0.028587674722075462
0.032668616622686386
0.03186694160103798
0.0304410383105278
0.03362978622317314
0.026359165087342262
0.024263227358460426
0.03721913695335388
0.026927944272756577
0.03177493065595627
0.026987353339791298
0.031986504793167114
0.02853071689605713
0.03196972236037254
0.026660244911909103
0.034112729132175446
0.028232943266630173
0.04209115356206894
0.029572831466794014
0.02739013358950615
0.02400650642812252
0.02168956771492958
0.028199218213558197
0.02842823602259159
0.02860320918262005
0.02621142566204071
0.029492931440472603
0.032666098326444626
0.027351802214980125
0.021879946812987328
0.029002327471971512
0.03139898553490639
0.04225868359208107
0.027148695662617683
0.026381945237517357
0.03913018852472305
0.02530229650437832
0.02533870004117489
0.02796507626771927
0.02662978321313858
0.029525117948651314
0.028239648789167404
0.03301335871219635
0.031579773873090744
0.02987557277083397
0.023956283926963806
0.029310747981071472
0.030965177342295647
0.03174791485071182
0.025310318917036057
0.02852744795382023
0.031617652624845505
0.023591220378875732
0.02554490976035595
0.030928488820791245
0.0328591912984848
0.033236730843782425
0.027418840676546097
0.04230979084968567
0.032662954181432724
0.03304746747016907
0.03564361855387688
0.03086288459599018
0.03389713540673256
0.03030373901128769
0.036431554704904556
0.036910612136125565
0.03378581628203392
0.029571175575256348
0.03108781762421131
0.0310406181961298
0.02992403879761696
0.0342966690659523
0.027121197432279587
0.036727018654346466
0.030010370537638664
0.02995406463742256
0.022671883925795555
0.02997053600847721
0.041149478405714035
0.03226771950721741
0.026009639725089073
0.029650628566741943
0.02938373200595379
0.03797217085957527
0.026712264865636826
0.02981644868850708
0.025846609845757484
0.028829023241996765
0.024673117324709892


================================================================================
=== delta network
train_time
6.823409599999998
6.0780955999999975
6.266728999999998
6.33909899999999
4.820019500000001
6.784026399999988
7.033195500000005
5.333136499999995
6.365724599999993
6.6196079999999995
5.609937000000002
7.159639099999993
6.905795799999964
6.4482944999999745
6.216295899999977
6.309724500000016
6.286106000000018
6.221248800000012
6.129333599999995
6.534680100000003
6.131574299999954
6.224958900000047
7.479804800000011
7.114519900000005
6.132097799999997
6.209335099999976
4.578432399999997
4.0834965999999895
6.143328300000007
6.0268557000000555
4.754911600000014
6.20310290000009
6.8529333999999835
6.229627600000072
6.711190800000054
6.816387799999916
3.958053300000074
5.405336899999952
6.308510200000001
6.297456600000032
6.040947800000026
6.5395082
4.985985400000004
6.079179500000009
5.430663200000026
6.495515699999942
6.231374599999981
6.048449299999902
6.460414199999832
6.507213299999876
4.956838600000083
4.539354699999876
6.226742599999852
6.332403000000113
6.488098000000036
6.189381799999865
6.287124500000118
6.415925600000037
7.0091187999998965
4.567467000000079
6.186875200000031
6.302526299999954
6.423142800000051
7.136818700000049
6.579073400000198
6.26226859999997
6.511015900000075
6.272111500000165
4.39671229999999
6.070310399999926
6.403084199999967
6.305969000000005
6.202213000000029
6.210192300000017
4.4129235000000335
6.429525499999954
8.105086000000028
6.290118500000062
4.824763699999949
4.8249773000000005
5.032379400000082
6.145348000000013
6.138839199999893
6.236248199999864
6.2267854000001535
6.212796499999968
6.044593999999961
6.340132199999971
4.030426199999965
6.169387299999926
6.1401214000002255
4.984951500000079
6.198491200000262
5.090784699999858
6.354855099999895
6.326062499999807
6.513276300000143
6.307046399999763
6.091993899999579
6.5880050000000665
6.58954360000007
7.076167700000042
6.166235800000322
6.656465000000026
4.974994700000025
4.107518599999821
6.240877400000045
6.120041000000128
6.661312900000212
6.350819000000229
6.32159989999991
4.0513262999998005
6.147521399999732
6.235762799999975
4.099018899999919
6.3210094999999455
6.1555819999998675
6.35234169999967
6.182049300000017
6.323233800000253
6.1324297000001025
4.293761100000211
4.449836999999661
6.555483399999957
4.937844999999925
6.379011199999695
6.046062999999776
4.241557700000158
test_delta_mean_squared_error
0.01887718215584755
0.019197611138224602
0.019832801073789597
0.01689697802066803
0.017057815566658974
0.018693270161747932
0.019815634936094284
0.016764402389526367
0.021683886647224426
0.021260235458612442
0.017397992312908173
0.01683643087744713
0.01817193627357483
0.01972811110317707
0.020230304449796677
0.019968435168266296
0.016968054696917534
0.019700905308127403
0.02091311477124691
0.01705801673233509
0.020642217248678207
0.0178055576980114
0.01924051344394684
0.020263636484742165
0.019432954490184784
0.01962583139538765
0.018173815682530403
0.01917087659239769
0.018902014940977097
0.016286978498101234
0.017333034425973892
0.021128378808498383
0.01923369988799095
0.016233284026384354
0.018821636214852333
0.017890475690364838
0.01872709020972252
0.01864968240261078
0.017339741811156273
0.018195075914263725
0.02012108452618122
0.02009052038192749
0.019544947892427444
0.017012180760502815
0.01622544787824154
0.018896037712693214
0.022484229877591133
0.01948278397321701
0.01916775107383728
0.021712904796004295
0.018524276092648506
0.018798185512423515
0.01941891945898533
0.019338812679052353
0.01903429999947548
0.02145935222506523
0.018580300733447075
0.01643606834113598
0.018018467351794243
0.018320133909583092
0.018184030428528786
0.018704639747738838
0.016675328835844994
0.018760263919830322
0.018781786784529686
0.017454450950026512
0.019286591559648514
0.01813124120235443
0.015335703268647194
0.01845128834247589
0.016823889687657356
0.019331853836774826
0.018717646598815918
0.019552819430828094
0.016574500128626823
0.016050320118665695
0.017535308375954628
0.02068636380136013
0.017286665737628937
0.019811253994703293
0.019277654588222504
0.016520369797945023
0.020166553556919098
0.01577392779290676
0.017804482951760292
0.017669301480054855
0.019982077181339264
0.015758300200104713
0.017408574000000954
0.019903089851140976
0.0185419749468565
0.016755733639001846
0.022523438557982445
0.02196865901350975
0.01828872784972191
0.016072476282715797
0.02245189994573593
0.019550291821360588
0.01993422955274582
0.020379601046442986
0.018725665286183357
0.017374075949192047
0.020881958305835724
0.0180260818451643
0.01782975159585476
0.021243425086140633
0.019104372709989548
0.020957326516509056
0.020105786621570587
0.01830429956316948
0.01796906627714634
0.017530810087919235
0.017929043620824814
0.021573441103100777
0.01740863174200058
0.01782185025513172
0.018223518505692482
0.019647587090730667
0.019004471600055695
0.017043594270944595
0.020508473739027977
0.02123970352113247
0.01739724911749363
0.020161299034953117
0.018062151968479156
0.019146831706166267
0.020165039226412773
0.01974506676197052
test_delta_mean_absolute_error
0.03542618826031685
0.03598426654934883
0.03735678642988205
0.0315435566008091
0.03178134188055992
0.03548547625541687
0.03685737028717995
0.031064949929714203
0.040575433522462845
0.03997961804270744
0.03263455256819725
0.03089098632335663
0.03392525389790535
0.03662331402301788
0.03743259981274605
0.03713514283299446
0.03146563097834587
0.03633197769522667
0.0387098528444767
0.03129492700099945
0.0384833849966526
0.03303893655538559
0.03606613352894783
0.037697598338127136
0.036268725991249084
0.03627021983265877
0.033514101058244705
0.03581691160798073
0.035026371479034424
0.029978802427649498
0.03238344565033913
0.039953142404556274
0.03558700531721115
0.0302424356341362
0.03501217067241669
0.03313745930790901
0.03424596041440964
0.03459809720516205
0.0325053334236145
0.03411133959889412
0.03748970106244087
0.03685804829001427
0.036602746695280075
0.031908370554447174
0.030209971591830254
0.03539450466632843
0.04235425218939781
0.036258865147829056
0.036039650440216064
0.040723975747823715
0.03446374833583832
0.03486642614006996
0.035786330699920654
0.03584293648600578
0.035455815494060516
0.03965381160378456
0.03433673828840256
0.031069830060005188
0.03410929813981056
0.03452882915735245
0.03395233675837517
0.034777890890836716
0.030993005260825157
0.03493737429380417
0.03514057397842407
0.03240857645869255
0.03555939719080925
0.03384975716471672
0.028656169772148132
0.03436865657567978
0.03113568015396595
0.035575754940509796
0.034699369221925735
0.03617275878787041
0.030900739133358
0.030249090865254402
0.03270281106233597
0.03868819400668144
0.03250889852643013
0.036632318049669266
0.03598049655556679
0.031017230823636055
0.03745635971426964
0.029243228957057
0.03330348804593086
0.03309938684105873
0.03759178891777992
0.029350247234106064
0.03262495994567871
0.037321511656045914
0.03488507866859436
0.031599365174770355
0.04182661697268486
0.04086316004395485
0.033936627209186554
0.029927536845207214
0.041737549006938934
0.035934168845415115
0.03733629360795021
0.03807482495903969
0.03426899015903473
0.03233177214860916
0.03905670717358589
0.033771660178899765
0.032922085374593735
0.03931247442960739
0.03587184473872185
0.03962763398885727
0.03753216192126274
0.034221429377794266
0.033326406031847
0.032854143530130386
0.03312477469444275
0.040259987115859985
0.03283928334712982
0.03317330405116081
0.03375547006726265
0.03671315312385559
0.035823460668325424
0.031712695956230164
0.03800012916326523
0.03944813460111618
0.03205813094973564
0.037459101527929306
0.03377511724829674
0.03525407239794731
0.03784802928566933
0.03687375783920288


