================================================================================
=== value network
train_time
2.4568808000000004
8.466533700000003
8.607954300000003
8.8230049
8.518743400000005
8.497536300000007
8.466473799999989
8.59801060000001
8.664754999999985
2.2761316000000136
2.7617397999999866
2.281707900000015
8.641429700000003
2.6755052999999975
8.588906299999962
8.519322999999986
2.596913900000004
8.677444700000024
8.509105499999976
8.515372599999978
3.9023280000000113
1.9561524999999165
7.455723400000011
7.397513899999922
4.679062400000021
2.030766099999937
7.390654700000027
7.632526600000006
9.425589400000035
3.586488000000031
9.193610199999966
8.190937400000053
8.474420399999985
11.522496899999965
10.205042700000035
8.739946900000064
8.878445600000077
7.520535699999982
7.808520599999952
8.401506499999982
7.940020000000004
5.40539949999993
9.121564099999887
2.535967000000028
7.540538900000001
5.45338199999992
7.8587982000001375
9.574095299999954
8.235808199999838
7.821840300000076
8.511681599999974
2.782890099999804
2.3301071999999294
2.5631292999999005
6.32534540000006
2.7050208999999086
5.410978099999966
8.85671840000009
8.874663599999849
8.214513300000135
8.024474499999997
7.672679500000186
7.434792900000048
7.6477385000000595
7.833794500000067
7.81278999999995
7.782557600000018
6.431285499999831
8.300787000000128
7.587784400000146
7.417032599999857
8.343527300000005
7.587759199999937
2.29417310000008
7.77581999999984
4.778453399999989
7.285907299999963
7.324276899999859
7.428165800000215
2.243522299999995
7.415350999999873
2.4275619000000006
7.473798000000215
2.1603596999998445
2.2636781999999585
7.3324402999999165
2.685889700000189
9.332044700000097
8.468842400000085
7.983516000000236
8.01340620000019
9.146167500000047
10.146230600000308
9.967907100000048
7.893113800000265
7.623572500000137
8.509687600000234
7.702892999999676
7.458303200000046
7.488911899999948
10.797376600000007
7.903357899999719
2.722421399999803
7.753325800000312
7.889698800000133
8.87040960000013
7.807563300000311
8.207636299999649
7.722525200000291
7.433748599999944
7.388142300000254
7.428224099999625
2.6178052999998727
7.265571999999793
4.547574599999734
7.3384117000000515
7.501684800000021
7.574674800000139
7.29189980000001
4.6604043999996065
7.391780699999799
7.60798079999995
7.405950699999721
2.0053745000000163
7.497113399999762
2.308026300000165
2.5373553000003994
2.4444533999999294
test_delta_mean_squared_error
0.04014251008629799
0.04395664110779762
0.05296669155359268
0.05737820267677307
0.038100436329841614
0.05205555260181427
0.04670257493853569
0.052508074790239334
0.03853682428598404
0.04550774022936821
0.04190349578857422
0.04723367467522621
0.043532684445381165
0.050294600427150726
0.05330691114068031
0.051548659801483154
0.052087780088186264
0.05459006130695343
0.04398060590028763
0.04637415334582329
0.05589738115668297
0.038563381880521774
0.03832128271460533
0.05585804954171181
0.04374999180436134
0.047141872346401215
0.05580815672874451
0.052259739488363266
0.04975930228829384
0.04493778198957443
0.052470993250608444
0.06142234057188034
0.04635060578584671
0.06942351162433624
0.04424217715859413
0.03819908946752548
0.040851254016160965
0.05267864465713501
0.06282246857881546
0.05769030749797821
0.05056586489081383
0.044286198914051056
0.042168695479631424
0.044501546770334244
0.04419894888997078
0.03796382248401642
0.04514096677303314
0.04640056937932968
0.05365775525569916
0.04690507426857948
0.03659137710928917
0.04070696234703064
0.04729103669524193
0.038468360900878906
0.05807535722851753
0.05224531888961792
0.04371422156691551
0.03826337307691574
0.051906466484069824
0.04795777052640915
0.0458279624581337
0.052418094128370285
0.047726016491651535
0.04953239858150482
0.060742609202861786
0.04395981878042221
0.04385042563080788
0.06032570078969002
0.05461684986948967
0.04031966254115105
0.04597901552915573
0.0559321790933609
0.04401799291372299
0.055119313299655914
0.04340199753642082
0.053069110959768295
0.053275931626558304
0.046611759811639786
0.05040884390473366
0.04494781047105789
0.041303012520074844
0.0462922640144825
0.04843798652291298
0.040765151381492615
0.04087631404399872
0.0484522245824337
0.053233664482831955
0.04494822770357132
0.04971829429268837
0.05397365614771843
0.04322889447212219
0.06286744028329849
0.047105032950639725
0.04427651688456535
0.051755744963884354
0.045184869319200516
0.05169907957315445
0.0442817360162735
0.05311506614089012
0.04631770774722099
0.05814739689230919
0.04539572820067406
0.04867797717452049
0.050151288509368896
0.060867153108119965
0.03503699600696564
0.039454732090234756
0.05287954583764076
0.048378683626651764
0.040897928178310394
0.044293615967035294
0.04272529110312462
0.04737308993935585
0.05294257029891014
0.04647606611251831
0.053226955235004425
0.03412042185664177
0.05052562057971954
0.0450308583676815
0.05721614509820938
0.039520516991615295
0.04392699897289276
0.04374627768993378
0.05115005001425743
0.050612643361091614
0.043117232620716095
0.04388080909848213
0.04937759414315224
test_delta_mean_absolute_error
0.07668323069810867
0.08311949670314789
0.10038314014673233
0.10808778554201126
0.07071360945701599
0.0978107899427414
0.08707323670387268
0.09867428243160248
0.07262720912694931
0.08618304133415222
0.07979084551334381
0.090445376932621
0.08250509202480316
0.09238880127668381
0.09936834126710892
0.09788668155670166
0.09853843599557877
0.10217301547527313
0.08161741495132446
0.0886058360338211
0.10401250422000885
0.07530760020017624
0.07246522605419159
0.10393525660037994
0.0819777101278305
0.08938585221767426
0.10499035567045212
0.09855224937200546
0.09331048280000687
0.08557465672492981
0.09769217669963837
0.11604249477386475
0.08678700029850006
0.13130348920822144
0.08255239576101303
0.07169123739004135
0.0769154503941536
0.09948893636465073
0.11806846410036087
0.10905443876981735
0.09420673549175262
0.08279604464769363
0.07867627590894699
0.08359701931476593
0.08244405686855316
0.07129055261611938
0.08339986950159073
0.08726756274700165
0.10191391408443451
0.08865658938884735
0.07004670798778534
0.07641547918319702
0.08954276889562607
0.07428958266973495
0.1087200865149498
0.10068821907043457
0.08089112490415573
0.07193681597709656
0.09753131121397018
0.08935857564210892
0.08650073409080505
0.09940022230148315
0.08927268534898758
0.09330631047487259
0.11601995676755905
0.08262128382921219
0.08196086436510086
0.11394983530044556
0.10195855051279068
0.07590851187705994
0.08580353856086731
0.10377930849790573
0.08276738226413727
0.10234230011701584
0.08174542337656021
0.10079453140497208
0.09976518899202347
0.08798601478338242
0.094352588057518
0.08362586051225662
0.07701684534549713
0.08800303936004639
0.09027183800935745
0.07752440869808197
0.07864382117986679
0.09198413789272308
0.10066698491573334
0.08432735502719879
0.09404928982257843
0.10052440315485
0.08070765435695648
0.11911910027265549
0.08879807591438293
0.08288697153329849
0.09651016443967819
0.08273528516292572
0.09752906113862991
0.08212113380432129
0.09825816750526428
0.08749283105134964
0.10963360220193863
0.08555485308170319
0.09228049963712692
0.09317956119775772
0.1152353435754776
0.06614342331886292
0.07242722809314728
0.09760602563619614
0.09062232822179794
0.0760727971792221
0.08436586707830429
0.08009875565767288
0.08862564712762833
0.099741131067276
0.08742058277130127
0.09826382994651794
0.06358148157596588
0.09568436443805695
0.08444288372993469
0.10849224776029587
0.07453041523694992
0.08302368223667145
0.08194471895694733
0.09893234074115753
0.094821996986866
0.08112295717000961
0.08279398828744888
0.09271354228258133


================================================================================
=== twin network
train_time
9.4739859
10.011705599999999
10.061071100000007
9.856656799999996
10.054845099999994
3.5035727000000065
10.39581149999998
9.921089499999994
10.249814100000009
10.275768400000004
9.933135700000037
10.127348499999982
9.831376200000022
2.722923699999967
10.07577470000001
10.586467900000002
3.292661600000031
10.536927000000048
10.040533799999992
10.798979999999972
11.334780899999998
8.727346600000033
9.095422699999972
8.764681600000017
5.510644599999978
5.592739400000028
8.965301999999951
8.642185599999948
12.071713599999953
19.42239649999999
9.31122879999998
11.628878400000076
9.79879189999997
11.032790099999943
13.988613699999974
12.211497899999927
9.574422200000072
4.088351799999941
9.24165579999999
9.84689830000002
9.506096599999864
7.706097100000079
4.335002299999815
9.572809900000038
8.856984399999874
7.293982800000094
9.63425159999997
11.004369199999928
9.467847600000141
10.129495700000007
2.9110765000000356
10.20440090000011
9.448790099999997
8.117917499999976
2.759367599999905
10.362294399999882
9.828225900000007
10.924284400000033
9.278512099999944
6.350990200000069
9.039089600000125
12.00113680000004
2.3006067999999686
8.97925310000005
9.198011700000052
2.1613916000001154
12.090617800000018
9.676472300000114
2.604733099999976
2.487810899999886
8.934457099999918
9.62662320000004
9.144235600000002
5.1478638999999475
9.397536400000035
1.982165699999996
8.539712799999961
8.706405800000084
2.734157699999969
8.6471954000001
8.815762899999982
10.803673500000059
9.191124799999898
9.097706499999958
8.61662820000015
8.841789199999994
9.99437940000007
10.199901200000113
9.667228600000271
9.608876900000269
11.966194300000097
10.015551999999843
7.0980500000000575
5.116389400000116
9.456732399999964
2.3669306000001598
10.776082599999881
8.971718299999793
9.029306800000086
12.118561099999624
9.166841800000384
9.31532100000004
5.521497100000033
9.54136440000002
9.341866400000072
8.94856660000005
9.02267639999991
10.351124300000265
8.861342100000002
8.947625199999948
8.999772099999973
8.820477199999914
10.452177500000289
8.843417699999918
2.356210999999803
8.844090499999766
8.854535500000111
8.798239499999909
8.682193299999653
5.881610500000079
10.90625769999997
8.953833499999746
8.71112149999999
8.647262800000135
8.744249800000034
9.070020699999986
9.500563299999612
8.792010399999981
test_delta_mean_squared_error
0.012651056982576847
0.011721840128302574
0.012721177190542221
0.015645092353224754
0.010538171045482159
0.028111672028899193
0.01218778733164072
0.012459049932658672
0.009005085565149784
0.011063502170145512
0.012067936360836029
0.009981942363083363
0.016712764278054237
0.023502064868807793
0.01087294239550829
0.01985100656747818
0.028299514204263687
0.010630348697304726
0.011978930793702602
0.012182353064417839
0.015915608033537865
0.01769864186644554
0.010883244685828686
0.011834823526442051
0.017109761014580727
0.010438679717481136
0.011899497359991074
0.013725494965910912
0.012023499235510826
0.011717057786881924
0.0207191351801157
0.008823818527162075
0.008562233299016953
0.01741039752960205
0.010848828591406345
0.009734389372169971
0.012205570936203003
0.02572021260857582
0.016033070161938667
0.019220616668462753
0.011502173729240894
0.01118525117635727
0.028438469395041466
0.010245531797409058
0.013037056662142277
0.014654918573796749
0.010751256719231606
0.0163410734385252
0.014815842732787132
0.008678031153976917
0.03249657154083252
0.013744109310209751
0.011122516356408596
0.01727129891514778
0.025185832753777504
0.014801534824073315
0.010122109204530716
0.011203305795788765
0.01054016686975956
0.010145876556634903
0.013874011114239693
0.013437474146485329
0.0260397307574749
0.011102067306637764
0.01091317180544138
0.025532033294439316
0.01062773261219263
0.01162791159003973
0.021345552057027817
0.027997588738799095
0.013038812205195427
0.009282292798161507
0.011115392670035362
0.04691694304347038
0.011796975508332253
0.021055174991488457
0.011983380652964115
0.009357431903481483
0.023542802780866623
0.011017861776053905
0.015222743153572083
0.016384541988372803
0.012334989383816719
0.012124579399824142
0.011909951455891132
0.015753161162137985
0.012583925388753414
0.011594909243285656
0.014558494091033936
0.014409499242901802
0.011767135933041573
0.01130934339016676
0.012129044160246849
0.03203704580664635
0.01459785271435976
0.02560199610888958
0.016548102721571922
0.014621107839047909
0.016506699845194817
0.01681259088218212
0.017247281968593597
0.013582930900156498
0.0107499361038208
0.016044575721025467
0.015990208834409714
0.016126854345202446
0.008665453642606735
0.016992418095469475
0.012262668460607529
0.009381157346069813
0.01664324291050434
0.0180298313498497
0.018429463729262352
0.011433969251811504
0.02286646142601967
0.010850545018911362
0.0131234060972929
0.016305740922689438
0.009453614242374897
0.015799744054675102
0.010392650961875916
0.010939977131783962
0.016784964129328728
0.008313634432852268
0.012330477125942707
0.010729958303272724
0.010828127153217793
0.011782136745750904
test_delta_mean_absolute_error
0.023425355553627014
0.022169414907693863
0.02387060597538948
0.02922210283577442
0.01970343291759491
0.05351606756448746
0.022883251309394836
0.02361815981566906
0.01702144369482994
0.020926237106323242
0.02274463139474392
0.01878581941127777
0.031390029937028885
0.04366166144609451
0.020455455407500267
0.03712209314107895
0.054530929774045944
0.019918350502848625
0.02262183278799057
0.022849692031741142
0.029757294803857803
0.032866548746824265
0.020369375124573708
0.022380346432328224
0.0320696122944355
0.019484754651784897
0.02235366404056549
0.025605322793126106
0.02243157848715782
0.02220463939011097
0.03856255114078522
0.016560154035687447
0.016003210097551346
0.032417889684438705
0.02055978588759899
0.018120063468813896
0.022905902937054634
0.04934936389327049
0.030235938727855682
0.03611388057470322
0.021471640095114708
0.020949317142367363
0.05426929146051407
0.01938232034444809
0.024418003857135773
0.02786451205611229
0.020171241834759712
0.03062753938138485
0.02771606855094433
0.016233351081609726
0.06188040226697922
0.025975216180086136
0.020887035876512527
0.03237088397145271
0.047109488397836685
0.02762920968234539
0.01910855807363987
0.02111295610666275
0.019890878349542618
0.01913551427423954
0.026099398732185364
0.02489384077489376
0.049978405237197876
0.02068694680929184
0.02042604796588421
0.048710089176893234
0.019849570468068123
0.02160416543483734
0.03961803391575813
0.05309433117508888
0.02461284212768078
0.017482668161392212
0.0209158007055521
0.08884464204311371
0.022297188639640808
0.04030344635248184
0.0227627195417881
0.017522240057587624
0.04460686072707176
0.020686239004135132
0.028596103191375732
0.030232686549425125
0.023267412558197975
0.02262396179139614
0.022253941744565964
0.02948303520679474
0.023661457002162933
0.021614138036966324
0.027569878846406937
0.026399122551083565
0.021862763911485672
0.021378636360168457
0.022750554606318474
0.06013013422489166
0.02728862874209881
0.048510558903217316
0.030782600864768028
0.027239849790930748
0.03072059154510498
0.03127411752939224
0.03206712007522583
0.02533470094203949
0.02027050033211708
0.029868047684431076
0.029970187693834305
0.030207231640815735
0.016254926100373268
0.031780701130628586
0.023158904165029526
0.017829975113272667
0.03143109381198883
0.033358752727508545
0.034258849918842316
0.021237915381789207
0.043088149279356
0.02048884704709053
0.024423524737358093
0.03062460757791996
0.01786131225526333
0.03006858192384243
0.019742324948310852
0.02042940817773342
0.03136260807514191
0.015612541697919369
0.022809525951743126
0.02016451582312584
0.020199427381157875
0.022003373131155968


================================================================================
=== delta network
train_time
2.3173759999999994
7.237361
8.723479399999988
7.269792800000005
7.338385500000015
4.511010999999996
7.446118100000007
7.334748200000007
7.348945700000002
7.2092758
7.398685299999954
7.178722900000025
7.417356600000005
7.1957181999999875
7.3939616000000115
9.084458999999981
7.2564894999999865
7.272378899999978
7.30667840000001
9.064314000000024
6.640573199999949
6.259798900000078
6.867884700000104
6.559964799999989
6.270328600000084
6.322182199999929
6.360037299999931
9.924247600000058
17.639879799999903
7.388647699999979
2.075272299999938
7.041071799999941
7.320241699999997
9.195408899999961
6.562516500000015
7.438807699999984
6.835806400000024
6.300990200000001
7.971596299999987
7.4175800999998955
7.250538000000006
4.25383869999996
7.097750299999916
6.517832799999951
6.192591499999935
8.847594200000003
7.066440999999941
4.261808000000201
6.6730543000001035
7.437049999999999
6.778212500000109
6.641902500000015
7.0178794000000835
7.509970199999998
7.375805700000001
8.87658250000004
7.796046999999817
6.969615800000156
8.347050899999886
7.980862599999909
7.0014951000000565
6.888855800000101
6.5644417000000885
6.455644800000073
6.483671400000048
6.5184028000001035
6.677198900000121
6.720168999999942
6.47105959999999
6.339293600000019
2.1744776999998976
6.6903299999999035
7.6715897000001405
6.364164200000005
6.362038399999847
6.357004999999845
6.472149499999887
6.163932399999794
6.169663700000001
6.207422899999983
6.525437400000101
6.347051199999896
6.763734599999907
6.510958399999936
6.397184500000094
7.117210599999908
7.8962951000000885
7.311340700000073
6.665943599999991
6.492893499999809
8.529870599999867
4.620176800000081
7.192921400000159
9.877185700000155
6.656378899999709
7.949700399999983
6.8115844999997535
6.555198400000336
6.367452200000116
7.112049100000149
6.543594799999937
6.584625999999844
1.9739342999996552
4.117031499999939
2.0197942999998304
6.450314700000035
9.441020000000208
6.483504599999833
6.390925600000173
6.480393499999991
6.4381602999997085
6.176266399999804
6.892419400000108
6.317169500000091
6.2310787000001255
6.325389600000108
6.4298260999999
6.550484000000324
6.324066799999855
6.326304000000164
6.311852100000124
6.523637400000098
6.36344199999985
6.264213899999959
6.425133599999754
6.41658039999993
6.512969500000054
6.210063100000298
test_delta_mean_squared_error
0.022957276552915573
0.015126430429518223
0.016562387347221375
0.015127059072256088
0.015306302346289158
0.015828154981136322
0.014831878244876862
0.015312743373215199
0.0157728660851717
0.016310572624206543
0.01509119663387537
0.013542992994189262
0.017864564433693886
0.01609187014400959
0.016535423696041107
0.013904462568461895
0.014592597261071205
0.016380099579691887
0.014962427318096161
0.013917838223278522
0.01419377513229847
0.01613519713282585
0.016571611166000366
0.015322140417993069
0.013239274732768536
0.01436654757708311
0.015129121020436287
0.014701873064041138
0.016593487933278084
0.016099678352475166
0.02830062061548233
0.012734174728393555
0.016199124976992607
0.014793802984058857
0.015209110453724861
0.01670086570084095
0.0151958167552948
0.015401211567223072
0.016356760635972023
0.016858255490660667
0.016293130815029144
0.01488554012030363
0.01598934642970562
0.015241779386997223
0.014824706129729748
0.014230579137802124
0.014740925282239914
0.015179457142949104
0.015185637399554253
0.01681206375360489
0.015600335784256458
0.013553282245993614
0.014954776503145695
0.014060194604098797
0.015247249975800514
0.014871780760586262
0.014511452056467533
0.016299748793244362
0.015900233760476112
0.015402665361762047
0.016337817534804344
0.01611058972775936
0.017432047054171562
0.015601430088281631
0.01612802781164646
0.016009440645575523
0.016056522727012634
0.014814519323408604
0.01654781959950924
0.016403481364250183
0.024630269035696983
0.01592385396361351
0.01582971028983593
0.01592288725078106
0.016644693911075592
0.015535441227257252
0.014990601688623428
0.01551864668726921
0.014568982645869255
0.016188466921448708
0.017130374908447266
0.015399490483105183
0.0166788250207901
0.01679498702287674
0.01573886349797249
0.017062384635210037
0.014859437011182308
0.014937145635485649
0.014837789349257946
0.015543156303465366
0.014590522274374962
0.015364482998847961
0.014667559415102005
0.014650430530309677
0.015689639374613762
0.016148028895258904
0.014717652462422848
0.01607753336429596
0.01759863644838333
0.01545056700706482
0.015356299467384815
0.014578282833099365
0.021060502156615257
0.017143676057457924
0.024226758629083633
0.015227265655994415
0.013511025346815586
0.015425832942128181
0.014775959774851799
0.018164675682783127
0.01486801914870739
0.015335461124777794
0.015366172417998314
0.016951385885477066
0.015371537767350674
0.015174714848399162
0.016001440584659576
0.01607980765402317
0.01422553788870573
0.0153278773650527
0.013753145933151245
0.015629051253199577
0.014244233258068562
0.016029097139835358
0.015961037948727608
0.015592792071402073
0.01397254504263401
0.0151036586612463
test_delta_mean_absolute_error
0.0428059846162796
0.028343012556433678
0.03111308626830578
0.02851477637887001
0.028918646275997162
0.030174948275089264
0.02799404412508011
0.029051316902041435
0.029764415696263313
0.030687620863318443
0.02850295603275299
0.025709478184580803
0.03384504094719887
0.03032154217362404
0.03109831176698208
0.026187049224972725
0.027691340073943138
0.031229740008711815
0.027955858036875725
0.02616831474006176
0.02693047747015953
0.030203307047486305
0.03136514127254486
0.02879401668906212
0.024804459884762764
0.027352068573236465
0.028485504910349846
0.027839135378599167
0.031035279855132103
0.030357234179973602
0.05394069850444794
0.024076668545603752
0.030632009729743004
0.028029518201947212
0.02901698462665081
0.03159138932824135
0.028618784621357918
0.029316112399101257
0.030896374955773354
0.031456053256988525
0.030708225443959236
0.02788710407912731
0.030112970620393753
0.02853504940867424
0.027686581015586853
0.026914238929748535
0.02787178009748459
0.028519462794065475
0.028885826468467712
0.03188716992735863
0.029518751427531242
0.025592584162950516
0.028216704726219177
0.02675716020166874
0.028606994077563286
0.027742618694901466
0.02732398733496666
0.03104058839380741
0.030030567198991776
0.02898671105504036
0.03072592243552208
0.030613653361797333
0.032726261764764786
0.029581841081380844
0.03047594241797924
0.030113307759165764
0.030262181535363197
0.028194481506943703
0.03153245896100998
0.031131470575928688
0.04690350219607353
0.029791507869958878
0.03004305623471737
0.03008911944925785
0.03151458129286766
0.029477745294570923
0.02790888026356697
0.029254470020532608
0.02748263068497181
0.030635109171271324
0.03242843225598335
0.02927427366375923
0.03139324486255646
0.031785767525434494
0.029635878279805183
0.03243700787425041
0.028133878484368324
0.028325093910098076
0.027860233560204506
0.02921733260154724
0.027474764734506607
0.028827005997300148
0.027668938040733337
0.027554787695407867
0.02951776050031185
0.030605962499976158
0.027929844334721565
0.030384372919797897
0.03324822708964348
0.029400942847132683
0.02876790054142475
0.027480920776724815
0.039390794932842255
0.032301533967256546
0.04367779567837715
0.02863352559506893
0.02534548193216324
0.029108263552188873
0.027980951592326164
0.0347822904586792
0.027943415567278862
0.029117412865161896
0.029177704825997353
0.032271407544612885
0.02923227846622467
0.028328383341431618
0.03044823370873928
0.029895761981606483
0.027065781876444817
0.028772268444299698
0.025824634358286858
0.02967032976448536
0.02688305824995041
0.03008849173784256
0.030119242146611214
0.029470238834619522
0.026544230058789253
0.028600724413990974


