================================================================================
=== twin network
train_time
49.5964745
53.81412499999999
48.150237399999924
30.797428200000013
20.64667589999999
40.42781869999999
11.48919130000013
11.512291999999889
12.403417199999922
41.22961970000006
41.27135550000003
10.34108759999981
40.36375319999979
40.299308999999994
41.94081989999995
26.055438800000047
41.14982379999992
40.81193140000005
13.02888940000048
41.50277619999997
40.65427619999991
41.07526429999962
41.11769850000019
14.333289500000319
41.86046350000015
42.62252350000017
44.420208399999865
41.81924150000032
41.15981879999981
43.73799959999997
12.803528200000073
41.312283999999636


================================================================================
=== continuous-time
train_risk
0.05529928
0.042716295
0.054295674
0.10203305
0.06792591
0.046433434
0.07007173
0.086771905
0.08929644
0.030822426
0.090446115
0.08702865
0.042651583
0.05262282
0.058742907
0.06904721
0.06558495
0.061438482
0.053472713
0.050599795
0.046887215
0.035982084
0.040888567
0.08360085
0.0786156
0.06467657
0.07029217
0.08120961
0.033049338
0.03308929
0.08098053
0.071738966
test_risk
0.055309217
0.042869613
0.054283228
0.102437675
0.06786741
0.046395596
0.06989704
0.086752914
0.08940817
0.030824468
0.09050999
0.08718992
0.042645488
0.05253933
0.05892349
0.06922172
0.065478995
0.061503775
0.05334695
0.050557446
0.04693706
0.03596109
0.0408986
0.08340469
0.07860027
0.06467469
0.07017815
0.08127469
0.033080835
0.033086263
0.08115448
0.07169734
test_mean_value
-2.051411e-05
-4.8391237e-05
8.845513e-05
-0.00029271928
2.9513827e-05
-3.980858e-06
4.6250527e-05
-6.0268834e-05
6.247634e-05
-5.835939e-06
0.00014916537
7.135667e-05
1.7183147e-05
0.00017457288
-5.849604e-05
7.042006e-05
4.4961504e-05
-3.4684013e-05
6.8977795e-05
-6.242372e-06
-5.440691e-05
-5.330308e-06
-2.594453e-05
-5.2985168e-05
8.479046e-05
2.1171665e-05
-9.806959e-05
-6.0170263e-05
-2.3803748e-05
-3.0631785e-05
9.825121e-05
-1.7932847e-05
test_mean_abs_value
0.027900003
0.018580161
0.027259564
0.06246058
0.037301593
0.021317566
0.038738314
0.05112957
0.053212736
0.009485612
0.054073773
0.05144834
0.018506095
0.026002813
0.030504182
0.03827336
0.035504684
0.032587785
0.026570464
0.024381582
0.021597156
0.013410306
0.017131299
0.048708465
0.045174107
0.03484921
0.03894812
0.04715598
0.011196652
0.011191887
0.04696749
0.040160596
test_variance_value
0.0012681033
0.0005619123
0.0012141309
0.006347793
0.0022711894
0.0007393739
0.002437715
0.004256813
0.004602666
0.00014674864
0.0047724694
0.0043269405
0.00055750814
0.0011016121
0.0015183219
0.0023862803
0.0020546268
0.0017345472
0.0011498446
0.0009680175
0.0007592054
0.00029332816
0.0004774452
0.0038567663
0.0033175796
0.001979316
0.0024682903
0.0036271864
0.00020351996
0.0002041904
0.0035926874
0.0026328922
test_mean_costs
0.010907906
0.010915762
0.010908394
0.010913988
0.010917806
0.010909004
0.010906127
0.010917713
0.010917509
0.010910136
0.010896137
0.010896162
0.010915935
0.010883821
0.010904587
0.01090768
0.01091365
0.010907132
0.010911243
0.010915902
0.010921469
0.010920982
0.0109101245
0.010917853
0.01090483
0.010920624
0.010914691
0.010901657
0.010905229
0.010920482
0.01091981
0.010907196
test_mean_abs_costs
0.010907906
0.010915762
0.010908394
0.010913988
0.010917806
0.010909004
0.010906127
0.010917713
0.010917509
0.010910136
0.010896137
0.010896162
0.010915935
0.010883821
0.010904587
0.01090768
0.01091365
0.010907132
0.010911243
0.010915902
0.010921469
0.010920982
0.0109101245
0.010917853
0.01090483
0.010920624
0.010914691
0.010901657
0.010905229
0.010920482
0.01091981
0.010907196
test_variance_costs
1.34639695e-05
1.3494058e-05
1.3464615e-05
1.3596914e-05
1.3486125e-05
1.346518e-05
1.3486426e-05
1.3517119e-05
1.3529503e-05
1.3492982e-05
1.3538941e-05
1.3496697e-05
1.3463502e-05
1.3410263e-05
1.3474957e-05
1.3438854e-05
1.3484836e-05
1.3490881e-05
1.3423056e-05
1.3439295e-05
1.3490935e-05
1.3463106e-05
1.3411236e-05
1.3501041e-05
1.3514117e-05
1.3508774e-05
1.3447496e-05
1.3466017e-05
1.3389043e-05
1.34377915e-05
1.3505594e-05
1.3486624e-05
test_mean_wealth
-0.03560777
-0.027349208
-0.03491658
-0.066176146
-0.043856148
-0.029730469
-0.045137208
-0.056116767
-0.057839792
-0.019283187
-0.058558725
-0.05631599
-0.02724042
-0.033782918
-0.03786176
-0.04469911
-0.04228105
-0.039685536
-0.034329925
-0.032458663
-0.030032339
-0.022761473
-0.026078427
-0.053979974
-0.05079474
-0.04169131
-0.045316182
-0.05252132
-0.020804415
-0.0208266
-0.05241366
-0.04630812
test_mean_abs_wealth
0.03560777
0.027349208
0.03491658
0.066176146
0.043856148
0.029730469
0.045137208
0.056116767
0.057839792
0.019283187
0.058558725
0.05631599
0.02724042
0.033782918
0.03786176
0.04469911
0.04228105
0.039685536
0.034329925
0.032458663
0.030032339
0.022761473
0.026078427
0.053979974
0.05079474
0.04169131
0.045316182
0.05252132
0.020804415
0.0208266
0.05241366
0.04630812
test_variance_wealth
5.8472968e-05
3.6190188e-05
5.6411023e-05
0.00020730478
8.844816e-05
4.1788444e-05
9.385619e-05
0.00014659655
0.00015600861
2.1330005e-05
0.00016041176
0.00014816751
3.5943976e-05
5.2859723e-05
6.6547036e-05
9.205426e-05
8.241362e-05
7.237425e-05
5.4514636e-05
4.9194114e-05
4.2804262e-05
2.6797718e-05
3.3219356e-05
0.0001350719
0.00011970412
8.0167454e-05
9.4867086e-05
0.00012804182
2.3458078e-05
2.3556824e-05
0.00012782066
9.898493e-05
test_wealth_with_price_abs_mean
0.011145792
0.010958661
0.011117306
0.013825918
0.0116020385
0.010978995
0.011673101
0.012670756
0.012846624
0.01092457
0.012926724
0.012654608
0.010934011
0.011047474
0.011253502
0.011666738
0.0114786485
0.011351951
0.011090988
0.011046109
0.011010741
0.010924292
0.0109241195
0.012448897
0.012144151
0.011463486
0.011698059
0.012288774
0.010911779
0.010939836
0.012327051
0.011773153
test_wealth_with_price_variance
5.8472968e-05
3.6190188e-05
5.6411023e-05
0.00020730478
8.844816e-05
4.1788444e-05
9.385619e-05
0.00014659655
0.00015600861
2.1330005e-05
0.00016041176
0.00014816751
3.5943976e-05
5.2859723e-05
6.6547036e-05
9.205426e-05
8.241362e-05
7.237425e-05
5.4514636e-05
4.9194114e-05
4.2804262e-05
2.6797718e-05
3.3219352e-05
0.0001350719
0.00011970412
8.0167454e-05
9.4867086e-05
0.00012804182
2.345808e-05
2.3556824e-05
0.00012782066
9.898493e-05
price
0.024689777
0.01642124
0.023998681
0.055228148
0.03294464
0.018814875
0.034233134
0.045207612
0.046924777
0.008358839
0.047652774
0.04545206
0.016336534
0.022903128
0.026933279
0.033763863
0.031389706
0.028752584
0.023421912
0.021537729
0.019089323
0.011840975
0.015173508
0.043069094
0.03989495
0.030758586
0.0344042
0.041636348
0.009893701
0.009887662
0.04146559
0.035405114
train_time
2.391164400000008
3.3641857000000073
2.714531899999997
6.818996599999991
2.9383241000000453
3.535670600000003
2.6790491000001566
3.965075200000001
3.2227559999998903
3.989661999999953
4.02127449999989
1.875829800000247
4.309594199999992
2.1892995000002884
4.56707920000008
3.7226551000003383
3.223675600000206
2.1622785999998086
2.7270699000000604
1.964176800000132
3.8425217000003613
5.218553600000632
1.9799422999994931
3.943171699999766
4.075939700000163
4.311606900000697
2.3009202000002915
3.118271899999854
4.0224856000004365
3.7439608000004228
2.0305324000000837
4.65449929999977


================================================================================
=== true linear feature map
train_risk
0.046845824
0.034251995
0.045496266
0.095145136
0.060103163
0.037981078
0.0627008
0.079248495
0.080681175
0.020286484
0.08283387
0.07884228
0.033372667
0.043141045
0.050723985
0.06103068
0.056298282
0.052116364
0.04506741
0.040317357
0.03843965
0.02636045
0.031536493
0.075964354
0.070401445
0.054755826
0.061467275
0.074502505
0.022434874
0.021277271
0.07381423
0.06227611
test_risk
0.046862964
0.034257494
0.045538146
0.09533977
0.060109813
0.03794684
0.06262188
0.07921852
0.080703996
0.02029163
0.08301518
0.078969106
0.03336661
0.04317816
0.05090561
0.06120554
0.056185532
0.05207206
0.045017578
0.040291034
0.03848001
0.026339604
0.031550918
0.07588811
0.07029648
0.054729026
0.06133354
0.074493736
0.02239786
0.021284623
0.07401791
0.062256202
test_mean_value
-1.5521238e-05
-5.1582894e-05
7.027234e-05
-0.0002810547
3.3339238e-05
-7.6045167e-06
4.0626903e-05
-3.947169e-05
7.131511e-05
-1.1901626e-05
0.00012230189
6.745109e-05
1.9296498e-05
0.00016270364
-6.514654e-05
6.7100904e-05
5.9161266e-05
-2.7933609e-05
6.4616455e-05
-2.7512212e-06
-4.9398095e-05
1.0368923e-06
-2.4204413e-05
-3.8274437e-05
8.692734e-05
2.8247543e-05
-9.3297655e-05
-6.334097e-05
-2.8833521e-05
-2.9793739e-05
0.00010314392
-2.26744e-05
test_mean_abs_value
0.026841568
0.017911958
0.026294237
0.06108136
0.036088824
0.020292632
0.037240006
0.049665425
0.051949505
0.008839532
0.053236015
0.050128613
0.017585758
0.025114875
0.029456886
0.037127275
0.034486305
0.031631738
0.025564382
0.023556218
0.02062927
0.01265773
0.01638223
0.047136154
0.043818496
0.033886794
0.037845045
0.046515588
0.01058689
0.010723296
0.045595165
0.03914817
test_variance_value
0.001154237
0.0005115235
0.0011102628
0.0059806667
0.0020897666
0.0006571512
0.0022182432
0.003954463
0.0043194946
0.00012395748
0.004550902
0.0040453314
0.0004953744
0.0010109814
0.001390198
0.002207541
0.0019075499
0.0016078796
0.001045332
0.0008892562
0.00068025565
0.00025632873
0.0004283929
0.0035578576
0.0030722895
0.001842831
0.0022983889
0.003472526
0.00017835721
0.00018518162
0.0033334717
0.0024617205
test_mean_costs
0.0062633655
0.0061029675
0.005981033
0.008326978
0.007189725
0.006307414
0.0073058885
0.00769228
0.006969327
0.0046408437
0.007360442
0.0071099554
0.0053700353
0.00549053
0.006889069
0.00691158
0.006140219
0.005724602
0.00637436
0.0048973346
0.0062979255
0.0051770927
0.0054548774
0.0075683114
0.007039648
0.005453319
0.0061384332
0.007741219
0.0040709167
0.0028068505
0.00772651
0.0060084206
test_mean_abs_costs
0.0062633655
0.0061029675
0.005981033
0.008326978
0.007189725
0.006307414
0.0073058885
0.00769228
0.006969327
0.0046408437
0.007360442
0.0071099554
0.0053700353
0.00549053
0.006889069
0.00691158
0.006140219
0.005724602
0.00637436
0.0048973346
0.0062979255
0.0051770927
0.0054548774
0.0075683114
0.007039648
0.005453319
0.0061384332
0.007741219
0.0040709167
0.0028068505
0.00772651
0.0060084206
test_variance_costs
2.6602534e-06
2.4143608e-06
2.3146852e-06
6.4329624e-06
4.307486e-06
2.9134314e-06
4.058663e-06
5.3181575e-06
4.6219234e-06
1.3608133e-06
4.4575036e-06
4.2439756e-06
1.9002091e-06
1.9246497e-06
3.8973026e-06
3.6943975e-06
3.304185e-06
2.6058156e-06
3.0302292e-06
1.7300431e-06
2.8515801e-06
1.5009128e-06
1.7706664e-06
4.9888963e-06
4.521991e-06
2.6874259e-06
3.0365834e-06
5.1770685e-06
1.2454207e-06
6.28912e-07
5.02707e-06
3.2160658e-06
test_mean_wealth
-0.030958235
-0.022539604
-0.030007401
-0.06357747
-0.04012424
-0.025132503
-0.041542593
-0.052870534
-0.053882774
-0.013019961
-0.055049893
-0.05253369
-0.021692406
-0.028401496
-0.033852894
-0.04070633
-0.037493423
-0.034496255
-0.029797405
-0.026436603
-0.025403786
-0.017011218
-0.02062144
-0.05061572
-0.046927422
-0.03621693
-0.040535152
-0.049364053
-0.013975134
-0.012712129
-0.04921547
-0.041414086
test_mean_abs_wealth
0.030958235
0.022539604
0.030007401
0.06357747
0.04012424
0.025132503
0.041542593
0.052870534
0.053882774
0.013019961
0.055049893
0.05253369
0.021692406
0.028401496
0.033852894
0.04070633
0.037493423
0.034496255
0.029797405
0.026436603
0.025403786
0.017011218
0.02062144
0.05061572
0.046927422
0.03621693
0.040535152
0.049364053
0.013975134
0.0127121415
0.04921547
0.041414086
test_variance_wealth
5.4675704e-05
2.9160326e-05
5.220479e-05
0.0002152785
8.6910215e-05
3.4943256e-05
9.6625605e-05
0.00015023626
0.00015590744
1.0882281e-05
0.00016870844
0.00015138685
2.8977493e-05
4.7396155e-05
6.182879e-05
9.104e-05
7.5911026e-05
6.691757e-05
4.9907176e-05
4.1557272e-05
3.6456357e-05
1.855662e-05
2.5517073e-05
0.00013845452
0.000118939475
7.35665e-05
9.3177114e-05
0.00013349869
1.4341879e-05
1.4682364e-05
0.00013225163
9.402713e-05
test_wealth_with_price_abs_mean
0.007879683
0.0067717554
0.007626336
0.01344379
0.009519208
0.0071477974
0.009892421
0.011586502
0.011407605
0.004834906
0.011921634
0.011341523
0.006209117
0.0071250736
0.008524628
0.009519256
0.008557172
0.008041635
0.007756963
0.006527298
0.0072027026
0.0056046993
0.006130082
0.011205892
0.010408363
0.008131609
0.009146559
0.011128031
0.004533102
0.0037590407
0.011132195
0.009127224
test_wealth_with_price_variance
5.4675704e-05
2.9160326e-05
5.220479e-05
0.0002152785
8.6910215e-05
3.4943256e-05
9.6625605e-05
0.00015023626
0.00015590744
1.0882281e-05
0.00016870844
0.00015138685
2.8977493e-05
4.7396155e-05
6.182879e-05
9.104e-05
7.5911026e-05
6.691757e-05
4.9907176e-05
4.1557272e-05
3.6456357e-05
1.855662e-05
2.5517073e-05
0.00013845452
0.000118939475
7.35665e-05
9.3177114e-05
0.00013349869
1.4341879e-05
1.4682364e-05
0.00013225163
9.402713e-05
price
0.024689777
0.01642124
0.023998681
0.055228148
0.03294464
0.018814875
0.034233134
0.045207612
0.046924777
0.008358839
0.047652774
0.04545206
0.016336534
0.022903128
0.026933279
0.033763863
0.031389706
0.028752584
0.023421912
0.021537729
0.019089323
0.011840975
0.015173508
0.043069094
0.03989495
0.030758586
0.0344042
0.041636348
0.009893701
0.009887662
0.04146559
0.035405114
train_time
23.18110030000001
15.412621399999978
34.34209099999998
16.363368599999944
21.182487400000127
19.278052500000058
11.058732399999826
15.265271900000016
24.394340100000136
15.100272300000142
14.130045000000337
17.054822800000238
12.218047800000022
26.60034029999997
16.135336299999835
16.159143500000027
16.300458100000014
19.31960079999999
31.655966100000114
21.41943160000028
17.99926140000025
14.093367499999658
17.30855039999915
16.40818500000023
15.463694100000794
15.439632000000529
11.20272279999972
12.251348599999801
100.8010892000002
18.134608500000468
11.460056400000212
18.102690100000473


================================================================================
=== deep network
train_risk
0.046273973
0.033889722
0.045154706
0.09308624
0.059235606
0.03809931
0.06105987
0.07805201
0.080337115
0.024162132
0.080825455
0.07836614
0.033361822
0.04311891
0.05040312
0.060129
0.05549743
0.0511557
0.044694763
0.040571865
0.038202044
0.026426392
0.031722043
0.07574448
0.0691928
0.05484639
0.060354006
0.072455205
0.022752833
0.021677013
0.07212257
0.061194323
test_risk
0.046317462
0.03390929
0.045232046
0.0932696
0.0592657
0.03809365
0.061061785
0.07807876
0.080350526
0.024192598
0.08099225
0.07851865
0.033357732
0.043204024
0.05060854
0.060276184
0.05547411
0.05117054
0.04468593
0.040602878
0.03824951
0.026420934
0.031768616
0.07572281
0.06919324
0.05487633
0.060289588
0.07242657
0.022726797
0.021708526
0.07233204
0.061199218
test_mean_value
-1.8203165e-05
-4.5849047e-05
7.325323e-05
-0.00028152287
3.4969977e-05
-1.1219617e-05
3.9703966e-05
-3.6632257e-05
7.3257346e-05
-1.911073e-05
0.00012271076
6.928981e-05
2.1336515e-05
0.00015604554
-6.291547e-05
6.373538e-05
5.9293496e-05
-2.776555e-05
6.122134e-05
-4.3546393e-06
-4.855143e-05
1.4795557e-06
-2.467029e-05
-4.0413583e-05
8.2366634e-05
2.6058566e-05
-9.136728e-05
-6.192752e-05
-2.8899198e-05
-2.8282882e-05
0.00010974793
-1.487074e-05
test_mean_abs_value
0.02665633
0.017580755
0.026021065
0.06066996
0.03599063
0.020063331
0.037137475
0.04928908
0.05130255
0.008442963
0.052044958
0.049722582
0.017537186
0.024853377
0.02905641
0.036708493
0.034121588
0.031250216
0.02537054
0.023569372
0.020420924
0.012620777
0.016211886
0.046855185
0.04331429
0.033728436
0.037440557
0.045247328
0.01042019
0.010622614
0.045142367
0.038673468
test_variance_value
0.0011549167
0.00050001894
0.0011021747
0.005974787
0.00210525
0.00065233593
0.0022356736
0.0039529866
0.0042911083
0.00011209602
0.0044217524
0.0040453137
0.0004998373
0.0010028629
0.0013722907
0.0021898882
0.0018930092
0.0015927397
0.0010425134
0.00090238126
0.00067714835
0.0002562225
0.00042336617
0.003556953
0.0030461792
0.0018507256
0.0022799533
0.0033323297
0.00017567407
0.0001834557
0.0033117768
0.0024386598
test_mean_costs
0.0065619405
0.006225313
0.0064184763
0.008118908
0.007329701
0.0064760083
0.0072614467
0.007863337
0.0077854292
0.0013159695
0.007187664
0.007635277
0.0053621028
0.0058742915
0.007148005
0.0071189376
0.006281018
0.00590172
0.006663848
0.0055572204
0.006646277
0.0054412703
0.0058071273
0.008123569
0.0071463576
0.0061106565
0.006029291
0.0077236635
0.003916863
0.0026483717
0.0077004926
0.006032818
test_mean_abs_costs
0.0065619405
0.006225313
0.0064184763
0.008118908
0.007329701
0.0064760083
0.0072614467
0.007863337
0.0077854292
0.0013159695
0.007187664
0.007635277
0.0053621028
0.0058742915
0.007148005
0.0071189376
0.006281018
0.00590172
0.006663848
0.0055572204
0.006646277
0.0054412703
0.0058071273
0.008123569
0.0071463576
0.0061106565
0.006029291
0.0077236635
0.003916863
0.0026483717
0.0077004926
0.006032818
test_variance_costs
2.1407182e-06
1.8044825e-06
2.1253202e-06
4.1397557e-06
3.0409346e-06
1.8337204e-06
2.9585074e-06
3.65347e-06
3.269604e-06
1.1143903e-07
3.1797092e-06
3.1589695e-06
1.507388e-06
1.8072096e-06
2.6088035e-06
2.8970542e-06
2.3132523e-06
2.056508e-06
2.3068903e-06
1.5143138e-06
2.2380962e-06
1.4491104e-06
1.6144672e-06
3.6790032e-06
2.9830196e-06
1.8205201e-06
2.1630292e-06
3.6303497e-06
8.098176e-07
4.891091e-07
3.5316536e-06
2.2150157e-06
test_mean_wealth
-0.031259492
-0.022656215
-0.030441863
-0.06336987
-0.040262587
-0.025304712
-0.041499075
-0.053038754
-0.054696932
-0.009702296
-0.054876707
-0.05305717
-0.021682434
-0.028791916
-0.0341096
-0.040917054
-0.03763409
-0.034673207
-0.030090287
-0.027098093
-0.02575129
-0.017274952
-0.020974156
-0.051173117
-0.04703869
-0.036876455
-0.04042408
-0.049345084
-0.0138211455
-0.01255214
-0.049182847
-0.04143068
test_mean_abs_wealth
0.031259492
0.022656215
0.030441863
0.06336987
0.040262587
0.025304712
0.041499075
0.053038754
0.054696932
0.009702302
0.054876707
0.05305717
0.021682434
0.028791916
0.0341096
0.040917054
0.03763409
0.034673207
0.030090287
0.027098093
0.02575129
0.017274952
0.020974156
0.051173117
0.04703869
0.036876455
0.04042408
0.049345084
0.0138211455
0.012552295
0.049182847
0.04143068
test_variance_wealth
6.0870934e-05
3.3055596e-05
5.7897865e-05
0.00024331006
9.8334785e-05
4.213814e-05
0.00010683974
0.00017039113
0.00017696123
3.3397766e-05
0.00018442539
0.00017264448
3.233139e-05
5.2937037e-05
7.056952e-05
0.00010268638
8.5471016e-05
7.264924e-05
5.590854e-05
4.5566852e-05
4.0973202e-05
2.0018057e-05
2.8989096e-05
0.00015942559
0.00013533421
8.375121e-05
0.00010249904
0.00014783253
1.6798796e-05
1.678698e-05
0.00014758023
0.00010580038
test_wealth_with_price_abs_mean
0.008506291
0.007119102
0.008304816
0.014519767
0.010253491
0.007656815
0.010532658
0.012602688
0.012736708
0.004570487
0.012697118
0.012529382
0.0064290026
0.0077501275
0.009194964
0.010326087
0.009239169
0.008598047
0.008349329
0.0072249537
0.0077513303
0.0059112795
0.006613103
0.012384089
0.011321439
0.009077213
0.009685667
0.011973928
0.004588503
0.0038472544
0.011947736
0.009851284
test_wealth_with_price_variance
6.0870934e-05
3.3055596e-05
5.7897865e-05
0.00024331006
9.8334785e-05
4.213814e-05
0.00010683974
0.00017039113
0.00017696123
3.3397766e-05
0.00018442539
0.00017264448
3.233139e-05
5.2937037e-05
7.056952e-05
0.00010268638
8.5471016e-05
7.264924e-05
5.590854e-05
4.5566852e-05
4.0973202e-05
2.0018057e-05
2.8989096e-05
0.00015942559
0.00013533421
8.375121e-05
0.00010249904
0.00014783253
1.6798796e-05
1.678698e-05
0.00014758023
0.00010580038
price
0.024689777
0.01642124
0.023998681
0.055228148
0.03294464
0.018814875
0.034233134
0.045207612
0.046924777
0.008358839
0.047652774
0.04545206
0.016336534
0.022903128
0.026933279
0.033763863
0.031389706
0.028752584
0.023421912
0.021537729
0.019089323
0.011840975
0.015173508
0.043069094
0.03989495
0.030758586
0.0344042
0.041636348
0.009893701
0.009887662
0.04146559
0.035405114
train_time
141.3817118
122.0898679
183.26031840000007
127.21180749999996
109.37472930000013
84.69209879999994
143.86855760000003
86.33278859999996
79.18305489999989
123.59839999999986
103.16097349999973
99.17767409999988
126.1255185
138.2597992000001
81.23757260000002
194.58858499999997
95.86149290000003
114.52246249999962
102.79051200000049
99.63464699999986
108.40456280000035
116.50588490000064
118.48493690000032
82.00591209999948
128.71135790000062
106.98026059999938
177.60715770000024
201.28505399999995
134.51064179999958
164.55332640000051
218.1892914
204.50744750000013


================================================================================
=== twin network linear feature map
train_risk
0.047010936
0.034260586
0.045901474
0.09530418
0.061272305
0.03788717
0.06243592
0.07911677
0.08085794
0.020247826
0.08349258
0.07955499
0.03328389
0.04404027
0.050843854
0.061287295
0.056440346
0.051940043
0.045931168
0.040280417
0.038524806
0.02618417
0.031584565
0.07563112
0.07060967
0.054892488
0.061956853
0.074644074
0.022636525
0.021341955
0.07345588
0.062246732
test_risk
0.04702107
0.03423942
0.04591587
0.0954869
0.061213814
0.037844013
0.062406585
0.07910344
0.080904916
0.020248158
0.08364946
0.07965896
0.03327036
0.04406029
0.051003534
0.061473835
0.05632842
0.051934797
0.04593667
0.040257074
0.03854454
0.026144458
0.031591203
0.07556445
0.070539534
0.05485134
0.06188656
0.074625544
0.02260926
0.02135133
0.07367652
0.062234774
test_mean_value
-1.4873316e-05
-4.978898e-05
7.270707e-05
-0.00028570002
3.2476633e-05
-7.817678e-06
3.2442334e-05
-3.9462062e-05
6.807236e-05
-1.11732425e-05
0.000120955796
6.855831e-05
1.9808776e-05
0.0001587394
-6.2921135e-05
6.548696e-05
5.963897e-05
-2.9091878e-05
6.848154e-05
-3.0357078e-06
-4.90468e-05
3.9778098e-07
-2.4966963e-05
-3.8193102e-05
8.440768e-05
2.9194747e-05
-9.624343e-05
-6.371185e-05
-3.3508106e-05
-2.8810862e-05
0.00010306155
-2.0301208e-05
test_mean_abs_value
0.0267618
0.017547205
0.026211716
0.06108545
0.03508188
0.020249505
0.036913447
0.05000552
0.051472023
0.0088187605
0.053884413
0.050885964
0.01759229
0.02483075
0.029421031
0.037384428
0.03459891
0.031932015
0.026477067
0.023368806
0.020531042
0.0126931025
0.016189057
0.046936747
0.04334958
0.033800557
0.038438883
0.046512935
0.010494587
0.010761828
0.045420352
0.038933273
test_variance_value
0.0011560909
0.0004988682
0.0011059472
0.005948767
0.0020623503
0.00066052633
0.0022174965
0.0039890097
0.00424954
0.00012502033
0.0046476773
0.0041796635
0.00049886166
0.0010032608
0.0013872383
0.0022204428
0.0019142242
0.0016176674
0.001107545
0.0008856176
0.0006775016
0.00026112056
0.00042383428
0.00353744
0.003033975
0.0018438634
0.0023291039
0.0034787175
0.00017895752
0.00018838108
0.0032974293
0.002445844
test_mean_costs
0.00635489
0.006108456
0.006177637
0.008298332
0.007206257
0.006420311
0.0074493694
0.0077161356
0.007303676
0.0047390643
0.007323413
0.0075385836
0.0053108325
0.0057402803
0.0068668625
0.006937488
0.0062150112
0.005828946
0.0065500485
0.004950583
0.006420729
0.005160066
0.005624638
0.0076597105
0.0070855604
0.0054748016
0.006135607
0.007860115
0.004178291
0.0030105542
0.0077584214
0.0060147922
test_mean_abs_costs
0.00635489
0.006108456
0.006177637
0.008298332
0.007206257
0.006420311
0.0074493694
0.0077161356
0.007303676
0.0047390643
0.007323413
0.0075385836
0.0053108325
0.0057402803
0.0068668625
0.006937488
0.0062150112
0.005828946
0.0065500485
0.004950583
0.006420729
0.005160066
0.005624638
0.0076597105
0.0070855604
0.0054748016
0.006135607
0.007860115
0.004178291
0.0030105542
0.0077584214
0.0060147922
test_variance_costs
2.9465132e-06
2.4363476e-06
2.9933312e-06
6.2650715e-06
3.954293e-06
2.6405503e-06
3.8339263e-06
4.846685e-06
4.064415e-06
1.0821379e-06
4.881926e-06
3.58351e-06
1.5933568e-06
2.4059566e-06
3.8543026e-06
3.832105e-06
3.3602555e-06
2.5572065e-06
2.1691103e-06
1.669394e-06
2.801025e-06
1.2316916e-06
1.7347718e-06
4.6044524e-06
4.6588066e-06
2.7101646e-06
3.0455458e-06
5.543127e-06
8.183041e-07
4.286597e-07
4.5595334e-06
3.325331e-06
test_mean_wealth
-0.031049112
-0.022543298
-0.030201571
-0.06355347
-0.040141635
-0.025245614
-0.041694257
-0.05289438
-0.054220363
-0.013117453
-0.055014208
-0.052961208
-0.021632692
-0.02865521
-0.03382846
-0.04073385
-0.037567735
-0.03460176
-0.029969227
-0.026490135
-0.025526239
-0.016994828
-0.020791963
-0.05070704
-0.04697585
-0.036237467
-0.04053527
-0.049483318
-0.0140871825
-0.01291485
-0.049247462
-0.041418083
test_mean_abs_wealth
0.031049112
0.022543298
0.030201571
0.06355347
0.040141635
0.025245614
0.041694257
0.05289438
0.054220363
0.013117453
0.055014208
0.052961208
0.021632692
0.02865521
0.03382846
0.04073385
0.037567735
0.03460176
0.029969227
0.026490135
0.025526239
0.016994828
0.020791963
0.05070704
0.04697585
0.036237467
0.04053527
0.049483318
0.0140871825
0.01291485
0.049247462
0.041418083
test_variance_wealth
5.4443524e-05
3.016851e-05
5.1897503e-05
0.00021611991
0.00010239905
3.5866822e-05
9.911762e-05
0.00015368589
0.00016270888
1.1812075e-05
0.00016844635
0.00016182072
3.0291209e-05
5.0675033e-05
6.2400206e-05
9.1906644e-05
7.63411e-05
6.6718436e-05
5.8629546e-05
4.2239597e-05
3.701553e-05
1.9286013e-05
2.6238498e-05
0.00014176889
0.00012027156
7.4168354e-05
9.678607e-05
0.00013214957
1.6405405e-05
1.5114116e-05
0.00013460558
9.393587e-05
test_wealth_with_price_abs_mean
0.007917023
0.006851709
0.0076976116
0.013442156
0.010112432
0.0073319343
0.010164993
0.011762333
0.011844656
0.0049882215
0.011778432
0.011907178
0.006280359
0.0073852795
0.008533303
0.00954346
0.008609398
0.008137449
0.008262998
0.0066326936
0.0073469495
0.0056710024
0.0063323006
0.011439622
0.01046271
0.008159714
0.009238887
0.011123599
0.004788219
0.003941433
0.011318728
0.009129148
test_wealth_with_price_variance
5.4443524e-05
3.016851e-05
5.1897503e-05
0.00021611991
0.00010239905
3.5866822e-05
9.911762e-05
0.00015368589
0.00016270888
1.1812075e-05
0.00016844635
0.00016182072
3.0291209e-05
5.0675033e-05
6.2400206e-05
9.1906644e-05
7.63411e-05
6.6718436e-05
5.8629546e-05
4.2239597e-05
3.701553e-05
1.9286013e-05
2.6238498e-05
0.00014176889
0.00012027156
7.4168354e-05
9.678607e-05
0.00013214957
1.6405405e-05
1.5114116e-05
0.00013460558
9.393587e-05
price
0.024689777
0.01642124
0.023998681
0.055228148
0.03294464
0.018814875
0.034233134
0.045207612
0.046924777
0.008358839
0.047652774
0.04545206
0.016336534
0.022903128
0.026933279
0.033763863
0.031389706
0.028752584
0.023421912
0.021537729
0.019089323
0.011840975
0.015173508
0.043069094
0.03989495
0.030758586
0.0344042
0.041636348
0.009893701
0.009887662
0.04146559
0.035405114
train_time
22.005078399999974
17.564067000000023
20.290833099999986
15.556638300000031
14.271256799999946
15.400402799999938
11.084324799999877
15.970325600000024
14.11663019999969
27.523433300000306
14.091759400000228
16.92109550000032
12.070133499999883
14.213764999999967
19.36688890000005
17.31834489999983
16.904940200000055
22.82228050000049
17.355117600000085
23.20576650000021
17.88482120000026
15.804623900000479
56.40638899999976
17.832269600000473
15.817333300000428
15.587716400000318
14.917272999999113
12.456083999999464
14.03040400000009
19.437721500000407
25.850572999999713
17.96951810000064


================================================================================
=== twin network matrix feature map
train_risk
0.04743552
0.034321055
0.046084624
0.09536092
0.0610922
0.037836548
0.062628165
0.07960375
0.08106094
0.02031601
0.083924174
0.07950521
0.033048194
0.043362875
0.050846923
0.062026013
0.05641764
0.05176972
0.046176583
0.04034126
0.038434308
0.026385792
0.03158998
0.07561865
0.07059466
0.054890558
0.06214465
0.07466789
0.02262442
0.02162854
0.07364261
0.06231528
test_risk
0.047447097
0.034350682
0.046127517
0.0955649
0.061040442
0.037792604
0.06260892
0.07959635
0.081106916
0.02031929
0.084083505
0.07960014
0.033055354
0.043388527
0.051007606
0.06219426
0.05630693
0.051757358
0.046186227
0.04032308
0.038465813
0.026352925
0.031589285
0.07554231
0.07052561
0.054855134
0.062063966
0.07466298
0.022593617
0.021638129
0.07384939
0.062307857
test_mean_value
-1.8432573e-05
-5.3087413e-05
7.191113e-05
-0.00028339497
3.405598e-05
-7.700058e-06
3.2858836e-05
-3.792761e-05
6.289678e-05
-1.0520064e-05
0.00012484046
7.042375e-05
2.0230511e-05
0.00016137918
-6.3000545e-05
6.497538e-05
5.9745118e-05
-2.7416481e-05
6.768286e-05
-3.4269729e-06
-4.9228453e-05
4.1831342e-07
-2.3244234e-05
-3.7921283e-05
8.4957544e-05
2.889745e-05
-9.704268e-05
-6.2993015e-05
-3.38153e-05
-2.8990875e-05
0.0001065719
-2.1886215e-05
test_mean_abs_value
0.02657673
0.01773733
0.026136393
0.061208133
0.03499528
0.020248763
0.036716264
0.04993713
0.05141721
0.00881043
0.054104496
0.050929412
0.017682638
0.02486237
0.029436441
0.038067434
0.03456685
0.031922445
0.026605621
0.02336226
0.02057637
0.012742515
0.016205192
0.046918344
0.043288488
0.033698827
0.038426995
0.046305157
0.0104934815
0.010564935
0.045892194
0.03902691
test_variance_value
0.0011414886
0.00051020045
0.0011014688
0.0059756124
0.0020508335
0.00066019344
0.0021945871
0.003994897
0.0042367973
0.00012476981
0.0046859505
0.0041864766
0.0005031114
0.0010044555
0.0013885288
0.0023017537
0.0019119037
0.001619059
0.0011188441
0.00088426564
0.0006803531
0.00026215383
0.00042536017
0.0035334
0.0030262894
0.0018325343
0.0023286014
0.0034516104
0.00017906759
0.00018224248
0.003367805
0.0024570576
test_mean_costs
0.006472186
0.0061091506
0.0063138916
0.0083586415
0.007134731
0.0063486863
0.007390797
0.008082823
0.0074647036
0.0047751595
0.0075983945
0.007577074
0.005346215
0.0054446873
0.0068964097
0.007506817
0.0061923037
0.0056126406
0.00669894
0.0050404123
0.006437966
0.005406592
0.005364765
0.0076704496
0.0070621553
0.0054628677
0.006258397
0.007844386
0.0044135107
0.0030077852
0.007877462
0.0060611228
test_mean_abs_costs
0.006472186
0.0061091506
0.0063138916
0.0083586415
0.007134731
0.0063486863
0.007390797
0.008082823
0.0074647036
0.0047751595
0.0075983945
0.007577074
0.005346215
0.0054446873
0.0068964097
0.007506817
0.0061923037
0.0056126406
0.00669894
0.0050404123
0.006437966
0.005406592
0.005364765
0.0076704496
0.0070621553
0.0054628677
0.006258397
0.007844386
0.0044135107
0.0030077852
0.007877462
0.0060611228
test_variance_costs
2.6006378e-06
2.2795803e-06
2.9758785e-06
6.4252567e-06
4.3009118e-06
2.5637455e-06
3.7674533e-06
4.610348e-06
4.134454e-06
1.0957739e-06
4.77078e-06
3.5812516e-06
1.7587844e-06
1.9838383e-06
3.8769963e-06
3.720538e-06
3.2721562e-06
2.4712162e-06
2.1929318e-06
1.7547867e-06
2.8358795e-06
1.4963213e-06
1.4116542e-06
4.5944416e-06
4.6312466e-06
2.702089e-06
2.955519e-06
5.342467e-06
8.4049736e-07
4.0280239e-07
4.5752467e-06
3.2895243e-06
test_mean_wealth
-0.031169968
-0.022547292
-0.03033862
-0.06361148
-0.04006853
-0.02517387
-0.04163527
-0.053259533
-0.054386567
-0.0131528955
-0.055285305
-0.052997835
-0.021667652
-0.028356979
-0.033858087
-0.041303694
-0.03754492
-0.034383778
-0.030118918
-0.026580356
-0.025543658
-0.017241335
-0.020530367
-0.050717507
-0.046951897
-0.03622583
-0.040658858
-0.04946687
-0.014322709
-0.012912261
-0.04936299
-0.041465998
test_mean_abs_wealth
0.031169968
0.022547292
0.03033862
0.06361148
0.04006853
0.02517387
0.04163527
0.053259533
0.054386567
0.0131528955
0.055285305
0.052997835
0.021667652
0.028356979
0.033858087
0.041303694
0.03754492
0.034383778
0.030118918
0.026580356
0.025543658
0.017241335
0.020530367
0.050717507
0.046951897
0.03622583
0.040658858
0.04946687
0.014322709
0.012912261
0.04936299
0.041465998
test_variance_wealth
5.665462e-05
3.0522977e-05
5.2144944e-05
0.00021469893
0.0001018613
3.6006353e-05
0.00010104517
0.00015898119
0.00016269828
1.1884059e-05
0.00017060757
0.00016076768
2.89512e-05
4.87309e-05
6.222793e-05
9.291579e-05
7.6521734e-05
6.695961e-05
5.8645837e-05
4.2063242e-05
3.6481983e-05
1.8983099e-05
2.7585129e-05
0.00014183065
0.000120601595
7.452116e-05
9.76367e-05
0.00013255523
1.5702073e-05
1.5959742e-05
0.00013450807
9.422633e-05
test_wealth_with_price_abs_mean
0.0080670975
0.006864402
0.007783842
0.013411843
0.010066811
0.007284988
0.010175409
0.012119795
0.011913719
0.005021208
0.011952661
0.011897298
0.0062424247
0.007154064
0.008546767
0.009883142
0.008608061
0.008027794
0.008341922
0.006674121
0.007342795
0.005846982
0.0062049786
0.011448912
0.010463596
0.008169314
0.009326274
0.011126807
0.0049264682
0.0039970777
0.011362747
0.009161431
test_wealth_with_price_variance
5.665462e-05
3.0522977e-05
5.2144944e-05
0.00021469893
0.0001018613
3.6006353e-05
0.00010104517
0.00015898119
0.00016269828
1.1884059e-05
0.00017060757
0.00016076768
2.89512e-05
4.87309e-05
6.222793e-05
9.291579e-05
7.6521734e-05
6.695961e-05
5.8645837e-05
4.2063242e-05
3.6481983e-05
1.8983099e-05
2.7585129e-05
0.00014183065
0.000120601595
7.452116e-05
9.76367e-05
0.00013255523
1.5702073e-05
1.5959742e-05
0.00013450807
9.422633e-05
price
0.024689777
0.01642124
0.023998681
0.055228148
0.03294464
0.018814875
0.034233134
0.045207612
0.046924777
0.008358839
0.047652774
0.04545206
0.016336534
0.022903128
0.026933279
0.033763863
0.031389706
0.028752584
0.023421912
0.021537729
0.019089323
0.011840975
0.015173508
0.043069094
0.03989495
0.030758586
0.0344042
0.041636348
0.009893701
0.009887662
0.04146559
0.035405114
train_time
14.749130200000025
18.68774780000001
13.891152000000034
17.258910299999798
14.327318999999989
16.944427800000085
11.1298319
10.937274800000068
14.15433639999992
15.260767499999929
14.147138999999697
13.128180000000157
21.553355699999884
19.403316700000232
19.422755699999925
16.374747800000023
16.44010759999992
20.320489499999894
17.623961400000553
15.534126800000195
17.52240560000064
14.533546900000147
18.357166900000266
16.900905600000442
15.951481199999762
18.38824829999976
13.150149100000817
14.342145999999957
14.442187300000114
19.068137400000523
12.118204599999444
18.609638700000687


