================================================================================
=== twin network
train_time
49.249150900000004
50.08143959999995
53.26833650000003
44.033095900000035
16.213614000000007
43.47583409999993
43.54627399999981
45.649968499999886
46.33029600000009
48.62909430000036
53.91232709999986
56.727332099999785
46.98515479999969
50.50261379999938
44.572912099999485
53.48228689999996
49.754033100000015
57.96015079999961
47.94899449999957
46.71335619999991
51.763474500000484
50.31384210000033
47.362428800001
21.049689400000716
46.787543300000834
50.21783900000082
52.97772079999959
16.880932699999903
49.08465989999968
19.380459199999677
53.34763380000004
65.75399740000103


================================================================================
=== continuous-time
train_risk
0.039757363
0.05446512
0.041132834
0.04160615
0.039167967
0.05539929
0.045788247
0.03812498
0.045449983
0.05297064
0.05101509
0.04082682
0.053469874
0.042672798
0.037515227
0.04383914
0.043272514
0.046207786
0.04321261
0.041360836
0.033566784
0.04872567
0.048286375
0.048752215
0.054195352
0.047697313
0.035515934
0.04855164
0.043640736
0.053569514
0.0477427
0.02716675
test_risk
0.039817236
0.054380413
0.041182365
0.041596875
0.03916804
0.055442512
0.045932624
0.03814711
0.04538117
0.05299054
0.050905637
0.04090587
0.053403635
0.0426447
0.037602045
0.04386472
0.0432441
0.04624709
0.043281578
0.041411217
0.03353039
0.048689708
0.048349727
0.04880119
0.05425539
0.047711026
0.035473157
0.04843796
0.043735024
0.05344697
0.047612928
0.027186925
test_mean_value
1.28014935e-05
1.8612948e-06
-9.040767e-07
9.617519e-05
-3.0261019e-05
7.464029e-06
-7.166353e-05
7.810335e-05
8.731173e-05
-0.00010148244
-8.490958e-05
-1.0251305e-05
-1.3157654e-05
-3.6519974e-05
1.7043445e-05
-7.47432e-06
4.9804286e-05
5.697177e-05
1.9992201e-05
-3.565078e-05
2.037191e-06
-2.128813e-05
-5.7437475e-05
5.089653e-05
-1.6855458e-05
-5.58389e-05
-1.9662995e-05
2.288063e-05
2.7763588e-05
-7.1132425e-05
-9.071281e-06
1.18594835e-05
test_mean_abs_value
0.016368777
0.027341215
0.017385915
0.017746435
0.015896648
0.028024482
0.020840038
0.015107753
0.020599443
0.026185822
0.024631986
0.0171564
0.026575517
0.018530848
0.014649836
0.019351913
0.018978924
0.021192698
0.018961953
0.01750878
0.011543199
0.022984138
0.022792129
0.023036648
0.027022429
0.02224453
0.013015925
0.022878181
0.019269852
0.02652059
0.022309458
0.0066323173
test_variance_value
0.00043711107
0.0012184527
0.0004936159
0.0005124512
0.00041155418
0.0012828363
0.0007067526
0.0003729096
0.0006912071
0.0011156789
0.0009890301
0.00047902393
0.0011513925
0.00055868214
0.00034899142
0.0006110214
0.00058661733
0.00073096505
0.000584695
0.0004988139
0.00021695039
0.0008618096
0.00084689894
0.00086838315
0.0011890145
0.0008077425
0.00027599596
0.00085290795
0.00060529704
0.0011473763
0.0008102114
7.165162e-05
test_mean_costs
0.010911764
0.010900585
0.01090064
0.010904257
0.010897623
0.010911526
0.01091463
0.010912202
0.0109097725
0.010914318
0.01092223
0.010907471
0.010906107
0.010914137
0.0109075
0.01091912
0.010905832
0.010903499
0.010907188
0.010911662
0.010912933
0.010905309
0.010903631
0.010905566
0.01091525
0.010913254
0.010911482
0.010908663
0.010917693
0.010909919
0.010889668
0.010914464
test_mean_abs_costs
0.010911764
0.010900585
0.01090064
0.010904257
0.010897623
0.010911526
0.01091463
0.010912202
0.0109097725
0.010914318
0.01092223
0.010907471
0.010906107
0.010914137
0.0109075
0.01091912
0.010905832
0.010903499
0.010907188
0.010911662
0.010912933
0.010905309
0.010903631
0.010905566
0.01091525
0.010913254
0.010911482
0.010908663
0.010917693
0.010909919
0.010889668
0.010914464
test_variance_costs
1.3405892e-05
1.347427e-05
1.3409541e-05
1.3378199e-05
1.3413848e-05
1.34419515e-05
1.3453409e-05
1.3466679e-05
1.3370932e-05
1.3423632e-05
1.3456371e-05
1.3387621e-05
1.3406851e-05
1.3396993e-05
1.3418181e-05
1.3464051e-05
1.3445828e-05
1.3405853e-05
1.3409041e-05
1.34444435e-05
1.3452623e-05
1.3454303e-05
1.3426193e-05
1.3437228e-05
1.3449887e-05
1.3411222e-05
1.3418611e-05
1.3467503e-05
1.3430901e-05
1.3402752e-05
1.3343211e-05
1.34326665e-05
test_mean_wealth
-0.025350766
-0.035011083
-0.026254045
-0.026548114
-0.0249388
-0.035687756
-0.029366411
-0.024244577
-0.029101891
-0.034088444
-0.032700755
-0.026074098
-0.0343585
-0.027274149
-0.023860576
-0.028044809
-0.027636351
-0.029612865
-0.027664335
-0.026401049
-0.021117365
-0.031207561
-0.031022925
-0.03125521
-0.034793954
-0.030595573
-0.022431154
-0.031109473
-0.027936403
-0.034387104
-0.030596547
-0.01677172
test_mean_abs_wealth
0.025350766
0.035011083
0.026254045
0.026548114
0.0249388
0.035687756
0.029366411
0.024244577
0.029101891
0.034088444
0.032700755
0.026074098
0.0343585
0.027274149
0.023860576
0.028044809
0.027636351
0.029612865
0.027664335
0.026401049
0.021117365
0.031207561
0.031022925
0.03125521
0.034793954
0.030595573
0.022431154
0.031109473
0.027936403
0.034387104
0.030596547
0.01677172
test_variance_wealth
3.1637497e-05
5.6769295e-05
3.3572727e-05
3.4210756e-05
3.077317e-05
5.8966823e-05
4.09865e-05
2.9481726e-05
4.0043178e-05
5.3703174e-05
4.982851e-05
3.32095e-05
5.4455246e-05
3.5854915e-05
2.8734545e-05
3.7742866e-05
3.662091e-05
4.1354466e-05
3.667814e-05
3.393818e-05
2.409587e-05
4.5835477e-05
4.5101588e-05
4.5874804e-05
5.652045e-05
4.403226e-05
2.6154743e-05
4.529271e-05
3.7498372e-05
5.4666976e-05
4.3547105e-05
1.8100802e-05
test_wealth_with_price_abs_mean
0.0109236175
0.011116191
0.010917467
0.010925757
0.010910549
0.011138523
0.010970324
0.010928142
0.010969023
0.011083362
0.0110492725
0.010924777
0.011073575
0.010944522
0.010915582
0.01097436
0.010942094
0.010973668
0.010949171
0.010938215
0.010920519
0.010983261
0.010986895
0.01100051
0.01112477
0.010985809
0.010912234
0.010998067
0.010958553
0.0110753635
0.010971168
0.010920835
test_wealth_with_price_variance
3.1637497e-05
5.676929e-05
3.357273e-05
3.4210756e-05
3.0773168e-05
5.8966827e-05
4.09865e-05
2.9481726e-05
4.0043178e-05
5.3703177e-05
4.982851e-05
3.32095e-05
5.445525e-05
3.5854915e-05
2.8734545e-05
3.7742866e-05
3.662091e-05
4.1354466e-05
3.667814e-05
3.3938177e-05
2.4095869e-05
4.5835477e-05
4.5101588e-05
4.5874804e-05
5.652045e-05
4.403226e-05
2.6154741e-05
4.529271e-05
3.7498372e-05
5.4666976e-05
4.3547105e-05
1.8100802e-05
price
0.014440809
0.02410498
0.015357369
0.015645005
0.014040294
0.024786608
0.018455118
0.013325393
0.018186804
0.023180323
0.02178339
0.015169147
0.023467662
0.016359655
0.012951752
0.017109795
0.016727464
0.018700488
0.016749758
0.015484023
0.010198037
0.020319639
0.020127594
0.02034912
0.023871785
0.01969064
0.011521555
0.020201975
0.017016895
0.023498159
0.019704593
0.005850898
train_time
7.101076700000007
12.50910429999999
8.337860700000078
4.5063542000000325
4.4339330999998765
4.743951299999935
3.328878300000042
5.480931800000235
6.334238899999946
3.7427934000002097
11.563519100000121
8.875392200000078
5.035061799999312
5.448265800000627
7.7040077000001475
12.709950099999332
4.039538399999401
7.943945099999837
4.116834100000233
6.10673129999941
11.556367999999566
3.785163399999874
6.103737299999921
8.521180899999308
4.1995609999994485
9.566628900000069
6.130682400000296
5.151634299998477
5.858501000000615
5.4410294000008435
3.961257699998896
8.690181800000573


================================================================================
=== true linear feature map
train_risk
0.029069513
0.045309655
0.03084492
0.03241709
0.02872233
0.047217768
0.034660716
0.02816767
0.03622648
0.044037566
0.04122803
0.03149558
0.044331525
0.03269758
0.02715687
0.033549387
0.033957608
0.03649216
0.033684287
0.030190181
0.021235786
0.038637977
0.03765976
0.04028073
0.044259764
0.036630906
0.023579849
0.039504007
0.03188522
0.04500771
0.037605535
0.013641762
test_risk
0.029055486
0.045337155
0.030887408
0.032475714
0.028716559
0.047200896
0.03469551
0.028150884
0.036244385
0.0441093
0.041190226
0.031544816
0.04426867
0.032641385
0.027133506
0.033572186
0.033949204
0.036582693
0.03370678
0.030230615
0.02122991
0.03861024
0.03774405
0.0402936
0.044312533
0.036664996
0.023524309
0.03943334
0.03194015
0.045035165
0.037498612
0.013641498
test_mean_value
9.445198e-06
-4.7807853e-06
-3.7085308e-06
8.6731656e-05
-3.893889e-05
1.3346793e-05
-6.395492e-05
7.582981e-05
8.8070745e-05
-9.4831725e-05
-6.889392e-05
2.1044173e-08
-1.9587425e-05
-4.0100007e-05
2.2765926e-05
-5.6955823e-06
5.2060517e-05
5.4669767e-05
1.7935115e-05
-3.7661066e-05
2.0366645e-06
-2.1412812e-05
-5.6573914e-05
4.9890987e-05
-4.33206e-06
-4.880518e-05
-1.6301998e-05
2.5643963e-05
3.2946584e-05
-6.23027e-05
-2.8550448e-05
1.3441842e-05
test_mean_abs_value
0.015684715
0.02637994
0.01673177
0.016918749
0.015092717
0.026848529
0.020135963
0.014423685
0.019649409
0.025070831
0.023740176
0.016327707
0.02559075
0.017738301
0.013965665
0.01857917
0.018049967
0.020596877
0.018132921
0.01678298
0.011102202
0.022143545
0.022045333
0.022257611
0.026104422
0.02150877
0.0124402
0.021971093
0.018610207
0.025493026
0.021634437
0.0062314244
test_variance_value
0.0003948448
0.0011157449
0.0004499222
0.0004573963
0.00036463529
0.0011569886
0.0006491716
0.00033577162
0.0006188919
0.0010057889
0.0009038241
0.0004260182
0.0010495124
0.0005033666
0.00031194492
0.00055344764
0.0005216603
0.0006810851
0.0005260929
0.0004504271
0.00019758646
0.0007875192
0.0007799325
0.0007950385
0.0010922786
0.0007432916
0.0002480816
0.000772614
0.0005563576
0.0010421529
0.000750729
6.2188206e-05
test_mean_costs
0.004477226
0.0059339125
0.0047498676
0.005539818
0.0046832603
0.006573775
0.004424498
0.004512568
0.005601155
0.0060617183
0.005421306
0.0055653136
0.0059465123
0.0049877972
0.0045773434
0.0048518674
0.005527983
0.0052582985
0.0053461757
0.004402893
0.0032248208
0.004914
0.004718566
0.0063284817
0.005363265
0.004570112
0.0035355708
0.0058456487
0.0038314299
0.0063130055
0.005131424
0.002360738
test_mean_abs_costs
0.004477226
0.0059339125
0.0047498676
0.005539818
0.0046832603
0.006573775
0.004424498
0.004512568
0.005601155
0.0060617183
0.005421306
0.0055653136
0.0059465123
0.0049877972
0.0045773434
0.0048518674
0.005527983
0.0052582985
0.0053461757
0.004402893
0.0032248208
0.004914
0.004718566
0.0063284817
0.005363265
0.004570112
0.0035355708
0.0058456487
0.0038314299
0.0063130055
0.005131424
0.002360738
test_variance_costs
1.3176445e-06
2.5880743e-06
1.3510938e-06
1.7908357e-06
1.3324725e-06
3.331612e-06
1.4870301e-06
8.4103556e-07
2.065254e-06
2.7150984e-06
2.1878666e-06
2.0827968e-06
2.834878e-06
1.7214991e-06
1.3430003e-06
1.6119122e-06
1.9699303e-06
1.2677345e-06
1.941063e-06
1.4088743e-06
6.2143624e-07
1.8874005e-06
1.4724476e-06
2.8690044e-06
2.36968e-06
1.591054e-06
9.1550197e-07
2.5051827e-06
1.072524e-06
2.8892282e-06
1.4450301e-06
3.1991547e-07
test_mean_wealth
-0.018919585
-0.03005105
-0.020106077
-0.021193117
-0.018733114
-0.03134412
-0.02286857
-0.017847216
-0.023792515
-0.029229194
-0.027183816
-0.020721668
-0.029405337
-0.02135139
-0.017524697
-0.021975778
-0.022256246
-0.023969967
-0.022105379
-0.01989429
-0.013429253
-0.025216378
-0.024836995
-0.026679134
-0.029229445
-0.024245398
-0.015051881
-0.026043696
-0.020844957
-0.029781362
-0.024857782
-0.008216413
test_mean_abs_wealth
0.018919585
0.03005105
0.020106077
0.021193117
0.018733114
0.03134412
0.02286857
0.017847216
0.023792515
0.029229194
0.027183816
0.020721668
0.029405337
0.02135139
0.017524697
0.021975778
0.022256246
0.023969967
0.022105379
0.01989429
0.013429253
0.025216378
0.024836995
0.026679134
0.029229445
0.024245398
0.015051881
0.026043696
0.020844957
0.029781362
0.024857782
0.008216413
test_variance_wealth
2.184876e-05
5.0626568e-05
2.4739427e-05
2.696625e-05
2.1201351e-05
5.3802305e-05
2.9928155e-05
2.2231883e-05
3.307037e-05
4.7421527e-05
4.2315674e-05
2.4908833e-05
4.7666377e-05
2.7318021e-05
1.9500834e-05
2.875023e-05
2.9094346e-05
3.3646604e-05
2.8633935e-05
2.2797047e-05
1.2836784e-05
3.8373888e-05
3.6032976e-05
3.952947e-05
4.8752234e-05
3.3082983e-05
1.4964033e-05
3.860767e-05
2.6357662e-05
4.9709546e-05
3.435789e-05
5.8586907e-06
test_wealth_with_price_abs_mean
0.0052745407
0.007528341
0.005603016
0.006255549
0.0053864457
0.008011045
0.005679044
0.005299863
0.0065725553
0.0074549094
0.006849075
0.006181728
0.0074010133
0.005901777
0.0052053123
0.005886899
0.0063388348
0.006356861
0.006201033
0.005297231
0.0038935707
0.006357278
0.0061611035
0.0073288376
0.007092921
0.00592334
0.004228546
0.0069639026
0.005147062
0.0076862974
0.006342417
0.0027224363
test_wealth_with_price_variance
2.184876e-05
5.0626568e-05
2.473943e-05
2.696625e-05
2.1201351e-05
5.3802305e-05
2.9928155e-05
2.2231883e-05
3.307037e-05
4.7421527e-05
4.2315674e-05
2.4908833e-05
4.7666377e-05
2.7318021e-05
1.9500834e-05
2.875023e-05
2.9094346e-05
3.3646604e-05
2.8633935e-05
2.2797047e-05
1.2836784e-05
3.8373888e-05
3.6032976e-05
3.952947e-05
4.8752234e-05
3.3082983e-05
1.4964033e-05
3.860767e-05
2.6357662e-05
4.9709546e-05
3.435789e-05
5.8586907e-06
price
0.014440809
0.02410498
0.015357369
0.015645005
0.014040294
0.024786608
0.018455118
0.013325393
0.018186804
0.023180323
0.02178339
0.015169147
0.023467662
0.016359655
0.012951752
0.017109795
0.016727464
0.018700488
0.016749758
0.015484023
0.010198037
0.020319639
0.020127594
0.02034912
0.023871785
0.01969064
0.011521555
0.020201975
0.017016895
0.023498159
0.019704593
0.005850898
train_time
41.9842649
47.324772800000005
26.47122139999999
19.678861400000073
29.930916799999977
32.47502409999993
39.42951160000007
19.04352659999995
31.592732999999953
33.91113660000019
64.68868440000006
60.47900129999971
63.18925600000057
66.6210443
44.336795500000335
58.46667079999952
39.74325389999922
40.757820699999684
36.233619499999804
48.38332029999947
54.66058520000024
51.297991999999795
68.68074559999877
34.65907329999936
65.02130430000034
41.71740250000039
35.597313099999155
59.40487109999958
50.61158220000107
45.50761969999985
30.23254100000122
73.05808520000028


================================================================================
=== deep network
train_risk
0.029703008
0.04682415
0.03172195
0.032169905
0.02920922
0.047445375
0.035273638
0.027919194
0.036897823
0.04431386
0.041533407
0.032856323
0.044630773
0.033051018
0.028096896
0.03418047
0.034739442
0.036022324
0.03408727
0.030533103
0.022274897
0.038801294
0.038256798
0.040453117
0.045265947
0.036753636
0.024711097
0.040346522
0.03268878
0.04510343
0.03654948
0.017351357
test_risk
0.029709075
0.04683994
0.031763602
0.03220184
0.029288385
0.04747046
0.035333127
0.02793701
0.036969807
0.04441672
0.04157255
0.03291597
0.04465715
0.03310184
0.028113455
0.034204304
0.034802962
0.036103584
0.03411338
0.03060097
0.022287257
0.038833696
0.03840331
0.040490925
0.04537877
0.03680529
0.02471693
0.04038675
0.03278149
0.045120515
0.036515832
0.017359024
test_mean_value
9.766154e-06
-5.8605547e-06
-3.2711666e-06
8.7794426e-05
-4.0256167e-05
1.7693916e-05
-6.1791645e-05
7.166383e-05
9.409929e-05
-8.556265e-05
-6.713683e-05
-6.053308e-06
-1.6251335e-05
-3.9266608e-05
2.1595813e-05
5.4759994e-08
4.8537368e-05
5.9321537e-05
1.5526357e-05
-3.45531e-05
3.8294706e-07
-1.8140352e-05
-5.828937e-05
5.3118016e-05
-8.4415005e-06
-4.9290953e-05
-1.7734601e-05
2.6958784e-05
3.1718497e-05
-6.217764e-05
-2.9502824e-05
1.622928e-05
test_mean_abs_value
0.015431476
0.025913415
0.016331144
0.016849332
0.015021621
0.026942577
0.01986831
0.014237013
0.019514723
0.024875442
0.0234458
0.016068615
0.025311498
0.017542839
0.013748199
0.018303296
0.017920174
0.020220058
0.017944846
0.016599333
0.010871103
0.021841338
0.021761343
0.021860989
0.026238037
0.021288622
0.012296243
0.02176724
0.018225327
0.025286185
0.021410128
0.00576864
test_variance_value
0.00038633807
0.0010947372
0.00043604305
0.00045807124
0.00036459917
0.0011800376
0.00064195984
0.00033114507
0.00061807805
0.0010046537
0.0008943427
0.0004183454
0.0010406291
0.0004983516
0.0003046887
0.000545653
0.00051975
0.0006627026
0.0005210007
0.00044736266
0.00019174746
0.00077511696
0.0007691285
0.0007773514
0.0011148843
0.00073680346
0.0002452494
0.0007665032
0.00054523017
0.0010377031
0.0007422242
5.23448e-05
test_mean_costs
0.0052597336
0.007691443
0.005442839
0.0056756916
0.0053566634
0.007428028
0.0053784517
0.0043802415
0.0065778615
0.0069298083
0.0063090036
0.0062690326
0.0068650297
0.0057641943
0.005410146
0.0058296295
0.006370099
0.0052673775
0.0061594904
0.005119711
0.0037990506
0.0057627456
0.0056075044
0.0071064173
0.006847407
0.005186152
0.004035296
0.00704148
0.004551875
0.0071767573
0.0050642914
0.00048722423
test_mean_abs_costs
0.0052597336
0.007691443
0.005442839
0.0056756916
0.0053566634
0.007428028
0.0053784517
0.0043802415
0.0065778615
0.0069298083
0.0063090036
0.0062690326
0.0068650297
0.0057641943
0.005410146
0.0058296295
0.006370099
0.0052673775
0.0061594904
0.005119711
0.0037990506
0.0057627456
0.0056075044
0.0071064173
0.006847407
0.005186152
0.004035296
0.00704148
0.004551875
0.0071767573
0.0050642914
0.00048722423
test_variance_costs
1.5499651e-06
2.5410436e-06
1.4265797e-06
1.8568117e-06
1.6033432e-06
3.180061e-06
1.567731e-06
1.159999e-06
2.2411614e-06
2.5789955e-06
2.3063867e-06
2.059951e-06
2.859479e-06
1.8547485e-06
1.5753591e-06
1.8186241e-06
2.2278493e-06
1.7484208e-06
2.050267e-06
1.4059565e-06
9.0040254e-07
1.9323736e-06
1.9045309e-06
2.8590362e-06
2.403081e-06
1.5664448e-06
9.1575566e-07
2.7327485e-06
9.849398e-07
3.0748165e-06
1.5585257e-06
9.1832835e-09
test_mean_wealth
-0.019701771
-0.03180966
-0.02079861
-0.021327928
-0.019407835
-0.032194026
-0.023820361
-0.017719055
-0.024763193
-0.030088015
-0.028069757
-0.021431461
-0.030320518
-0.022126952
-0.01835867
-0.022947788
-0.023101885
-0.023974393
-0.022921104
-0.020608
-0.014005137
-0.026061852
-0.02572765
-0.027453842
-0.030717697
-0.024861924
-0.015553039
-0.027238213
-0.02156663
-0.030644989
-0.024791602
-0.006340111
test_mean_abs_wealth
0.019701771
0.03180966
0.02079861
0.021327928
0.019407835
0.032194026
0.023820361
0.017719055
0.024763193
0.030088015
0.028069757
0.021431461
0.030320518
0.022126952
0.01835867
0.022947788
0.023101885
0.023974393
0.022921104
0.020608
0.014005137
0.026061852
0.02572765
0.027453842
0.030717697
0.024861924
0.015553039
0.027238213
0.02156663
0.030644989
0.024791602
0.006343357
test_variance_wealth
2.4108627e-05
5.9403832e-05
2.94271e-05
2.8370801e-05
2.357871e-05
6.0181683e-05
3.4417346e-05
2.3667246e-05
3.841434e-05
5.3635078e-05
4.7383473e-05
3.13619e-05
5.3505475e-05
3.0167392e-05
2.2216918e-05
3.2218184e-05
3.391896e-05
3.5342804e-05
3.1967666e-05
2.5608073e-05
1.5104341e-05
4.1477502e-05
3.9861967e-05
4.4182056e-05
5.501574e-05
3.662926e-05
1.8591652e-05
4.4213702e-05
3.2363783e-05
5.4335564e-05
3.5784957e-05
1.9007575e-05
test_wealth_with_price_abs_mean
0.0060007484
0.009141384
0.006374619
0.006490381
0.006055099
0.008950514
0.0066332906
0.005349142
0.0075825895
0.00841606
0.0077688573
0.0069997287
0.008367088
0.006660296
0.0059838993
0.006812906
0.007226626
0.0065481584
0.0070210337
0.0060241944
0.004437744
0.007159425
0.006989107
0.008183737
0.008407491
0.006609097
0.0048072306
0.008119414
0.0060195886
0.00859387
0.0065248194
0.0034410213
test_wealth_with_price_variance
2.4108627e-05
5.9403832e-05
2.9427101e-05
2.8370801e-05
2.357871e-05
6.0181683e-05
3.4417346e-05
2.3667246e-05
3.841434e-05
5.3635078e-05
4.7383473e-05
3.13619e-05
5.3505475e-05
3.0167392e-05
2.2216918e-05
3.2218184e-05
3.391896e-05
3.5342804e-05
3.1967666e-05
2.5608073e-05
1.5104341e-05
4.1477502e-05
3.9861967e-05
4.4182056e-05
5.501574e-05
3.662926e-05
1.8591652e-05
4.4213702e-05
3.2363783e-05
5.4335564e-05
3.5784957e-05
1.9007575e-05
price
0.014440809
0.02410498
0.015357369
0.015645005
0.014040294
0.024786608
0.018455118
0.013325393
0.018186804
0.023180323
0.02178339
0.015169147
0.023467662
0.016359655
0.012951752
0.017109795
0.016727464
0.018700488
0.016749758
0.015484023
0.010198037
0.020319639
0.020127594
0.02034912
0.023871785
0.01969064
0.011521555
0.020201975
0.017016895
0.023498159
0.019704593
0.005850898
train_time
142.21825429999998
84.60421720000005
110.77910240000006
153.51761829999987
196.48913199999993
114.0174121
114.87608740000019
201.3897847999997
142.8983328999998
165.00440879999996
167.9836849000003
146.10423630000014
165.30192629999965
253.94060050000007
214.08629130000008
193.79700890000004
174.18005940000057
210.38670529999945
276.3068274999996
235.29045330000008
193.59809170000062
192.9899108999998
173.5955052999998
266.28073289999884
189.96058380000068
237.64176989999942
190.13204450000012
170.9400267000001
599.4257121999999
217.35265400000026
283.7889966999992
188.30145540000012


================================================================================
=== twin network linear feature map
train_risk
0.029333688
0.046827935
0.030997174
0.03250224
0.028862268
0.047550756
0.034990847
0.027122831
0.03642163
0.044263177
0.041547943
0.031856593
0.044572
0.032966632
0.027383469
0.033688046
0.034200046
0.03578199
0.034199055
0.03045288
0.021335233
0.038690936
0.0377976
0.04008481
0.044785943
0.036952063
0.023598546
0.039914265
0.031855978
0.045067918
0.03696738
0.01360766
test_risk
0.029314624
0.046883155
0.031029766
0.032540515
0.028854655
0.047537953
0.035023488
0.027105931
0.036448125
0.044334076
0.041523088
0.031891778
0.044512317
0.03292678
0.027367875
0.033720035
0.03417444
0.035832822
0.034204613
0.030497544
0.021317722
0.038679346
0.037873287
0.040109556
0.044839434
0.03700175
0.023558185
0.039801456
0.03190945
0.04509165
0.0368805
0.013618265
test_mean_value
1.0576653e-05
-6.1991836e-06
-3.8246826e-06
8.957927e-05
-3.6628087e-05
1.2126413e-05
-6.455886e-05
7.0794595e-05
8.8323264e-05
-9.739586e-05
-7.063051e-05
1.1876654e-07
-1.9653648e-05
-3.9709623e-05
2.2638244e-05
-6.006693e-06
5.3655556e-05
5.7804227e-05
1.9964064e-05
-4.0803854e-05
1.7846909e-06
-2.1120442e-05
-5.9856044e-05
4.936185e-05
-5.713624e-06
-4.955899e-05
-1.621519e-05
2.8874592e-05
3.3289423e-05
-5.9955444e-05
-2.545646e-05
1.4513858e-05
test_mean_abs_value
0.015546767
0.025945198
0.016773023
0.01710738
0.015039513
0.026837349
0.02007761
0.014555641
0.01960726
0.02485159
0.023714913
0.01619468
0.02550966
0.017515833
0.014051641
0.01852375
0.017852182
0.020612681
0.018089017
0.017064122
0.010933222
0.022127727
0.022245618
0.022145519
0.026004704
0.021710292
0.012524806
0.0214932
0.018543042
0.02556737
0.02165273
0.0061555505
test_variance_value
0.00039371746
0.0010823084
0.00044864623
0.00046659092
0.0003651764
0.0011571954
0.0006476428
0.00033928372
0.00062158704
0.001000971
0.0009018736
0.000424071
0.0010463635
0.0004987218
0.00031146553
0.0005513128
0.0005197731
0.00067629974
0.0005262834
0.00046245565
0.00019362323
0.0007867325
0.00078414514
0.00078727
0.0010833462
0.000751951
0.00024902896
0.0007620403
0.00055627397
0.0010447651
0.00074966135
6.141051e-05
test_mean_costs
0.004372047
0.006442668
0.004757308
0.0056551984
0.0047768527
0.0065878266
0.004417665
0.0037807478
0.00560501
0.006094764
0.005431311
0.005662669
0.0061234282
0.0050210203
0.0045346403
0.0048934054
0.005492914
0.004368159
0.0054316185
0.004432177
0.0031254012
0.004914405
0.004781798
0.0062873475
0.00546061
0.0046092193
0.0033832053
0.005844837
0.0038118965
0.0063242335
0.004649243
0.0020584697
test_mean_abs_costs
0.004372047
0.006442668
0.004757308
0.0056551984
0.0047768527
0.0065878266
0.004417665
0.0037807478
0.00560501
0.006094764
0.005431311
0.005662669
0.0061234282
0.0050210203
0.0045346403
0.0048934054
0.005492914
0.004368159
0.0054316185
0.004432177
0.0031254012
0.004914405
0.004781798
0.0062873475
0.00546061
0.0046092193
0.0033832053
0.005844837
0.0038118965
0.0063242335
0.004649243
0.0020584697
test_variance_costs
1.3104044e-06
2.6129253e-06
1.5825798e-06
1.7268138e-06
1.2350471e-06
3.5546109e-06
1.6949389e-06
1.0417916e-06
2.4911221e-06
2.913966e-06
2.307035e-06
1.866792e-06
2.8102759e-06
1.7764646e-06
1.4586655e-06
1.7482811e-06
2.0007988e-06
1.5496054e-06
2.2424194e-06
1.3319748e-06
7.2146753e-07
1.9157317e-06
1.4605502e-06
2.5958625e-06
2.5442625e-06
1.6975695e-06
8.43515e-07
2.5010759e-06
1.1212788e-06
2.6827327e-06
1.5493404e-06
1.8472291e-07
test_mean_wealth
-0.018813275
-0.030561225
-0.020113634
-0.02130565
-0.018824395
-0.031359393
-0.022862341
-0.01712043
-0.023796117
-0.029264804
-0.027195558
-0.020818925
-0.02958232
-0.021384222
-0.017482122
-0.022017626
-0.022219582
-0.023076693
-0.022188794
-0.019926718
-0.013330085
-0.02521649
-0.02490351
-0.026638528
-0.029328173
-0.024285259
-0.014899429
-0.026039653
-0.02082508
-0.029790243
-0.024372507
-0.007913072
test_mean_abs_wealth
0.018813275
0.030561225
0.020113634
0.02130565
0.018824395
0.031359393
0.022862341
0.01712043
0.023796117
0.029264804
0.027195558
0.020818925
0.02958232
0.021384222
0.017482122
0.022017626
0.022219582
0.023076693
0.022188794
0.019926718
0.013330085
0.02521649
0.02490351
0.026638528
0.029328173
0.024285259
0.014899429
0.026039653
0.02082508
0.029790243
0.024372507
0.0079130735
test_variance_wealth
2.2896807e-05
5.3938118e-05
2.4953748e-05
2.6596796e-05
2.2362465e-05
5.4400498e-05
3.0360568e-05
2.052666e-05
3.3573637e-05
4.9093218e-05
4.2998297e-05
2.6783466e-05
4.8667065e-05
2.8635592e-05
1.9913667e-05
2.8695904e-05
3.0522264e-05
3.3299664e-05
3.0106316e-05
2.3387674e-05
1.3122848e-05
3.7768612e-05
3.677122e-05
4.0214865e-05
4.9744434e-05
3.336777e-05
1.5551142e-05
4.2484684e-05
2.5931116e-05
5.1322495e-05
3.3494205e-05
6.794411e-06
test_wealth_with_price_abs_mean
0.005248651
0.007865075
0.0056011933
0.0063240626
0.005548595
0.007998138
0.0056498526
0.004729958
0.006578249
0.007548402
0.00684512
0.006349453
0.0075617274
0.005986597
0.0051711495
0.005891659
0.0063760327
0.005767747
0.0063006794
0.0053288713
0.0038390674
0.0062957746
0.00624209
0.007371757
0.007137167
0.005919188
0.0041704783
0.007153933
0.0051048663
0.0077787684
0.0060106236
0.0026541976
test_wealth_with_price_variance
2.2896807e-05
5.3938118e-05
2.4953748e-05
2.6596796e-05
2.2362465e-05
5.4400498e-05
3.0360568e-05
2.052666e-05
3.3573637e-05
4.9093218e-05
4.2998297e-05
2.6783466e-05
4.8667065e-05
2.8635592e-05
1.9913667e-05
2.8695904e-05
3.0522264e-05
3.3299664e-05
3.0106316e-05
2.3387674e-05
1.3122848e-05
3.7768612e-05
3.677122e-05
4.0214865e-05
4.9744434e-05
3.336777e-05
1.5551142e-05
4.2484684e-05
2.5931116e-05
5.1322495e-05
3.3494205e-05
6.794411e-06
price
0.014440809
0.02410498
0.015357369
0.015645005
0.014040294
0.024786608
0.018455118
0.013325393
0.018186804
0.023180323
0.02178339
0.015169147
0.023467662
0.016359655
0.012951752
0.017109795
0.016727464
0.018700488
0.016749758
0.015484023
0.010198037
0.020319639
0.020127594
0.02034912
0.023871785
0.01969064
0.011521555
0.020201975
0.017016895
0.023498159
0.019704593
0.005850898
train_time
38.08020680000004
24.94873000000007
26.17157050000003
21.03631150000001
28.635374100000035
33.33730770000011
45.50055879999991
38.245201299999735
37.68459609999991
34.24946399999999
42.17897489999996
91.51621329999944
45.432423299999755
56.49947930000053
47.55382809999992
61.99388379999982
37.04041679999955
36.43766659999983
56.820773099999315
41.04983150000044
49.217427799998404
49.67128219999904
166.4115137000008
45.56276479999906
36.2245180000009
57.1062624999995
54.95319349999954
76.17378910000116
70.64267640000071
41.711621899999955
45.41909359999954
46.41677789999994


================================================================================
=== twin network matrix feature map
train_risk
0.029314471
0.047690064
0.0310405
0.031625833
0.02891434
0.047645483
0.03520428
0.028421689
0.036507078
0.044238206
0.041628998
0.03155109
0.044778407
0.032863922
0.027406247
0.034250956
0.059680626
0.035839807
0.033903692
0.030430775
0.021269476
0.038897563
0.037667923
0.040362608
0.044735212
0.037075646
0.023799164
0.039868124
0.03208492
0.04518087
0.036779962
0.07494227
test_risk
0.029295515
0.047748774
0.031068569
0.031692166
0.02890839
0.04763613
0.03522945
0.028398797
0.03653752
0.04431507
0.041590065
0.031594574
0.044696722
0.032832246
0.027383257
0.034265783
0.05955902
0.035897303
0.033926886
0.030486599
0.021256234
0.03886987
0.03775424
0.040386185
0.04478236
0.03711054
0.023747806
0.03976204
0.03214627
0.045202084
0.036686964
0.075103976
test_mean_value
1.0272575e-05
-6.743718e-06
-3.1564493e-06
8.669776e-05
-3.6323403e-05
1.3345501e-05
-6.4248474e-05
7.209473e-05
8.891033e-05
-9.564535e-05
-7.105839e-05
2.9666234e-07
-2.1300191e-05
-3.9286144e-05
2.2802846e-05
-3.9231386e-06
7.529181e-05
5.8627287e-05
1.8114224e-05
-3.842952e-05
9.1751144e-07
-2.1381782e-05
-5.9688937e-05
5.0053888e-05
-5.559772e-06
-5.1500047e-05
-1.4816501e-05
2.9358762e-05
3.3638742e-05
-5.8684593e-05
-2.5554877e-05
2.7077867e-05
test_mean_abs_value
0.015584564
0.026593642
0.016831625
0.017081272
0.015014364
0.026917074
0.020022126
0.014376044
0.01964378
0.02481657
0.023782074
0.01624769
0.025544437
0.01757559
0.014087533
0.018576149
0.019869715
0.020685924
0.01803171
0.016972547
0.010978031
0.022211285
0.022262698
0.022318888
0.026160158
0.021775795
0.012578126
0.021537114
0.018602133
0.025572015
0.02159122
0.014011929
test_variance_value
0.00039473284
0.0011372323
0.0004515786
0.00046510462
0.00036419855
0.0011623825
0.00064325565
0.00033147327
0.0006241179
0.0009976656
0.0009072188
0.0004260274
0.0010491387
0.00050152204
0.0003127646
0.0005543094
0.000652993
0.00068070006
0.0005236739
0.00045701978
0.00019537048
0.00079222
0.00078700145
0.00079950294
0.0010967746
0.000757027
0.0002510445
0.0007638768
0.00055846723
0.0010450673
0.00074518874
0.00031513456
test_mean_costs
0.004489688
0.0072966847
0.004800531
0.0051078713
0.0047722925
0.0066598263
0.0046689487
0.0046309284
0.0055946824
0.0060144435
0.0055804104
0.005720957
0.006065927
0.0050972444
0.0046305456
0.0049380683
0.021257468
0.0043702214
0.005409448
0.004494381
0.0031792982
0.005009463
0.00470316
0.006407801
0.0054639694
0.004644353
0.0034875004
0.005836223
0.003933721
0.006529102
0.004554824
0.038954977
test_mean_abs_costs
0.004489688
0.0072966847
0.004800531
0.0051078713
0.0047722925
0.0066598263
0.0046689487
0.0046309284
0.0055946824
0.0060144435
0.0055804104
0.005720957
0.006065927
0.0050972444
0.0046305456
0.0049380683
0.021257468
0.0043702214
0.005409448
0.004494381
0.0031792982
0.005009463
0.00470316
0.006407801
0.0054639694
0.004644353
0.0034875004
0.005836223
0.003933721
0.006529102
0.004554824
0.038954977
test_variance_costs
1.3097173e-06
2.8596758e-06
1.480904e-06
1.689813e-06
1.1456118e-06
3.389652e-06
1.6322675e-06
8.479918e-07
2.1948713e-06
2.7746491e-06
2.2251572e-06
2.0197538e-06
2.529871e-06
1.9038889e-06
1.4919035e-06
1.656896e-06
8.692798e-06
1.5054533e-06
1.924626e-06
1.378309e-06
7.3604906e-07
1.912332e-06
1.2627503e-06
2.5648576e-06
2.4566186e-06
1.5955953e-06
8.4825365e-07
2.5441686e-06
1.1754378e-06
2.7977387e-06
1.6405075e-06
2.3996898e-05
test_mean_wealth
-0.01893122
-0.031415787
-0.020156188
-0.020761205
-0.018819531
-0.031430174
-0.023113314
-0.01796931
-0.023785204
-0.029182734
-0.027345086
-0.020877035
-0.029526465
-0.021460023
-0.017577862
-0.022060206
-0.0379625
-0.023077931
-0.022168472
-0.019986548
-0.01338485
-0.02531181
-0.024824705
-0.02675829
-0.029331379
-0.024322333
-0.015002325
-0.026030555
-0.020946557
-0.029993841
-0.024278186
-0.044797014
test_mean_abs_wealth
0.01893122
0.031415787
0.020156188
0.020761205
0.018819531
0.031430174
0.023113314
0.01796931
0.023785204
0.029182734
0.027345086
0.020877035
0.029526465
0.021460023
0.017577862
0.022060206
0.037962638
0.023077931
0.022168472
0.019986548
0.01338485
0.02531181
0.024824705
0.02675829
0.029331379
0.024322333
0.015002325
0.026030555
0.020946557
0.029993841
0.024278186
0.04480318
test_variance_wealth
2.2520697e-05
5.392575e-05
2.5002773e-05
2.5265581e-05
2.2697614e-05
5.4809727e-05
3.0170351e-05
2.2350056e-05
3.413649e-05
4.9266495e-05
4.275313e-05
2.5205838e-05
5.0080424e-05
2.7690268e-05
1.9581503e-05
3.0685627e-05
0.000103703336
3.3502496e-05
2.9260304e-05
2.3003433e-05
1.2802088e-05
3.824185e-05
3.671423e-05
4.097814e-05
4.9415474e-05
3.383331e-05
1.5754971e-05
4.2092484e-05
2.6256053e-05
5.015828e-05
3.2828633e-05
0.0002015858
test_wealth_with_price_abs_mean
0.0053117806
0.008432928
0.0056313914
0.0058857277
0.005562046
0.008061359
0.0057914057
0.005367897
0.00659426
0.00749392
0.0069315033
0.0063346145
0.0075742714
0.0059909215
0.0052214833
0.0059937057
0.021341704
0.005772992
0.0062618502
0.0053488743
0.0038520086
0.006369383
0.006201304
0.007473251
0.007128213
0.0059638945
0.0042430293
0.007124886
0.005178256
0.007859834
0.0059161955
0.03897015
test_wealth_with_price_variance
2.2520697e-05
5.392575e-05
2.5002775e-05
2.5265581e-05
2.2697614e-05
5.4809727e-05
3.0170351e-05
2.2350056e-05
3.413649e-05
4.9266495e-05
4.275313e-05
2.5205838e-05
5.0080424e-05
2.7690268e-05
1.9581503e-05
3.0685627e-05
0.000103703336
3.3502496e-05
2.9260304e-05
2.3003433e-05
1.2802088e-05
3.824185e-05
3.671423e-05
4.0978135e-05
4.9415474e-05
3.383331e-05
1.5754971e-05
4.2092484e-05
2.6256053e-05
5.015828e-05
3.2828633e-05
0.00020158582
price
0.014440809
0.02410498
0.015357369
0.015645005
0.014040294
0.024786608
0.018455118
0.013325393
0.018186804
0.023180323
0.02178339
0.015169147
0.023467662
0.016359655
0.012951752
0.017109795
0.016727464
0.018700488
0.016749758
0.015484023
0.010198037
0.020319639
0.020127594
0.02034912
0.023871785
0.01969064
0.011521555
0.020201975
0.017016895
0.023498159
0.019704593
0.005850898
train_time
38.66501800000003
23.034760799999958
24.973324299999945
50.9622081
29.620509800000036
39.78380580000021
42.75225820000014
30.14978169999995
38.78537809999989
39.77128930000026
47.01378520000026
52.18306570000004
46.1272143999995
52.41794630000004
48.946494099999654
60.0235075999999
18.508054800000536
37.667241599999215
38.82823169999938
59.78204619999997
59.264701899999636
36.56294229999912
79.56119649999891
36.226966000000175
39.679177199999685
45.82128269999885
72.78636539999934
59.773918899998534
73.99412190000112
53.6614400999988
67.68641240000034
30.926175200000216


