================================================================================
=== twin network
train_time
53.635114599999994
46.25503259999999
13.610312299999919
45.16689510000015
13.073306300000013
48.43624010000008
47.59895669999992
12.910526200000277
27.558307400000103
53.65330210000002
13.634270699999888
29.892300700000305
45.8019975000002
48.9953873000004
48.38535270000011
49.23676400000022
49.472177399999964
28.20804119999957
13.503606700000091
45.55362839999998
14.145714399999633
43.94762150000042
43.55335430000014
44.68856959999903
44.85097019999921
43.952453400001104
45.98933080000097
50.01967350000086
57.05298740000035
53.25490239999999
56.57096830000046
47.18519319999905


================================================================================
=== continuous-time
train_risk
0.040698826
0.05424545
0.05231176
0.049099237
0.05427966
0.052077767
0.04159892
0.052779958
0.032534584
0.04794211
0.044214457
0.054937333
0.05098853
0.046273142
0.05000469
0.045024242
0.049193952
0.03522124
0.0448765
0.043949053
0.06465538
0.048310358
0.054369874
0.040222514
0.043527443
0.049482744
0.04582002
0.05480761
0.044457972
0.035369746
0.050648883
0.05073629
test_risk
0.0405222
0.0543325
0.0524363
0.049181666
0.05421116
0.05215059
0.0415339
0.05267997
0.03255038
0.047802906
0.0442467
0.054825354
0.05102164
0.046311937
0.05004026
0.045017235
0.049187064
0.035211544
0.044915125
0.043897692
0.064643525
0.048199143
0.05414782
0.040203415
0.04356112
0.04940452
0.045787923
0.05468204
0.044469208
0.035316497
0.05064599
0.050796036
test_mean_value
-2.9175051e-05
-2.2872242e-05
8.677075e-05
-3.4173067e-05
2.896184e-05
6.4785614e-05
5.9191734e-05
6.041929e-05
1.06841235e-05
-2.1411044e-05
1.640219e-05
1.7064387e-05
-1.6567714e-05
-7.2869974e-05
-1.3081344e-05
-2.6059268e-05
-5.3132528e-05
5.323476e-06
4.4954986e-06
3.1952455e-05
0.00011259795
-7.735831e-05
0.00014618023
2.8602384e-05
-1.4822028e-05
4.2578657e-05
9.8647e-05
0.00012179042
-2.7714748e-05
3.995054e-05
3.4962253e-05
-9.7228665e-05
test_mean_abs_value
0.016974527
0.027250662
0.02584173
0.02327573
0.02722453
0.025562482
0.0177332
0.026043348
0.010830357
0.022323428
0.01965129
0.027624719
0.0247636
0.021158997
0.024014855
0.020225633
0.023353541
0.012903978
0.020172281
0.019488744
0.034869045
0.022661265
0.027250865
0.016634285
0.01916548
0.023636507
0.020942062
0.027539864
0.019827921
0.012991566
0.024516247
0.024498612
test_variance_value
0.00046838284
0.0012126133
0.0010868651
0.0008815956
0.0012051427
0.0010645225
0.0005111235
0.0011044187
0.00019116024
0.0008113718
0.00062783674
0.0012407147
0.0009984983
0.000729291
0.00093854225
0.00066638715
0.00088591874
0.00027197116
0.00066193007
0.0006188013
0.001977199
0.00083636015
0.0012127094
0.00045179416
0.00059907057
0.00090855546
0.0007159396
0.0012407191
0.00064107333
0.00027556354
0.0009803893
0.00097511907
test_mean_costs
0.010901752
0.010904021
0.010920818
0.010909598
0.010905883
0.010911766
0.010911186
0.010906152
0.010911434
0.01090797
0.010911867
0.010903829
0.010907611
0.010920472
0.0109013915
0.010915908
0.010916982
0.010903446
0.010907373
0.010889083
0.010902694
0.010898412
0.010902427
0.0109065315
0.010907416
0.010899142
0.010903382
0.0109094335
0.010899264
0.010906157
0.010903331
0.010915005
test_mean_abs_costs
0.010901752
0.010904021
0.010920818
0.010909598
0.010905883
0.010911766
0.010911186
0.010906152
0.010911434
0.01090797
0.010911867
0.010903829
0.010907611
0.010920472
0.0109013915
0.010915908
0.010916982
0.010903446
0.010907373
0.010889083
0.010902694
0.010898412
0.010902427
0.0109065315
0.010907416
0.010899142
0.010903382
0.0109094335
0.010899264
0.010906157
0.010903331
0.010915005
test_variance_costs
1.3384452e-05
1.3452441e-05
1.3392452e-05
1.3454427e-05
1.3415291e-05
1.342917e-05
1.3401862e-05
1.3410747e-05
1.3404182e-05
1.3389299e-05
1.3434878e-05
1.3441825e-05
1.3438553e-05
1.3461989e-05
1.3408234e-05
1.3425852e-05
1.3392506e-05
1.3440569e-05
1.3464313e-05
1.34218e-05
1.3450217e-05
1.34199745e-05
1.3436652e-05
1.3447683e-05
1.3466e-05
1.3414136e-05
1.3406962e-05
1.3441658e-05
1.3439217e-05
1.3362157e-05
1.3413535e-05
1.3436077e-05
test_mean_wealth
-0.025883656
-0.03490561
-0.033692647
-0.031514786
-0.03493262
-0.033474352
-0.026546724
-0.033890434
-0.020480009
-0.030656349
-0.028268911
-0.035333037
-0.03277949
-0.029651389
-0.032113638
-0.028787738
-0.031567365
-0.022287365
-0.028724676
-0.02806099
-0.041686162
-0.030942122
-0.0348985
-0.025582306
-0.027826348
-0.031780437
-0.02934476
-0.03518876
-0.028397271
-0.022381328
-0.032561902
-0.032629605
test_mean_abs_wealth
0.025883656
0.03490561
0.033692647
0.031514786
0.03493262
0.033474352
0.026546724
0.033890434
0.020480009
0.030656349
0.028268911
0.035333037
0.03277949
0.029651389
0.032113638
0.028787738
0.031567365
0.022287365
0.028724676
0.02806099
0.041686162
0.030942122
0.0348985
0.025582306
0.027826348
0.031780437
0.02934476
0.03518876
0.028397271
0.022381328
0.032561902
0.032629605
test_variance_wealth
3.2631753e-05
5.6623612e-05
5.277087e-05
4.6636775e-05
5.6320674e-05
5.2083426e-05
3.420012e-05
5.328967e-05
2.2972325e-05
4.4092885e-05
3.838433e-05
5.743599e-05
5.0006372e-05
4.174789e-05
4.8139824e-05
3.9526447e-05
4.6546895e-05
2.5832534e-05
3.9367955e-05
3.7725975e-05
7.9854784e-05
4.4928176e-05
5.5923978e-05
3.2277847e-05
3.718174e-05
4.694316e-05
4.065508e-05
5.732529e-05
3.865709e-05
2.595429e-05
4.9223465e-05
4.9516875e-05
test_wealth_with_price_abs_mean
0.010917178
0.0110965455
0.011097193
0.011011271
0.011107043
0.011059499
0.010931268
0.01106454
0.010917463
0.010984411
0.010948421
0.01112213
0.011043242
0.011001196
0.01101957
0.010963931
0.011028223
0.010902662
0.010954135
0.010918829
0.011432322
0.010982395
0.011100051
0.01091887
0.010948018
0.011025325
0.010957396
0.011121363
0.010933293
0.010910768
0.011032597
0.0110375425
test_wealth_with_price_variance
3.2631753e-05
5.6623612e-05
5.277087e-05
4.6636775e-05
5.6320674e-05
5.2083426e-05
3.420012e-05
5.328967e-05
2.2972325e-05
4.4092885e-05
3.838433e-05
5.743599e-05
5.0006372e-05
4.174789e-05
4.8139824e-05
3.9526447e-05
4.6546895e-05
2.5832534e-05
3.936795e-05
3.7725975e-05
7.9854784e-05
4.4928176e-05
5.5923974e-05
3.2277847e-05
3.718174e-05
4.694316e-05
4.065508e-05
5.732529e-05
3.865709e-05
2.595429e-05
4.9223465e-05
4.9516875e-05
price
0.014984056
0.02401407
0.022753943
0.020602196
0.024034118
0.022566767
0.015639348
0.02299678
0.009563228
0.01975451
0.017364668
0.02443077
0.021870619
0.018712752
0.021212434
0.017872721
0.020640668
0.011387592
0.017819753
0.017185308
0.030786535
0.02005246
0.023998199
0.0146788545
0.016914152
0.020860855
0.01844494
0.02428455
0.017508293
0.01147371
0.021653842
0.021721777
train_time
6.316735899999998
7.397210900000005
6.09198020000008
5.2359903999999915
3.7011488999999074
7.163574899999958
3.705581299999949
5.250396599999931
6.562347200000204
7.551716899999974
7.4631030000000464
3.508411000000251
3.9509022000002005
7.127648599999702
5.213344799999504
3.9536047000001417
6.4832923000003575
5.956942700000582
6.415702700000111
6.52426000000014
3.6988488000006328
4.7929366999997
7.288457700000436
4.886489700000311
5.594986300000528
3.5530482999984088
7.3038307999995595
7.92759020000085
5.541033399998923
9.728876600000149
6.651097500000105
6.852971800000887


================================================================================
=== true linear feature map
train_risk
0.030274933
0.043307114
0.04288966
0.03975122
0.04587172
0.042976752
0.03185422
0.043123417
0.020274384
0.038362727
0.032366622
0.05674337
0.041396596
0.037052594
0.041017566
0.035056386
0.039879598
0.022617063
0.0346058
0.033433557
0.056718145
0.03967482
0.045914877
0.030679058
0.03278902
0.040780116
0.035340205
0.045705926
0.034685753
0.024101377
0.04201184
0.041317884
test_risk
0.030252773
0.043388158
0.0430262
0.03981015
0.04584571
0.043125577
0.031850144
0.043108504
0.020319026
0.038358316
0.03230022
0.056856107
0.04136887
0.037065115
0.041008577
0.035075046
0.03981574
0.022694873
0.034645934
0.033417203
0.056774635
0.039656073
0.045894388
0.030680947
0.032774758
0.04071776
0.035381377
0.04570726
0.034733023
0.02412281
0.042100307
0.041295156
test_mean_value
-3.0984396e-05
-2.1031434e-05
8.418892e-05
-2.7044105e-05
2.276241e-05
7.042391e-05
6.20595e-05
6.036188e-05
1.0380118e-05
-1.5198142e-05
2.3664565e-05
-1.2635897e-05
-1.2187731e-05
-6.731036e-05
-1.5284772e-05
-1.9960045e-05
-4.7854588e-05
-2.9715243e-06
7.422882e-06
2.4759254e-05
0.00010455207
-8.227694e-05
0.0001370472
2.666697e-05
-1.1755041e-05
4.131384e-05
9.015692e-05
0.000119334
-2.8435321e-05
3.4208533e-05
2.038138e-05
-8.319949e-05
test_mean_abs_value
0.016358081
0.026430903
0.025020968
0.022801604
0.026187455
0.02449539
0.016933752
0.02515717
0.010272601
0.021437734
0.018994877
0.027157908
0.023868797
0.020260636
0.023163265
0.019398862
0.022386657
0.012450772
0.019434886
0.018757334
0.03396762
0.022004338
0.026280865
0.015808651
0.018426942
0.02279155
0.020446563
0.026539115
0.01897318
0.012396229
0.023394873
0.023581177
test_variance_value
0.00042891665
0.0011244904
0.001002649
0.00083317386
0.0010955181
0.0009644087
0.00045854313
0.0010146601
0.00016916454
0.00073597935
0.00057790015
0.0011906582
0.0009122733
0.0006577417
0.00085895864
0.0006025604
0.00080067245
0.00024950737
0.00060377375
0.0005635543
0.0018473255
0.0007762132
0.0011082678
0.00039989615
0.00054523227
0.0008287658
0.00067205966
0.0011322605
0.00057689665
0.00024610577
0.000877705
0.0008883352
test_mean_costs
0.0044351094
0.004647673
0.0054884898
0.005415037
0.00648135
0.0058816234
0.0051062563
0.005499227
0.0035323235
0.0054818382
0.003606992
0.013400716
0.005468935
0.005608447
0.005740467
0.0052623185
0.0056681996
0.0030985232
0.0050144587
0.0048494297
0.0070908605
0.0060633314
0.0063825105
0.005439822
0.0043346295
0.0060783685
0.004628993
0.0059001925
0.0054294
0.004120182
0.006083589
0.0056851525
test_mean_abs_costs
0.0044351094
0.004647673
0.0054884898
0.005415037
0.00648135
0.0058816234
0.0051062563
0.005499227
0.0035323235
0.0054818382
0.003606992
0.013400716
0.005468935
0.005608447
0.005740467
0.0052623185
0.0056681996
0.0030985232
0.0050144587
0.0048494297
0.0070908605
0.0060633314
0.0063825105
0.005439822
0.0043346295
0.0060783685
0.004628993
0.0059001925
0.0054294
0.004120182
0.006083589
0.0056851525
test_variance_costs
9.623809e-07
1.5529957e-06
2.0779687e-06
1.5540246e-06
3.3580625e-06
1.8862178e-06
1.4603912e-06
2.08559e-06
7.620227e-07
2.1101903e-06
1.1317408e-06
2.1511746e-06
2.3196178e-06
2.2140587e-06
1.9544634e-06
2.0348984e-06
2.3406687e-06
6.054382e-07
1.7492122e-06
1.5941939e-06
3.1581542e-06
2.1763033e-06
2.950565e-06
2.0122393e-06
1.3532235e-06
2.8567013e-06
1.1717864e-06
2.9817115e-06
2.0622308e-06
1.0842238e-06
2.5376423e-06
2.5214363e-06
test_mean_wealth
-0.019418824
-0.02864742
-0.028262902
-0.026013097
-0.030514289
-0.028438572
-0.020738926
-0.028483566
-0.013101203
-0.025224004
-0.020956773
-0.037859626
-0.027336432
-0.024333803
-0.026954917
-0.02312805
-0.026313307
-0.014490738
-0.022828834
-0.022028528
-0.037882373
-0.026111959
-0.030387716
-0.020117532
-0.021250496
-0.026960926
-0.023078863
-0.030181976
-0.022928128
-0.015601094
-0.027756741
-0.027385725
test_mean_abs_wealth
0.019418824
0.02864742
0.028262902
0.026013097
0.030514289
0.028438572
0.020738926
0.028483566
0.013101203
0.025224004
0.020956773
0.037859626
0.027336432
0.024333803
0.026954917
0.02312805
0.026313307
0.014490738
0.022828834
0.022028528
0.037882373
0.026111959
0.030387716
0.020117532
0.021250496
0.026960926
0.023078863
0.030181976
0.022928128
0.015601094
0.027756741
0.027385725
test_variance_wealth
2.5320816e-05
4.6733305e-05
4.6658613e-05
4.050466e-05
5.0611026e-05
4.5856184e-05
2.6475609e-05
4.6385754e-05
1.0956289e-05
3.6847156e-05
2.7296292e-05
7.984962e-05
4.246754e-05
3.457899e-05
4.229908e-05
3.0493702e-05
3.9112692e-05
1.4198852e-05
2.9815517e-05
2.7824768e-05
7.5824064e-05
3.9127124e-05
5.178284e-05
2.3610308e-05
2.8324384e-05
4.045517e-05
3.1935946e-05
5.1524443e-05
2.973106e-05
1.5315265e-05
4.3812164e-05
4.1598185e-05
test_wealth_with_price_abs_mean
0.005439085
0.0066216583
0.0070984787
0.006755567
0.007857429
0.0072742533
0.005937551
0.007084687
0.003978019
0.0066405716
0.005060986
0.013909839
0.0068952385
0.0066443887
0.0070523885
0.0062301145
0.0068813954
0.003921354
0.006041661
0.005836
0.009084508
0.0071167676
0.007833974
0.006037626
0.0055305837
0.007203906
0.0058817677
0.007506079
0.006308887
0.0046637314
0.0073442017
0.006978039
test_wealth_with_price_variance
2.5320816e-05
4.6733305e-05
4.6658613e-05
4.050466e-05
5.0611026e-05
4.5856184e-05
2.6475609e-05
4.6385754e-05
1.0956289e-05
3.6847156e-05
2.7296292e-05
7.984962e-05
4.246754e-05
3.457899e-05
4.229908e-05
3.0493702e-05
3.9112692e-05
1.4198852e-05
2.9815517e-05
2.7824768e-05
7.5824064e-05
3.9127124e-05
5.178284e-05
2.3610308e-05
2.8324384e-05
4.045517e-05
3.1935946e-05
5.1524443e-05
2.973106e-05
1.5315265e-05
4.3812164e-05
4.1598185e-05
price
0.014984056
0.02401407
0.022753943
0.020602196
0.024034118
0.022566767
0.015639348
0.02299678
0.009563228
0.01975451
0.017364668
0.02443077
0.021870619
0.018712752
0.021212434
0.017872721
0.020640668
0.011387592
0.017819753
0.017185308
0.030786535
0.02005246
0.023998199
0.0146788545
0.016914152
0.020860855
0.01844494
0.02428455
0.017508293
0.01147371
0.021653842
0.021721777
train_time
28.756673899999996
27.84306700000002
30.46243340000001
20.074063699999897
28.654783899999984
19.572069000000056
35.67589229999976
31.72966120000001
35.329766800000016
37.89309200000025
43.821000599999934
15.888721900000291
52.30315999999948
55.51873429999978
23.910123900000144
49.35264029999962
36.50421860000006
30.950289800000064
33.80011970000032
36.777299100000164
27.681372099999862
21.38284730000032
36.73489410000002
46.78759919999902
44.23714619999919
34.90032339999925
30.767448099999456
70.25195709999934
52.317348599999605
53.18619629999921
58.29241329999968
59.67268409999997


================================================================================
=== deep network
train_risk
0.02965553
0.043336242
0.042567153
0.03867419
0.04575883
0.041887548
0.032335166
0.04338945
0.021384804
0.038655728
0.03248825
0.04705388
0.041765545
0.037373666
0.040625058
0.035448182
0.040005893
0.023347383
0.035127856
0.03382998
0.055201106
0.03938141
0.04634422
0.031065745
0.033264052
0.04064764
0.03512152
0.045953024
0.034901645
0.024660228
0.041709527
0.041283485
test_risk
0.029701872
0.043393187
0.042746194
0.03875928
0.0457966
0.04202072
0.032334276
0.043421317
0.021430613
0.038705103
0.03251271
0.047140047
0.041827194
0.037409857
0.04071043
0.035532754
0.04002954
0.023452416
0.03516671
0.03385394
0.055270478
0.039353013
0.046330057
0.031099254
0.03328112
0.040681228
0.035159513
0.045976996
0.034952696
0.024705036
0.041845333
0.041335505
test_mean_value
-3.044211e-05
-1.964794e-05
8.9218775e-05
-3.3177108e-05
2.4014367e-05
7.00369e-05
6.238361e-05
5.6172394e-05
1.2466572e-05
-1.4222564e-05
2.330079e-05
2.4545766e-06
-1.3577378e-05
-6.414032e-05
-1.6671695e-05
-1.8142035e-05
-4.2945027e-05
-1.7342709e-06
4.5832758e-06
1.8406703e-05
0.00010211722
-7.129849e-05
0.00014017074
2.420522e-05
-1.2300291e-05
4.0514722e-05
9.1584254e-05
0.000118356555
-2.9290968e-05
3.2341217e-05
2.3419383e-05
-8.819295e-05
test_mean_abs_value
0.01616038
0.026151542
0.024743617
0.022303857
0.026013155
0.02446829
0.016757902
0.024973419
0.010148125
0.021276219
0.018763626
0.02636226
0.023652053
0.020095315
0.022868635
0.019182283
0.022246232
0.012264248
0.019334864
0.018517708
0.03345067
0.021609887
0.026277777
0.015693514
0.018241098
0.022475066
0.019918667
0.026315564
0.01882633
0.012207333
0.023279889
0.023368219
test_variance_value
0.00042241643
0.0011134967
0.0009928423
0.0008064867
0.0010920964
0.00097145134
0.00045425814
0.0010112019
0.00016670507
0.00073228544
0.00057336007
0.0011248803
0.00090455683
0.0006532852
0.0008474072
0.0005965937
0.000799381
0.00024410064
0.00060528755
0.000556051
0.0018161696
0.0007560237
0.0011193682
0.00039774264
0.000540049
0.000818112
0.00064690487
0.0011260578
0.00057333003
0.00024189772
0.000879073
0.00088213605
test_mean_costs
0.0045819823
0.0052387035
0.0060826144
0.0053082625
0.007327503
0.0058976384
0.00594345
0.0064023538
0.0037437992
0.0063685384
0.0042531756
0.00723986
0.006436866
0.0065695085
0.0061801556
0.0058823116
0.0066159037
0.003595402
0.005783981
0.0055441717
0.0067705126
0.006305876
0.0076216543
0.006066635
0.0049350522
0.0066144387
0.0048449216
0.006810757
0.0061500156
0.0045298752
0.0067981146
0.0064236717
test_mean_abs_costs
0.0045819823
0.0052387035
0.0060826144
0.0053082625
0.007327503
0.0058976384
0.00594345
0.0064023538
0.0037437992
0.0063685384
0.0042531756
0.00723986
0.006436866
0.0065695085
0.0061801556
0.0058823116
0.0066159037
0.003595402
0.005783981
0.0055441717
0.0067705126
0.006305876
0.0076216543
0.006066635
0.0049350522
0.0066144387
0.0048449216
0.006810757
0.0061500156
0.0045298752
0.0067981146
0.0064236717
test_variance_costs
1.213988e-06
1.585817e-06
1.9720824e-06
1.6811266e-06
3.0918654e-06
2.0694943e-06
2.0791292e-06
2.314516e-06
9.76953e-07
2.389717e-06
1.0278659e-06
2.9889075e-06
2.534191e-06
2.4450592e-06
2.3278667e-06
1.962978e-06
2.5473369e-06
6.860122e-07
1.8533038e-06
1.6335733e-06
2.6426462e-06
2.2347688e-06
2.8676557e-06
1.961518e-06
1.5149047e-06
2.559443e-06
1.3255735e-06
2.8849936e-06
2.0603327e-06
1.1530515e-06
2.56004e-06
2.4166495e-06
test_mean_wealth
-0.019565154
-0.029237067
-0.028851997
-0.025912454
-0.03135919
-0.028454972
-0.021575795
-0.029390883
-0.013310593
-0.026109727
-0.021603322
-0.03168368
-0.028305752
-0.025291694
-0.027395992
-0.023746224
-0.027256101
-0.014986379
-0.023601197
-0.022729624
-0.03756446
-0.026343526
-0.031623736
-0.020746807
-0.021851463
-0.027497794
-0.023293363
-0.031093517
-0.0236496
-0.016012654
-0.028468229
-0.028129237
test_mean_abs_wealth
0.019565154
0.029237067
0.028851997
0.025912454
0.03135919
0.028454972
0.021575795
0.029390883
0.013310593
0.026109727
0.021603322
0.03168368
0.028305752
0.025291694
0.027395992
0.023746224
0.027256101
0.014986379
0.023601197
0.022729624
0.03756446
0.026343526
0.031623736
0.020746807
0.021851463
0.027497794
0.023293363
0.031093517
0.0236496
0.016012654
0.028468229
0.028129237
test_variance_wealth
2.4509665e-05
5.1496067e-05
5.0382423e-05
4.1361378e-05
5.565579e-05
4.6734924e-05
2.8561826e-05
5.087129e-05
1.3873689e-05
4.031118e-05
2.985646e-05
6.0255123e-05
4.653846e-05
3.7622234e-05
4.4131444e-05
3.4280343e-05
4.2767693e-05
1.6485474e-05
3.40517e-05
3.1665528e-05
8.345493e-05
4.2605774e-05
5.701759e-05
2.6752445e-05
3.092502e-05
4.4619384e-05
3.435776e-05
5.6372992e-05
3.293245e-05
1.7498127e-05
4.6813406e-05
4.5703815e-05
test_wealth_with_price_abs_mean
0.005570131
0.0073288996
0.007792523
0.006892637
0.008777305
0.007493917
0.006694644
0.007979382
0.0042990404
0.007506922
0.005695628
0.008829658
0.007812597
0.007553394
0.0075509036
0.006913033
0.007806647
0.00443174
0.006862845
0.006594139
0.0094490675
0.007541803
0.00900905
0.0067135016
0.0061124237
0.007877526
0.006254927
0.008426903
0.0070631714
0.00511881
0.00810774
0.007788548
test_wealth_with_price_variance
2.4509665e-05
5.1496067e-05
5.0382423e-05
4.1361378e-05
5.565579e-05
4.6734924e-05
2.8561826e-05
5.087129e-05
1.3873689e-05
4.031118e-05
2.985646e-05
6.0255123e-05
4.653846e-05
3.7622234e-05
4.4131444e-05
3.4280343e-05
4.2767693e-05
1.6485474e-05
3.40517e-05
3.1665528e-05
8.345493e-05
4.2605774e-05
5.701759e-05
2.6752445e-05
3.092502e-05
4.4619384e-05
3.435776e-05
5.6372992e-05
3.293245e-05
1.7498127e-05
4.6813406e-05
4.5703815e-05
price
0.014984056
0.02401407
0.022753943
0.020602196
0.024034118
0.022566767
0.015639348
0.02299678
0.009563228
0.01975451
0.017364668
0.02443077
0.021870619
0.018712752
0.021212434
0.017872721
0.020640668
0.011387592
0.017819753
0.017185308
0.030786535
0.02005246
0.023998199
0.0146788545
0.016914152
0.020860855
0.01844494
0.02428455
0.017508293
0.01147371
0.021653842
0.021721777
train_time
157.0313879
173.60016919999998
188.56780960000003
175.07683300000008
165.05389149999996
146.8293635
108.37939789999973
121.97354270000005
239.29639869999983
174.12378209999997
190.4593431999997
110.98102089999975
187.5790289000006
181.9701487000002
234.7207801000004
159.26422980000007
214.27975539999989
253.43742440000005
196.23960270000043
147.61510180000005
162.8961964
147.85492169999998
134.85481159999927
263.99141249999957
211.67162149999967
258.59126679999827
193.19644340000013
258.1364313999984
344.723033100001
324.27112430000125
271.03474430000097
353.2118821999993


================================================================================
=== twin network linear feature map
train_risk
0.029959891
0.043498747
0.043074045
0.039642755
0.045948554
0.043039765
0.03188162
0.043123167
0.020473594
0.03848222
0.032193687
0.046910275
0.041561626
0.03751496
0.040603865
0.035046563
0.04019039
0.022746423
0.034512646
0.033533406
0.05576061
0.039875343
0.046062514
0.030989729
0.032775685
0.040915657
0.035405148
0.045893107
0.03466336
0.025131825
0.042207953
0.041551013
test_risk
0.029978314
0.043577746
0.043178137
0.03973054
0.045923356
0.043222036
0.031849407
0.043135736
0.020502415
0.03847221
0.03214408
0.046937443
0.041532524
0.037521187
0.040638678
0.03507638
0.040112074
0.02282992
0.03455602
0.033514977
0.055804193
0.03984523
0.046041608
0.03098376
0.03276275
0.0408376
0.035454452
0.045896027
0.03471162
0.025155319
0.042313762
0.041516162
test_mean_value
-3.4320637e-05
-2.0638345e-05
8.338751e-05
-2.7748867e-05
2.1695412e-05
6.798089e-05
6.53111e-05
5.862643e-05
1.3613454e-05
-1.5907475e-05
2.1004884e-05
8.838076e-07
-1.10027395e-05
-6.562455e-05
-1.132524e-05
-2.0312498e-05
-4.8915703e-05
-2.415067e-06
4.437577e-06
2.5592546e-05
0.00010277364
-8.2034494e-05
0.00013767397
2.5733081e-05
-1.0436655e-05
4.283773e-05
9.287567e-05
0.00011880983
-2.817093e-05
3.4022178e-05
2.0193922e-05
-8.324134e-05
test_mean_abs_value
0.016231643
0.026380058
0.024635442
0.022759795
0.026354471
0.024594625
0.016839918
0.025255676
0.010138075
0.021382164
0.019025411
0.026555574
0.023771772
0.020234741
0.02306394
0.019324673
0.022519829
0.012360698
0.019377165
0.01883287
0.033220276
0.021905199
0.026194382
0.015911976
0.01835392
0.02261895
0.020566633
0.02643334
0.018963302
0.012583543
0.023443753
0.023622507
test_variance_value
0.0004248281
0.0011223202
0.0009893269
0.0008323708
0.0011006441
0.0009750992
0.0004588445
0.0010200312
0.00016885807
0.0007356722
0.0005777916
0.0011284506
0.00090742717
0.00065599545
0.0008515465
0.0006015211
0.00080849265
0.0002482809
0.00060399494
0.0005642185
0.0017860928
0.00076764915
0.0011044188
0.00040199968
0.00054512895
0.0008241724
0.0006765256
0.0011297012
0.00057848025
0.00025381736
0.0008798276
0.0008847809
test_mean_costs
0.004572873
0.004650432
0.005564824
0.0053246375
0.0064498386
0.0057603805
0.00511601
0.005617074
0.0034104001
0.005455358
0.0038274534
0.006381395
0.0054751704
0.005801764
0.0053258026
0.005255491
0.0057190303
0.003116281
0.0050039715
0.0048658587
0.00618451
0.006040943
0.0063398643
0.00535475
0.0043729567
0.0060014767
0.0046315864
0.005903539
0.0053116106
0.004646774
0.006163119
0.005733362
test_mean_abs_costs
0.004572873
0.004650432
0.005564824
0.0053246375
0.0064498386
0.0057603805
0.00511601
0.005617074
0.0034104001
0.005455358
0.0038274534
0.006381395
0.0054751704
0.005801764
0.0053258026
0.005255491
0.0057190303
0.003116281
0.0050039715
0.0048658587
0.00618451
0.006040943
0.0063398643
0.00535475
0.0043729567
0.0060014767
0.0046315864
0.005903539
0.0053116106
0.004646774
0.006163119
0.005733362
test_variance_costs
9.3780426e-07
1.616173e-06
2.1126834e-06
1.7246866e-06
2.6996938e-06
1.9498823e-06
1.7422045e-06
1.8516511e-06
7.198118e-07
2.1598285e-06
9.805179e-07
3.542843e-06
2.3976763e-06
2.5491447e-06
2.2733757e-06
1.892342e-06
2.3901166e-06
6.3073406e-07
1.4660841e-06
1.5628145e-06
3.3782153e-06
2.1370702e-06
2.9205958e-06
1.855931e-06
1.2482801e-06
2.6489636e-06
1.309228e-06
2.9977052e-06
1.98824e-06
1.0300696e-06
2.9048717e-06
2.45165e-06
test_mean_wealth
-0.019559924
-0.028649786
-0.028340038
-0.025923401
-0.030483844
-0.02831977
-0.020745428
-0.02860315
-0.012976047
-0.025198232
-0.021179896
-0.030826785
-0.027341481
-0.024525434
-0.026536291
-0.023121573
-0.026365198
-0.014507939
-0.022821331
-0.022044124
-0.0369778
-0.026089327
-0.030344443
-0.020033393
-0.021287505
-0.02688251
-0.023078736
-0.030185847
-0.022810074
-0.016127871
-0.027836459
-0.027433975
test_mean_abs_wealth
0.019559924
0.028649786
0.028340038
0.025923401
0.030483844
0.02831977
0.020745428
0.02860315
0.012976047
0.025198232
0.021179896
0.030826785
0.027341481
0.024525434
0.026536291
0.023121573
0.026365198
0.014507939
0.022821331
0.022044124
0.0369778
0.026089327
0.030344443
0.020033393
0.021287505
0.02688251
0.023078736
0.030185847
0.022810074
0.016127871
0.027836459
0.027433975
test_variance_wealth
2.3222803e-05
4.698873e-05
4.828494e-05
4.0010622e-05
5.3876294e-05
4.6270085e-05
2.6089085e-05
4.881512e-05
1.1827921e-05
3.7465583e-05
2.6901173e-05
5.3393724e-05
4.2711654e-05
3.4617187e-05
4.0943192e-05
3.101509e-05
3.948649e-05
1.4508489e-05
3.096373e-05
2.8315719e-05
7.6158176e-05
3.9806604e-05
5.2489468e-05
2.48331e-05
2.8718257e-05
4.177641e-05
3.1660944e-05
5.2121755e-05
3.016109e-05
1.7252663e-05
4.3278185e-05
4.2383585e-05
test_wealth_with_price_abs_mean
0.005418686
0.00660849
0.007243174
0.00666997
0.008021397
0.007187718
0.005908789
0.0073319133
0.003947338
0.006639631
0.0052147065
0.007825089
0.0068833167
0.0067320564
0.006693581
0.006268263
0.006902267
0.003952819
0.0061457693
0.0058730706
0.008591374
0.007112153
0.0078167925
0.0060107815
0.005597415
0.0072049936
0.005848367
0.0075107384
0.006252031
0.005146357
0.007332918
0.007030351
test_wealth_with_price_variance
2.3222803e-05
4.698873e-05
4.828494e-05
4.0010622e-05
5.3876294e-05
4.6270085e-05
2.6089085e-05
4.881512e-05
1.1827921e-05
3.7465583e-05
2.6901173e-05
5.3393724e-05
4.2711654e-05
3.4617187e-05
4.0943192e-05
3.101509e-05
3.948649e-05
1.4508489e-05
3.096373e-05
2.8315719e-05
7.6158176e-05
3.9806604e-05
5.2489468e-05
2.48331e-05
2.8718257e-05
4.177641e-05
3.1660944e-05
5.2121755e-05
3.016109e-05
1.7252663e-05
4.3278185e-05
4.2383585e-05
price
0.014984056
0.02401407
0.022753943
0.020602196
0.024034118
0.022566767
0.015639348
0.02299678
0.009563228
0.01975451
0.017364668
0.02443077
0.021870619
0.018712752
0.021212434
0.017872721
0.020640668
0.011387592
0.017819753
0.017185308
0.030786535
0.02005246
0.023998199
0.0146788545
0.016914152
0.020860855
0.01844494
0.02428455
0.017508293
0.01147371
0.021653842
0.021721777
train_time
22.249542299999973
33.76096199999995
31.92418120000002
21.24297999999999
30.672268799999983
22.843086000000085
26.825119200000245
25.65123199999971
59.326871199999914
39.63122889999977
31.293615900000077
71.00542640000003
54.29496180000024
33.08057009999993
47.8153984999999
48.62342659999922
31.18853609999951
31.539440800000193
36.91815140000017
43.384252599999854
28.744053399999757
22.780215200000384
88.4448582999994
43.27056300000004
44.48332870000013
35.41816540000036
35.09116240000003
62.894715300000826
84.68215620000046
31.17541320000055
52.046228399998654
46.115251799999896


================================================================================
=== twin network matrix feature map
train_risk
0.0306119
0.04372147
0.042893067
0.040310383
0.04593318
0.042249035
0.031905107
0.04318389
0.02036628
0.03857405
0.03215623
0.04692072
0.04166566
0.038590465
0.040571615
0.035036948
0.04009625
0.022792304
0.034472443
0.033856846
0.055781595
0.038963765
0.046096407
0.031040782
0.032899972
0.040851314
0.034859754
0.045896783
0.03470842
0.024461403
0.042338274
0.042021576
test_risk
0.030614087
0.04381332
0.04300431
0.04036775
0.045917943
0.042406812
0.031882383
0.04318582
0.020403383
0.03856094
0.03209576
0.046961404
0.041625183
0.038599506
0.040613625
0.035070047
0.040044907
0.022870317
0.034515828
0.033821236
0.055822186
0.0389281
0.046068214
0.031035693
0.03288307
0.040773172
0.03489226
0.04589466
0.03476386
0.02449107
0.04242985
0.042004913
test_mean_value
-3.67698e-05
-1.9528254e-05
8.3474006e-05
-2.9079343e-05
2.1145961e-05
6.756215e-05
6.564097e-05
5.9107293e-05
1.326308e-05
-1.7629436e-05
2.0760863e-05
9.773815e-07
-1.0472322e-05
-6.928622e-05
-1.0606819e-05
-2.136379e-05
-4.761886e-05
-2.965146e-06
4.0358527e-06
2.3151615e-05
0.000103890365
-7.899015e-05
0.00013567397
2.719973e-05
-1.1785978e-05
4.263097e-05
9.098386e-05
0.00012039001
-2.7619855e-05
3.3606968e-05
2.0160025e-05
-8.108584e-05
test_mean_abs_value
0.01632937
0.026474793
0.024670934
0.02256565
0.026353788
0.024623062
0.016885528
0.025235714
0.010177983
0.021398963
0.01916836
0.026593413
0.023839539
0.02025021
0.023115251
0.019340172
0.02256108
0.012405157
0.01936266
0.018888384
0.03336852
0.02191709
0.026307043
0.015929613
0.018531337
0.02261605
0.020328352
0.026434006
0.01897777
0.012402711
0.023431411
0.023816485
test_variance_value
0.00043012603
0.0011283867
0.0009915216
0.000816945
0.0011026276
0.00097429747
0.00046137272
0.0010191355
0.00016984095
0.00073612627
0.00058559905
0.0011314189
0.0009115316
0.00066062383
0.0008549371
0.0006022957
0.0008117055
0.0002497286
0.0006020267
0.00056829606
0.0018028154
0.0007669917
0.0011126327
0.00040261907
0.0005554464
0.00082384434
0.00065961294
0.0011298211
0.00057875796
0.00024709405
0.000879012
0.00089845154
test_mean_costs
0.0051136944
0.0048220847
0.0054596053
0.005657791
0.006594183
0.005280514
0.005099072
0.0057589845
0.0035449362
0.005509049
0.0037833925
0.0064092013
0.005621218
0.006280423
0.005317275
0.0053064483
0.005848418
0.0032126475
0.005042803
0.0047167605
0.006236834
0.005460091
0.006508347
0.005417703
0.0045577283
0.0059786243
0.0041864114
0.0059255785
0.0054327743
0.00416704
0.0062337313
0.005895321
test_mean_abs_costs
0.0051136944
0.0048220847
0.0054596053
0.005657791
0.006594183
0.005280514
0.005099072
0.0057589845
0.0035449362
0.005509049
0.0037833925
0.0064092013
0.005621218
0.006280423
0.005317275
0.0053064483
0.005848418
0.0032126475
0.005042803
0.0047167605
0.006236834
0.005460091
0.006508347
0.005417703
0.0045577283
0.0059786243
0.0041864114
0.0059255785
0.0054327743
0.00416704
0.0062337313
0.005895321
test_variance_costs
1.021111e-06
1.8361865e-06
2.0470118e-06
1.6289905e-06
2.742885e-06
2.2544882e-06
1.631904e-06
1.9168272e-06
8.143169e-07
2.1340998e-06
9.286715e-07
3.415529e-06
2.498823e-06
2.1486676e-06
2.2529296e-06
1.9393178e-06
2.5216716e-06
6.914566e-07
1.5273165e-06
1.4537071e-06
3.3204437e-06
2.0893056e-06
3.0749663e-06
1.9514207e-06
1.2848678e-06
2.496633e-06
1.4438194e-06
2.915423e-06
2.1462797e-06
9.724499e-07
2.7358549e-06
2.153547e-06
test_mean_wealth
-0.020103194
-0.028820328
-0.028234731
-0.026257886
-0.030628737
-0.027840324
-0.020728162
-0.028744578
-0.013110933
-0.025253646
-0.021136079
-0.030854497
-0.027486999
-0.025007755
-0.026527047
-0.023173582
-0.026493289
-0.014604855
-0.022860566
-0.021897467
-0.03702901
-0.025505431
-0.030514928
-0.020094879
-0.021473626
-0.026859865
-0.022635452
-0.030206306
-0.022930687
-0.015648553
-0.027907105
-0.027593778
test_mean_abs_wealth
0.020103194
0.028820328
0.028234731
0.026257886
0.030628737
0.027840324
0.020728162
0.028744578
0.013110933
0.025253646
0.021136079
0.030854497
0.027486999
0.025007755
0.026527047
0.023173582
0.026493289
0.014604855
0.022860566
0.021897467
0.03702901
0.025505431
0.030514928
0.020094879
0.021473626
0.026859865
0.022635452
0.030206306
0.022930687
0.015648553
0.027907105
0.027593778
test_variance_wealth
2.3805964e-05
4.6933397e-05
4.769928e-05
4.214817e-05
5.3072035e-05
4.395727e-05
2.637697e-05
4.8210433e-05
1.1161085e-05
3.7515198e-05
2.6939928e-05
5.3522854e-05
4.227082e-05
3.7940612e-05
4.086292e-05
3.0750918e-05
3.852344e-05
1.4342886e-05
3.043868e-05
3.0716776e-05
7.60732e-05
3.8133683e-05
5.136806e-05
2.4735717e-05
2.840458e-05
4.1678675e-05
3.0980547e-05
5.2189112e-05
2.9756224e-05
1.6388345e-05
4.3754342e-05
4.4501256e-05
test_wealth_with_price_abs_mean
0.0058225333
0.0066817007
0.007152125
0.006965333
0.008089203
0.00680425
0.005911787
0.0073899548
0.004002491
0.0066742757
0.0051914253
0.007851889
0.0069515593
0.007195411
0.0066823945
0.0062908875
0.006954905
0.003999716
0.006143442
0.0058925003
0.008621969
0.0066683376
0.007879637
0.00604812
0.005692234
0.0071898787
0.0055549685
0.007529103
0.006313537
0.004753396
0.0074011153
0.00721323
test_wealth_with_price_variance
2.3805964e-05
4.6933397e-05
4.769928e-05
4.214817e-05
5.3072035e-05
4.395727e-05
2.637697e-05
4.8210433e-05
1.1161085e-05
3.7515198e-05
2.6939928e-05
5.3522854e-05
4.227082e-05
3.7940612e-05
4.086292e-05
3.0750918e-05
3.852344e-05
1.4342886e-05
3.043868e-05
3.0716776e-05
7.60732e-05
3.8133683e-05
5.136806e-05
2.4735717e-05
2.840458e-05
4.1678675e-05
3.0980547e-05
5.2189112e-05
2.9756224e-05
1.6388345e-05
4.3754342e-05
4.4501256e-05
price
0.014984056
0.02401407
0.022753943
0.020602196
0.024034118
0.022566767
0.015639348
0.02299678
0.009563228
0.01975451
0.017364668
0.02443077
0.021870619
0.018712752
0.021212434
0.017872721
0.020640668
0.011387592
0.017819753
0.017185308
0.030786535
0.02005246
0.023998199
0.0146788545
0.016914152
0.020860855
0.01844494
0.02428455
0.017508293
0.01147371
0.021653842
0.021721777
train_time
22.357377999999983
27.02898479999999
30.28928380000002
19.9357700999999
30.236807999999883
34.28940549999993
27.258587299999817
25.665880700000343
46.180613600000015
28.64964770000006
52.81451360000028
45.35800049999989
36.58940629999961
22.36751439999989
52.504561300000205
54.15781849999985
32.57769949999965
33.23068250000051
55.81206810000003
67.28777899999932
30.48341149999942
51.13494149999951
46.6834429999999
42.49815509999826
48.05203950000032
38.13677900000039
51.190039799999795
71.61495360000117
55.712479099998745
50.52041250000002
57.31506420000005
66.33034889999908


