================================================================================
=== twin network
train_time
14.899851199999999
47.619225
45.8420261
17.620889899999952
55.2195228999999
52.069571100000076
57.380951300000106
53.087713899999926
35.987132499999916
56.38759349999964
13.777800599999864
47.80222179999964
13.345670500000324
53.36864340000011
47.43126140000004
28.31902510000009
66.33476100000007
16.179903700000068
14.92979379999997
29.749219600000288
44.1512371000008
44.06531029999951
45.955869899999925
43.963413799999216
27.706691200000023
68.1797032000004
47.18774349999967
44.066991300000154
44.762814900000194
44.93804269999964
27.641890500000045
44.08208829999967


================================================================================
=== continuous-time
train_risk
0.09786532
0.09064381
0.09515098
0.082328014
0.09230495
0.09331758
0.09719797
0.09600785
0.096467674
0.101380475
0.10908293
0.08193694
0.10044969
0.10571733
0.0975435
0.085406944
0.105557114
0.10027292
0.0962206
0.098261304
0.09838576
0.09840267
0.08429252
0.08183476
0.10287708
0.08687628
0.10575611
0.089990355
0.091171555
0.09927275
0.098534614
0.079060815
test_risk
0.09811134
0.09075059
0.095149495
0.08242966
0.09215597
0.09343012
0.097068004
0.09615031
0.09632538
0.10099886
0.10924326
0.08190971
0.10034266
0.10571842
0.09759678
0.0856045
0.105862014
0.10030961
0.0959643
0.09842917
0.09829488
0.09838104
0.084212564
0.08185264
0.10289995
0.08682912
0.10582229
0.08971824
0.09082271
0.09928631
0.0983472
0.07926795
test_mean_value
0.00011959126
0.00018451194
7.12072e-05
-2.3749013e-05
-0.00017013574
9.2473514e-05
-9.858249e-05
-9.808124e-05
-8.1784536e-05
2.0208723e-05
-0.0001517546
0.00018349416
0.00017589229
0.00017551886
-0.0001913232
-0.00014036514
-0.00011136674
-0.00018438618
-0.00019898129
-2.503378e-05
-0.000141626
9.3974726e-05
9.65123e-05
8.071645e-05
0.00012124812
0.00018471616
-0.00018551147
-7.6139455e-05
-0.000111248126
-1.2407037e-06
-9.254983e-05
9.704201e-05
test_mean_abs_value
0.059458274
0.054210722
0.05735909
0.047918636
0.054971572
0.05617895
0.058794804
0.057931047
0.05819765
0.06172545
0.06762725
0.047823604
0.061316617
0.065235004
0.05907048
0.050308254
0.065086566
0.06109493
0.058003526
0.05964553
0.05946445
0.059849698
0.049367335
0.047682006
0.06307959
0.051402435
0.064982854
0.053542268
0.054252535
0.060405165
0.059481047
0.04556015
test_variance_value
0.0057493504
0.0047955574
0.005365464
0.0037420373
0.004909686
0.0051499074
0.005627375
0.005465625
0.0055072317
0.006209688
0.0074485154
0.003731397
0.006136396
0.006931302
0.0056867446
0.004124831
0.0068946346
0.006069387
0.005464224
0.0057970183
0.0057525025
0.0058492133
0.003971067
0.0037037316
0.0064766873
0.0043083793
0.0068530627
0.0046668313
0.0047815386
0.0059458064
0.0057507595
0.0033716056
test_mean_costs
0.01089891
0.010909166
0.0109171765
0.010905208
0.010902691
0.010911979
0.010911754
0.010923689
0.01091234
0.010901869
0.010916107
0.010902688
0.010906214
0.01089713
0.010905093
0.010907829
0.010915727
0.010900112
0.010909202
0.010914891
0.010919022
0.010898372
0.01091673
0.010901333
0.010901711
0.010907454
0.010912102
0.010893607
0.0109014185
0.010904522
0.010916514
0.010896403
test_mean_abs_costs
0.01089891
0.010909166
0.0109171765
0.010905208
0.010902691
0.010911979
0.010911754
0.010923689
0.01091234
0.010901869
0.010916107
0.010902688
0.010906214
0.01089713
0.010905093
0.010907829
0.010915727
0.010900112
0.010909202
0.010914891
0.010919022
0.010898372
0.01091673
0.010901333
0.010901711
0.010907454
0.010912102
0.010893607
0.0109014185
0.010904522
0.010916514
0.010896403
test_variance_costs
1.3558193e-05
1.3591647e-05
1.3546354e-05
1.3516865e-05
1.351234e-05
1.358686e-05
1.3565957e-05
1.3585628e-05
1.3545392e-05
1.3635428e-05
1.3656039e-05
1.3486885e-05
1.359979e-05
1.3563232e-05
1.3558532e-05
1.3526452e-05
1.3638575e-05
1.3545425e-05
1.3568726e-05
1.3531499e-05
1.3609212e-05
1.3529356e-05
1.3535815e-05
1.34655465e-05
1.3601933e-05
1.3480179e-05
1.3589844e-05
1.3502479e-05
1.3544291e-05
1.358252e-05
1.356324e-05
1.3504718e-05
test_mean_wealth
-0.06346296
-0.05870475
-0.06155343
-0.053254336
-0.059569288
-0.060425512
-0.062840395
-0.06213696
-0.062387094
-0.065393984
-0.07066786
-0.053014036
-0.06503934
-0.068431646
-0.06313818
-0.05538257
-0.06846949
-0.06493234
-0.062151745
-0.06375849
-0.063586004
-0.06370133
-0.054470625
-0.052940212
-0.06655584
-0.05623581
-0.068416476
-0.058146454
-0.05887012
-0.06425698
-0.06362194
-0.051122144
test_mean_abs_wealth
0.06346296
0.05870475
0.06155343
0.053254336
0.059569288
0.060425512
0.062840395
0.06213696
0.062387094
0.065393984
0.07066786
0.053014036
0.06503934
0.068431646
0.06313818
0.05538257
0.06846949
0.06493234
0.062151745
0.06375849
0.063586004
0.06370133
0.054470625
0.052940212
0.06655584
0.05623581
0.068416476
0.058146454
0.05887012
0.06425698
0.06362194
0.051122144
test_variance_wealth
0.0001895069
0.00016071019
0.00017869311
0.00013151686
0.00016624223
0.00017050005
0.00018615813
0.00018159472
0.00018232253
0.00020184519
0.00023860436
0.00013020338
0.0001988744
0.00022139841
0.00018738884
0.00014235955
0.0002227935
0.00019862229
0.00018098204
0.00019066979
0.0001909587
0.00019025893
0.0001380538
0.00013022395
0.00020901923
0.00014693392
0.00022210943
0.00015712983
0.00016122135
0.00019373512
0.0001908453
0.00012150359
test_wealth_with_price_abs_mean
0.013471272
0.012948524
0.01330375
0.01237733
0.013014188
0.013125937
0.013443592
0.013368063
0.013357455
0.0137131205
0.0144174835
0.012379251
0.0136956535
0.014071978
0.013413458
0.0125926
0.014109267
0.013659488
0.013331672
0.013532964
0.013518251
0.013505999
0.012518039
0.012340115
0.013824268
0.01270393
0.014103995
0.012864123
0.012951107
0.013555699
0.013529364
0.012172957
test_wealth_with_price_variance
0.0001895069
0.00016071019
0.00017869311
0.00013151686
0.00016624223
0.00017050005
0.00018615813
0.00018159472
0.00018232253
0.00020184519
0.00023860436
0.00013020338
0.0001988744
0.00022139841
0.00018738882
0.00014235955
0.0002227935
0.00019862229
0.00018098204
0.00019066979
0.0001909587
0.00019025893
0.0001380538
0.00013022395
0.00020901923
0.00014693392
0.00022210943
0.00015712983
0.00016122135
0.00019373512
0.0001908453
0.00012150359
price
0.05256019
0.047771573
0.05061522
0.042339515
0.048698463
0.04949554
0.051930718
0.051152337
0.05146876
0.054494396
0.059742793
0.042075105
0.054085
0.05754639
0.05228704
0.04446891
0.057535294
0.05401735
0.05124404
0.052825097
0.05266696
0.052778307
0.04352902
0.042051837
0.05567451
0.04528274
0.057472
0.04725634
0.047972824
0.053347155
0.052678466
0.040208347
train_time
1.9711746000000012
2.892631499999993
1.730807900000002
1.9684135999999626
4.5617211
4.207063199999993
3.3560099000001173
5.822139800000059
1.906640599999946
3.7725932999996985
3.0856988999998975
2.8521412999998574
2.376013800000237
2.073867099999916
4.650122200000169
2.5187693000002582
2.4411315000002105
2.3535752999996475
2.8171566999999413
1.8619118000005983
3.384467400000176
5.95680590000029
1.7732937999999194
2.2375926000004256
3.1818544999996448
2.886819100000139
2.1117833999996947
2.7759603999993487
2.261976999999206
1.809283499999765
4.386730700000044
119.04019049999988


================================================================================
=== true linear feature map
train_risk
0.09084942
0.08335582
0.08787727
0.07489007
0.085038364
0.08595217
0.09008027
0.088621676
0.08919633
0.09404126
0.10166996
0.0746515
0.09323698
0.09923382
0.090187855
0.0783074
0.098176405
0.09287137
0.08899078
0.0909565
0.09093014
0.09108001
0.07680776
0.07443689
0.0954834
0.079593495
0.09850438
0.08271288
0.08366408
0.091903806
0.091060475
0.071798354
test_risk
0.09093791
0.08346636
0.08799243
0.07501014
0.08501661
0.0860441
0.09004878
0.08885664
0.089161694
0.093981996
0.10173727
0.074671544
0.09319132
0.09918936
0.09004554
0.07839612
0.09834369
0.0929364
0.08885894
0.09115418
0.09091694
0.09099782
0.076848485
0.07455359
0.0954104
0.079611436
0.09848417
0.08265592
0.08346248
0.09203195
0.09077888
0.07182815
test_mean_value
0.00011777738
0.00017782375
6.452171e-05
-2.7813867e-05
-0.00016177451
9.060311e-05
-9.374905e-05
-8.254552e-05
-8.095669e-05
6.4654582e-06
-0.0001421624
0.00017196179
0.00016452718
0.00016710868
-0.00018056603
-0.0001239669
-0.000100794634
-0.00020144825
-0.0002127844
-1.6568527e-05
-0.00012742395
7.400986e-05
9.1740745e-05
7.354187e-05
0.000112580165
0.00018129688
-0.00017189157
-0.00010019435
-0.000115028866
-1.5181899e-05
-7.185181e-05
8.467523e-05
test_mean_abs_value
0.057923134
0.052720167
0.05619472
0.04650663
0.053450055
0.054705758
0.057765104
0.056377314
0.056687325
0.06048204
0.06597266
0.04683213
0.059891444
0.064452514
0.057699893
0.04838864
0.06343576
0.0595131
0.056296658
0.058268946
0.05785436
0.0582931
0.047861356
0.046230674
0.06146014
0.050021615
0.06312277
0.0518002
0.052807637
0.058714207
0.057943217
0.044203267
test_variance_value
0.005371769
0.0044618007
0.0050682914
0.0034664364
0.004574
0.004806057
0.0053483583
0.0051016444
0.0051432983
0.0058783633
0.0069809174
0.0035176782
0.005761953
0.00667373
0.0053419666
0.0037566114
0.006449718
0.0056688795
0.005079647
0.0054475437
0.005364323
0.005460187
0.003671847
0.003426563
0.006053041
0.0040124655
0.0063726553
0.004299049
0.004458996
0.0055314917
0.005373905
0.0031274913
test_mean_costs
0.008078413
0.007987217
0.007966873
0.0077461596
0.0077892635
0.007983458
0.008021377
0.007958602
0.007925972
0.008107985
0.008218783
0.007817874
0.008165664
0.008515011
0.008037266
0.007836603
0.008155287
0.008066369
0.007894061
0.008088113
0.008023205
0.008105107
0.007774729
0.00771747
0.008091409
0.00784971
0.008171931
0.007903014
0.007855729
0.008106565
0.008029047
0.007470894
test_mean_abs_costs
0.008078413
0.007987217
0.007966873
0.0077461596
0.0077892635
0.007983458
0.008021377
0.007958602
0.007925972
0.008107985
0.008218783
0.007817874
0.008165664
0.008515011
0.008037266
0.007836603
0.008155287
0.008066369
0.007894061
0.008088113
0.008023205
0.008105107
0.007774729
0.00771747
0.008091409
0.00784971
0.008171931
0.007903014
0.007855729
0.008106565
0.008029047
0.007470894
test_variance_costs
5.841733e-06
5.970913e-06
5.750361e-06
5.503086e-06
5.385762e-06
6.0333136e-06
5.6603944e-06
5.5982664e-06
6.037766e-06
5.6942104e-06
6.6860025e-06
5.5055316e-06
6.2453164e-06
5.8043447e-06
6.1833416e-06
5.5262894e-06
6.4586034e-06
6.196587e-06
5.401814e-06
6.1973305e-06
6.082016e-06
6.2915046e-06
5.513489e-06
5.4387983e-06
6.2789973e-06
5.460535e-06
6.373565e-06
5.5494093e-06
5.722686e-06
6.104485e-06
6.063519e-06
4.6386995e-06
test_mean_wealth
-0.060644276
-0.05578949
-0.058609813
-0.050099354
-0.0564475
-0.057498865
-0.059945185
-0.059156336
-0.0593999
-0.062613845
-0.06796095
-0.049940754
-0.062310155
-0.06605794
-0.0602596
-0.052294943
-0.065698475
-0.06211566
-0.05915041
-0.060923245
-0.060675986
-0.06092803
-0.051333394
-0.049763523
-0.06375421
-0.053181484
-0.06566268
-0.055179916
-0.055828214
-0.061472964
-0.06071377
-0.047709
test_mean_abs_wealth
0.060644276
0.05578949
0.058609813
0.050099354
0.0564475
0.057498865
0.059945185
0.059156336
0.0593999
0.062613845
0.06796095
0.049940754
0.062310155
0.06605794
0.0602596
0.052294943
0.065698475
0.06211566
0.05915041
0.060923245
0.060675986
0.06092803
0.051333394
0.049763523
0.06375421
0.053181484
0.06566268
0.055179916
0.055828214
0.061472964
0.06071377
0.047709
test_variance_wealth
0.00019977786
0.00016583683
0.00018648172
0.00013338735
0.0001751167
0.00017541146
0.00019626564
0.00019137045
0.00019032696
0.00021306257
0.00024830393
0.00013196237
0.0002068622
0.00023506588
0.0001933034
0.00014680295
0.00023114246
0.00020629606
0.00019191578
0.00019744637
0.00019821443
0.00019673482
0.00014077264
0.00013217723
0.0002178372
0.00015189183
0.00023260475
0.00016411877
0.00016704998
0.0002022954
0.0001974843
0.00012578936
test_wealth_with_price_abs_mean
0.01302144
0.012148706
0.012643907
0.011174916
0.012242217
0.012370798
0.0128901685
0.012778303
0.012696644
0.013327149
0.014164944
0.011193794
0.013228574
0.013946194
0.012812666
0.011559122
0.0137509145
0.013166051
0.01276069
0.012961303
0.012944379
0.0129710045
0.011392306
0.011111624
0.013429849
0.01175308
0.013797898
0.012074483
0.012123524
0.013080946
0.012941039
0.010841187
test_wealth_with_price_variance
0.00019977786
0.00016583683
0.00018648172
0.00013338735
0.0001751167
0.00017541146
0.00019626564
0.00019137045
0.00019032696
0.00021306257
0.00024830393
0.00013196237
0.0002068622
0.00023506588
0.0001933034
0.00014680295
0.00023114246
0.00020629606
0.00019191578
0.00019744637
0.00019821443
0.00019673482
0.00014077264
0.00013217723
0.0002178372
0.00015189183
0.00023260475
0.00016411877
0.00016704998
0.0002022954
0.0001974843
0.00012578936
price
0.05256019
0.047771573
0.05061522
0.042339515
0.048698463
0.04949554
0.051930718
0.051152337
0.05146876
0.054494396
0.059742793
0.042075105
0.054085
0.05754639
0.05228704
0.04446891
0.057535294
0.05401735
0.05124404
0.052825097
0.05266696
0.052778307
0.04352902
0.042051837
0.05567451
0.04528274
0.057472
0.04725634
0.047972824
0.053347155
0.052678466
0.040208347
train_time
8.5026644
11.194127199999997
9.679322799999966
15.323108199999979
9.075344200000018
12.430865999999924
9.585324600000149
9.372443400000066
12.867609500000071
9.084743699999763
15.200542799999766
8.806372499999725
8.376496299999872
8.081588199999715
13.754461099999844
11.272331199999826
57.33834109999998
14.367370299999493
8.156482699999287
13.04866309999943
65.70266959999935
18.16525780000029
9.777447099999335
16.702103700000407
13.738477999999304
9.996047700000418
11.565966000000117
8.61122510000041
16.04866839999977
9.952736000000186
15.99086079999961
15.360225499999615


================================================================================
=== true matrix feature map
train_risk
0.0910506
0.08324079
0.08766824
0.075183965
0.0847908
0.08594696
0.09015066
0.088472866
0.089033715
0.09402493
0.10166884
0.07473002
0.09322301
0.10229823
0.09016599
0.07807522
0.098227344
0.09513139
0.08895136
0.09092512
0.093707405
0.09107634
0.07686061
0.07444294
0.09548728
0.07960071
0.09859814
0.084130846
0.08378597
0.09190248
0.09105311
0.07169913
test_risk
0.0911569
0.08336852
0.087789804
0.07532294
0.08475785
0.086038575
0.090125516
0.088703565
0.08898757
0.09396493
0.10173225
0.074752934
0.093174584
0.1023013
0.09002595
0.07816529
0.09838388
0.09512985
0.088796146
0.091116324
0.09360618
0.09098649
0.076906115
0.07456128
0.09541506
0.07960045
0.09860713
0.08408207
0.08357002
0.092024304
0.09077165
0.07176148
test_mean_value
0.00011782678
0.00017733738
6.47412e-05
-2.9977518e-05
-0.00016110366
9.0479254e-05
-9.259154e-05
-8.35657e-05
-8.078239e-05
6.3561397e-06
-0.00014189111
0.0001720809
0.00016452417
0.0001609475
-0.00018055947
-0.00012529273
-9.9476936e-05
-0.000201689
-0.00021034508
-1.6628122e-05
-0.00013115873
7.256056e-05
9.1342e-05
7.3689596e-05
0.00011247972
0.00018228314
-0.0001713669
-0.000105399944
-0.00011508797
-1.4064133e-05
-7.21284e-05
8.51067e-05
test_mean_abs_value
0.058003586
0.05273674
0.055928078
0.046640173
0.05348404
0.05468771
0.05778937
0.056264047
0.056674514
0.06051063
0.0659793
0.046819475
0.059909996
0.06437206
0.057556342
0.048907936
0.06331599
0.060072295
0.05647246
0.058141593
0.059928987
0.058285426
0.047722302
0.04622919
0.06146771
0.05005656
0.063425325
0.0531201
0.052896153
0.058661986
0.057933845
0.044259842
test_variance_value
0.0053847414
0.004464914
0.005019653
0.0034927805
0.004575957
0.004803518
0.005351596
0.0050803013
0.0051411595
0.0058823046
0.0069832425
0.003516655
0.0057640923
0.006657302
0.005316468
0.003835394
0.006425901
0.005767431
0.005101833
0.0054249405
0.0057769697
0.0054591554
0.0036508879
0.0034265532
0.006054255
0.0040209047
0.0064344453
0.0045287404
0.0044776923
0.005520951
0.0053725517
0.0031279216
test_mean_costs
0.008240451
0.007893227
0.007963187
0.0077600693
0.007886926
0.007964146
0.00816252
0.007953285
0.008028309
0.00814083
0.008215039
0.007834381
0.008216604
0.009358445
0.008019201
0.007823217
0.008181804
0.008855471
0.008028505
0.008033531
0.008672181
0.008078397
0.007749093
0.0077559613
0.008089365
0.00785852
0.00821313
0.008339889
0.007905754
0.008085743
0.00801899
0.0076050307
test_mean_abs_costs
0.008240451
0.007893227
0.007963187
0.0077600693
0.007886926
0.007964146
0.00816252
0.007953285
0.008028309
0.00814083
0.008215039
0.007834381
0.008216604
0.009358445
0.008019201
0.007823217
0.008181804
0.008855471
0.008028505
0.008033531
0.008672181
0.008078397
0.007749093
0.0077559613
0.008089365
0.00785852
0.00821313
0.008339889
0.007905754
0.008085743
0.00801899
0.0076050307
test_variance_costs
5.878039e-06
5.8403784e-06
5.8683036e-06
5.0294007e-06
5.810929e-06
5.9839017e-06
5.9627537e-06
5.8192327e-06
6.122495e-06
5.8873006e-06
6.6779144e-06
5.5093833e-06
6.3298667e-06
6.8122317e-06
6.1432993e-06
5.6426247e-06
6.482581e-06
7.007963e-06
5.9127797e-06
6.0839207e-06
5.9473546e-06
6.2330655e-06
5.515734e-06
5.48965e-06
6.2681797e-06
5.3573826e-06
6.358123e-06
5.399133e-06
5.59901e-06
6.066055e-06
6.032934e-06
5.3191216e-06
test_mean_wealth
-0.060806263
-0.055695985
-0.058605906
-0.05011543
-0.05654449
-0.057479676
-0.06008517
-0.059152037
-0.05950206
-0.0626468
-0.06795693
-0.049957145
-0.062361095
-0.06690753
-0.060241528
-0.052282885
-0.06572367
-0.062905006
-0.059282415
-0.060868725
-0.061328694
-0.060902774
-0.05130816
-0.049801867
-0.063752264
-0.053189307
-0.06570336
-0.055621997
-0.055878296
-0.061451025
-0.06070399
-0.047842704
test_mean_abs_wealth
0.060806263
0.055695985
0.058605906
0.05011543
0.05654449
0.057479676
0.06008517
0.059152037
0.05950206
0.0626468
0.06795693
0.049957145
0.062361095
0.06690753
0.060241528
0.052282885
0.06572367
0.062905006
0.059282415
0.060868725
0.061328694
0.060902774
0.05130816
0.049801867
0.063752264
0.053189307
0.06570336
0.055621997
0.055878296
0.061451025
0.06070399
0.047842704
test_variance_wealth
0.00020014888
0.00016575432
0.00018515483
0.00013605987
0.00017154419
0.00017562947
0.00019496692
0.00018864377
0.00018793823
0.00021154314
0.00024811295
0.00013235692
0.00020624865
0.00026075318
0.00019342705
0.00014468622
0.0002313064
0.00021708882
0.00018878486
0.00019808578
0.00021401743
0.00019687793
0.00014162897
0.00013190051
0.00021794665
0.00015211107
0.00023263706
0.00016935616
0.00016702402
0.00020259291
0.00019759219
0.00012284874
test_wealth_with_price_abs_mean
0.013094157
0.01210294
0.012625446
0.011254308
0.012204837
0.012367912
0.012915188
0.012700864
0.012700249
0.013297537
0.01415775
0.011208174
0.013239489
0.014793527
0.012807914
0.011506158
0.013764798
0.013672137
0.012727847
0.012956605
0.013478295
0.012962978
0.011404191
0.011124807
0.013431531
0.011769731
0.013804443
0.012344402
0.012141605
0.01307691
0.012939911
0.010808381
test_wealth_with_price_variance
0.00020014888
0.00016575432
0.00018515483
0.00013605987
0.00017154419
0.00017562947
0.00019496692
0.00018864377
0.00018793823
0.00021154314
0.00024811295
0.00013235692
0.00020624865
0.00026075318
0.00019342705
0.00014468622
0.0002313064
0.00021708882
0.00018878486
0.00019808578
0.00021401743
0.00019687793
0.00014162897
0.00013190051
0.00021794665
0.00015211107
0.00023263706
0.00016935616
0.00016702402
0.00020259291
0.00019759219
0.00012284874
price
0.05256019
0.047771573
0.05061522
0.042339515
0.048698463
0.04949554
0.051930718
0.051152337
0.05146876
0.054494396
0.059742793
0.042075105
0.054085
0.05754639
0.05228704
0.04446891
0.057535294
0.05401735
0.05124404
0.052825097
0.05266696
0.052778307
0.04352902
0.042051837
0.05567451
0.04528274
0.057472
0.04725634
0.047972824
0.053347155
0.052678466
0.040208347
train_time
9.546957199999994
11.244929900000017
9.670801499999982
10.563718400000084
19.427458
14.522204699999975
10.529326100000162
13.8791291
17.18396830000006
9.506968200000301
15.966235100000176
8.655335200000081
8.785614899999928
8.058427699999811
18.001440099999854
10.993006700000024
14.278253399999812
6.712160199999744
8.034956800000145
13.718368400000145
7.080388099999254
14.03259590000016
10.199747800000296
16.35594149999997
15.883762800000113
11.180035899999893
11.403236099999958
7.140446099999281
8.387979000000087
9.839395599999989
15.271378800000093
14.225342499999897


================================================================================
=== deep network
train_risk
0.089551315
0.082217425
0.0864996
0.07369882
0.08311942
0.084328465
0.087980844
0.08682998
0.08769075
0.09179852
0.099744834
0.073072016
0.091848135
0.09644817
0.088883184
0.07652388
0.09637349
0.09181433
0.08770974
0.089326784
0.089109115
0.08918699
0.07566866
0.07293527
0.093647376
0.07821705
0.097213365
0.08096153
0.08246037
0.089896716
0.08923445
0.0705948
test_risk
0.08961927
0.08233367
0.08659936
0.07384286
0.0831854
0.08443354
0.08798776
0.0869914
0.087609984
0.091858245
0.09974333
0.07312559
0.0919544
0.09643076
0.088723384
0.07660983
0.09652026
0.09189694
0.08757121
0.089440085
0.08912768
0.08917971
0.07566121
0.07308756
0.09354622
0.07826812
0.09707996
0.08093906
0.08234007
0.090039834
0.089119755
0.07066051
test_mean_value
0.000107889486
0.00017842205
6.956715e-05
-3.0191504e-05
-0.00017081703
9.91382e-05
-9.4349125e-05
-6.9483394e-05
-8.039627e-05
7.666173e-06
-0.00012778607
0.00016392165
0.00016318315
0.0001498579
-0.00017386477
-0.00012683256
-9.682077e-05
-0.00019726314
-0.00021344585
-9.216721e-06
-0.00012202226
7.2251336e-05
9.759478e-05
6.942575e-05
0.00010017633
0.0001775261
-0.00016879462
-0.000103948776
-0.00011885438
-1.662722e-05
-7.1517294e-05
7.4347256e-05
test_mean_abs_value
0.05663201
0.05307071
0.054663446
0.045762155
0.05294562
0.05410606
0.056746814
0.055780523
0.055965424
0.05933486
0.06519193
0.046008624
0.05894417
0.06276543
0.057312325
0.048411958
0.062525004
0.059891872
0.055436242
0.05777201
0.057217423
0.05772656
0.047546215
0.045783598
0.060832568
0.049717102
0.061714962
0.051487196
0.052731466
0.058168113
0.057567284
0.043497656
test_variance_value
0.0052093356
0.004592181
0.0048711575
0.0034085503
0.004549397
0.004772976
0.005231222
0.005065744
0.0050724437
0.005737097
0.0069246176
0.003444188
0.005677958
0.0064161
0.0053520924
0.0038090346
0.006358023
0.005825487
0.004998506
0.005432562
0.0053228806
0.005431197
0.0036704643
0.0034131228
0.006006212
0.0040119435
0.00619073
0.004309445
0.0045255083
0.005505237
0.005378737
0.00307122
test_mean_costs
0.008065829
0.00798454
0.00786064
0.0077930926
0.007823063
0.0078645
0.007879991
0.007844743
0.007893006
0.007862281
0.008115681
0.0077133854
0.008193714
0.008030289
0.008031866
0.007703817
0.008062554
0.008215232
0.007961073
0.0079215905
0.007881292
0.007921151
0.007749148
0.0076269396
0.008032407
0.0077727716
0.008157
0.0077878074
0.007979362
0.007839672
0.007937771
0.0077144895
test_mean_abs_costs
0.008065829
0.00798454
0.00786064
0.0077930926
0.007823063
0.0078645
0.007879991
0.007844743
0.007893006
0.007862281
0.008115681
0.0077133854
0.008193714
0.008030289
0.008031866
0.007703817
0.008062554
0.008215232
0.007961073
0.0079215905
0.007881292
0.007921151
0.007749148
0.0076269396
0.008032407
0.0077727716
0.008157
0.0077878074
0.007979362
0.007839672
0.007937771
0.0077144895
test_variance_costs
4.03035e-06
4.0086634e-06
3.8508047e-06
3.6769175e-06
3.835866e-06
3.8862318e-06
3.9973083e-06
3.8413605e-06
3.9677716e-06
3.910298e-06
4.3918067e-06
3.6259908e-06
4.20146e-06
4.163767e-06
4.200623e-06
3.7303205e-06
4.3676437e-06
4.109825e-06
3.960466e-06
4.0753303e-06
3.9652855e-06
4.0609707e-06
3.5187068e-06
3.5482408e-06
4.157622e-06
3.7270374e-06
4.28201e-06
3.8493968e-06
4.059625e-06
4.011135e-06
3.9509355e-06
3.6768727e-06
test_mean_wealth
-0.06064158
-0.05578621
-0.058498535
-0.050148666
-0.056490343
-0.05737137
-0.0598044
-0.059029415
-0.05936637
-0.06236694
-0.06784347
-0.049844306
-0.062339548
-0.06559047
-0.060247496
-0.052165024
-0.065601766
-0.062260337
-0.059218083
-0.06074937
-0.06052867
-0.060745835
-0.05130196
-0.049677107
-0.06370761
-0.053108316
-0.06564466
-0.055068463
-0.055955674
-0.061207518
-0.06062216
-0.047962923
test_mean_abs_wealth
0.06064158
0.05578621
0.058498535
0.050148666
0.056490343
0.05737137
0.0598044
0.059029415
0.05936637
0.06236694
0.06784347
0.049844306
0.062339548
0.06559047
0.060247496
0.052165024
0.065601766
0.062260337
0.059218083
0.06074937
0.06052867
0.060745835
0.05130196
0.049677107
0.06370761
0.053108316
0.06564466
0.055068463
0.055955674
0.061207518
0.06062216
0.047962923
test_variance_wealth
0.00022807698
0.00018822151
0.00021506051
0.00015123874
0.00019570549
0.0002009095
0.00022052361
0.00021581122
0.00021776304
0.00024429153
0.0002821317
0.00015098772
0.00023267929
0.00026374916
0.00022310896
0.00016518032
0.00026211588
0.00023400146
0.00021734241
0.0002258973
0.00022756222
0.00022482623
0.00016250984
0.00015089981
0.00024747135
0.00017294167
0.0002662602
0.00018559587
0.00018611037
0.00023106554
0.00022563354
0.00013902283
test_wealth_with_price_abs_mean
0.014133336
0.013104674
0.013752913
0.012071335
0.013253074
0.013412166
0.013902406
0.013792912
0.013825852
0.014495072
0.015391302
0.012088703
0.014265246
0.014980556
0.013997242
0.0124223055
0.014928451
0.014305244
0.013840452
0.014046838
0.014082773
0.014061253
0.012375309
0.011995986
0.014615814
0.01265708
0.015036627
0.01302086
0.013073394
0.01415419
0.014071396
0.011697765
test_wealth_with_price_variance
0.00022807698
0.00018822151
0.00021506051
0.00015123874
0.00019570549
0.0002009095
0.00022052361
0.00021581122
0.00021776304
0.00024429153
0.0002821317
0.00015098772
0.00023267929
0.00026374916
0.00022310896
0.00016518032
0.00026211588
0.00023400146
0.00021734241
0.0002258973
0.00022756222
0.00022482623
0.00016250984
0.00015089981
0.00024747135
0.00017294167
0.0002662602
0.00018559587
0.00018611037
0.00023106554
0.00022563354
0.00013902283
price
0.05256019
0.047771573
0.05061522
0.042339515
0.048698463
0.04949554
0.051930718
0.051152337
0.05146876
0.054494396
0.059742793
0.042075105
0.054085
0.05754639
0.05228704
0.04446891
0.057535294
0.05401735
0.05124404
0.052825097
0.05266696
0.052778307
0.04352902
0.042051837
0.05567451
0.04528274
0.057472
0.04725634
0.047972824
0.053347155
0.052678466
0.040208347
train_time
74.08572559999999
74.17236029999998
88.04223960000002
95.32095419999996
187.78364250000004
113.10307570000009
174.16954469999996
129.0232598
122.44324799999981
147.8101744999999
130.57422210000004
114.75014550000014
82.16247969999995
144.27759830000014
126.78655409999965
137.68074690000003
154.53515789999983
89.8080731
95.7164632999993
155.42768249999972
154.9141380000001
218.33029859999988
112.86987059999956
177.20096029999968
172.92660370000067
103.2119775000001
120.89257799999996
195.2633397999998
110.39366950000021
196.05693530000008
170.7162930000004
101.73714999999993


================================================================================
=== twin network linear feature map
train_risk
0.092430174
0.083487704
0.08745704
0.075274214
0.08524507
0.0872458
0.09030903
0.08874331
0.08897991
0.093964696
0.1019226
0.07499547
0.09508558
0.09865046
0.090614475
0.07811332
0.10046117
0.09236736
0.0887022
0.09105059
0.092497416
0.09137897
0.07709346
0.0743685
0.09526719
0.079344444
0.098514095
0.083169386
0.08431292
0.09194084
0.09142062
0.071533605
test_risk
0.09248022
0.08360295
0.08755652
0.07541997
0.085230276
0.08738345
0.09025157
0.08895713
0.088921085
0.093915746
0.10200635
0.07501422
0.09508497
0.09861746
0.09046661
0.07819418
0.10064223
0.09247914
0.08853393
0.09123515
0.092427164
0.09130046
0.07716345
0.07446864
0.09516703
0.07936539
0.09852099
0.08312052
0.08409343
0.09205389
0.0911088
0.071590334
test_mean_value
0.00011391181
0.00017829462
6.574407e-05
-2.912828e-05
-0.0001627083
9.346721e-05
-9.4048526e-05
-8.4478095e-05
-8.086328e-05
6.1161318e-06
-0.00013780221
0.00016980871
0.00015976385
0.00016214882
-0.00018032754
-0.0001234025
-0.00010130891
-0.00019932695
-0.00021413533
-1.5196835e-05
-0.00011841555
7.294495e-05
9.164826e-05
7.50681e-05
0.00011070321
0.0001805267
-0.00016913816
-9.6026786e-05
-0.000112552465
-1.6070262e-05
-6.992048e-05
8.481724e-05
test_mean_abs_value
0.057100765
0.052676607
0.055879775
0.045623705
0.05339284
0.055478465
0.05756312
0.055873238
0.056349564
0.05995585
0.06647188
0.0469523
0.059927363
0.06271186
0.05757554
0.048543606
0.06346463
0.059312116
0.05644637
0.058607493
0.058698356
0.05849532
0.048218917
0.045893356
0.061467968
0.049364366
0.06368325
0.051339455
0.052664854
0.0585125
0.05798564
0.044161264
test_variance_value
0.0053032674
0.0044773896
0.005021841
0.0034237981
0.004586685
0.00492972
0.0053384467
0.0050487574
0.0051195626
0.005770801
0.007046452
0.003524566
0.005768053
0.0063655414
0.005310619
0.0038194447
0.0065413155
0.0056601125
0.0051192055
0.0054867323
0.005560914
0.0054959827
0.0037015053
0.0034085375
0.0060537364
0.003970815
0.006465336
0.0042613293
0.004437036
0.005508794
0.005372159
0.0031263558
test_mean_costs
0.008619632
0.007948088
0.008005325
0.0077372077
0.007985507
0.008227063
0.008088614
0.007980164
0.008116966
0.0080752075
0.008301482
0.007854525
0.009022638
0.008179615
0.008042408
0.007918044
0.00847173
0.008229322
0.008083832
0.008116242
0.008507108
0.008171319
0.007740975
0.0078015598
0.008133327
0.007888263
0.008265581
0.007816922
0.0078808535
0.008159397
0.008068464
0.007762577
test_mean_abs_costs
0.008619632
0.007948088
0.008005325
0.0077372077
0.007985507
0.008227063
0.008088614
0.007980164
0.008116966
0.0080752075
0.008301482
0.007854525
0.009022638
0.008179615
0.008042408
0.007918044
0.00847173
0.008229322
0.008083832
0.008116242
0.008507108
0.008171319
0.007740975
0.0078015598
0.008133327
0.007888263
0.008265581
0.007816922
0.0078808535
0.008159397
0.008068464
0.007762577
test_variance_costs
5.453632e-06
5.4815423e-06
5.6047256e-06
4.823192e-06
5.5879605e-06
5.4622283e-06
5.9732492e-06
5.973409e-06
6.0134894e-06
6.2489653e-06
5.8291516e-06
5.5970077e-06
5.792127e-06
6.2157483e-06
6.333289e-06
5.5483415e-06
7.25907e-06
5.4424136e-06
5.363842e-06
5.94354e-06
5.376402e-06
6.3604125e-06
5.446079e-06
5.287084e-06
6.0247544e-06
4.853841e-06
6.3110965e-06
5.4902334e-06
6.1348915e-06
6.0397238e-06
6.2351824e-06
5.3119056e-06
test_mean_wealth
-0.06118936
-0.05574989
-0.05864704
-0.050091717
-0.056644678
-0.057739604
-0.06001272
-0.059179828
-0.059590798
-0.06258142
-0.06803928
-0.04997956
-0.06317189
-0.0657275
-0.0602645
-0.052375823
-0.06601543
-0.06227649
-0.05934153
-0.060950004
-0.06115088
-0.06099531
-0.051299732
-0.049846087
-0.063798
-0.05322081
-0.06575358
-0.055089656
-0.055850863
-0.061526686
-0.060751256
-0.04800054
test_mean_abs_wealth
0.06118936
0.05574989
0.05864704
0.050091717
0.056644678
0.057739604
0.06001272
0.059179828
0.059590798
0.06258142
0.06803928
0.04997956
0.06317189
0.0657275
0.0602645
0.052375823
0.06601543
0.06227649
0.05934153
0.060950004
0.06115088
0.06099531
0.051299732
0.049846087
0.063798
0.05322081
0.06575358
0.055089656
0.055850863
0.061526686
0.060751256
0.04800054
test_variance_wealth
0.00022252554
0.0001699025
0.00018672981
0.00014388633
0.0001757559
0.00018311717
0.0001965607
0.00019044611
0.00019005698
0.00021197947
0.00025977177
0.00013308883
0.00022653332
0.00023848545
0.00019361317
0.0001474766
0.00024703282
0.00021265386
0.00019492726
0.00019936834
0.0002102165
0.00019698718
0.00014220746
0.0001345886
0.00021970697
0.00015875105
0.00023147087
0.00016937169
0.00016756958
0.00020397431
0.00019814695
0.00012234121
test_wealth_with_price_abs_mean
0.013883843
0.012263175
0.012738867
0.011562535
0.012359887
0.012616475
0.012911335
0.012743142
0.012850005
0.013274947
0.014536226
0.0112095205
0.014136357
0.013966393
0.012755687
0.011685267
0.014116194
0.013566816
0.013027242
0.013036879
0.013399247
0.012977336
0.011387522
0.011292599
0.013555211
0.012096027
0.013803204
0.012149734
0.012059447
0.013171664
0.01293373
0.010925211
test_wealth_with_price_variance
0.00022252554
0.0001699025
0.00018672981
0.00014388633
0.0001757559
0.00018311717
0.0001965607
0.00019044611
0.00019005698
0.00021197947
0.00025977177
0.00013308883
0.00022653332
0.00023848545
0.00019361317
0.0001474766
0.00024703282
0.00021265386
0.00019492726
0.00019936834
0.0002102165
0.00019698718
0.00014220746
0.0001345886
0.00021970697
0.00015875105
0.00023147087
0.00016937169
0.00016756958
0.00020397431
0.00019814695
0.00012234121
price
0.05256019
0.047771573
0.05061522
0.042339515
0.048698463
0.04949554
0.051930718
0.051152337
0.05146876
0.054494396
0.059742793
0.042075105
0.054085
0.05754639
0.05228704
0.04446891
0.057535294
0.05401735
0.05124404
0.052825097
0.05266696
0.052778307
0.04352902
0.042051837
0.05567451
0.04528274
0.057472
0.04725634
0.047972824
0.053347155
0.052678466
0.040208347
train_time
7.733806399999992
11.425342300000011
10.085192500000062
11.325714200000107
9.73960390000002
8.177300800000012
8.880227300000115
15.533303200000091
13.95864759999995
15.203169999999773
10.198494099999607
8.47820290000027
7.766494099999818
9.749646000000212
13.402171400000043
13.167127100000016
6.475291700000071
16.141648000000714
13.963176399999611
12.658736899999894
8.833165199999712
14.91004460000022
9.822825399999601
16.675203700000566
11.36173140000028
9.614092600000731
11.641984500000035
13.756699700000354
17.09676760000002
10.11566859999948
15.46865330000037
18.985737699999845


================================================================================
=== twin network matrix feature map
train_risk
0.09207441
0.083427675
0.08739092
0.07527811
0.08508418
0.08660648
0.090188384
0.08873541
0.089001425
0.093969524
0.10192039
0.07494232
0.0973752
0.10064938
0.09063582
0.07809966
0.098758996
0.09350261
0.088833444
0.09105252
0.0928888
0.092028596
0.07707848
0.07436635
0.09524215
0.079298556
0.09860904
0.08311504
0.08440916
0.09190762
0.09139122
0.07153328
test_risk
0.09211323
0.0835454
0.087495215
0.0754171
0.08504022
0.086687535
0.09012566
0.08894816
0.088946335
0.093923196
0.10200381
0.07496521
0.09734672
0.100708194
0.0904933
0.07819455
0.09889989
0.09361529
0.088664524
0.0912293
0.09290555
0.09193115
0.07715451
0.07446751
0.095148146
0.07931371
0.098593846
0.083070934
0.084199615
0.09200453
0.09109862
0.07158801
test_mean_value
0.00011481212
0.00017707422
6.55153e-05
-2.9478499e-05
-0.00016008565
9.373835e-05
-9.426898e-05
-8.4540676e-05
-8.120397e-05
6.2986273e-06
-0.00013832605
0.00016660182
0.00017188316
0.00016032036
-0.00018107276
-0.0001238645
-0.00010393778
-0.00020415436
-0.00021881546
-1.522901e-05
-0.00012791812
6.831757e-05
9.1759706e-05
7.507007e-05
0.000112575406
0.00017883531
-0.00017192247
-9.869012e-05
-0.00011267663
-1.2982539e-05
-6.9829366e-05
8.4779545e-05
test_mean_abs_value
0.057786632
0.05257809
0.05587675
0.04560849
0.053459477
0.054723144
0.057283316
0.055867437
0.05633213
0.05992115
0.06646231
0.04661841
0.06160515
0.06344158
0.057771634
0.04854154
0.06280886
0.06009417
0.056734044
0.058620088
0.057036366
0.05762111
0.048214097
0.045898546
0.06150285
0.04955976
0.0637271
0.05156376
0.05262046
0.058641627
0.05797829
0.044150423
test_variance_value
0.0054284693
0.0044613215
0.0050197677
0.0034212342
0.004595996
0.004787909
0.0052915798
0.0050474005
0.0051158667
0.005764212
0.007044157
0.0034745552
0.006100755
0.0065170834
0.0053455825
0.0038187215
0.006401934
0.0058131996
0.0051684245
0.005488215
0.005242196
0.005333922
0.003700307
0.003409183
0.00606055
0.0040000468
0.006473088
0.0042943815
0.004430506
0.005536858
0.005371103
0.0031248508
test_mean_costs
0.00833972
0.008041061
0.007999238
0.0077523952
0.007996131
0.008020906
0.008179354
0.007988099
0.00807866
0.008096191
0.008287895
0.0077824313
0.010144894
0.0087307915
0.008058051
0.007870836
0.008198562
0.008631546
0.008053169
0.008152253
0.008727731
0.008176021
0.0078007253
0.0078052664
0.008146858
0.007909807
0.008248507
0.007897132
0.00790698
0.008131639
0.008035936
0.0077513303
test_mean_abs_costs
0.00833972
0.008041061
0.007999238
0.0077523952
0.007996131
0.008020906
0.008179354
0.007988099
0.00807866
0.008096191
0.008287895
0.0077824313
0.010144894
0.0087307915
0.008058051
0.007870836
0.008198562
0.008631546
0.008053169
0.008152253
0.008727731
0.008176021
0.0078007253
0.0078052664
0.008146858
0.007909807
0.008248507
0.007897132
0.00790698
0.008131639
0.008035936
0.0077513303
test_variance_costs
5.7739003e-06
5.8822734e-06
5.6359077e-06
4.826318e-06
5.7278326e-06
6.1709134e-06
6.115074e-06
6.00245e-06
5.9968415e-06
6.3232415e-06
5.7885627e-06
5.7324805e-06
7.021426e-06
5.7933185e-06
6.360776e-06
5.496394e-06
6.7668293e-06
5.4981197e-06
5.2433024e-06
6.030705e-06
6.0814364e-06
6.133008e-06
5.603083e-06
5.2987134e-06
6.0498355e-06
4.9293744e-06
6.27286e-06
5.71036e-06
6.062827e-06
5.8748915e-06
6.176729e-06
5.2873647e-06
test_mean_wealth
-0.06090855
-0.055844083
-0.058641184
-0.050107256
-0.056652676
-0.057533175
-0.06010368
-0.059187826
-0.059552833
-0.06260222
-0.06802622
-0.049910672
-0.06428203
-0.06628051
-0.06028089
-0.052329075
-0.06574489
-0.062683545
-0.059315547
-0.060986046
-0.061381005
-0.06100464
-0.05135937
-0.04984979
-0.06380966
-0.053244043
-0.06573929
-0.05517253
-0.05587711
-0.06149584
-0.060718637
-0.04798933
test_mean_abs_wealth
0.06090855
0.055844083
0.058641184
0.050107256
0.056652676
0.057533175
0.06010368
0.059187826
0.059552833
0.06260222
0.06802622
0.049910672
0.06428203
0.06628051
0.06028089
0.052329075
0.06574489
0.062683545
0.059315547
0.060986046
0.061381005
0.06100464
0.05135937
0.04984979
0.06380966
0.053244043
0.06573929
0.05517253
0.05587711
0.06149584
0.060718637
0.04798933
test_variance_wealth
0.00021581847
0.00016761778
0.00018617365
0.00014382221
0.00017324186
0.00017901923
0.00019481369
0.00019031197
0.00019067613
0.00021167561
0.0002602563
0.00013344521
0.00023533455
0.00025382097
0.00019337246
0.00014773356
0.00023542643
0.00021760134
0.00019719974
0.00019883215
0.00021348389
0.00020404928
0.00014130221
0.0001345296
0.0002192708
0.00015746139
0.0002328291
0.00016707019
0.00016907405
0.000203687
0.00019837308
0.00012245822
test_wealth_with_price_abs_mean
0.01357856
0.012247395
0.012724711
0.011569593
0.012296788
0.012424295
0.012923541
0.012744459
0.012844464
0.01327512
0.014544708
0.01118467
0.014775584
0.014447394
0.012754617
0.011664276
0.0138392765
0.013809261
0.013070509
0.013040668
0.013588043
0.013133826
0.011392655
0.011292657
0.013550572
0.012071281
0.013826883
0.012120854
0.0121152075
0.013155932
0.012924468
0.010922545
test_wealth_with_price_variance
0.00021581847
0.00016761778
0.00018617365
0.00014382221
0.00017324186
0.00017901923
0.00019481369
0.00019031197
0.00019067613
0.00021167561
0.0002602563
0.00013344521
0.00023533455
0.00025382094
0.00019337246
0.00014773356
0.00023542643
0.00021760134
0.00019719974
0.00019883215
0.00021348389
0.00020404928
0.00014130221
0.0001345296
0.0002192708
0.00015746139
0.0002328291
0.00016707019
0.00016907405
0.000203687
0.00019837308
0.00012245822
price
0.05256019
0.047771573
0.05061522
0.042339515
0.048698463
0.04949554
0.051930718
0.051152337
0.05146876
0.054494396
0.059742793
0.042075105
0.054085
0.05754639
0.05228704
0.04446891
0.057535294
0.05401735
0.05124404
0.052825097
0.05266696
0.052778307
0.04352902
0.042051837
0.05567451
0.04528274
0.057472
0.04725634
0.047972824
0.053347155
0.052678466
0.040208347
train_time
6.96868520000001
11.399280199999964
10.80789260000006
10.584837799999946
9.319138199999998
13.916852500000005
9.08003339999982
17.629759399999784
14.487702399999762
13.5935300000001
9.98831730000029
14.318535699999757
7.796992699999919
8.060041499999897
13.092112100000122
13.162891599999966
13.886057099999562
7.593845799999144
9.27869499999997
12.313248899999962
6.47899309999957
12.373362199999974
9.914291799999774
16.609595399999307
14.063837400000011
11.30622779999976
16.562992600000143
8.518499300000258
9.286064799999622
9.762787900000149
15.353265299999293
13.238364900000306


