================================================================================
=== twin network
train_time
42.5526003
42.38491049999999
42.18821079999998
43.25539630000003
44.1620891
42.780590100000154
43.0217353999999
14.43113070000004
42.92432269999995
47.609401900000194
42.78287369999998
43.21063550000008
44.42598480000015
44.15444919999982
13.385835699999916
44.30690579999964
44.301851599999736
13.162819099999979
43.926529200000004
44.33756220000032
45.439690600000176
44.998180699999466
51.09145829999943
33.02233290000004
48.888656099999935
51.60557229999995
49.450395599999865
48.38905840000007
47.04609100000016
55.58480890000101
53.20171839999966
55.34853710000061


================================================================================
=== continuous-time
train_risk
0.059810303
0.03227844
0.090689465
0.07462046
0.048213493
0.08143986
0.08254353
0.104021244
0.08553659
0.07529795
0.09989017
0.10392921
0.09610543
0.038060736
0.08600339
0.02959023
0.052989878
0.08758214
0.07546205
0.05574881
0.06797483
0.09139779
0.09722853
0.08988897
0.07472974
0.08347378
0.0702537
0.07018116
0.08430754
0.0916158
0.040917743
0.058317926
test_risk
0.05979991
0.032248568
0.090547405
0.07449782
0.048320193
0.08161851
0.08268749
0.104347326
0.085676014
0.07540186
0.09978303
0.10398093
0.09619702
0.038056716
0.085735664
0.0295698
0.0529387
0.08756825
0.07563774
0.05584804
0.067936845
0.09139646
0.09708189
0.089926966
0.074811496
0.083513394
0.07006605
0.070183024
0.08413884
0.09176869
0.040978305
0.058312323
test_mean_value
1.9078774e-05
-3.1466792e-05
-0.00016316639
2.8395056e-05
-1.776437e-05
1.1709552e-05
4.5805158e-05
-0.00031397113
-0.000121538804
7.846297e-05
-0.00033276918
6.977022e-06
-8.281131e-05
-2.3052426e-05
-1.5416246e-05
-1.09836465e-05
1.4667397e-05
-4.5471756e-05
0.0002480213
-3.7637972e-05
0.00017104096
-8.4275416e-05
-9.563051e-06
0.00030234474
-0.0001292105
1.0552446e-05
-5.8282123e-05
0.00013688482
4.7797046e-05
-2.2857334e-05
3.0513685e-05
-0.000105367515
test_mean_abs_value
0.031315655
0.010553449
0.054059643
0.042291112
0.022636384
0.047423523
0.04809701
0.06392122
0.0504624
0.042832185
0.060630016
0.06377972
0.05810311
0.015040195
0.05032889
0.008510764
0.026175946
0.051775366
0.042970642
0.028238196
0.037302326
0.054620754
0.05872374
0.05368863
0.04221412
0.048866242
0.038908027
0.039060123
0.049301054
0.054755542
0.017209552
0.03010605
test_variance_value
0.0015969943
0.00018090874
0.004753003
0.0029110073
0.0008348382
0.0036727153
0.003763533
0.0066457572
0.004154239
0.002981135
0.0060019507
0.006626305
0.005494344
0.00036827955
0.0041278056
0.000117991316
0.0011156785
0.004366592
0.0030100353
0.0012978286
0.002271202
0.0048521366
0.005616732
0.004690168
0.0028936162
0.0038828803
0.0024666754
0.0024810866
0.003961863
0.0049002767
0.00048341742
0.0014732074
test_mean_costs
0.010909587
0.010916101
0.010898167
0.010894923
0.010918939
0.010920916
0.010918124
0.010913203
0.010908051
0.01091367
0.010909999
0.010920622
0.010919534
0.010921228
0.010911852
0.010910471
0.010911222
0.010903916
0.010901802
0.01091101
0.010905701
0.01089931
0.010915381
0.010902568
0.010909324
0.010905797
0.010905158
0.010898759
0.010892458
0.010910739
0.010904039
0.010919599
test_mean_abs_costs
0.010909587
0.010916101
0.010898167
0.010894923
0.010918939
0.010920916
0.010918124
0.010913203
0.010908051
0.01091367
0.010909999
0.010920622
0.010919534
0.010921228
0.010911852
0.010910471
0.010911222
0.010903916
0.010901802
0.01091101
0.010905701
0.01089931
0.010915381
0.010902568
0.010909324
0.010905797
0.010905158
0.010898759
0.010892458
0.010910739
0.010904039
0.010919599
test_variance_costs
1.3402401e-05
1.3426789e-05
1.3432722e-05
1.3474477e-05
1.3465613e-05
1.3542585e-05
1.3524218e-05
1.3595894e-05
1.3510547e-05
1.3495574e-05
1.3559768e-05
1.3551078e-05
1.3595942e-05
1.3450934e-05
1.349636e-05
1.3446467e-05
1.3391647e-05
1.34898e-05
1.3514559e-05
1.3498825e-05
1.3508788e-05
1.3483461e-05
1.3475017e-05
1.3540559e-05
1.3466599e-05
1.3506625e-05
1.3415937e-05
1.3411681e-05
1.3525574e-05
1.3546552e-05
1.3448804e-05
1.3499229e-05
test_mean_wealth
-0.038532514
-0.02024552
-0.058674052
-0.04814631
-0.03091915
-0.052797467
-0.053429205
-0.067495786
-0.055428628
-0.048742756
-0.06459446
-0.06729123
-0.06224347
-0.024190143
-0.05542938
-0.018433725
-0.03402163
-0.056653865
-0.048794072
-0.035871767
-0.043785654
-0.05917572
-0.0627912
-0.058199316
-0.048317093
-0.054061677
-0.045298666
-0.045341022
-0.05440011
-0.059291624
-0.026078895
-0.037570544
test_mean_abs_wealth
0.038532514
0.02024552
0.058674052
0.04814631
0.03091915
0.052797467
0.053429205
0.067495786
0.055428628
0.048742756
0.06459446
0.06729123
0.06224347
0.024190143
0.05542938
0.018433725
0.03402163
0.056653865
0.048794072
0.035871767
0.043785654
0.05917572
0.0627912
0.058199316
0.048317093
0.054061677
0.045298666
0.045341022
0.05440011
0.059291624
0.026078895
0.037570544
test_variance_wealth
6.826141e-05
2.266271e-05
0.00015978877
0.00010704022
4.513188e-05
0.00012894554
0.00013242748
0.00021590441
0.00014259787
0.00010981373
0.00019618326
0.00021454456
0.00018222527
2.9399414e-05
0.00014346982
2.0144364e-05
5.3896594e-05
0.00014929668
0.000110277826
5.9849663e-05
8.861833e-05
0.00016325236
0.00018532586
0.0001578151
0.000107822714
0.00013575327
9.41612e-05
9.440105e-05
0.00013796655
0.0001648204
3.3403398e-05
6.5109525e-05
test_wealth_with_price_abs_mean
0.011272873
0.010927458
0.012923998
0.011901501
0.011013291
0.012362874
0.012388578
0.013980709
0.012595114
0.011990848
0.013604249
0.013968843
0.013389783
0.010946986
0.012598767
0.01092895
0.011091917
0.012704716
0.011977121
0.011153452
0.011587305
0.012974849
0.013402973
0.0128904525
0.011928405
0.012465609
0.011688564
0.011700458
0.012495383
0.013032193
0.0109246895
0.011268179
test_wealth_with_price_variance
6.826141e-05
2.2662709e-05
0.00015978877
0.00010704022
4.513188e-05
0.00012894554
0.00013242748
0.00021590441
0.00014259787
0.00010981373
0.00019618326
0.00021454458
0.00018222527
2.9399413e-05
0.00014346982
2.0144365e-05
5.389659e-05
0.00014929668
0.000110277826
5.9849663e-05
8.861833e-05
0.00016325236
0.00018532586
0.0001578151
0.000107822714
0.00013575327
9.41612e-05
9.440105e-05
0.00013796655
0.0001648204
3.34034e-05
6.5109525e-05
price
0.027617909
0.009318675
0.04776869
0.037262265
0.01999409
0.041836496
0.042513687
0.056567606
0.0444965
0.03780776
0.053698745
0.05636135
0.051260237
0.013251356
0.044533424
0.0075048753
0.023100896
0.04575568
0.037871998
0.024959188
0.032872092
0.0482783
0.051885508
0.047262855
0.037412956
0.043148614
0.034395054
0.034420457
0.043499164
0.048344254
0.015172512
0.02660882
train_time
4.476514800000004
3.354522999999972
2.3554136999999855
1.8981288999999606
3.1591935999999805
2.1758168000001206
2.1711583999999675
2.1639368000001014
3.54997800000001
1.928918799999792
3.018323000000237
2.5311375999999655
3.941609499999686
1.9768120000003364
2.2370875999999953
4.752755900000011
3.9854536000002554
5.39477689999967
3.4692896999995355
2.646287599999596
2.928054400000292
3.2055691000005027
2.3960391000000527
4.426073999999971
7.485771300000124
5.3020354000000225
2.303253699999914
2.6222279000003255
5.644971200000327
7.08970539999973
4.402147099999638
4.852117599999474


================================================================================
=== true linear feature map
train_risk
0.047370337
0.021764275
0.083190106
0.067103304
0.03862023
0.07449832
0.07526088
0.09681882
0.07843518
0.06606908
0.09254672
0.09653358
0.08881184
0.023929458
0.07840624
0.015074388
0.04394005
0.08042048
0.06758402
0.047127638
0.06063124
0.084052324
0.09031011
0.08287063
0.06608661
0.07610298
0.05932642
0.06280773
0.076874815
0.08435606
0.031794008
0.046895914
test_risk
0.047374614
0.021712238
0.08314833
0.06707658
0.038659453
0.07459274
0.07523054
0.09704545
0.0784962
0.06611756
0.09243441
0.096495055
0.08887096
0.023985106
0.078318655
0.015069952
0.043974657
0.08047893
0.06747777
0.047122717
0.06063187
0.084032714
0.09026904
0.082904235
0.06605344
0.076167434
0.059314247
0.062835604
0.07683825
0.08445406
0.031762626
0.04689997
test_mean_value
1.0451774e-05
-2.7755339e-05
-0.0001644802
1.9344317e-05
3.474665e-06
1.8204697e-05
5.2774765e-05
-0.00029000474
-0.00011972213
8.453124e-05
-0.00031113226
2.4239165e-05
-7.752343e-05
-2.3162878e-05
-1.0342907e-06
-1.3720724e-05
8.143602e-06
-5.664855e-05
0.000246013
-2.8899063e-05
0.00016191196
-8.412679e-05
-2.4134313e-06
0.00028299357
-0.00012852269
1.1324133e-05
-5.992021e-05
0.00012381822
2.8384859e-05
-1.9856876e-05
3.3811375e-05
-0.00010084203
test_mean_abs_value
0.030381933
0.0099046705
0.052669063
0.040811885
0.021831915
0.046375223
0.046708222
0.06225388
0.04931492
0.04181843
0.059245538
0.062186558
0.05701311
0.014528062
0.048949268
0.0082012685
0.025282681
0.05058422
0.04184491
0.027491644
0.036608957
0.05315683
0.05792838
0.052146696
0.041015778
0.047508687
0.037896678
0.03806885
0.04801163
0.053012673
0.016392235
0.029210173
test_variance_value
0.0014810531
0.00015535281
0.004439442
0.0026660669
0.00076539046
0.0034530028
0.0034909984
0.0062097497
0.0038987612
0.0028015361
0.0056432327
0.006206377
0.0052155745
0.00034007983
0.0038425017
0.00010945513
0.0010224577
0.004103418
0.002807614
0.0012071982
0.0021492974
0.004524142
0.005382386
0.0043604258
0.0026872247
0.0036127195
0.0023044173
0.0023198416
0.0036966926
0.004524042
0.000430201
0.0013653748
test_mean_costs
0.0038403824
0.004507204
0.007847119
0.0075350287
0.0051168264
0.007987931
0.007797468
0.00824263
0.007950245
0.0058013937
0.008081441
0.008160621
0.007908813
0.001987419
0.007749434
0.0011459916
0.005869342
0.007869865
0.0071167415
0.0060851625
0.007196004
0.0079372935
0.008129397
0.007884783
0.0066679576
0.0077288365
0.005075323
0.0074191745
0.007778835
0.0079104025
0.005557505
0.0046134694
test_mean_abs_costs
0.0038403824
0.004507204
0.007847119
0.0075350287
0.0051168264
0.007987931
0.007797468
0.00824263
0.007950245
0.0058013937
0.008081441
0.008160621
0.007908813
0.001987419
0.007749434
0.0011459916
0.005869342
0.007869865
0.0071167415
0.0060851625
0.007196004
0.0079372935
0.008129397
0.007884783
0.0066679576
0.0077288365
0.005075323
0.0074191745
0.007778835
0.0079104025
0.005557505
0.0046134694
test_variance_costs
1.3846056e-06
1.3250313e-06
5.636939e-06
5.022802e-06
1.6377246e-06
5.282076e-06
5.6218064e-06
6.5382014e-06
5.572172e-06
3.0735334e-06
6.15096e-06
6.356377e-06
5.6769613e-06
3.453942e-07
5.5380074e-06
1.0638537e-07
2.3588614e-06
5.3897875e-06
4.2435386e-06
2.6987695e-06
3.8522876e-06
5.847353e-06
5.6635004e-06
5.447189e-06
4.1108583e-06
5.3063472e-06
2.3866207e-06
4.2737015e-06
5.4750312e-06
5.8333558e-06
1.859648e-06
1.6419134e-06
test_mean_wealth
-0.031471934
-0.013832912
-0.055624317
-0.04479547
-0.025095798
-0.04985799
-0.05030158
-0.064801246
-0.052469008
-0.043624412
-0.061744265
-0.06451397
-0.05922746
-0.015256444
-0.05225258
-0.008671983
-0.028986275
-0.053630993
-0.045011017
-0.03103718
-0.040085085
-0.056213554
-0.059998065
-0.055200882
-0.044075042
-0.050883945
-0.039470468
-0.0418745
-0.051305894
-0.056288287
-0.020729063
-0.031259887
test_mean_abs_wealth
0.031471934
0.013832912
0.055624317
0.04479547
0.025095798
0.04985799
0.05030158
0.064801246
0.052469008
0.043624412
0.061744265
0.06451397
0.05922746
0.015256444
0.05225258
0.008672066
0.028986275
0.053630993
0.045011017
0.03103718
0.040085085
0.056213554
0.059998065
0.055200882
0.044075042
0.050883945
0.039470468
0.0418745
0.051305894
0.056288287
0.020729063
0.031259887
test_variance_wealth
5.4961307e-05
1.2757354e-05
0.0001647814
0.00010770782
3.8986484e-05
0.00013194387
0.00013371007
0.0002244406
0.00014646341
0.00010887088
0.00020412734
0.00022247643
0.00018823873
1.5956175e-05
0.00014728376
8.186395e-06
4.8487185e-05
0.00015436983
0.00010899712
5.5604916e-05
9.034146e-05
0.00016731783
0.00019572674
0.00016596506
0.00010449949
0.0001383689
8.57954e-05
9.441912e-05
0.00014113126
0.0001710793
2.6089223e-05
5.3092823e-05
test_wealth_with_price_abs_mean
0.006654609
0.0047960696
0.012046718
0.010339806
0.0065019643
0.011268246
0.011189676
0.01362966
0.011627263
0.009508646
0.0130928615
0.013558907
0.012661936
0.0035335445
0.011541231
0.0024242622
0.0073956707
0.011774995
0.010153627
0.007780173
0.009621318
0.012152575
0.012892203
0.012120176
0.009785681
0.011302189
0.008423805
0.009900064
0.011416429
0.012240523
0.006234172
0.006927611
test_wealth_with_price_variance
5.4961307e-05
1.2757354e-05
0.0001647814
0.00010770782
3.8986484e-05
0.00013194387
0.00013371007
0.0002244406
0.00014646341
0.00010887088
0.00020412734
0.00022247643
0.00018823873
1.5956175e-05
0.00014728376
8.186395e-06
4.8487185e-05
0.00015436983
0.00010899712
5.5604916e-05
9.034146e-05
0.00016731783
0.00019572674
0.00016596506
0.00010449949
0.0001383689
8.57954e-05
9.441912e-05
0.00014113126
0.0001710793
2.6089225e-05
5.3092823e-05
price
0.027617909
0.009318675
0.04776869
0.037262265
0.01999409
0.041836496
0.042513687
0.056567606
0.0444965
0.03780776
0.053698745
0.05636135
0.051260237
0.013251356
0.044533424
0.0075048753
0.023100896
0.04575568
0.037871998
0.024959188
0.032872092
0.0482783
0.051885508
0.047262855
0.037412956
0.043148614
0.034395054
0.034420457
0.043499164
0.048344254
0.015172512
0.02660882
train_time
16.138189200000006
17.43172290000001
15.194602299999985
14.401803100000052
11.831797199999983
16.24007789999996
14.454865400000017
19.29462620000004
11.91171200000008
13.999600399999963
13.771169499999814
18.86571789999971
12.019033699999909
16.73544119999997
14.810531999999967
20.521787600000152
13.914034299999912
11.248435900000004
12.13647469999978
10.440193200000067
13.533484399999907
20.87860980000005
13.758528899999874
15.212254199999734
41.4789523999998
18.73562430000038
20.701533099999324
13.047340400000394
17.32324940000035
25.175325800000792
23.32405579999977
16.417474999998376


================================================================================
=== deep network
train_risk
0.04740277
0.022332652
0.08158322
0.06631007
0.038444605
0.07277723
0.07434613
0.09507627
0.0767454
0.06517379
0.091023855
0.094475046
0.086449645
0.024333756
0.07772914
0.015581122
0.04337605
0.078722276
0.06668519
0.046401605
0.059021633
0.082444616
0.08860156
0.08085413
0.065309376
0.07518549
0.058240067
0.0615083
0.0757909
0.083897606
0.03147498
0.04670434
test_risk
0.047421575
0.022304788
0.08165896
0.06633491
0.038496226
0.07283679
0.074375786
0.09529687
0.076828904
0.06525874
0.09098061
0.094542004
0.0865158
0.024402726
0.077695414
0.015585677
0.04344656
0.07878296
0.066626795
0.04641256
0.059127506
0.082462266
0.0885914
0.081032254
0.065259464
0.07526901
0.05827475
0.06159798
0.07581831
0.083952
0.031494476
0.046707325
test_mean_value
1.2830681e-05
-2.8953915e-05
-0.00017632397
2.5737558e-05
6.230807e-06
2.3829178e-05
6.289974e-05
-0.00027940652
-0.000120473545
8.1926344e-05
-0.00029824162
2.293547e-05
-7.0263195e-05
-2.3103406e-05
3.2168694e-07
-1.214086e-05
1.057865e-05
-5.2294396e-05
0.00023633103
-2.8912937e-05
0.00016459198
-9.9143916e-05
-9.547539e-07
0.0002814882
-0.00012894033
1.7960578e-05
-6.0962248e-05
0.0001131231
2.863809e-05
-1.0711746e-05
3.4315264e-05
-0.00010114532
test_mean_abs_value
0.030059878
0.009820131
0.052085906
0.040347304
0.021572834
0.045483243
0.04695798
0.061227225
0.048593957
0.041325513
0.058440033
0.061403725
0.05606264
0.014410232
0.048331704
0.008122394
0.024983097
0.04985988
0.041358076
0.02696194
0.035741698
0.052602552
0.056553558
0.051670242
0.0406966
0.046250105
0.037426405
0.037510313
0.047874846
0.051446173
0.016215555
0.02910849
test_variance_value
0.0014735749
0.00015444738
0.0044072107
0.0026456402
0.00075778837
0.0033758243
0.0035725676
0.006097208
0.0038406348
0.002772231
0.0055776797
0.006147442
0.005116328
0.00033868998
0.003804242
0.00010763245
0.0010126423
0.0040415935
0.0027786943
0.0011797819
0.002082277
0.00449893
0.0052104373
0.0043416787
0.0026831173
0.0034787229
0.0022829468
0.0022793752
0.0037184882
0.0043492746
0.00042751976
0.0013735681
test_mean_costs
0.004026574
0.0046511283
0.007738838
0.007517059
0.0051990566
0.007617028
0.007865185
0.008125112
0.007815436
0.0059796786
0.008111625
0.00789128
0.0074925493
0.0021854592
0.0077052373
0.00129541
0.00600632
0.007826279
0.0072913794
0.0062399884
0.007161139
0.007888075
0.008098477
0.00783562
0.006738375
0.0077830306
0.0049938797
0.0073932307
0.007791525
0.008009037
0.0055942987
0.0047140247
test_mean_abs_costs
0.004026574
0.0046511283
0.007738838
0.007517059
0.0051990566
0.007617028
0.007865185
0.008125112
0.007815436
0.0059796786
0.008111625
0.00789128
0.0074925493
0.0021854592
0.0077052373
0.00129541
0.00600632
0.007826279
0.0072913794
0.0062399884
0.007161139
0.007888075
0.008098477
0.00783562
0.006738375
0.0077830306
0.0049938797
0.0073932307
0.007791525
0.008009037
0.0055942987
0.0047140247
test_variance_costs
9.751508e-07
1.0355426e-06
3.66326e-06
3.2243533e-06
1.399346e-06
3.4245245e-06
3.679357e-06
4.183074e-06
3.7541008e-06
2.0784485e-06
3.988892e-06
4.00302e-06
3.4595e-06
3.0291395e-07
3.4295645e-06
1.2478623e-07
1.6827568e-06
3.7464251e-06
2.8478037e-06
2.022637e-06
2.9247444e-06
3.8009284e-06
3.972059e-06
3.862335e-06
2.612892e-06
3.489766e-06
1.5572625e-06
3.140112e-06
3.4759435e-06
3.7416048e-06
1.3942924e-06
1.1554779e-06
test_mean_wealth
-0.031655747
-0.013978034
-0.05552788
-0.044771105
-0.025175272
-0.04948146
-0.05035917
-0.06467313
-0.05233495
-0.0438053
-0.061761558
-0.06424593
-0.058803935
-0.015454425
-0.052207027
-0.008819821
-0.029120818
-0.053583052
-0.045195337
-0.03119202
-0.04004754
-0.056179352
-0.059965685
-0.055153225
-0.044145875
-0.050931502
-0.03939007
-0.041859254
-0.051318333
-0.056377776
-0.020765353
-0.031360745
test_mean_abs_wealth
0.031655747
0.013978034
0.05552788
0.044771105
0.025175272
0.04948146
0.05035917
0.06467313
0.05233495
0.0438053
0.061761558
0.06424593
0.058803935
0.015454425
0.052207027
0.008820244
0.029120818
0.053583052
0.045195337
0.03119202
0.04004754
0.056179352
0.059965685
0.055153225
0.044145875
0.050931502
0.03939007
0.041859254
0.051318333
0.056377776
0.020765353
0.031360745
test_variance_wealth
6.3372616e-05
1.4994671e-05
0.00018964816
0.00012618261
4.3161835e-05
0.00015095083
0.00015457258
0.00025679776
0.00016385206
0.00012103541
0.00023361428
0.00025433622
0.00021355049
1.8189026e-05
0.00017335205
9.241872e-06
5.482998e-05
0.00017479574
0.000120768585
6.105218e-05
9.929561e-05
0.00019137893
0.00021905819
0.0001842158
0.00012046288
0.00016057052
9.663973e-05
0.00010548629
0.00016418165
0.00019668115
2.9631987e-05
6.259054e-05
test_wealth_with_price_abs_mean
0.007295599
0.0050272434
0.013090805
0.011190758
0.006873924
0.012022073
0.012167093
0.014821642
0.01243622
0.010305106
0.014285674
0.014693536
0.013614438
0.003854982
0.012587143
0.0026041258
0.007940223
0.01273129
0.010913313
0.008302799
0.010212611
0.013212731
0.013897071
0.013011178
0.010648037
0.012314325
0.009087002
0.010541769
0.012437982
0.013276642
0.00652106
0.00761518
test_wealth_with_price_variance
6.3372616e-05
1.4994671e-05
0.00018964816
0.00012618261
4.3161835e-05
0.00015095083
0.00015457258
0.00025679776
0.00016385206
0.00012103541
0.00023361428
0.00025433622
0.00021355049
1.8189026e-05
0.00017335205
9.241872e-06
5.482998e-05
0.00017479574
0.000120768585
6.105218e-05
9.929561e-05
0.00019137893
0.00021905819
0.0001842158
0.00012046288
0.00016057052
9.663973e-05
0.00010548629
0.00016418165
0.00019668115
2.9631987e-05
6.259054e-05
price
0.027617909
0.009318675
0.04776869
0.037262265
0.01999409
0.041836496
0.042513687
0.056567606
0.0444965
0.03780776
0.053698745
0.05636135
0.051260237
0.013251356
0.044533424
0.0075048753
0.023100896
0.04575568
0.037871998
0.024959188
0.032872092
0.0482783
0.051885508
0.047262855
0.037412956
0.043148614
0.034395054
0.034420457
0.043499164
0.048344254
0.015172512
0.02660882
train_time
86.1275632
102.7133963
122.40551659999994
95.5661523
120.05848900000012
171.74190989999988
102.0154877
141.23122009999997
214.03530590000014
178.29781219999995
110.55769569999984
211.6834769000002
188.20732100000032
141.6670640999996
96.22743330000003
178.24278660000027
199.4531388000005
166.7258652999999
133.3065692
203.66081380000014
190.05123920000005
214.00380920000043
142.40730499999972
246.02802679999968
195.70418400000017
163.60154740000053
206.19607039999937
260.91347099999984
266.7547931000008
128.73846400000002
232.60524880000048
147.50637879999886


================================================================================
=== twin network linear feature map
train_risk
0.047336012
0.021857306
0.08338687
0.0673627
0.038572557
0.0744738
0.07559303
0.09736736
0.07859962
0.06661756
0.09351347
0.09653303
0.088869184
0.023824582
0.079021454
0.015129657
0.044015903
0.08038085
0.067353524
0.04689194
0.060846884
0.08440148
0.0904415
0.083064705
0.066349894
0.07622672
0.059246212
0.06268067
0.07661292
0.08422194
0.031573534
0.04649634
test_risk
0.047333036
0.021798013
0.08335677
0.06732241
0.03861282
0.07457127
0.07557937
0.09754212
0.07865297
0.066681236
0.093459345
0.09652308
0.088948645
0.023870502
0.07891236
0.015131286
0.044048678
0.08042098
0.06727067
0.04688477
0.06085888
0.08438789
0.09039555
0.08319486
0.06632587
0.076309904
0.0592459
0.062715255
0.07658702
0.084335156
0.031540386
0.04648932
test_mean_value
1.142253e-05
-2.9032739e-05
-0.00016289527
1.9687657e-05
4.62015e-06
1.9405805e-05
5.9243263e-05
-0.00028411663
-0.00011763614
8.011241e-05
-0.00031343725
2.6515234e-05
-7.77221e-05
-2.306905e-05
4.1494222e-06
-1.3709489e-05
7.92114e-06
-5.6828812e-05
0.000241874
-2.9222496e-05
0.00016321678
-8.445895e-05
2.3046941e-06
0.00027813602
-0.00012836885
1.3420525e-05
-5.9748036e-05
0.00012424582
2.7299247e-05
-2.1401942e-05
3.5693585e-05
-0.000100081976
test_mean_abs_value
0.030544113
0.009976527
0.052567206
0.041041017
0.021454223
0.046326842
0.047373835
0.06089992
0.048907254
0.04145233
0.060494512
0.06163164
0.056987997
0.014495811
0.049602542
0.008116675
0.025060298
0.050972767
0.041495234
0.026869442
0.036684178
0.053342797
0.057844773
0.051938083
0.04093281
0.04777915
0.037956696
0.03827729
0.047717158
0.053370543
0.016388347
0.029445875
test_variance_value
0.0014991564
0.0001605609
0.0044362047
0.0026805578
0.0007514036
0.0034539616
0.0035357755
0.006082206
0.0038629998
0.0027349333
0.005842096
0.006155319
0.0051855687
0.00034178485
0.0038742158
0.0001086049
0.0010153679
0.0041145654
0.0027851688
0.0011784025
0.0021582483
0.0045383316
0.0054074656
0.004365855
0.002681787
0.003630027
0.0023111985
0.0023364548
0.0036831878
0.004575032
0.00043067185
0.0013828072
test_mean_costs
0.0038924508
0.0045481035
0.007895074
0.0075567486
0.005337774
0.007986533
0.0077656116
0.008293302
0.007976994
0.0060181525
0.008260282
0.0081385095
0.007852669
0.0020527302
0.007762073
0.0011539698
0.0059254216
0.007976303
0.0068565253
0.005941932
0.0072536436
0.007925091
0.008204975
0.008093209
0.0067069125
0.0077176816
0.005152206
0.0075706686
0.007855134
0.007946487
0.005342976
0.0043763
test_mean_abs_costs
0.0038924508
0.0045481035
0.007895074
0.0075567486
0.005337774
0.007986533
0.0077656116
0.008293302
0.007976994
0.0060181525
0.008260282
0.0081385095
0.007852669
0.0020527302
0.007762073
0.0011539698
0.0059254216
0.007976303
0.0068565253
0.005941932
0.0072536436
0.007925091
0.008204975
0.008093209
0.0067069125
0.0077176816
0.005152206
0.0075706686
0.007855134
0.007946487
0.005342976
0.0043763
test_variance_costs
1.3611152e-06
8.047675e-07
5.772748e-06
5.124402e-06
1.7883141e-06
5.2282535e-06
5.5240903e-06
6.279664e-06
5.5124633e-06
3.0369401e-06
6.2517747e-06
6.342036e-06
5.386698e-06
2.9500316e-07
4.571595e-06
7.020172e-08
2.3495393e-06
5.236216e-06
4.2851148e-06
2.4382673e-06
3.7903274e-06
6.046558e-06
5.730544e-06
6.017417e-06
4.207978e-06
5.2566434e-06
2.3468967e-06
4.356839e-06
5.2659643e-06
5.754952e-06
1.3809287e-06
1.7019136e-06
test_mean_wealth
-0.031523034
-0.013875089
-0.055670686
-0.044816844
-0.0253156
-0.04985539
-0.050263256
-0.06484603
-0.05249367
-0.04384559
-0.06192541
-0.06448958
-0.059171516
-0.015321661
-0.052260038
-0.00867995
-0.029042577
-0.05373761
-0.04475494
-0.030894272
-0.04014142
-0.056201685
-0.060068928
-0.055414166
-0.04411384
-0.050870694
-0.03954718
-0.04202557
-0.05138328
-0.056325916
-0.020512652
-0.03102196
test_mean_abs_wealth
0.031523034
0.013875089
0.055670686
0.044816844
0.0253156
0.04985539
0.050263256
0.06484603
0.05249367
0.04384559
0.06192541
0.06448958
0.059171516
0.015321661
0.052260038
0.00868003
0.029042577
0.05373761
0.04475494
0.030894272
0.04014142
0.056201685
0.060068928
0.055414166
0.04411384
0.050870694
0.03954718
0.04202557
0.05138328
0.056325916
0.020512652
0.03102196
test_variance_wealth
5.504782e-05
1.5113081e-05
0.00016530513
0.00010808935
3.938664e-05
0.00013236333
0.00013785229
0.00024162805
0.00014818377
0.00011138732
0.00020838418
0.00022529319
0.00018744353
1.648756e-05
0.00016262034
8.726577e-06
4.9232072e-05
0.0001588979
0.00010899906
5.786114e-05
9.1819566e-05
0.00016810361
0.0001966499
0.00016894536
0.00010498869
0.00013950799
8.571009e-05
9.3681214e-05
0.00014256763
0.00017072698
2.7320306e-05
5.210548e-05
test_wealth_with_price_abs_mean
0.0066985055
0.005003406
0.012069733
0.010332671
0.006712012
0.011302724
0.011280867
0.014153859
0.0116874045
0.009673894
0.013194752
0.013639155
0.012592473
0.0036533463
0.012062332
0.002521781
0.0074888356
0.012035368
0.0100267185
0.007855115
0.009701801
0.012110552
0.012958149
0.012318865
0.009793038
0.011308867
0.008478823
0.009998686
0.011582139
0.012274698
0.006180665
0.0067737647
test_wealth_with_price_variance
5.504782e-05
1.5113081e-05
0.00016530513
0.00010808935
3.938664e-05
0.00013236333
0.00013785229
0.00024162805
0.00014818377
0.00011138732
0.00020838418
0.00022529319
0.00018744353
1.648756e-05
0.00016262034
8.726577e-06
4.9232072e-05
0.0001588979
0.00010899906
5.786114e-05
9.1819566e-05
0.00016810361
0.0001966499
0.00016894536
0.00010498869
0.00013950799
8.571009e-05
9.3681214e-05
0.00014256763
0.00017072698
2.7320306e-05
5.210548e-05
price
0.027617909
0.009318675
0.04776869
0.037262265
0.01999409
0.041836496
0.042513687
0.056567606
0.0444965
0.03780776
0.053698745
0.05636135
0.051260237
0.013251356
0.044533424
0.0075048753
0.023100896
0.04575568
0.037871998
0.024959188
0.032872092
0.0482783
0.051885508
0.047262855
0.037412956
0.043148614
0.034395054
0.034420457
0.043499164
0.048344254
0.015172512
0.02660882
train_time
14.278826199999997
16.99257140000003
15.322331600000098
14.307533900000067
11.64581649999991
16.291112700000212
14.550161400000206
20.998958499999844
13.271372000000156
10.069257500000276
13.890980600000148
25.562002199999824
12.305571800000052
16.96405219999997
15.108430000000226
21.056307500000003
15.530671699999402
19.549941999999646
14.424281100000371
20.620616999999584
14.12305490000017
21.132668000000194
86.18724920000022
16.392442700000174
19.70823670000027
24.333586800000376
20.84376920000068
13.525756200000615
17.840483800000584
23.84760020000067
19.20472250000057
32.31329800000094


================================================================================
=== twin network matrix feature map
train_risk
0.047310878
0.02172588
0.08338902
0.06761073
0.038626976
0.07443022
0.07581873
0.09718583
0.07865895
0.06675577
0.09371502
0.09640615
0.088901706
0.02375505
0.07904354
0.01556135
0.04403619
0.08071889
0.067664586
0.047014464
0.060838304
0.0844091
0.09029977
0.08293199
0.06633688
0.076246254
0.05928662
0.06298376
0.07661879
0.08429316
0.03157301
0.046924338
test_risk
0.047309913
0.021679787
0.08336055
0.06758102
0.038676437
0.07450847
0.0757876
0.097339556
0.07872228
0.06683822
0.093661204
0.096404135
0.0889663
0.02380114
0.07895355
0.015557118
0.044064958
0.08081825
0.0675685
0.04701641
0.060838655
0.08439444
0.09025358
0.08302627
0.06631795
0.07632622
0.05928763
0.06303871
0.07659064
0.08438761
0.031540062
0.046917506
test_mean_value
1.1503882e-05
-2.8376886e-05
-0.00016308817
2.0447935e-05
6.6322464e-06
2.2078386e-05
5.9818653e-05
-0.0002825625
-0.00011532273
8.024033e-05
-0.0003159195
2.6449938e-05
-7.7343946e-05
-2.283309e-05
4.616278e-06
-1.2772124e-05
7.439876e-06
-5.59373e-05
0.00024544558
-3.1267253e-05
0.00016258418
-8.343577e-05
3.0667936e-06
0.00027927326
-0.00012876117
1.3108812e-05
-5.9786806e-05
0.00012652448
2.767659e-05
-2.0823913e-05
3.4968332e-05
-0.00010066726
test_mean_abs_value
0.030520432
0.0098488545
0.052590102
0.040738385
0.021410497
0.04609134
0.047477182
0.06104238
0.048786778
0.04156434
0.060787797
0.061620384
0.05667913
0.014549507
0.04963918
0.007842808
0.025105191
0.051218476
0.04167297
0.026858551
0.03679942
0.05333492
0.057653286
0.051785164
0.040945336
0.04779014
0.037716214
0.038461454
0.04771778
0.053282417
0.016433708
0.029501934
test_variance_value
0.001496711
0.00015640141
0.0044402974
0.002643948
0.0007475731
0.0034237744
0.0035502496
0.006106625
0.0038457958
0.0027509914
0.005902634
0.006152607
0.005131166
0.00034414715
0.003878467
0.00010190945
0.0010186058
0.004159799
0.0028070733
0.0011788576
0.0021713492
0.0045377356
0.005372962
0.004341446
0.0026824032
0.003632394
0.002283148
0.0023596094
0.003683287
0.004556932
0.00043219017
0.0013880776
test_mean_costs
0.00389961
0.00460436
0.007890047
0.007585366
0.0052522025
0.007941116
0.007831933
0.008162728
0.007994248
0.006098253
0.008408232
0.008006091
0.00784113
0.0020564632
0.0076104957
0.0013625486
0.0058505093
0.008246253
0.007044432
0.006084714
0.0071907733
0.007901719
0.008149249
0.008049332
0.00669418
0.0077650156
0.005107924
0.0077058645
0.00786124
0.007935385
0.00559809
0.0045665344
test_mean_abs_costs
0.00389961
0.00460436
0.007890047
0.007585366
0.0052522025
0.007941116
0.007831933
0.008162728
0.007994248
0.006098253
0.008408232
0.008006091
0.00784113
0.0020564632
0.0076104957
0.0013625486
0.0058505093
0.008246253
0.007044432
0.006084714
0.0071907733
0.007901719
0.008149249
0.008049332
0.00669418
0.0077650156
0.005107924
0.0077058645
0.00786124
0.007935385
0.00559809
0.0045665344
test_variance_costs
1.3619442e-06
9.292962e-07
5.7618836e-06
4.9694786e-06
1.5565328e-06
5.22453e-06
5.5714545e-06
6.139821e-06
5.5337246e-06
3.0108777e-06
6.4170786e-06
6.175037e-06
5.413704e-06
3.0357182e-07
4.4615126e-06
6.833307e-08
2.1887495e-06
5.149788e-06
4.210631e-06
2.5430993e-06
3.7107447e-06
5.9652657e-06
5.5379764e-06
5.840925e-06
4.1769836e-06
5.339081e-06
2.276941e-06
4.249906e-06
5.2351647e-06
5.6206186e-06
1.755416e-06
1.6524465e-06
test_mean_wealth
-0.031530112
-0.01393069
-0.05566585
-0.044844702
-0.025228016
-0.0498073
-0.050329
-0.0647139
-0.052508608
-0.043925565
-0.062075842
-0.06435723
-0.059159596
-0.015325158
-0.052107994
-0.008887591
-0.028968146
-0.05400667
-0.044939276
-0.031039098
-0.040079184
-0.05617729
-0.060012437
-0.05536915
-0.044101503
-0.05091834
-0.039502937
-0.04215849
-0.05138901
-0.056314234
-0.020768492
-0.031212779
test_mean_abs_wealth
0.031530112
0.01393069
0.05566585
0.044844702
0.025228016
0.0498073
0.050329
0.0647139
0.052508608
0.043925565
0.062075842
0.06435723
0.059159596
0.015325158
0.052107994
0.008887663
0.028968146
0.05400667
0.044939276
0.031039098
0.040079184
0.05617729
0.060012437
0.05536915
0.044101503
0.05091834
0.039502937
0.04215849
0.05138901
0.056314234
0.020768492
0.031212779
test_variance_wealth
5.4861706e-05
1.4321628e-05
0.00016530389
0.0001106534
4.036638e-05
0.00013302256
0.0001397884
0.00024020592
0.00014910236
0.00011249532
0.00020605416
0.00022549297
0.00018708741
1.6234195e-05
0.00016403652
9.188278e-06
4.97875e-05
0.00015868356
0.00010975563
5.7794838e-05
9.180811e-05
0.00016854076
0.00019696799
0.00016820045
0.00010505705
0.00013931683
8.6431624e-05
9.5219424e-05
0.00014266737
0.00017176148
2.5972351e-05
5.337118e-05
test_wealth_with_price_abs_mean
0.0066938163
0.0050037247
0.012066512
0.010425015
0.0067049745
0.01130337
0.011365345
0.014069202
0.011719329
0.0097485585
0.013179343
0.013587905
0.012569609
0.0036332812
0.012019419
0.0026328142
0.007463202
0.012154346
0.010140086
0.007942633
0.009660119
0.012110784
0.012955372
0.012285945
0.00978987
0.011328229
0.008483817
0.010114907
0.011589159
0.012297149
0.006302785
0.0069118063
test_wealth_with_price_variance
5.4861706e-05
1.4321628e-05
0.00016530389
0.0001106534
4.036638e-05
0.00013302256
0.0001397884
0.00024020592
0.00014910236
0.00011249532
0.00020605416
0.00022549297
0.00018708741
1.6234195e-05
0.00016403652
9.188278e-06
4.97875e-05
0.00015868356
0.00010975563
5.7794838e-05
9.180811e-05
0.00016854076
0.00019696799
0.00016820045
0.00010505705
0.00013931683
8.6431624e-05
9.5219424e-05
0.00014266737
0.00017176148
2.5972351e-05
5.337118e-05
price
0.027617909
0.009318675
0.04776869
0.037262265
0.01999409
0.041836496
0.042513687
0.056567606
0.0444965
0.03780776
0.053698745
0.05636135
0.051260237
0.013251356
0.044533424
0.0075048753
0.023100896
0.04575568
0.037871998
0.024959188
0.032872092
0.0482783
0.051885508
0.047262855
0.037412956
0.043148614
0.034395054
0.034420457
0.043499164
0.048344254
0.015172512
0.02660882
train_time
14.538702200000017
15.286326900000006
14.320951000000036
14.49911510000004
11.754926800000021
18.44303160000004
14.718764299999975
21.572022900000093
12.304583999999977
10.387363300000288
14.358350299999984
19.369649199999913
12.599557900000036
17.688299299999926
16.085424700000203
12.767752799999926
14.978629100000035
12.136835899999824
13.14341659999991
11.193062600000303
14.421556899999814
23.0627113999999
18.492390699999305
14.704923000000235
22.893884300000536
21.366798799999742
22.59702130000005
13.86878759999945
20.531756200000018
23.214461100000335
25.17879730000095
21.20436560000053


