================================================================================
=== twin network
train_time
39.657238899999996
38.8312406
39.374848799999995
40.247174900000005
12.910782399999903
40.33977230000005
39.70898930000021
40.39798659999997
40.55155089999994
40.75776320000023
40.74156069999981
41.12627089999978
41.56172249999963
40.98904319999974
40.95385780000015
12.901525400000082
42.01732839999977
41.7947623
41.43295649999982
41.19178490000013
41.099348499999905
27.272758500000236
41.51687529999981
26.403631199999836
42.05546679999952
43.44195140000011
12.662530999999944
13.255641100000503
12.851527100000567
43.43194029999995
42.635232100000394
42.98843400000078


================================================================================
=== continuous-time
train_risk
0.050728027
0.040702585
0.05064642
0.06664652
0.03901073
0.051375613
0.052438647
0.053090885
0.06461304
0.03644011
0.049205415
0.07877571
0.03781289
0.052610435
0.03857548
0.05910232
0.055449627
0.052526094
0.044619996
0.071354754
0.057208765
0.051679827
0.04928827
0.0672401
0.043813646
0.053373594
0.06881931
0.06993445
0.059288207
0.051165015
0.040671125
0.07118067
test_risk
0.050813723
0.040797733
0.050726075
0.06671637
0.03890059
0.051405206
0.052541167
0.05302689
0.064832814
0.03643562
0.049061965
0.07869699
0.037724145
0.052651994
0.038503423
0.05913284
0.055420943
0.05241719
0.04464125
0.07144859
0.057234176
0.051691223
0.04926485
0.06749992
0.043883674
0.05337406
0.06882509
0.06989727
0.05928681
0.051130172
0.040672302
0.07137961
test_mean_value
0.000101717866
2.3046545e-05
-5.826012e-05
-0.00013742027
3.4710763e-05
-9.683755e-06
-3.4606568e-05
6.5904154e-05
-7.516089e-05
-1.853944e-05
6.0327682e-05
-3.238029e-05
6.243973e-05
-4.2500003e-05
8.34361e-05
4.8943082e-05
-5.355868e-05
5.5630985e-06
-4.68494e-05
-1.19591205e-05
2.1225982e-05
-5.4154098e-05
3.267221e-05
-0.0001162764
5.5590965e-05
-1.4092307e-05
-0.00022101282
-8.935675e-05
-4.538096e-05
3.5099773e-05
-2.3142844e-05
0.00014124758
test_mean_abs_value
0.02463691
0.01703871
0.02448094
0.036318973
0.015688557
0.025051767
0.025889926
0.026270242
0.03488696
0.013810061
0.023359936
0.04526733
0.014790531
0.025971305
0.015421371
0.030777665
0.027962968
0.025848014
0.019952115
0.03991988
0.029391447
0.02524595
0.02347897
0.036831163
0.019364944
0.026535971
0.037826087
0.03873241
0.030902976
0.024871241
0.016975773
0.039895307
test_variance_value
0.0009891115
0.00047300753
0.00097590964
0.0021475754
0.0004013239
0.0010213275
0.0010885228
0.001124704
0.0019796826
0.00031069297
0.0008896098
0.0033344175
0.00035606106
0.0010974276
0.0003878223
0.0015394263
0.0012747819
0.0010874947
0.00064809294
0.002591045
0.0014042669
0.0010374405
0.0008970365
0.0022042615
0.00061112735
0.0011474489
0.00232378
0.002439139
0.0015599468
0.0010101255
0.0004700193
0.0026010242
test_mean_costs
0.010892427
0.010913262
0.010900789
0.010910521
0.010906629
0.010910205
0.010909336
0.010909338
0.010908101
0.010897944
0.010891422
0.01090838
0.010910226
0.010912478
0.010897025
0.010906716
0.010909343
0.010915292
0.010911173
0.010905275
0.010896096
0.010916823
0.01091911
0.010911159
0.010907894
0.0109124975
0.010906715
0.010912787
0.010895104
0.010897559
0.01091434
0.010911234
test_mean_abs_costs
0.010892427
0.010913262
0.010900789
0.010910521
0.010906629
0.010910205
0.010909336
0.010909338
0.010908101
0.010897944
0.010891422
0.01090838
0.010910226
0.010912478
0.010897025
0.010906716
0.010909343
0.010915292
0.010911173
0.010905275
0.010896096
0.010916823
0.01091911
0.010911159
0.010907894
0.0109124975
0.010906715
0.010912787
0.010895104
0.010897559
0.01091434
0.010911234
test_variance_costs
1.3433078e-05
1.3437993e-05
1.3452167e-05
1.34845895e-05
1.3378841e-05
1.3474847e-05
1.3431612e-05
1.3383775e-05
1.3487959e-05
1.3469605e-05
1.34214e-05
1.3422488e-05
1.3381932e-05
1.3439995e-05
1.3379622e-05
1.3496981e-05
1.3448602e-05
1.3421915e-05
1.3438252e-05
1.3444224e-05
1.3437326e-05
1.3439468e-05
1.3447973e-05
1.3431677e-05
1.3410918e-05
1.3477472e-05
1.3458498e-05
1.3472071e-05
1.3433367e-05
1.3466824e-05
1.3425844e-05
1.3493529e-05
test_mean_wealth
-0.032598156
-0.025965111
-0.032563604
-0.04303566
-0.02476326
-0.03304837
-0.03378504
-0.0341199
-0.04178346
-0.023075156
-0.031476095
-0.05090816
-0.023963217
-0.033865254
-0.024485866
-0.038068175
-0.035650756
-0.033757463
-0.02856709
-0.04612459
-0.03687631
-0.03324944
-0.031632088
-0.043501183
-0.028029453
-0.0343589
-0.04441442
-0.045187905
-0.038206037
-0.032826636
-0.025907233
-0.046077017
test_mean_abs_wealth
0.032598156
0.025965111
0.032563604
0.04303566
0.02476326
0.03304837
0.03378504
0.0341199
0.04178346
0.023075156
0.031476095
0.05090816
0.023963217
0.033865254
0.024485866
0.038068175
0.035650756
0.033757463
0.02856709
0.04612459
0.03687631
0.03324944
0.031632088
0.043501183
0.028029453
0.0343589
0.04441442
0.045187905
0.038206037
0.032826636
0.025907233
0.046077017
test_variance_wealth
4.9503262e-05
3.3112956e-05
4.9463342e-05
8.546074e-05
3.046255e-05
5.0747803e-05
5.2942e-05
5.3995118e-05
8.0658654e-05
2.7289441e-05
4.6349793e-05
0.00011978387
2.8966464e-05
5.3139942e-05
2.9853793e-05
6.681052e-05
5.878818e-05
5.274774e-05
3.8928698e-05
9.7992975e-05
6.270271e-05
5.1317013e-05
4.6851786e-05
8.7370514e-05
3.75736e-05
5.445105e-05
9.070096e-05
9.3503135e-05
6.728478e-05
5.0316703e-05
3.291578e-05
9.8132405e-05
test_wealth_with_price_abs_mean
0.011024233
0.0109417075
0.0110392105
0.011555266
0.010921696
0.011054049
0.011081781
0.011097715
0.011475235
0.010906187
0.0109877465
0.01216822
0.010919831
0.011080404
0.010907905
0.011259126
0.011137537
0.01108183
0.010955038
0.011757359
0.0111775
0.011065724
0.011035014
0.011564776
0.010936906
0.011096401
0.011610689
0.011677904
0.011243107
0.011040828
0.010939128
0.011783331
test_wealth_with_price_variance
4.9503262e-05
3.311296e-05
4.9463342e-05
8.546074e-05
3.0462546e-05
5.0747803e-05
5.2942e-05
5.3995118e-05
8.065865e-05
2.728944e-05
4.6349793e-05
0.00011978387
2.8966464e-05
5.3139942e-05
2.9853793e-05
6.681052e-05
5.878818e-05
5.274774e-05
3.8928698e-05
9.7992975e-05
6.270271e-05
5.1317013e-05
4.6851786e-05
8.7370514e-05
3.75736e-05
5.445105e-05
9.070096e-05
9.3503135e-05
6.7284775e-05
5.03167e-05
3.291578e-05
9.8132405e-05
price
0.021702245
0.0150403725
0.021652821
0.032103363
0.0138518205
0.022137167
0.022866836
0.023199484
0.030852413
0.012173104
0.020589802
0.03999007
0.013050597
0.022950472
0.013587661
0.027143016
0.024746275
0.022840409
0.017659213
0.03520847
0.025977608
0.022328101
0.020701109
0.032591842
0.017132174
0.02344641
0.03351498
0.03427379
0.027310839
0.021921223
0.01498506
0.035132788
train_time
3.8664103999999995
3.625431600000013
3.3026896999999735
3.706888699999922
4.04537520000008
5.380273999999872
2.3404923999999028
2.689160900000161
2.3587205000001177
4.089836300000115
4.067910000000211
2.715537200000199
3.424071699999786
2.388346200000342
3.805133599999863
2.381720200000018
4.923678999999993
3.4264494999997623
5.54733909999959
4.720034499999201
5.2478768000000855
4.534697699999924
5.669558499999766
3.848440599999776
4.237306999999419
3.5017557000001034
2.4741296000001967
4.387013399999887
2.5702762999999322
2.710559099999955
8.401729599999271
5.163486899999043


================================================================================
=== true linear feature map
train_risk
0.040245548
0.027782697
0.041376248
0.05669085
0.028396128
0.042911287
0.043928668
0.044048063
0.056212086
0.025251834
0.0396017
0.07107152
0.025519986
0.04312234
0.0259729
0.051045235
0.047959924
0.042977884
0.03564916
0.06324443
0.04901694
0.04273249
0.040149886
0.059252083
0.034791842
0.044803973
0.0606405
0.061678927
0.050547026
0.04269929
0.026703764
0.06354387
test_risk
0.040281706
0.027885882
0.041459028
0.05672545
0.028387263
0.042937778
0.04402604
0.043948676
0.05638967
0.02524365
0.039620627
0.07111922
0.025565252
0.043156218
0.02597792
0.051082764
0.04793223
0.04298564
0.03564964
0.06333345
0.049147435
0.042736996
0.04018262
0.05947426
0.03475022
0.04482234
0.0606874
0.06168247
0.0505958
0.042695712
0.02666502
0.06364029
test_mean_value
9.6119555e-05
2.4100487e-05
-5.585461e-05
-0.00012568902
3.3920183e-05
-6.2555982e-06
-3.373366e-05
6.915611e-05
-8.0545746e-05
-1.6273383e-05
5.1159474e-05
-2.029987e-05
6.503384e-05
-3.601396e-05
7.440667e-05
4.8667956e-05
-4.4200577e-05
2.145602e-05
-4.290812e-05
-1.2574767e-05
1.7970446e-05
-3.5608984e-05
3.8651124e-05
-9.961906e-05
5.9568203e-05
-1.826727e-05
-0.0002128584
-7.610577e-05
-5.3035546e-05
1.3073288e-05
-1.7608681e-05
0.00013927533
test_mean_abs_value
0.023923295
0.016459329
0.023722796
0.035285484
0.015033947
0.024075415
0.024925927
0.025380978
0.033925805
0.013290672
0.022524444
0.043868158
0.014183588
0.02500037
0.014870839
0.029631684
0.027542342
0.024976723
0.019152926
0.038742233
0.028450875
0.02428424
0.022443196
0.03559146
0.018563371
0.025510216
0.036705744
0.037663735
0.029830094
0.023913767
0.016498502
0.038601212
test_variance_value
0.0009193798
0.0004360072
0.0009011568
0.0019955912
0.0003616328
0.00092678826
0.0009920176
0.0010320442
0.0018430543
0.0002834826
0.0008128548
0.0030822095
0.00032205987
0.0010012422
0.00035476
0.0014019532
0.0012142351
0.0009999204
0.0005858791
0.0023997931
0.0012940066
0.00094339234
0.0008067427
0.0020294376
0.00055126613
0.0010416073
0.002152941
0.0022712096
0.0014288586
0.0009170886
0.0004371985
0.0023934697
test_mean_costs
0.0047457432
0.002863947
0.005575559
0.0056844875
0.0047542173
0.0063868025
0.00625046
0.0057959915
0.0065107704
0.003716282
0.0054322295
0.007537895
0.0037301073
0.0053539053
0.0034294564
0.006819252
0.0070853373
0.005470425
0.005822826
0.0070066787
0.0065560206
0.005971333
0.0057208887
0.00668717
0.005710461
0.0062772883
0.0068403766
0.006718091
0.0062293164
0.006190401
0.0026247296
0.007326795
test_mean_abs_costs
0.0047457432
0.002863947
0.005575559
0.0056844875
0.0047542173
0.0063868025
0.00625046
0.0057959915
0.0065107704
0.003716282
0.0054322295
0.007537895
0.0037301073
0.0053539053
0.0034294564
0.006819252
0.0070853373
0.005470425
0.005822826
0.0070066787
0.0065560206
0.005971333
0.0057208887
0.00668717
0.005710461
0.0062772883
0.0068403766
0.006718091
0.0062293164
0.006190401
0.0026247296
0.007326795
test_variance_costs
1.5202173e-06
6.660385e-07
2.2684048e-06
2.9469627e-06
1.4337038e-06
3.114842e-06
2.953522e-06
2.4042981e-06
3.3101485e-06
8.217249e-07
2.0783386e-06
4.958294e-06
9.954209e-07
2.1733183e-06
8.417073e-07
3.724225e-06
3.2216606e-06
2.1433646e-06
2.4481194e-06
4.2946003e-06
3.082736e-06
2.651449e-06
2.2616769e-06
3.2159005e-06
2.0963726e-06
3.0904378e-06
3.8491953e-06
3.497078e-06
3.0902913e-06
2.9009786e-06
5.781163e-07
4.5874363e-06
test_mean_wealth
-0.02645707
-0.017914742
-0.027235968
-0.037797894
-0.018611638
-0.028521538
-0.029125292
-0.029003302
-0.03739151
-0.015891228
-0.02602607
-0.047525596
-0.016780503
-0.028300194
-0.017027326
-0.033980988
-0.031817395
-0.028296703
-0.023474803
-0.04222661
-0.03253949
-0.028285405
-0.02642789
-0.039260536
-0.022828043
-0.029727867
-0.040339924
-0.04097996
-0.033547904
-0.028141502
-0.017612088
-0.04249455
test_mean_abs_wealth
0.02645707
0.017914742
0.027235968
0.037797894
0.018611638
0.028521538
0.029125292
0.029003302
0.03739151
0.015891228
0.02602607
0.047525596
0.016780503
0.028300194
0.017027326
0.033980988
0.031817395
0.028296703
0.023474803
0.04222661
0.03253949
0.028285405
0.02642789
0.039260536
0.022828043
0.029727867
0.040339924
0.04097996
0.033547904
0.028141502
0.017612088
0.04249455
test_variance_wealth
4.101963e-05
2.0863865e-05
4.3153694e-05
7.7301906e-05
2.0435895e-05
4.459212e-05
4.7383823e-05
4.8265214e-05
7.7498866e-05
1.8270684e-05
3.9813094e-05
0.00012007713
1.6343653e-05
4.6972888e-05
1.7187378e-05
6.286209e-05
5.5096298e-05
4.650076e-05
3.150829e-05
9.564453e-05
5.9305414e-05
4.485586e-05
4.0811377e-05
8.7140565e-05
3.0386002e-05
4.8884398e-05
8.896851e-05
9.2577335e-05
6.2709616e-05
4.5002613e-05
1.7722965e-05
9.619081e-05
test_wealth_with_price_abs_mean
0.0064194794
0.0042862245
0.0069756005
0.008391298
0.005410247
0.0075629763
0.0075822757
0.0073354235
0.008834673
0.0045513175
0.0067552133
0.010692203
0.004480214
0.006997773
0.004363492
0.0085109705
0.00838493
0.0070496784
0.006648484
0.009689667
0.008225259
0.007294412
0.0069880555
0.009208972
0.006528009
0.007657266
0.009364014
0.0094294585
0.008145192
0.0074619004
0.003969098
0.009896311
test_wealth_with_price_variance
4.101963e-05
2.0863865e-05
4.3153694e-05
7.7301906e-05
2.0435895e-05
4.459212e-05
4.7383823e-05
4.8265214e-05
7.7498866e-05
1.8270684e-05
3.9813094e-05
0.00012007713
1.6343653e-05
4.6972888e-05
1.7187378e-05
6.286209e-05
5.5096298e-05
4.650076e-05
3.150829e-05
9.564453e-05
5.9305414e-05
4.485586e-05
4.0811377e-05
8.7140565e-05
3.0386002e-05
4.8884398e-05
8.896851e-05
9.2577335e-05
6.2709616e-05
4.5002613e-05
1.7722965e-05
9.619081e-05
price
0.021702245
0.0150403725
0.021652821
0.032103363
0.0138518205
0.022137167
0.022866836
0.023199484
0.030852413
0.012173104
0.020589802
0.03999007
0.013050597
0.022950472
0.013587661
0.027143016
0.024746275
0.022840409
0.017659213
0.03520847
0.025977608
0.022328101
0.020701109
0.032591842
0.017132174
0.02344641
0.03351498
0.03427379
0.027310839
0.021921223
0.01498506
0.035132788
train_time
13.439781000000004
20.82943640000002
20.26465879999995
21.940227400000026
19.57446209999989
19.668812500000058
19.867974000000004
17.296943800000008
19.02237820000005
26.279471899999862
23.13883220000025
19.0298743999997
23.988579100000152
19.240614599999844
20.44073389999994
24.33301709999978
18.25881870000012
20.878564799999367
21.04340090000005
21.04051100000015
22.283530400000018
17.10038529999929
18.6162647000001
14.63136249999934
25.054913599999963
27.630678199999238
19.50377429999935
22.220860000000357
23.89648170000055
20.86496210000041
25.789523700000245
20.081925299999057


================================================================================
=== deep network
train_risk
0.039223645
0.028419238
0.041516446
0.0560333
0.028802548
0.04330166
0.0438379
0.043732297
0.055674765
0.026423916
0.03972121
0.07028704
0.025786333
0.04350395
0.025804063
0.050600525
0.046843678
0.043242533
0.03596812
0.06224449
0.048965503
0.042478558
0.04074104
0.0582544
0.03498038
0.04418933
0.06061039
0.061899178
0.050315402
0.042161833
0.026823753
0.06262879
test_risk
0.039301664
0.028536994
0.041613515
0.05611401
0.028790226
0.04337247
0.04394046
0.04367647
0.055857897
0.026418617
0.03973379
0.07041624
0.025814952
0.043566335
0.025837168
0.050650235
0.046854913
0.04328348
0.03600591
0.062395602
0.049070396
0.042524457
0.040835924
0.058482915
0.034980074
0.04426671
0.060674377
0.06198012
0.0504297
0.04215793
0.026807224
0.06273371
test_mean_value
9.10729e-05
2.3787803e-05
-5.6034594e-05
-0.00012627362
3.642286e-05
-4.1304124e-06
-3.4439974e-05
6.7037865e-05
-7.9131e-05
-1.896235e-05
4.7036814e-05
-2.812842e-05
6.635181e-05
-3.6890076e-05
7.568231e-05
4.6100755e-05
-4.411134e-05
2.039433e-05
-4.6691584e-05
-1.7513841e-05
2.013182e-05
-3.370094e-05
4.3244927e-05
-0.000104301274
5.850253e-05
-1.654579e-05
-0.00020790574
-8.359455e-05
-5.6332115e-05
1.4996569e-05
-1.2209839e-05
0.00014269103
test_mean_abs_value
0.023691397
0.016379775
0.023461105
0.03485865
0.01485735
0.023979813
0.024702568
0.025135636
0.033471882
0.01305637
0.022290401
0.043438632
0.014098365
0.024973921
0.014776648
0.029451303
0.026636442
0.024718124
0.018932538
0.038392402
0.027984925
0.024058621
0.0224385
0.035386734
0.018315958
0.025359074
0.03605472
0.03664467
0.029581442
0.023692038
0.016359642
0.038298864
test_variance_value
0.0009106322
0.00043669992
0.00089126755
0.0019739852
0.00035761425
0.0009329238
0.0009839555
0.0010238781
0.0018197452
0.0002761191
0.00080588105
0.0030655388
0.00032151284
0.0010110236
0.0003541195
0.0014035619
0.0011547362
0.0009903994
0.00057818816
0.0023907276
0.0012701319
0.00093766116
0.0008141498
0.0020316849
0.00054489187
0.0010437686
0.0021019694
0.0021865487
0.0014247528
0.0009119637
0.00043547747
0.0023905698
test_mean_costs
0.0048388676
0.0033414774
0.0062336037
0.006040715
0.0051852763
0.00709182
0.0067855935
0.0060489704
0.006905917
0.003781668
0.005948107
0.00789125
0.0041559227
0.006185931
0.0038323128
0.0072531463
0.0070449724
0.006147136
0.006470052
0.007315883
0.007172199
0.006362959
0.0068680216
0.006835063
0.006304059
0.006595839
0.0075844773
0.007534723
0.0067881034
0.0065985783
0.00300202
0.0076020462
test_mean_abs_costs
0.0048388676
0.0033414774
0.0062336037
0.006040715
0.0051852763
0.00709182
0.0067855935
0.0060489704
0.006905917
0.003781668
0.005948107
0.00789125
0.0041559227
0.006185931
0.0038323128
0.0072531463
0.0070449724
0.006147136
0.006470052
0.007315883
0.007172199
0.006362959
0.0068680216
0.006835063
0.006304059
0.006595839
0.0075844773
0.007534723
0.0067881034
0.0065985783
0.00300202
0.0076020462
test_variance_costs
1.4214667e-06
6.751272e-07
2.3068662e-06
2.155582e-06
1.4255369e-06
2.230897e-06
2.477951e-06
2.0379375e-06
2.7375954e-06
8.3526777e-07
1.8991088e-06
3.5466287e-06
1.0413896e-06
1.8929136e-06
8.368478e-07
2.9008845e-06
2.7123333e-06
2.2721783e-06
2.245688e-06
3.107121e-06
2.8550103e-06
2.1446824e-06
2.5864256e-06
2.7603753e-06
1.9013038e-06
2.3547623e-06
3.241468e-06
2.8127133e-06
2.5380998e-06
2.2776367e-06
5.468812e-07
3.3695715e-06
test_mean_wealth
-0.026555242
-0.018392585
-0.027894193
-0.038154706
-0.019040193
-0.029224431
-0.02966113
-0.029258398
-0.037785243
-0.015959304
-0.026546072
-0.047886778
-0.017205
-0.029133096
-0.017428907
-0.034417447
-0.03177694
-0.028974475
-0.024125813
-0.04254075
-0.033153508
-0.028675124
-0.027570428
-0.039413113
-0.023422705
-0.030044695
-0.041079074
-0.04180408
-0.03410999
-0.028547756
-0.01798398
-0.042766385
test_mean_abs_wealth
0.026555242
0.018392585
0.027894193
0.038154706
0.019040193
0.029224431
0.02966113
0.029258398
0.037785243
0.015959304
0.026546072
0.047886778
0.017205
0.029133096
0.017428907
0.034417447
0.03177694
0.028974475
0.024125813
0.04254075
0.033153508
0.028675124
0.027570428
0.039413113
0.023422705
0.030044695
0.041079074
0.04180408
0.03410999
0.028547756
0.01798398
0.042766385
test_variance_wealth
4.1874395e-05
2.3552035e-05
4.6749334e-05
8.6196545e-05
2.3394741e-05
5.236184e-05
5.271312e-05
5.307943e-05
8.558942e-05
2.3072422e-05
4.4143508e-05
0.00013721443
1.8325723e-05
5.2126372e-05
1.8366785e-05
7.062965e-05
5.9925027e-05
5.094457e-05
3.5622663e-05
0.00010768555
6.601777e-05
5.014849e-05
4.5095083e-05
9.416679e-05
3.4218334e-05
5.4062868e-05
9.875725e-05
0.00010540546
7.008842e-05
4.9426235e-05
2.0023337e-05
0.00010738769
test_wealth_with_price_abs_mean
0.00668713
0.0047721993
0.007679796
0.009169769
0.0059243236
0.008465212
0.00829832
0.007849551
0.009588873
0.0048927045
0.0074106166
0.011728833
0.0049560536
0.007861529
0.004793897
0.009274111
0.008736769
0.0077838986
0.007385525
0.010573706
0.0090372125
0.007929612
0.008040731
0.009801943
0.0072083725
0.008264599
0.010338022
0.010544968
0.008965645
0.008089532
0.0044385297
0.010708673
test_wealth_with_price_variance
4.1874395e-05
2.3552035e-05
4.6749334e-05
8.6196545e-05
2.3394741e-05
5.236184e-05
5.271312e-05
5.307943e-05
8.558942e-05
2.3072422e-05
4.4143508e-05
0.00013721443
1.8325723e-05
5.2126372e-05
1.8366785e-05
7.062965e-05
5.9925027e-05
5.094457e-05
3.5622663e-05
0.00010768555
6.601777e-05
5.014849e-05
4.5095083e-05
9.416679e-05
3.4218334e-05
5.4062868e-05
9.875725e-05
0.00010540546
7.008842e-05
4.9426235e-05
2.0023337e-05
0.00010738769
price
0.021702245
0.0150403725
0.021652821
0.032103363
0.0138518205
0.022137167
0.022866836
0.023199484
0.030852413
0.012173104
0.020589802
0.03999007
0.013050597
0.022950472
0.013587661
0.027143016
0.024746275
0.022840409
0.017659213
0.03520847
0.025977608
0.022328101
0.020701109
0.032591842
0.017132174
0.02344641
0.03351498
0.03427379
0.027310839
0.021921223
0.01498506
0.035132788
train_time
102.72900589999999
86.39107100000001
93.00179149999997
105.60928879999994
154.88815980000004
94.24861080000005
140.26796679999984
116.46526870000002
135.08330210000008
103.20307450000018
134.33413470000005
96.77157810000017
104.88011000000006
99.53552059999993
125.47179140000026
129.69102529999964
177.27040969999962
111.5915216000003
143.8651903
185.0373881000005
108.99210099999982
144.21757210000033
103.26610170000004
134.10402089999934
157.22305159999996
251.21328259999973
121.84682129999965
144.79487160000008
226.0743863000007
181.5763079999997
166.8035117999998
249.86868979999963


================================================================================
=== twin network linear feature map
train_risk
0.040283453
0.027792128
0.041764732
0.056908313
0.02834518
0.043123763
0.04414769
0.04421453
0.05641951
0.025360275
0.039639574
0.07120298
0.02545146
0.04335877
0.026040535
0.051236786
0.048009697
0.042998116
0.03584673
0.0634297
0.049098875
0.042749185
0.040715545
0.05888447
0.034852482
0.044893447
0.06060968
0.061757404
0.050821163
0.042716645
0.02680504
0.0640448
test_risk
0.040319864
0.027893214
0.0418478
0.056945737
0.028340407
0.043153998
0.04422187
0.04410518
0.056585982
0.025350057
0.039673287
0.07125498
0.025486926
0.043405097
0.026034182
0.051291052
0.04799686
0.043025486
0.035828706
0.06352274
0.049226385
0.04275274
0.040741425
0.059100553
0.034819905
0.044918757
0.060648482
0.06175174
0.050861277
0.04271122
0.026764574
0.06414154
test_mean_value
9.474599e-05
2.4535651e-05
-5.526317e-05
-0.00012604236
3.3182092e-05
-5.215165e-06
-3.295748e-05
6.938488e-05
-8.3042956e-05
-1.6278105e-05
4.9263406e-05
-2.1650585e-05
6.492749e-05
-3.460349e-05
7.31882e-05
4.83263e-05
-4.333047e-05
2.0070504e-05
-4.3613465e-05
-1.4188614e-05
1.8728859e-05
-3.661579e-05
4.2260745e-05
-0.00010137555
5.8960184e-05
-1.6370623e-05
-0.00021010992
-7.572121e-05
-5.5169654e-05
1.412431e-05
-1.7389755e-05
0.00014045455
test_mean_abs_value
0.02389463
0.016641274
0.023922432
0.03562913
0.014921013
0.023822574
0.02451828
0.025263324
0.033797268
0.013164534
0.022531165
0.044100754
0.014184909
0.024712294
0.014836585
0.029061409
0.02684852
0.025058001
0.019276652
0.039088145
0.02837425
0.02415609
0.02256413
0.035714224
0.018523816
0.025270952
0.03674556
0.037029393
0.030099183
0.023765432
0.016445924
0.038474005
test_variance_value
0.000915212
0.00044286877
0.00091957214
0.0020188438
0.0003596359
0.00092056603
0.0009822536
0.0010267239
0.0018406328
0.00027648118
0.00081275165
0.0030990469
0.00032171267
0.0009923452
0.0003557977
0.0013835769
0.0011632197
0.0010004233
0.0005887618
0.0024297715
0.0012851371
0.0009339457
0.0008177618
0.0020462275
0.0005483376
0.0010307229
0.002159291
0.0022386247
0.0014332688
0.0009157546
0.00043766474
0.0023788298
test_mean_costs
0.004779788
0.0028418205
0.005840864
0.005764686
0.0048835673
0.0063735405
0.006147869
0.005667091
0.006571444
0.0036849268
0.0055402583
0.007482508
0.0037266193
0.0053424006
0.003456446
0.0068014446
0.007037196
0.00548312
0.005707262
0.0070629194
0.0066025816
0.006023024
0.0060205488
0.006387349
0.005838329
0.006260249
0.0069056978
0.0068187388
0.006283157
0.0062483437
0.0026376697
0.007342481
test_mean_abs_costs
0.004779788
0.0028418205
0.005840864
0.005764686
0.0048835673
0.0063735405
0.006147869
0.005667091
0.006571444
0.0036849268
0.0055402583
0.007482508
0.0037266193
0.0053424006
0.003456446
0.0068014446
0.007037196
0.00548312
0.005707262
0.0070629194
0.0066025816
0.006023024
0.0060205488
0.006387349
0.005838329
0.006260249
0.0069056978
0.0068187388
0.006283157
0.0062483437
0.0026376697
0.007342481
test_variance_costs
1.3257229e-06
6.547251e-07
2.1974486e-06
2.9680787e-06
1.1994953e-06
3.2369667e-06
2.8167572e-06
2.487367e-06
3.577509e-06
7.5658033e-07
2.240643e-06
5.016388e-06
8.795278e-07
2.3099544e-06
8.0396563e-07
3.5386042e-06
3.2968687e-06
1.9834654e-06
2.253381e-06
4.284684e-06
3.321373e-06
2.58637e-06
2.4022202e-06
3.3808624e-06
2.0807215e-06
3.0460596e-06
3.6890274e-06
3.6435035e-06
2.6897799e-06
3.000902e-06
5.547199e-07
4.889762e-06
test_mean_wealth
-0.026492488
-0.01789218
-0.027500682
-0.037878446
-0.018741725
-0.028507236
-0.029021924
-0.028874172
-0.037454683
-0.015859878
-0.026135996
-0.047471557
-0.016777122
-0.02828728
-0.017055534
-0.03396352
-0.03176838
-0.028310783
-0.023359945
-0.042284463
-0.032585293
-0.028338103
-0.02672394
-0.038962472
-0.022956517
-0.02970893
-0.040402498
-0.04108022
-0.03360388
-0.028198395
-0.017624808
-0.042509057
test_mean_abs_wealth
0.026492488
0.01789218
0.027500682
0.037878446
0.018741725
0.028507236
0.029021924
0.028874172
0.037454683
0.015859878
0.026135996
0.047471557
0.016777122
0.02828728
0.017055534
0.03396352
0.03176838
0.028310783
0.023359945
0.042284463
0.032585293
0.028338103
0.02672394
0.038962472
0.022956517
0.02970893
0.040402498
0.04108022
0.03360388
0.028198395
0.017624808
0.042509057
test_variance_wealth
4.1458115e-05
2.1055093e-05
4.4304124e-05
7.7613775e-05
2.1830716e-05
4.5740027e-05
5.091276e-05
4.8900063e-05
7.826357e-05
1.906797e-05
3.960873e-05
0.00012094412
1.6811642e-05
4.836406e-05
1.7564636e-05
6.724371e-05
5.555364e-05
4.7098587e-05
3.29486e-05
9.614958e-05
5.8881276e-05
4.4993e-05
4.106464e-05
8.598657e-05
3.0395971e-05
4.990261e-05
9.064813e-05
9.6757074e-05
6.800331e-05
4.534359e-05
1.8026316e-05
9.7334014e-05
test_wealth_with_price_abs_mean
0.006469876
0.004293916
0.0072004
0.008422395
0.005645676
0.0075969193
0.0076918546
0.007249859
0.008890176
0.004596703
0.0068206294
0.010663217
0.0045467066
0.0070416173
0.0044250283
0.008706524
0.008366582
0.0070982496
0.006628534
0.009721446
0.008223234
0.007346532
0.007156769
0.009003782
0.006632557
0.00769666
0.00949621
0.009697147
0.008445287
0.007531988
0.0039997976
0.0098641245
test_wealth_with_price_variance
4.1458115e-05
2.1055093e-05
4.4304124e-05
7.7613775e-05
2.1830716e-05
4.5740027e-05
5.091276e-05
4.8900063e-05
7.826357e-05
1.906797e-05
3.960873e-05
0.00012094412
1.6811642e-05
4.836406e-05
1.7564636e-05
6.724371e-05
5.555364e-05
4.7098587e-05
3.29486e-05
9.614958e-05
5.8881276e-05
4.4993e-05
4.106464e-05
8.598657e-05
3.0395971e-05
4.990261e-05
9.064813e-05
9.6757074e-05
6.800331e-05
4.534359e-05
1.8026316e-05
9.7334014e-05
price
0.021702245
0.0150403725
0.021652821
0.032103363
0.0138518205
0.022137167
0.022866836
0.023199484
0.030852413
0.012173104
0.020589802
0.03999007
0.013050597
0.022950472
0.013587661
0.027143016
0.024746275
0.022840409
0.017659213
0.03520847
0.025977608
0.022328101
0.020701109
0.032591842
0.017132174
0.02344641
0.03351498
0.03427379
0.027310839
0.021921223
0.01498506
0.035132788
train_time
13.949761899999999
20.31632159999998
20.374746200000004
21.795604800000092
19.866175599999906
19.577342999999928
17.311243699999977
25.779461600000104
18.71887659999993
18.82271549999996
26.43544669999983
26.84423740000011
20.402257600000212
20.456200099999933
19.194346400000086
24.2110961999997
15.712707699999555
19.66972059999989
21.045817100000022
23.393633799999407
22.894678999999996
24.233882800000174
89.09653619999972
24.680286900000283
26.223410599999625
29.39761120000003
19.867698199999722
22.600129999999808
24.66894020000018
22.70725829999992
29.525689100000818
22.325178700000833


================================================================================
=== twin network matrix feature map
train_risk
0.039940212
0.02796768
0.041371245
0.05693862
0.028226208
0.04321043
0.044069823
0.044110227
0.056333367
0.025413934
0.039652128
0.07119168
0.025476852
0.043355815
0.025887424
0.051289715
0.04743301
0.04304222
0.03581731
0.06349146
0.049179338
0.042841032
0.041108273
0.058889426
0.034860164
0.04498448
0.060640104
0.061768603
0.050815824
0.042761397
0.026880512
0.06396448
test_risk
0.03998121
0.028076889
0.04144179
0.056971174
0.028238533
0.04324871
0.044153176
0.044009052
0.05650007
0.025397805
0.03968266
0.07124625
0.025521869
0.04340526
0.025869165
0.051320106
0.04741124
0.04306626
0.035809256
0.06357513
0.0493123
0.04283708
0.041112557
0.059106864
0.03481554
0.044998646
0.060686707
0.061775107
0.05084448
0.04276068
0.026838588
0.06406799
test_mean_value
9.893654e-05
2.533987e-05
-5.5993503e-05
-0.000126557
3.129405e-05
-5.3194963e-06
-3.298392e-05
7.01107e-05
-8.263042e-05
-1.7563538e-05
4.9614016e-05
-2.147723e-05
6.5698754e-05
-3.57445e-05
7.401509e-05
4.86733e-05
-4.1906736e-05
2.1399048e-05
-4.409613e-05
-1.3508527e-05
1.7524158e-05
-3.6008445e-05
4.5109315e-05
-0.00010218307
6.0071445e-05
-1.7275803e-05
-0.00021026829
-7.63941e-05
-5.5878972e-05
1.37084335e-05
-1.7328755e-05
0.00014063882
test_mean_abs_value
0.02404116
0.01663038
0.023651566
0.035595436
0.014946066
0.023838317
0.024544297
0.02526271
0.03382351
0.013231695
0.022551967
0.044161417
0.01421393
0.024789501
0.01488362
0.029152703
0.026946373
0.025050621
0.01926243
0.039216366
0.028453868
0.024417697
0.022563644
0.035759393
0.018554559
0.025254186
0.036806654
0.037026864
0.030299243
0.02380381
0.016424201
0.038468894
test_variance_value
0.0009257858
0.000441977
0.00089939963
0.0020141734
0.00036125965
0.0009219394
0.0009833495
0.001027112
0.0018438757
0.0002790477
0.0008144411
0.0031100963
0.0003231282
0.0009986121
0.00035865948
0.0013923575
0.0011702749
0.0009996092
0.00058819633
0.0024456114
0.0012932352
0.0009542943
0.00081733573
0.0020515763
0.0005504785
0.001029632
0.002165937
0.002239655
0.0014502906
0.0009180175
0.00043755292
0.0023790863
test_mean_costs
0.0046685766
0.0029868365
0.005593482
0.0057851477
0.0048162113
0.0064413478
0.0061869007
0.005602851
0.006522441
0.0037047705
0.0055350084
0.007499918
0.003793183
0.005315391
0.003499469
0.006813387
0.006668267
0.0054370137
0.005778672
0.0071469634
0.0066036363
0.0060406975
0.0062697595
0.006362206
0.005774578
0.0062757214
0.0068377927
0.0067985193
0.006283818
0.006315088
0.0026689172
0.0072759385
test_mean_abs_costs
0.0046685766
0.0029868365
0.005593482
0.0057851477
0.0048162113
0.0064413478
0.0061869007
0.005602851
0.006522441
0.0037047705
0.0055350084
0.007499918
0.003793183
0.005315391
0.003499469
0.006813387
0.006668267
0.0054370137
0.005778672
0.0071469634
0.0066036363
0.0060406975
0.0062697595
0.006362206
0.005774578
0.0062757214
0.0068377927
0.0067985193
0.006283818
0.006315088
0.0026689172
0.0072759385
test_variance_costs
1.3675566e-06
6.796846e-07
2.1829521e-06
2.9961532e-06
1.1370611e-06
3.1854809e-06
2.8375832e-06
2.537202e-06
3.2528794e-06
8.241566e-07
2.118002e-06
4.8965585e-06
9.186147e-07
2.319635e-06
9.0417143e-07
3.5318035e-06
3.356468e-06
2.124902e-06
2.2838658e-06
4.3188943e-06
3.1655054e-06
2.545302e-06
2.6011003e-06
3.280531e-06
1.947372e-06
3.0065546e-06
3.5997543e-06
3.5695923e-06
2.63008e-06
3.128425e-06
5.7208536e-07
4.883004e-06
test_mean_wealth
-0.026377087
-0.018036392
-0.02725403
-0.037899423
-0.018676257
-0.028575147
-0.029060982
-0.028809207
-0.037405267
-0.015881008
-0.026130395
-0.047488794
-0.016842915
-0.02826141
-0.01709773
-0.033975117
-0.031398028
-0.02826335
-0.023431838
-0.042367827
-0.03258755
-0.02835517
-0.026970303
-0.038938135
-0.022891656
-0.029725308
-0.04033475
-0.041060675
-0.03360525
-0.028265554
-0.017655997
-0.04244233
test_mean_abs_wealth
0.026377087
0.018036392
0.02725403
0.037899423
0.018676257
0.028575147
0.029060982
0.028809207
0.037405267
0.015881008
0.026130395
0.047488794
0.016842915
0.02826141
0.01709773
0.033975117
0.031398028
0.02826335
0.023431838
0.042367827
0.03258755
0.02835517
0.026970303
0.038938135
0.022891656
0.029725308
0.04033475
0.041060675
0.03360525
0.028265554
0.017655997
0.04244233
test_variance_wealth
3.979619e-05
2.1106625e-05
4.3768985e-05
7.770603e-05
2.1776505e-05
4.5930927e-05
5.022568e-05
4.872709e-05
7.8481164e-05
1.9071904e-05
3.9816012e-05
0.00012109263
1.6675822e-05
4.8360933e-05
1.6799318e-05
6.75942e-05
5.4826523e-05
4.7372552e-05
3.2458174e-05
9.578844e-05
5.9446018e-05
4.5517558e-05
4.1749652e-05
8.615663e-05
3.0828087e-05
5.0351457e-05
9.127876e-05
9.683038e-05
6.803097e-05
4.5069577e-05
1.8232071e-05
9.730431e-05
test_wealth_with_price_abs_mean
0.0063182837
0.004362282
0.0070320847
0.008436448
0.0056016655
0.00764908
0.00769094
0.007203368
0.008881801
0.004603703
0.0068284376
0.010682456
0.004581508
0.007021193
0.0043966584
0.008728389
0.008117585
0.007071332
0.0066583348
0.009753109
0.008245557
0.007377541
0.0073446464
0.008993045
0.0066062417
0.0077208295
0.009472244
0.009681499
0.008444299
0.007560811
0.0040298277
0.009825708
test_wealth_with_price_variance
3.979619e-05
2.1106625e-05
4.3768985e-05
7.770603e-05
2.1776505e-05
4.5930927e-05
5.022568e-05
4.872709e-05
7.8481164e-05
1.9071904e-05
3.9816012e-05
0.00012109263
1.6675822e-05
4.8360933e-05
1.6799318e-05
6.75942e-05
5.4826523e-05
4.7372552e-05
3.2458174e-05
9.578844e-05
5.9446018e-05
4.5517558e-05
4.1749652e-05
8.615663e-05
3.0828087e-05
5.0351457e-05
9.127876e-05
9.683038e-05
6.803097e-05
4.5069573e-05
1.8232071e-05
9.730431e-05
price
0.021702245
0.0150403725
0.021652821
0.032103363
0.0138518205
0.022137167
0.022866836
0.023199484
0.030852413
0.012173104
0.020589802
0.03999007
0.013050597
0.022950472
0.013587661
0.027143016
0.024746275
0.022840409
0.017659213
0.03520847
0.025977608
0.022328101
0.020701109
0.032591842
0.017132174
0.02344641
0.03351498
0.03427379
0.027310839
0.021921223
0.01498506
0.035132788
train_time
13.479843499999987
20.381967599999996
19.338823299999945
21.699693199999956
19.543455399999857
21.5217047000001
17.356351099999983
24.891431700000112
18.926828099999966
18.90793100000019
26.367989899999884
19.22322669999994
20.606429400000252
20.279269900000145
19.408257499999763
24.625020700000277
18.680502899999738
20.240242500000022
21.26498840000022
21.828678399999262
22.592750599999817
24.224346699999842
17.275717900000018
24.615980599999602
29.287571199999547
30.517214599999534
21.632996600000297
25.09640750000017
22.688427799999772
22.093046199999662
28.775788199998715
28.534987200000614


