================================================================================
=== twin network
train_time
39.5523111
40.456665999999984
40.27988019999998
39.95107329999996
40.64059980000002
40.66009269999995
41.07149160000017
15.96440130000019
11.884470299999975
12.849664600000324
12.150366500000018
40.579987600000095
42.77601669999967
12.370131700000002
26.429815899999994
41.12362620000022
41.6273429999992
43.2693575000003
41.778459099999964
14.067510500000026
42.60750469999948
42.35704729999998
42.359235900000385
13.846683799999482
43.879298599999856
45.05796689999988
43.6565159999991
43.87038190000021
14.41804079999929
61.831530000001294
49.73342740000044
32.92155840000123


================================================================================
=== continuous-time
train_risk
0.05114846
0.051300634
0.059097614
0.04312488
0.03973834
0.049849898
0.044030227
0.04201163
0.03711817
0.042358436
0.04771452
0.07504682
0.049195014
0.055153802
0.043061666
0.052124
0.055730786
0.037133165
0.047079813
0.05036183
0.048010647
0.055194866
0.04498422
0.053009186
0.037876457
0.04544383
0.063213594
0.046325304
0.046051253
0.046790414
0.03615055
0.046896987
test_risk
0.051254954
0.051344797
0.059149504
0.04310668
0.039723035
0.049879547
0.04406206
0.041952465
0.037083495
0.04230408
0.047522675
0.075051665
0.049422137
0.05513089
0.042926654
0.052090824
0.055714965
0.03715144
0.047091693
0.050486524
0.047920283
0.055257954
0.04503456
0.05309593
0.037911434
0.045468178
0.06317951
0.046299558
0.046126366
0.046776954
0.036108922
0.046719052
test_mean_value
-5.4325625e-05
-7.645384e-05
0.00013630417
-1.064888e-06
-3.4474804e-05
-4.8068207e-05
-2.8640321e-05
-1.2411415e-05
3.3353128e-05
-1.5911686e-05
2.7699285e-05
-6.955738e-05
-5.981379e-05
-0.00010205707
-2.0403086e-05
-6.4652006e-05
-7.654465e-05
2.3606483e-05
4.7640093e-05
1.918965e-05
-3.547615e-05
6.292149e-06
-6.557829e-06
-1.5431481e-06
-9.291618e-06
2.8194838e-05
6.214403e-05
-7.6168006e-05
-0.00012069434
-2.3517092e-05
2.1235433e-05
3.8954568e-05
test_mean_abs_value
0.02480736
0.024946425
0.030750798
0.018813366
0.016255444
0.023870865
0.019508664
0.01799594
0.014307799
0.018231781
0.022231173
0.042597756
0.023388961
0.02781911
0.018767674
0.02550454
0.028140431
0.014345927
0.021822475
0.024309412
0.022462672
0.027832828
0.020331651
0.026207792
0.014899817
0.020573832
0.033756666
0.021154573
0.021041466
0.021579472
0.0135523025
0.021602925
test_variance_value
0.0010016959
0.0010146444
0.001539202
0.0005758092
0.00043122162
0.00092748273
0.00061846233
0.00052777654
0.0003340468
0.00054051174
0.00080517697
0.0029536511
0.0008906016
0.0012581479
0.0005720727
0.0010562652
0.0012857098
0.00033518684
0.00077567186
0.00096220884
0.0008213216
0.0012614419
0.00067335484
0.0011193913
0.00036173634
0.00068968337
0.001857758
0.00072707614
0.00072044134
0.0007569689
0.00029985936
0.0007587571
test_mean_costs
0.010910114
0.010918055
0.01091898
0.01091492
0.010909791
0.0109162
0.01090593
0.010895508
0.010904059
0.010909067
0.010909988
0.010902941
0.010925062
0.010893755
0.01090747
0.010907167
0.010903599
0.01091139
0.010918585
0.010905154
0.010896437
0.010906529
0.0108966995
0.010910183
0.010908633
0.010911254
0.010910746
0.010909469
0.010909011
0.010893633
0.010892823
0.010904276
test_mean_abs_costs
0.010910114
0.010918055
0.01091898
0.01091492
0.010909791
0.0109162
0.01090593
0.010895508
0.010904059
0.010909067
0.010909988
0.010902941
0.010925062
0.010893755
0.01090747
0.010907167
0.010903599
0.01091139
0.010918585
0.010905154
0.010896437
0.010906529
0.0108966995
0.010910183
0.010908633
0.010911254
0.010910746
0.010909469
0.010909011
0.010893633
0.010892823
0.010904276
test_variance_costs
1.3435201e-05
1.351374e-05
1.3533255e-05
1.3450155e-05
1.3458289e-05
1.3488069e-05
1.3449123e-05
1.3376339e-05
1.3417309e-05
1.3435814e-05
1.3391881e-05
1.3457265e-05
1.35083e-05
1.34450065e-05
1.3357528e-05
1.3392139e-05
1.3418532e-05
1.3417489e-05
1.3443126e-05
1.3452292e-05
1.3422808e-05
1.3500404e-05
1.3420958e-05
1.3508916e-05
1.3411309e-05
1.3416405e-05
1.3466078e-05
1.3423808e-05
1.3467317e-05
1.3401635e-05
1.3452844e-05
1.3409618e-05
test_mean_wealth
-0.032859147
-0.03297051
-0.038066685
-0.027533796
-0.025267329
-0.032029536
-0.028154252
-0.026769793
-0.023514487
-0.027024327
-0.030514445
-0.048510052
-0.0316137
-0.035479274
-0.02748435
-0.03349422
-0.03582621
-0.02356582
-0.030166846
-0.03238311
-0.030733597
-0.035489094
-0.028836733
-0.034047883
-0.024065904
-0.029070133
-0.040740877
-0.029629288
-0.029531825
-0.029952707
-0.022839231
-0.029982002
test_mean_abs_wealth
0.032859147
0.03297051
0.038066685
0.027533796
0.025267329
0.032029536
0.028154252
0.026769793
0.023514487
0.027024327
0.030514445
0.048510052
0.0316137
0.035479274
0.02748435
0.03349422
0.03582621
0.02356582
0.030166846
0.03238311
0.030733597
0.035489094
0.028836733
0.034047883
0.024065904
0.029070133
0.040740877
0.029629288
0.029531825
0.029952707
0.022839231
0.029982002
test_variance_wealth
5.041401e-05
5.0782804e-05
6.682537e-05
3.654566e-05
3.1669704e-05
4.7781556e-05
3.8076458e-05
3.468397e-05
2.8123506e-05
3.532676e-05
4.3548484e-05
0.00010878921
4.7168942e-05
5.7963116e-05
3.6236946e-05
5.205359e-05
5.9603495e-05
2.816599e-05
4.2964406e-05
4.8906157e-05
4.4435234e-05
5.857837e-05
3.951337e-05
5.40022e-05
2.91409e-05
4.02867e-05
7.639572e-05
4.159149e-05
4.135364e-05
4.2286403e-05
2.689516e-05
4.230911e-05
test_wealth_with_price_abs_mean
0.011039719
0.011071131
0.01126786
0.010950786
0.010922789
0.011042997
0.010950752
0.010927762
0.010907556
0.0109417625
0.010973133
0.011947866
0.011044979
0.011115454
0.010931316
0.011077984
0.011142833
0.010926346
0.010988208
0.011038789
0.010979788
0.011137436
0.010959067
0.011089864
0.010910638
0.010975711
0.011389643
0.010962754
0.010967344
0.010966011
0.010906196
0.010983286
test_wealth_with_price_variance
5.041401e-05
5.0782804e-05
6.682537e-05
3.654566e-05
3.1669708e-05
4.778156e-05
3.8076458e-05
3.468397e-05
2.8123506e-05
3.532676e-05
4.3548484e-05
0.00010878921
4.7168942e-05
5.7963116e-05
3.6236946e-05
5.2053594e-05
5.9603495e-05
2.8165989e-05
4.2964406e-05
4.8906157e-05
4.4435234e-05
5.857837e-05
3.951337e-05
5.40022e-05
2.91409e-05
4.02867e-05
7.6395714e-05
4.159149e-05
4.135364e-05
4.2286403e-05
2.689516e-05
4.230911e-05
price
0.02195527
0.02203793
0.027124908
0.016615491
0.014358115
0.021099197
0.017244814
0.015866501
0.012613244
0.016109876
0.019621234
0.03760346
0.020670984
0.02458852
0.016586078
0.022574136
0.024923846
0.012645009
0.019249516
0.021462975
0.019838173
0.024578283
0.01792687
0.023129001
0.013162769
0.01814685
0.029830804
0.018729037
0.01862506
0.019055005
0.011937056
0.019068932
train_time
2.8549270999999976
3.8810629999999833
3.4595244999999295
4.695379000000003
2.731116800000109
4.379133000000138
4.6890108000000055
4.361791399999902
4.584848100000272
3.8916737999998077
3.8897299000000203
4.24257549999993
4.461457299999893
4.074034799999936
6.153047499999957
2.7877479999997377
4.564863500000683
3.760682000000088
2.8553861000000325
3.413376800000151
2.97405979999985
3.4879469999996218
6.28664579999986
7.715933700000278
7.098362699999598
5.469647099999747
5.493776000001162
3.2335387999992236
4.391031400000429
6.451500600000145
6.925274100000024
8.889562599999408


================================================================================
=== true linear feature map
train_risk
0.041391555
0.042633515
0.049415607
0.03314837
0.027986048
0.04045162
0.034115575
0.03267704
0.024386253
0.03148368
0.034944344
0.06647206
0.040146783
0.04561114
0.03348103
0.043466408
0.04662527
0.026501896
0.037845574
0.038702562
0.03736028
0.045357216
0.034070637
0.043906372
0.026205452
0.035087902
0.054485463
0.03701847
0.036129836
0.036218762
0.023640014
0.036199313
test_risk
0.041440632
0.042730313
0.049523268
0.03314712
0.027974663
0.040524587
0.034151874
0.032672886
0.024403267
0.031442773
0.0348497
0.06649007
0.040179037
0.04572236
0.033526108
0.043510668
0.046652365
0.026525026
0.037921887
0.038735926
0.037340436
0.045462865
0.03406472
0.04399489
0.026216112
0.035103157
0.05442795
0.037075143
0.036219355
0.036238506
0.02364208
0.036178805
test_mean_value
-4.8928294e-05
-8.147872e-05
0.00012293678
3.0814613e-06
-2.9197457e-05
-4.888506e-05
-2.994632e-05
-2.1158312e-05
2.7837097e-05
-5.990443e-06
3.0704632e-05
-7.5659234e-05
-3.8720285e-05
-0.00011749194
-2.2988901e-05
-5.9810827e-05
-7.483211e-05
2.3763543e-05
4.9224105e-05
1.8535646e-05
-4.728393e-05
9.1977483e-07
-1.1160059e-05
-5.82478e-06
-5.795616e-06
2.8735409e-05
5.8896065e-05
-7.004697e-05
-0.00012278551
-3.0873136e-05
1.3536412e-05
4.0198902e-05
test_mean_abs_value
0.02395724
0.02404576
0.029627657
0.017978974
0.015614293
0.02299084
0.01864602
0.017172866
0.0138301505
0.01755444
0.021634104
0.041474245
0.02259171
0.026863998
0.018246176
0.024646193
0.027385559
0.01371747
0.021102605
0.02365419
0.02173766
0.026939334
0.019753408
0.02521946
0.014321676
0.019848352
0.032812215
0.020263372
0.020209631
0.020903587
0.013024649
0.020811217
test_variance_value
0.00091975153
0.00092597964
0.0014077922
0.0005168592
0.00039223616
0.00084612
0.00055574893
0.0004716786
0.00030802088
0.00049321563
0.00075056363
0.0027572543
0.00081982097
0.0011543555
0.000532068
0.00096920313
0.001197708
0.0003014024
0.0007116892
0.00089785334
0.00075626635
0.0011626394
0.00062518474
0.0010192987
0.00032993106
0.0006304896
0.0017277728
0.0006557385
0.0006532882
0.0006980802
0.00027272297
0.0006921461
test_mean_costs
0.0052775512
0.0061551104
0.0055012195
0.0052027283
0.003616635
0.005642438
0.0050237537
0.005400224
0.002946919
0.0043161535
0.0035191474
0.0065856217
0.005726394
0.0054918313
0.005245456
0.006234161
0.0058942577
0.0042036665
0.0057534697
0.003928685
0.004603234
0.005456245
0.0044298875
0.0058254674
0.003423936
0.0048987325
0.006244545
0.0055838297
0.0052792807
0.004938085
0.0033343437
0.004830575
test_mean_abs_costs
0.0052775512
0.0061551104
0.0055012195
0.0052027283
0.003616635
0.005642438
0.0050237537
0.005400224
0.002946919
0.0043161535
0.0035191474
0.0065856217
0.005726394
0.0054918313
0.005245456
0.006234161
0.0058942577
0.0042036665
0.0057534697
0.003928685
0.004603234
0.005456245
0.0044298875
0.0058254674
0.003423936
0.0048987325
0.006244545
0.0055838297
0.0052792807
0.004938085
0.0033343437
0.004830575
test_variance_costs
2.236962e-06
2.687003e-06
2.4953306e-06
1.9323536e-06
1.0341494e-06
2.2816973e-06
1.8912299e-06
1.980195e-06
6.05641e-07
1.3606207e-06
1.0495025e-06
3.7424443e-06
1.9044395e-06
2.4729109e-06
1.6152508e-06
2.8857012e-06
2.5324332e-06
1.0915895e-06
2.224053e-06
1.3357521e-06
1.4784916e-06
2.41067e-06
1.4436829e-06
2.6609753e-06
8.190733e-07
1.5739422e-06
3.1271827e-06
2.3202679e-06
1.9870783e-06
1.8159282e-06
7.793992e-07
1.8510924e-06
test_mean_wealth
-0.027221186
-0.028212592
-0.03266229
-0.021817457
-0.017968895
-0.026756588
-0.02227338
-0.021283256
-0.015562864
-0.020421492
-0.023120599
-0.044198833
-0.026393939
-0.030092785
-0.021824922
-0.028816372
-0.030815156
-0.016857939
-0.025000148
-0.025407296
-0.024452202
-0.030044183
-0.022374524
-0.02896745
-0.016577713
-0.023057071
-0.036077924
-0.024297528
-0.023904188
-0.024004515
-0.01528845
-0.023907058
test_mean_abs_wealth
0.027221186
0.028212592
0.03266229
0.021817457
0.017968895
0.026756588
0.02227338
0.021283256
0.015562864
0.020421492
0.023120599
0.044198833
0.026393939
0.030092785
0.021824922
0.028816372
0.030815156
0.016857939
0.025000148
0.025407296
0.024452202
0.030044183
0.022374524
0.02896745
0.016577713
0.023057071
0.036077924
0.024297528
0.023904188
0.024004515
0.01528845
0.023907058
test_variance_wealth
4.294389e-05
4.5373105e-05
6.0709695e-05
2.7492148e-05
2.1219343e-05
4.043832e-05
2.9844141e-05
2.7292514e-05
1.6439622e-05
2.5951113e-05
2.9919578e-05
0.00010734981
4.0706167e-05
5.21957e-05
2.8798913e-05
4.633787e-05
5.3790107e-05
1.9493908e-05
3.5772206e-05
3.8090522e-05
3.5808545e-05
5.0956278e-05
2.937557e-05
4.7843532e-05
1.9428397e-05
3.1156225e-05
7.2259994e-05
3.4655735e-05
3.244511e-05
3.215985e-05
1.4810369e-05
3.225364e-05
test_wealth_with_price_abs_mean
0.0067741517
0.0074576517
0.007665668
0.0060531786
0.0046961913
0.00692251
0.006028692
0.0061723893
0.0040005585
0.00539015
0.0052058436
0.009834966
0.0069717388
0.0073048067
0.006114585
0.0075354665
0.007605018
0.00494057
0.006787579
0.0058457134
0.006092151
0.0072463844
0.0056712404
0.007320547
0.0044535147
0.0060391827
0.008493271
0.0066062794
0.0063434755
0.0061253253
0.0041243285
0.0060462845
test_wealth_with_price_variance
4.294389e-05
4.5373105e-05
6.0709695e-05
2.7492148e-05
2.1219343e-05
4.043832e-05
2.9844141e-05
2.7292514e-05
1.6439622e-05
2.5951113e-05
2.9919578e-05
0.00010734981
4.0706167e-05
5.21957e-05
2.8798913e-05
4.633787e-05
5.3790107e-05
1.9493908e-05
3.5772206e-05
3.8090522e-05
3.5808545e-05
5.0956278e-05
2.937557e-05
4.7843532e-05
1.9428397e-05
3.1156225e-05
7.2259994e-05
3.4655735e-05
3.244511e-05
3.215985e-05
1.4810369e-05
3.225364e-05
price
0.02195527
0.02203793
0.027124908
0.016615491
0.014358115
0.021099197
0.017244814
0.015866501
0.012613244
0.016109876
0.019621234
0.03760346
0.020670984
0.02458852
0.016586078
0.022574136
0.024923846
0.012645009
0.019249516
0.021462975
0.019838173
0.024578283
0.01792687
0.023129001
0.013162769
0.01814685
0.029830804
0.018729037
0.01862506
0.019055005
0.011937056
0.019068932
train_time
37.2446767
25.37427600000001
24.530306300000007
23.910920199999964
36.06538469999987
21.917046500000197
23.173478299999942
38.21124289999989
18.28511929999968
28.7346364
29.267590800000107
31.04545700000017
16.402893100000256
29.091830700000173
22.81655980000005
27.378537399999914
24.199106799999754
35.40404679999938
28.537324300000364
37.29113630000029
46.347039599999334
42.70688169999994
41.7464058000005
37.85127319999992
33.555247999999665
35.79630140000063
38.72736510000141
58.99328029999924
47.78081989999919
49.27761439999995
69.3288446000006
50.0101838999999


================================================================================
=== deep network
train_risk
0.04156818
0.043479428
0.049403902
0.03369685
0.028437946
0.040830772
0.034331806
0.033009496
0.024937265
0.03230976
0.034820992
0.06574572
0.039797828
0.04602315
0.034892555
0.043504052
0.046342235
0.027595088
0.038129937
0.039207168
0.03732018
0.045399707
0.03403072
0.044163942
0.026484685
0.035777614
0.053932652
0.03724217
0.036380585
0.03624085
0.024271922
0.036638793
test_risk
0.0416384
0.043620624
0.049516156
0.033730157
0.028464962
0.04090626
0.034410015
0.03302463
0.024984984
0.03231506
0.034795817
0.06583154
0.039908934
0.04617305
0.034929667
0.04355172
0.046385422
0.027653167
0.03822357
0.039265655
0.03736747
0.045520574
0.034034267
0.04421254
0.026521543
0.035793286
0.05394905
0.03731547
0.036463536
0.036300622
0.024291694
0.036659975
test_mean_value
-4.5863777e-05
-7.50439e-05
0.00012919589
1.9894085e-06
-2.9615057e-05
-4.7129874e-05
-3.457483e-05
-2.1480591e-05
2.9521701e-05
-9.565283e-06
3.2337928e-05
-7.7948345e-05
-3.6176734e-05
-0.00011533192
-1.9104586e-05
-5.5633238e-05
-7.4668555e-05
2.5415244e-05
4.992685e-05
1.7594499e-05
-4.404566e-05
5.9321455e-06
-1.1594778e-05
-4.7748804e-06
-8.574295e-06
3.0362073e-05
6.3887295e-05
-7.589536e-05
-0.00012181021
-3.391361e-05
1.1008078e-05
3.599363e-05
test_mean_abs_value
0.023730425
0.023717616
0.02946358
0.017845755
0.015429897
0.022869704
0.01854892
0.01695825
0.013565322
0.017313004
0.021399725
0.041043963
0.022291886
0.026575861
0.018272344
0.024384188
0.027072174
0.013472367
0.020842785
0.02333974
0.021425998
0.026564494
0.019456021
0.024948277
0.014189666
0.019558996
0.032396562
0.020047206
0.019928917
0.02074719
0.012943555
0.020468313
test_variance_value
0.0009142243
0.00091353623
0.0014118198
0.00051384856
0.0003885659
0.00084795
0.0005563426
0.0004669784
0.00030113215
0.00048516953
0.0007447127
0.0027388795
0.0008056068
0.0011456496
0.0005381653
0.0009592503
0.0011830293
0.00029420768
0.0007010008
0.0008867672
0.00074454537
0.001146667
0.00061388797
0.0010122207
0.00032742822
0.0006191279
0.0017071048
0.0006521917
0.0006421609
0.0006953
0.00027176776
0.000678984
test_mean_costs
0.0060070427
0.0072563905
0.0061194347
0.006020803
0.0042588757
0.0063877916
0.0057624048
0.006234181
0.003220245
0.0052113426
0.0040328256
0.0071477443
0.0060855243
0.0062810685
0.0062212036
0.0069393385
0.0065543773
0.0044755023
0.0064956886
0.0046065343
0.005242725
0.0063455976
0.004890461
0.006599697
0.0036963772
0.005761324
0.0067423047
0.006157676
0.0061225398
0.0056068515
0.003945998
0.00551729
test_mean_abs_costs
0.0060070427
0.0072563905
0.0061194347
0.006020803
0.0042588757
0.0063877916
0.0057624048
0.006234181
0.003220245
0.0052113426
0.0040328256
0.0071477443
0.0060855243
0.0062810685
0.0062212036
0.0069393385
0.0065543773
0.0044755023
0.0064956886
0.0046065343
0.005242725
0.0063455976
0.004890461
0.006599697
0.0036963772
0.005761324
0.0067423047
0.006157676
0.0061225398
0.0056068515
0.003945998
0.00551729
test_variance_costs
2.0962925e-06
2.3480814e-06
2.2485704e-06
1.985081e-06
1.0461594e-06
2.2281022e-06
1.7835908e-06
2.1285748e-06
6.232356e-07
1.5957876e-06
9.970526e-07
2.9497926e-06
2.1589356e-06
2.3459672e-06
1.6569019e-06
2.7845326e-06
2.4750655e-06
1.1405866e-06
2.4068245e-06
1.2379232e-06
1.5481985e-06
2.3978328e-06
1.3664168e-06
2.423319e-06
8.378504e-07
1.8504526e-06
2.6334767e-06
2.1996984e-06
2.2670833e-06
1.7261735e-06
1.0031337e-06
1.759936e-06
test_mean_wealth
-0.027947614
-0.029307438
-0.03327425
-0.022636624
-0.018611552
-0.027500188
-0.023016661
-0.022117535
-0.015834505
-0.021320257
-0.023632644
-0.04476325
-0.026750525
-0.030879863
-0.022796785
-0.029517373
-0.03147511
-0.017128123
-0.025741663
-0.026086086
-0.025088456
-0.030928524
-0.022835532
-0.029740628
-0.016852932
-0.023918036
-0.03657069
-0.024877222
-0.02474647
-0.024676323
-0.015902633
-0.024597978
test_mean_abs_wealth
0.027947614
0.029307438
0.03327425
0.022636624
0.018611552
0.027500188
0.023016661
0.022117535
0.015834505
0.021320257
0.023632644
0.04476325
0.026750525
0.030879863
0.022796785
0.029517373
0.03147511
0.017128123
0.025741663
0.026086086
0.025088456
0.030928524
0.022835532
0.029740628
0.016852932
0.023918036
0.03657069
0.024877222
0.02474647
0.024676323
0.015902633
0.024597978
test_variance_wealth
4.7349342e-05
5.244969e-05
6.705653e-05
3.095135e-05
2.3297853e-05
4.5186232e-05
3.25374e-05
2.9667332e-05
1.8738325e-05
2.944338e-05
3.2855176e-05
0.00011851174
4.3321652e-05
5.910816e-05
3.3879656e-05
5.0973154e-05
5.7766993e-05
2.4083314e-05
3.95162e-05
4.3286916e-05
3.8784732e-05
5.624585e-05
3.160019e-05
5.3364227e-05
2.1002208e-05
3.5544683e-05
7.980378e-05
3.867343e-05
3.4983997e-05
3.5547473e-05
1.641868e-05
3.638177e-05
test_wealth_with_price_abs_mean
0.0075667896
0.008594537
0.008455108
0.0068709734
0.0052901506
0.007732914
0.0067679766
0.00697071
0.0043552257
0.0062256106
0.00579474
0.010789662
0.0074353935
0.008216629
0.007058042
0.008325726
0.008352141
0.0053875376
0.0075605605
0.0065999595
0.0067583784
0.008187315
0.0061874767
0.008197796
0.004765865
0.0069107865
0.009293094
0.0072837276
0.0071340455
0.006860099
0.0046751285
0.0067936666
test_wealth_with_price_variance
4.7349342e-05
5.244969e-05
6.705653e-05
3.095135e-05
2.3297855e-05
4.5186232e-05
3.25374e-05
2.9667332e-05
1.8738325e-05
2.944338e-05
3.2855176e-05
0.00011851174
4.3321652e-05
5.910816e-05
3.3879656e-05
5.0973154e-05
5.7766993e-05
2.4083314e-05
3.95162e-05
4.3286916e-05
3.8784732e-05
5.624585e-05
3.160019e-05
5.3364227e-05
2.1002208e-05
3.5544683e-05
7.980378e-05
3.867343e-05
3.4983997e-05
3.5547473e-05
1.641868e-05
3.638177e-05
price
0.02195527
0.02203793
0.027124908
0.016615491
0.014358115
0.021099197
0.017244814
0.015866501
0.012613244
0.016109876
0.019621234
0.03760346
0.020670984
0.02458852
0.016586078
0.022574136
0.024923846
0.012645009
0.019249516
0.021462975
0.019838173
0.024578283
0.01792687
0.023129001
0.013162769
0.01814685
0.029830804
0.018729037
0.01862506
0.019055005
0.011937056
0.019068932
train_time
119.93257019999999
109.24241090000004
130.72251799999992
103.91353019999997
138.33625189999998
91.9738362999999
138.1783719
152.09261279999987
146.54973729999983
133.33586430000014
127.5581889
138.8463456999998
132.34272379999993
141.05244429999993
132.91089299999976
116.36730569999963
132.2257141
134.01655690000007
170.2605663000004
107.19253570000001
252.69396529999995
177.4279118000004
181.26204830000006
159.91172240000014
252.8652016999995
157.92599400000017
202.60273359999883
188.6505935999994
395.1440524999998
228.5747310000006
264.91770140000153
193.635978100001


================================================================================
=== twin network linear feature map
train_risk
0.04163557
0.04346227
0.049713124
0.033189036
0.028098235
0.0406243
0.03418128
0.032737903
0.024768285
0.031784654
0.03498339
0.06798037
0.040371377
0.045759533
0.033078037
0.04371028
0.046836574
0.026663238
0.037903853
0.03874198
0.037481785
0.045403372
0.033951472
0.04396522
0.026262295
0.03593985
0.054689486
0.037354518
0.036052667
0.036366127
0.023832062
0.03624449
test_risk
0.041691754
0.043558825
0.049807046
0.033169456
0.028067583
0.04069611
0.03421478
0.032752275
0.024806391
0.03175428
0.034918524
0.06800513
0.04040612
0.045886457
0.03311008
0.043750353
0.04685798
0.026685456
0.03799129
0.03876954
0.037465967
0.045519426
0.03391726
0.044059884
0.026263626
0.035915203
0.05463903
0.03742628
0.036129452
0.036374025
0.023818668
0.036228232
test_mean_value
-4.92051e-05
-7.936898e-05
0.00012147915
2.193708e-06
-2.7406302e-05
-5.0245246e-05
-2.8820263e-05
-2.201964e-05
2.9057466e-05
-6.306618e-06
2.948928e-05
-7.380397e-05
-3.9642608e-05
-0.0001178934
-2.089492e-05
-5.9599708e-05
-7.301685e-05
2.3881756e-05
5.004414e-05
1.700133e-05
-4.6510286e-05
8.2754786e-07
-8.757177e-06
-3.937006e-06
-6.8216514e-06
3.3550532e-05
5.7646368e-05
-6.870418e-05
-0.00012142864
-3.1318763e-05
1.2762186e-05
3.974452e-05
test_mean_abs_value
0.024026804
0.024372
0.029380465
0.01821267
0.0155707225
0.023039782
0.01868248
0.016803162
0.013168618
0.017496694
0.02183217
0.0412971
0.022523731
0.02682998
0.01795147
0.024858491
0.02749472
0.013599505
0.021050896
0.023373298
0.021727212
0.026706828
0.019676996
0.025116416
0.014337204
0.019835507
0.033002544
0.020563873
0.019940125
0.02107757
0.012987331
0.02106448
test_variance_value
0.0009212437
0.00094806374
0.0013936746
0.00052341615
0.00039259906
0.00084851944
0.00055937795
0.00046630763
0.0002960158
0.0004936353
0.00075768266
0.0027306483
0.0008175693
0.0011577114
0.0005174919
0.0009754844
0.0011990411
0.00029988177
0.0007042904
0.00089138106
0.0007549118
0.0011545935
0.0006232216
0.001019449
0.0003318251
0.0006317358
0.0017388604
0.00066557416
0.0006471729
0.0006995218
0.00027284506
0.00070124515
test_mean_costs
0.005277902
0.006617883
0.0055409307
0.0052438886
0.0038189923
0.005679215
0.0049098083
0.005461784
0.0028363208
0.0044923136
0.0035368248
0.007373084
0.00562933
0.005535896
0.004889748
0.006196329
0.006024822
0.004292315
0.0056222375
0.003946426
0.0046341973
0.0054644584
0.0043394384
0.0058313003
0.0033339935
0.005382288
0.0061288406
0.0057096127
0.005383109
0.0049985764
0.0034459315
0.0048521576
test_mean_abs_costs
0.005277902
0.006617883
0.0055409307
0.0052438886
0.0038189923
0.005679215
0.0049098083
0.005461784
0.0028363208
0.0044923136
0.0035368248
0.007373084
0.00562933
0.005535896
0.004889748
0.006196329
0.006024822
0.004292315
0.0056222375
0.003946426
0.0046341973
0.0054644584
0.0043394384
0.0058313003
0.0033339935
0.005382288
0.0061288406
0.0057096127
0.005383109
0.0049985764
0.0034459315
0.0048521576
test_variance_costs
2.245646e-06
2.9187909e-06
2.5105028e-06
1.8523601e-06
9.906754e-07
2.290166e-06
1.9927193e-06
1.8547795e-06
6.1433263e-07
1.1697185e-06
9.4707116e-07
4.170263e-06
1.9053497e-06
2.4481812e-06
1.7097803e-06
2.9226183e-06
2.5362447e-06
1.1594137e-06
2.114199e-06
1.2016557e-06
1.5670554e-06
2.403268e-06
1.4270269e-06
2.4165186e-06
8.050548e-07
1.6795885e-06
3.2676396e-06
2.3053321e-06
1.7904061e-06
1.9197878e-06
8.3586986e-07
1.8000185e-06
test_mean_wealth
-0.027221814
-0.028673256
-0.03270346
-0.021859504
-0.01816946
-0.026794726
-0.02215831
-0.021345677
-0.015451046
-0.020597968
-0.023139492
-0.04498444
-0.026297797
-0.03013725
-0.02146712
-0.02877833
-0.030943906
-0.016946469
-0.024868095
-0.02542657
-0.024482392
-0.030052489
-0.022281671
-0.028971395
-0.016488796
-0.02353581
-0.03596347
-0.024421968
-0.024006657
-0.024065452
-0.015400812
-0.023929095
test_mean_abs_wealth
0.027221814
0.028673256
0.03270346
0.021859504
0.01816946
0.026794726
0.02215831
0.021345677
0.015451046
0.020597968
0.023139492
0.04498444
0.026297797
0.03013725
0.02146712
0.02877833
0.030943906
0.016946469
0.024868095
0.02542657
0.024482392
0.030052489
0.022281671
0.028971395
0.016488796
0.02353581
0.03596347
0.024421968
0.024006657
0.024065452
0.015400812
0.023929095
test_variance_wealth
4.360674e-05
4.702975e-05
6.238357e-05
2.8191182e-05
2.1232241e-05
4.076968e-05
3.0065761e-05
2.959032e-05
1.9803205e-05
2.757238e-05
3.125132e-05
0.00010893678
4.2010186e-05
5.27915e-05
2.851071e-05
4.6702266e-05
5.4058546e-05
1.9902236e-05
3.652685e-05
3.9718016e-05
3.5603272e-05
5.163217e-05
2.9075836e-05
4.91736e-05
1.9972462e-05
3.290626e-05
7.3059855e-05
3.6160614e-05
3.4007593e-05
3.2382122e-05
1.4905297e-05
3.315863e-05
test_wealth_with_price_abs_mean
0.006775648
0.007799214
0.007743168
0.0061366335
0.004838054
0.006952007
0.005946895
0.0063747754
0.0042536175
0.0056190765
0.005321945
0.010182711
0.0069381287
0.0073609715
0.0058668656
0.007483307
0.0076851826
0.005032584
0.0067220572
0.0059902803
0.0060799224
0.0072923303
0.0055995276
0.007407837
0.0044427714
0.0064179264
0.00841419
0.006753368
0.006560612
0.0061568143
0.0042002457
0.00612563
test_wealth_with_price_variance
4.360674e-05
4.702975e-05
6.238357e-05
2.8191182e-05
2.1232241e-05
4.076968e-05
3.0065761e-05
2.959032e-05
1.9803205e-05
2.757238e-05
3.125132e-05
0.00010893678
4.2010186e-05
5.27915e-05
2.851071e-05
4.6702266e-05
5.4058546e-05
1.9902236e-05
3.652685e-05
3.9718016e-05
3.5603272e-05
5.163217e-05
2.9075836e-05
4.91736e-05
1.9972462e-05
3.290626e-05
7.3059855e-05
3.6160614e-05
3.4007593e-05
3.2382122e-05
1.4905297e-05
3.315863e-05
price
0.02195527
0.02203793
0.027124908
0.016615491
0.014358115
0.021099197
0.017244814
0.015866501
0.012613244
0.016109876
0.019621234
0.03760346
0.020670984
0.02458852
0.016586078
0.022574136
0.024923846
0.012645009
0.019249516
0.021462975
0.019838173
0.024578283
0.01792687
0.023129001
0.013162769
0.01814685
0.029830804
0.018729037
0.01862506
0.019055005
0.011937056
0.019068932
train_time
19.1885317
14.056605400000024
23.6121591000001
24.239418999999998
21.857655599999816
21.355262999999923
36.35041730000012
34.15912109999999
31.968276499999774
18.983802300000207
30.40937040000017
25.65063629999986
18.067668400000002
31.2347721000001
22.212550799999917
28.06596889999946
24.478471499999614
28.15041889999975
34.41733229999954
42.42943290000039
46.661786600000596
41.70516829999997
92.47786750000068
37.18847110000024
34.54944299999988
28.91082390000065
39.027366999998776
50.13571460000094
59.64271440000084
50.46784479999951
41.102145400000154
43.967410799999925


================================================================================
=== twin network matrix feature map
train_risk
0.04165309
0.042852383
0.05062646
0.033254415
0.028036412
0.040598266
0.03425425
0.03273177
0.024815736
0.031652212
0.03512859
0.06703249
0.039709095
0.04572212
0.033161063
0.04369018
0.047394954
0.026677156
0.037943006
0.038825285
0.037354443
0.045472812
0.034034815
0.043862708
0.026280755
0.035272904
0.055641215
0.036992162
0.03613573
0.036397316
0.023985548
0.03621378
test_risk
0.0417077
0.042964123
0.05069425
0.033247672
0.028012885
0.040679906
0.034292545
0.032746866
0.024846321
0.0316253
0.035052516
0.067066066
0.03975259
0.045856368
0.03320369
0.043744244
0.047368195
0.026699845
0.038036585
0.038850624
0.037340008
0.045600217
0.034010954
0.04396177
0.026286973
0.035275787
0.055558357
0.037038814
0.036200836
0.03640993
0.023983512
0.0362071
test_mean_value
-4.9039132e-05
-8.143543e-05
0.00012336453
2.8338864e-06
-2.861484e-05
-5.030549e-05
-2.8276463e-05
-2.1244805e-05
2.9600478e-05
-7.168919e-06
3.0474872e-05
-7.441194e-05
-3.8137732e-05
-0.000119149896
-2.4000581e-05
-5.76258e-05
-7.296795e-05
2.5444335e-05
4.7057234e-05
1.6171858e-05
-4.670107e-05
1.01385815e-07
-1.0036786e-05
-4.6006908e-06
-6.5163003e-06
2.8251026e-05
6.105045e-05
-6.9505324e-05
-0.0001213837
-3.1681448e-05
1.30322e-05
4.038085e-05
test_mean_abs_value
0.024064278
0.024022005
0.02981735
0.018203165
0.015673282
0.023113359
0.01865978
0.016819954
0.013162048
0.017552467
0.021874294
0.041417785
0.02254547
0.026881171
0.017987575
0.02483365
0.027315345
0.013715263
0.021010093
0.023395145
0.021806965
0.026737586
0.019692944
0.025157312
0.014363734
0.019740043
0.032775965
0.02045877
0.0200501
0.021069974
0.013154214
0.021133581
test_variance_value
0.00092442194
0.00092378
0.0014299627
0.0005243645
0.00039745728
0.0008550704
0.0005581704
0.00046711817
0.00029581247
0.00049597357
0.0007602282
0.002745835
0.00081709895
0.0011617079
0.0005187341
0.0009755252
0.0011887023
0.00030438698
0.0007023861
0.00089308026
0.0007604143
0.0011572951
0.0006242009
0.001022161
0.0003331191
0.0006254056
0.0017180175
0.0006627463
0.0006545795
0.0006993158
0.00027981494
0.0007054433
test_mean_costs
0.0054003694
0.006209645
0.006261517
0.005325052
0.0037675255
0.0056643626
0.0049474495
0.005428129
0.0027799797
0.0045436644
0.0037139745
0.006594605
0.0053882655
0.005441826
0.0049050683
0.0061594113
0.006381922
0.0043735937
0.005680519
0.004033034
0.0045
0.005483157
0.0045021293
0.005755421
0.0033345472
0.0050252737
0.0067803804
0.005371897
0.0054550637
0.0049593197
0.0034756581
0.0048155608
test_mean_abs_costs
0.0054003694
0.006209645
0.006261517
0.005325052
0.0037675255
0.0056643626
0.0049474495
0.005428129
0.0027799797
0.0045436644
0.0037139745
0.006594605
0.0053882655
0.005441826
0.0049050683
0.0061594113
0.006381922
0.0043735937
0.005680519
0.004033034
0.0045
0.005483157
0.0045021293
0.005755421
0.0033345472
0.0050252737
0.0067803804
0.005371897
0.0054550637
0.0049593197
0.0034756581
0.0048155608
test_variance_costs
2.2103955e-06
2.5836277e-06
2.6845546e-06
1.7931126e-06
9.690818e-07
2.2068089e-06
1.9634986e-06
1.8388276e-06
5.4489374e-07
1.2509581e-06
1.0004322e-06
3.994336e-06
2.1598185e-06
2.2472495e-06
1.7016474e-06
2.760177e-06
2.4527149e-06
1.2402281e-06
2.1567141e-06
1.2756544e-06
1.4527644e-06
2.409086e-06
1.4652986e-06
2.4556875e-06
7.2746417e-07
1.7140458e-06
3.0125354e-06
1.967287e-06
1.7845098e-06
1.8241217e-06
8.1975986e-07
1.6941445e-06
test_mean_wealth
-0.027344115
-0.028267084
-0.03342216
-0.021940028
-0.018119203
-0.026779935
-0.022195406
-0.021311246
-0.015394161
-0.020650182
-0.023315657
-0.04420657
-0.026055228
-0.030044436
-0.021485547
-0.028739437
-0.03130096
-0.017026184
-0.024929363
-0.025514008
-0.024348386
-0.030071914
-0.022445641
-0.028896179
-0.016489044
-0.023184096
-0.036611605
-0.024085052
-0.024078568
-0.024026558
-0.015430269
-0.02389186
test_mean_abs_wealth
0.027344115
0.028267084
0.03342216
0.021940028
0.018119203
0.026779935
0.022195406
0.021311246
0.015394161
0.020650182
0.023315657
0.04420657
0.026055228
0.030044436
0.021485547
0.028739437
0.03130096
0.017026184
0.024929363
0.025514008
0.024348386
0.030071914
0.022445641
0.028896179
0.016489044
0.023184096
0.036611605
0.024085052
0.024078568
0.024026558
0.015430269
0.02389186
test_variance_wealth
4.3289685e-05
4.6230107e-05
6.2457504e-05
2.800705e-05
2.1170079e-05
4.0769646e-05
3.0220526e-05
2.9599623e-05
2.0159041e-05
2.6598893e-05
3.087826e-05
0.00010860042
3.9577062e-05
5.3147367e-05
2.8776838e-05
4.6970916e-05
5.5224224e-05
1.9612473e-05
3.6304282e-05
3.962974e-05
3.560728e-05
5.1969677e-05
2.8697574e-05
4.889653e-05
2.0106485e-05
3.122261e-05
7.514174e-05
3.6190835e-05
3.3908644e-05
3.285077e-05
1.5249168e-05
3.3289565e-05
test_wealth_with_price_abs_mean
0.0068436167
0.0075184302
0.008127459
0.0061833817
0.0048018554
0.0069426666
0.0059746415
0.006348765
0.0042506373
0.005597092
0.005382264
0.009799145
0.006689051
0.0073186914
0.005887701
0.0074695107
0.00794446
0.005069186
0.0067493254
0.0060246536
0.0060028103
0.007311612
0.005678124
0.0073459516
0.004453479
0.006118751
0.00884902
0.006539721
0.0065989434
0.0061583924
0.004234128
0.0061090444
test_wealth_with_price_variance
4.3289685e-05
4.6230107e-05
6.2457504e-05
2.800705e-05
2.1170079e-05
4.0769646e-05
3.0220526e-05
2.9599623e-05
2.0159041e-05
2.6598893e-05
3.087826e-05
0.00010860042
3.9577062e-05
5.314737e-05
2.8776838e-05
4.6970916e-05
5.5224224e-05
1.9612473e-05
3.6304282e-05
3.962974e-05
3.560728e-05
5.1969677e-05
2.8697574e-05
4.889653e-05
2.0106485e-05
3.122261e-05
7.514174e-05
3.6190835e-05
3.3908644e-05
3.285077e-05
1.5249168e-05
3.3289565e-05
price
0.02195527
0.02203793
0.027124908
0.016615491
0.014358115
0.021099197
0.017244814
0.015866501
0.012613244
0.016109876
0.019621234
0.03760346
0.020670984
0.02458852
0.016586078
0.022574136
0.024923846
0.012645009
0.019249516
0.021462975
0.019838173
0.024578283
0.01792687
0.023129001
0.013162769
0.01814685
0.029830804
0.018729037
0.01862506
0.019055005
0.011937056
0.019068932
train_time
19.506648299999995
24.893728900000042
15.245857500000056
29.93418410000004
31.76967569999988
23.521437800000058
30.61549519999994
34.13703310000028
34.91633249999995
20.372366600000078
30.122174900000118
31.891232099999797
41.226527199999964
28.97258809999994
22.94676419999996
29.069773500000338
25.924078500000178
29.284387600000628
36.004700099999354
46.31917339999927
54.19750740000018
47.16286990000026
40.60477619999983
72.58517589999974
37.29019220000009
40.459991299999274
25.657964699999866
55.241894599999796
41.335922199999914
59.431560799999716
54.792948199999955
62.86475050000081


