================================================================================
=== twin network
train_time
11.8082362
39.89072589999998
40.077725100000066
40.07410589999995
42.20412869999984
41.199105200000076
40.69064960000014
40.779924000000165
40.56711139999993
41.36457900000005
42.31981160000032
41.401473500000066
42.0200648
41.26337549999971
41.409015400000044
41.588673899999776
42.02277509999931
41.49635289999969
42.0891758000007
42.12624510000023
42.16561189999993
42.056338600000345
42.772416100000555
43.78266380000059
42.24871110000004
42.7656906000002
42.584751100000176
42.35729199999969
42.79327480000029
45.95676529999946
44.80197279999993
42.638076100000035


================================================================================
=== continuous-time
train_risk
0.05869597
0.06545464
0.052412402
0.056599323
0.039689768
0.04274491
0.058604125
0.05090128
0.054681387
0.069344774
0.051699556
0.064972505
0.05468321
0.036249787
0.040070195
0.044593565
0.048142865
0.052373823
0.052298293
0.039668232
0.063349806
0.040564314
0.043540422
0.060202304
0.05671775
0.0644597
0.038950827
0.05311391
0.038010463
0.050933328
0.058846354
0.055846144
test_risk
0.05881316
0.06549349
0.052200116
0.05662289
0.03970033
0.042695213
0.058509376
0.050993238
0.054632425
0.06956408
0.051612996
0.06495982
0.054869786
0.036333185
0.040168855
0.044628683
0.04796697
0.05233173
0.0522412
0.039660897
0.06329677
0.040596344
0.043542407
0.060128484
0.05661343
0.06446307
0.038973138
0.053080525
0.037918802
0.05107834
0.058842737
0.055687826
test_mean_value
-8.30222e-05
0.00012461831
-2.6954387e-05
2.2957833e-05
-5.1344905e-05
8.727546e-06
-7.748664e-05
-6.704774e-05
6.806834e-05
0.00010465982
1.45318745e-05
3.4633254e-06
3.3970675e-05
-1.2069056e-05
4.0683884e-05
-2.750856e-05
-4.584693e-05
2.4761872e-05
-1.9829495e-05
6.225206e-06
-3.318793e-05
-3.733904e-05
4.509257e-05
9.784181e-05
-2.9819344e-05
3.8217644e-05
-2.381331e-05
8.430833e-05
8.735264e-05
2.6106572e-05
0.00013620866
0.00017634068
test_mean_abs_value
0.030484335
0.03558927
0.025718339
0.028952016
0.016250728
0.018514093
0.030326113
0.024702946
0.027473647
0.03854994
0.025220519
0.03510348
0.027610904
0.013643375
0.016617738
0.019940732
0.02243306
0.025713934
0.0256742
0.016195001
0.033810336
0.016911114
0.019173896
0.031546757
0.028901141
0.03471933
0.015653543
0.02627689
0.014982358
0.024714764
0.030569512
0.028405845
test_variance_value
0.0015154874
0.002064837
0.0010740773
0.0013638498
0.0004290387
0.0005595512
0.0014931123
0.000991557
0.0012323254
0.0024162927
0.0010371231
0.0020069464
0.0012403849
0.00030316418
0.00044890976
0.00064871507
0.0008190832
0.0010771719
0.0010734563
0.00042679356
0.0018607426
0.00046411602
0.0006014438
0.0016238693
0.0013570419
0.0019616454
0.00039908817
0.001126826
0.000366695
0.0009934494
0.0015239534
0.0013167183
test_mean_costs
0.010909853
0.010898261
0.010904951
0.010904867
0.010908019
0.01090177
0.010909017
0.010903094
0.010907285
0.010903337
0.010913757
0.010903719
0.010917236
0.010916483
0.010903382
0.010910253
0.01091152
0.010917432
0.01091483
0.010913132
0.010909788
0.010909387
0.010911275
0.01091139
0.010909361
0.010891986
0.010920627
0.010906957
0.010909044
0.010906814
0.010902626
0.01090189
test_mean_abs_costs
0.010909853
0.010898261
0.010904951
0.010904867
0.010908019
0.01090177
0.010909017
0.010903094
0.010907285
0.010903337
0.010913757
0.010903719
0.010917236
0.010916483
0.010903382
0.010910253
0.01091152
0.010917432
0.01091483
0.010913132
0.010909788
0.010909387
0.010911275
0.01091139
0.010909361
0.010891986
0.010920627
0.010906957
0.010909044
0.010906814
0.010902626
0.01090189
test_variance_costs
1.3455829e-05
1.3445973e-05
1.3389783e-05
1.339304e-05
1.3428536e-05
1.3414531e-05
1.3457217e-05
1.3421412e-05
1.3396064e-05
1.3460719e-05
1.3442503e-05
1.3469073e-05
1.3509053e-05
1.3471311e-05
1.3442594e-05
1.34403745e-05
1.3387894e-05
1.3436236e-05
1.3395889e-05
1.3447835e-05
1.3468521e-05
1.3387496e-05
1.343785e-05
1.3489749e-05
1.3474607e-05
1.3454618e-05
1.347954e-05
1.3424039e-05
1.3436303e-05
1.3511924e-05
1.3395088e-05
1.3405627e-05
test_mean_wealth
-0.03787824
-0.04226886
-0.033617888
-0.036455404
-0.025277797
-0.02728138
-0.03775348
-0.032715876
-0.03516144
-0.04491938
-0.03318543
-0.041883912
-0.03528006
-0.022982148
-0.025542762
-0.028560618
-0.030761309
-0.033657894
-0.033604555
-0.025228053
-0.040818248
-0.025873628
-0.02783092
-0.03876529
-0.036475983
-0.041550662
-0.0247701
-0.034129396
-0.02410901
-0.03274785
-0.03791509
-0.035897765
test_mean_abs_wealth
0.03787824
0.04226886
0.033617888
0.036455404
0.025277797
0.02728138
0.03775348
0.032715876
0.03516144
0.04491938
0.03318543
0.041883912
0.03528006
0.022982148
0.025542762
0.028560618
0.030761309
0.033657894
0.033604555
0.025228053
0.040818248
0.025873628
0.02783092
0.03876529
0.036475983
0.041550662
0.0247701
0.034129396
0.02410901
0.03274785
0.03791509
0.035897765
test_variance_wealth
6.605542e-05
8.209408e-05
5.227455e-05
6.119428e-05
3.1508764e-05
3.5779147e-05
6.552264e-05
4.9929567e-05
5.7069377e-05
9.302231e-05
5.114639e-05
8.07552e-05
5.776582e-05
2.7278586e-05
3.2292483e-05
3.8824073e-05
4.4390647e-05
5.262409e-05
5.2142987e-05
3.150448e-05
7.6665834e-05
3.282802e-05
3.7136495e-05
6.925571e-05
6.131575e-05
7.940303e-05
3.0617164e-05
5.396153e-05
2.9120483e-05
5.0363575e-05
6.630701e-05
5.9061604e-05
test_wealth_with_price_abs_mean
0.011252578
0.011471906
0.011066974
0.011160961
0.010930884
0.010930627
0.011222355
0.011040926
0.011120588
0.011662389
0.011062408
0.011468003
0.011146444
0.010926146
0.010924658
0.010969915
0.0110030025
0.011074303
0.011057621
0.010943408
0.011402093
0.010925971
0.010962869
0.011287679
0.011177692
0.011426658
0.010939746
0.011077666
0.010907782
0.011063254
0.011232882
0.011137159
test_wealth_with_price_variance
6.605542e-05
8.209408e-05
5.227455e-05
6.119428e-05
3.1508764e-05
3.5779147e-05
6.552265e-05
4.9929567e-05
5.7069374e-05
9.302231e-05
5.114639e-05
8.07552e-05
5.776582e-05
2.7278586e-05
3.2292483e-05
3.8824073e-05
4.4390647e-05
5.262409e-05
5.214299e-05
3.150448e-05
7.6665834e-05
3.2828015e-05
3.7136495e-05
6.925571e-05
6.131575e-05
7.940303e-05
3.0617164e-05
5.396153e-05
2.9120481e-05
5.0363575e-05
6.630701e-05
5.9061604e-05
price
0.026952522
0.031368308
0.022710325
0.025555655
0.014360007
0.016381193
0.026857251
0.021806309
0.024252659
0.034016307
0.022266109
0.030963846
0.024349388
0.012060357
0.014632899
0.017636435
0.019843534
0.02274274
0.022704737
0.0142978765
0.029904317
0.014966129
0.01690377
0.027851518
0.025560223
0.030643674
0.013840885
0.023227356
0.013209048
0.02181855
0.027016036
0.024995914
train_time
3.342148699999999
2.898678000000018
5.432997300000011
4.393896899999959
4.389003300000013
3.2583165999999437
4.466650300000083
4.055577899999889
5.21368120000011
3.732193599999846
3.3253208999999515
5.168971899999633
3.4085556999998516
4.520433800000319
3.7521474000000126
3.0372228000001087
3.4941702000005535
3.7431031999994957
3.767995499999415
5.389422100000047
7.337830000000395
2.842764199999692
3.883357700000488
4.741083400000207
3.8343771999998353
3.113504400000238
4.626709399999527
6.645218699999532
3.5789621000003535
4.796000899999854
6.872299399999974
5.613398899999083


================================================================================
=== true linear feature map
train_risk
0.04986128
0.0564365
0.040882412
0.04573031
0.02904598
0.033189602
0.05024068
0.040911034
0.045710858
0.061291374
0.041641243
0.056292634
0.044802304
0.025145678
0.029961944
0.034797713
0.038575128
0.04265454
0.04439447
0.029361557
0.05492557
0.031009797
0.031467035
0.051858604
0.04747799
0.056191385
0.026302014
0.043531947
0.027793655
0.04060638
0.049471628
0.04614788
test_risk
0.04994172
0.056410342
0.040813792
0.04577138
0.029047683
0.033175837
0.05017612
0.04093828
0.045679104
0.061415203
0.041564234
0.056348138
0.044804174
0.025128517
0.030006852
0.034849353
0.038503546
0.04264909
0.044333197
0.029396692
0.054915663
0.030977331
0.031485826
0.05186828
0.047398224
0.056240626
0.02627889
0.043624993
0.027782446
0.040691774
0.049465414
0.046108056
test_mean_value
-7.956844e-05
0.00011919888
-2.6078933e-05
1.00709685e-05
-5.088291e-05
8.399157e-06
-7.144689e-05
-6.7505585e-05
7.76018e-05
0.00010050999
1.912308e-05
-6.246689e-06
4.7597627e-05
-1.0027068e-05
3.4666245e-05
-2.2879623e-05
-4.3879998e-05
4.2646443e-05
-1.0213442e-05
6.504405e-06
-3.1089185e-05
-2.3229686e-05
4.857341e-05
9.467817e-05
-2.6669488e-05
2.6659467e-05
-2.1634749e-05
8.425692e-05
9.414741e-05
2.506933e-05
0.00013286255
0.00016274539
test_mean_abs_value
0.029500917
0.034499556
0.025096009
0.028106458
0.015555617
0.017699676
0.029381651
0.02379392
0.026576428
0.03742087
0.024333294
0.033949062
0.02674955
0.013042536
0.015808247
0.019141432
0.021616768
0.024809578
0.024494076
0.015495559
0.03271796
0.0162271
0.018615888
0.030636894
0.027879246
0.033567727
0.0152607225
0.025348373
0.014275053
0.023834908
0.02975528
0.027477123
test_variance_value
0.0013948211
0.0019097317
0.0010078448
0.0012645031
0.000387255
0.0005018717
0.0013812528
0.0009050424
0.0011339791
0.0022403249
0.0009512422
0.0018463446
0.0011470236
0.00027299448
0.0003989683
0.0005878096
0.0007471216
0.0009872336
0.00096266676
0.00038516746
0.0017147169
0.00042001306
0.0005574531
0.0015043321
0.0012440531
0.0018011709
0.00037385314
0.0010302629
0.00032739626
0.00090887287
0.0014210381
0.0012133557
test_mean_costs
0.0061282357
0.0061088414
0.004139966
0.0048112324
0.00430635
0.005380386
0.0064946185
0.0052284785
0.0058521354
0.0069738477
0.005027262
0.006525163
0.005151112
0.003878529
0.0049809213
0.00520661
0.0055341143
0.0052889884
0.0067123664
0.004626634
0.0065188725
0.0051072193
0.0039176648
0.0066006836
0.0058051134
0.0068291887
0.00303602
0.0056994855
0.004719204
0.0050199335
0.005811762
0.0053266366
test_mean_abs_costs
0.0061282357
0.0061088414
0.004139966
0.0048112324
0.00430635
0.005380386
0.0064946185
0.0052284785
0.0058521354
0.0069738477
0.005027262
0.006525163
0.005151112
0.003878529
0.0049809213
0.00520661
0.0055341143
0.0052889884
0.0067123664
0.004626634
0.0065188725
0.0051072193
0.0039176648
0.0066006836
0.0058051134
0.0068291887
0.00303602
0.0056994855
0.004719204
0.0050199335
0.005811762
0.0053266366
test_variance_costs
2.9427279e-06
2.97645e-06
1.406027e-06
1.8993006e-06
1.2392134e-06
2.0073494e-06
2.7696879e-06
2.2029872e-06
2.5098955e-06
4.1361754e-06
1.8415018e-06
3.53311e-06
2.1145636e-06
9.287575e-07
1.7056495e-06
1.8697299e-06
2.1240844e-06
2.1103037e-06
2.9187563e-06
1.0876269e-06
3.3459416e-06
1.6184323e-06
1.2203235e-06
3.3039928e-06
2.549048e-06
3.9145852e-06
6.9617175e-07
2.6234804e-06
1.317502e-06
1.9454815e-06
2.2899615e-06
2.2749578e-06
test_mean_wealth
-0.03309317
-0.037484862
-0.026852025
-0.030374657
-0.018675666
-0.021760324
-0.03333304
-0.027041717
-0.030096758
-0.04099404
-0.027294345
-0.037515063
-0.029500311
-0.01594215
-0.01962632
-0.022852346
-0.025381938
-0.028011564
-0.029392477
-0.018941276
-0.036425233
-0.020057352
-0.020833828
-0.034457747
-0.031368587
-0.037499424
-0.016883314
-0.028921977
-0.017912375
-0.026862007
-0.03282757
-0.030336108
test_mean_abs_wealth
0.03309317
0.037484862
0.026852025
0.030374657
0.018675666
0.021760324
0.03333304
0.027041717
0.030096758
0.04099404
0.027294345
0.037515063
0.029500311
0.01594215
0.01962632
0.022852346
0.025381938
0.028011564
0.029392477
0.018941276
0.036425233
0.020057352
0.020833828
0.034457747
0.031368587
0.037499424
0.016883314
0.028921977
0.017912375
0.026862007
0.03282757
0.030336108
test_variance_wealth
6.0950173e-05
7.790594e-05
4.207216e-05
5.1398478e-05
2.2746623e-05
2.7799053e-05
6.114211e-05
4.1187766e-05
5.2009997e-05
9.0104215e-05
4.3666067e-05
7.646931e-05
5.027683e-05
1.776234e-05
2.2788516e-05
3.0720657e-05
3.70945e-05
4.577684e-05
4.7549103e-05
2.3004983e-05
7.4241805e-05
2.5169235e-05
2.4298613e-05
6.574816e-05
5.5643766e-05
7.5446864e-05
1.8666045e-05
4.639615e-05
2.0617095e-05
4.117233e-05
5.993453e-05
5.3168947e-05
test_wealth_with_price_abs_mean
0.008025593
0.008635768
0.0061542555
0.006937008
0.0052066864
0.0061822827
0.008237276
0.006691269
0.007495834
0.009492143
0.0066852546
0.008811996
0.0070472513
0.0046323068
0.00567691
0.006202357
0.0067049647
0.0069128918
0.007867397
0.0054283687
0.008725713
0.005842461
0.0050927666
0.008479368
0.0076355087
0.0089478865
0.0042149723
0.0071977545
0.00535329
0.006598678
0.007814439
0.0072507625
test_wealth_with_price_variance
6.0950173e-05
7.790594e-05
4.207216e-05
5.1398478e-05
2.2746623e-05
2.7799053e-05
6.114211e-05
4.1187766e-05
5.2009997e-05
9.0104215e-05
4.3666067e-05
7.646931e-05
5.027683e-05
1.776234e-05
2.2788516e-05
3.0720657e-05
3.70945e-05
4.577684e-05
4.7549103e-05
2.3004983e-05
7.4241805e-05
2.5169235e-05
2.4298613e-05
6.574816e-05
5.5643766e-05
7.544687e-05
1.8666045e-05
4.639615e-05
2.0617095e-05
4.117233e-05
5.993453e-05
5.3168947e-05
price
0.026952522
0.031368308
0.022710325
0.025555655
0.014360007
0.016381193
0.026857251
0.021806309
0.024252659
0.034016307
0.022266109
0.030963846
0.024349388
0.012060357
0.014632899
0.017636435
0.019843534
0.02274274
0.022704737
0.0142978765
0.029904317
0.014966129
0.01690377
0.027851518
0.025560223
0.030643674
0.013840885
0.023227356
0.013209048
0.02181855
0.027016036
0.024995914
train_time
18.1456342
23.143409899999995
20.40173709999999
23.520577200000048
24.97861839999996
30.729189300000144
15.17381300000011
24.019074199999977
18.855562999999847
23.136059299999943
22.16397330000018
21.56980599999997
21.39785780000011
18.186692899999798
21.096427799999674
28.115357199999835
22.78874150000047
28.349040899999636
15.669147900000098
19.985822599999665
22.55217459999949
14.989598699999988
19.48751689999972
23.134589499999493
22.623884700000417
27.11813919999986
27.651349699999628
38.03542280000056
29.57268589999967
29.62159420000171
18.914151799999672
21.686225600000398


================================================================================
=== deep network
train_risk
0.049415626
0.05717089
0.040672835
0.045731604
0.029633062
0.033616167
0.050275225
0.041769348
0.045888092
0.0606311
0.04161499
0.055951577
0.04486619
0.02564221
0.030665709
0.03589323
0.03894444
0.042635966
0.043778554
0.029487621
0.0540142
0.031181732
0.031550504
0.05251105
0.047562864
0.055691212
0.027529906
0.043591093
0.028618025
0.040985167
0.048821326
0.046562586
test_risk
0.049471796
0.057190213
0.04065428
0.045777164
0.029681003
0.033646785
0.050298255
0.041865543
0.045915283
0.060733613
0.041601725
0.055994246
0.044935606
0.025682509
0.030743053
0.035965186
0.03890955
0.042662125
0.04375066
0.02953871
0.05404637
0.031197662
0.031609096
0.05260398
0.047548592
0.055743776
0.027482457
0.043688256
0.028620081
0.041119803
0.048874762
0.046560705
test_mean_value
-7.8934056e-05
0.00012179956
-2.7061682e-05
1.2350159e-05
-5.010842e-05
8.068154e-06
-7.034657e-05
-6.973789e-05
7.2892915e-05
0.00010331848
1.7847773e-05
-5.443863e-06
4.2289732e-05
-9.3748195e-06
3.0721098e-05
-2.4148514e-05
-4.5335633e-05
4.2281372e-05
-9.726554e-06
1.140108e-05
-2.7552174e-05
-2.7302523e-05
4.9238766e-05
9.7151395e-05
-2.4822133e-05
1.9122244e-05
-1.6973318e-05
8.109099e-05
9.531955e-05
2.3864179e-05
0.0001323531
0.00016549438
test_mean_abs_value
0.029121952
0.034276508
0.024710573
0.027806941
0.01536533
0.017599855
0.029197441
0.02357304
0.026168456
0.036942832
0.024189789
0.033420574
0.02653016
0.012867026
0.015627734
0.019191833
0.021351077
0.024563774
0.024457125
0.015337027
0.032423966
0.01602458
0.018295504
0.030056288
0.027621727
0.033375423
0.014963825
0.02489156
0.014076749
0.023640318
0.02925629
0.027133219
test_variance_value
0.0013782677
0.0019151262
0.0009903222
0.0012552036
0.00038294095
0.00050154777
0.0013770056
0.00090152794
0.0011145198
0.0022165799
0.00094892114
0.0018179063
0.0011409621
0.00026815277
0.00039578337
0.0005965349
0.000738923
0.0009816141
0.000970553
0.00038060642
0.0017058501
0.00041361596
0.00054664403
0.0014677504
0.0012369897
0.0018045093
0.0003646158
0.0010079351
0.00032119759
0.0009041463
0.0013944559
0.0012012287
test_mean_costs
0.006685002
0.0075251022
0.0044906875
0.005449774
0.0048116725
0.006035236
0.0073264395
0.0063693025
0.006489965
0.007379353
0.0056812954
0.007064167
0.005933403
0.0043187723
0.005701388
0.0061958143
0.0062175705
0.0060019162
0.006736549
0.004670993
0.006771196
0.0053978856
0.00436445
0.0077236583
0.0066282847
0.007348935
0.003749379
0.00641141
0.005260788
0.0060822302
0.0060947114
0.0061704074
test_mean_abs_costs
0.006685002
0.0075251022
0.0044906875
0.005449774
0.0048116725
0.006035236
0.0073264395
0.0063693025
0.006489965
0.007379353
0.0056812954
0.007064167
0.005933403
0.0043187723
0.005701388
0.0061958143
0.0062175705
0.0060019162
0.006736549
0.004670993
0.006771196
0.0053978856
0.00436445
0.0077236583
0.0066282847
0.007348935
0.003749379
0.00641141
0.005260788
0.0060822302
0.0060947114
0.0061704074
test_variance_costs
2.5803251e-06
2.4767953e-06
1.2403282e-06
1.7851214e-06
1.3211634e-06
1.8589774e-06
2.8207282e-06
2.0614452e-06
2.4086169e-06
3.0460785e-06
1.7435596e-06
2.7293906e-06
2.0347977e-06
1.111288e-06
1.6005573e-06
2.010538e-06
1.9560505e-06
1.9970848e-06
2.4527264e-06
1.2076231e-06
2.6533269e-06
1.5842589e-06
1.137247e-06
2.7434874e-06
2.5092045e-06
3.0688882e-06
6.3175986e-07
2.259622e-06
1.6242861e-06
2.1429883e-06
2.2867146e-06
1.760928e-06
test_mean_wealth
-0.033649303
-0.03889852
-0.02720373
-0.031010918
-0.019180214
-0.022415506
-0.034163762
-0.028184772
-0.030739296
-0.041396737
-0.027949654
-0.038053267
-0.03028791
-0.016381742
-0.020350732
-0.023842819
-0.026066849
-0.028724857
-0.029416174
-0.018980738
-0.03667402
-0.02035209
-0.021279948
-0.035578247
-0.03218991
-0.038026705
-0.017592011
-0.029637067
-0.018452786
-0.02792551
-0.03311103
-0.03117713
test_mean_abs_wealth
0.033649303
0.03889852
0.02720373
0.031010918
0.019180214
0.022415506
0.034163762
0.028184772
0.030739296
0.041396737
0.027949654
0.038053267
0.03028791
0.016381742
0.020350732
0.023842819
0.026066849
0.028724857
0.029416174
0.018980738
0.03667402
0.02035209
0.021279948
0.035578247
0.03218991
0.038026705
0.017592011
0.029637067
0.018452786
0.02792551
0.03311103
0.03117713
test_variance_wealth
6.697031e-05
8.758579e-05
4.5986264e-05
5.6938003e-05
2.5409774e-05
3.1182568e-05
6.602473e-05
4.716522e-05
5.7795278e-05
0.00010190898
4.7553138e-05
8.578508e-05
5.4945904e-05
1.9484773e-05
2.7299675e-05
3.5343193e-05
4.236962e-05
4.9768245e-05
5.22372e-05
2.5556981e-05
8.0874044e-05
2.7838156e-05
2.7224527e-05
7.5575495e-05
6.1801176e-05
8.467348e-05
2.239685e-05
5.2084506e-05
2.3606253e-05
4.5695888e-05
6.53072e-05
5.942986e-05
test_wealth_with_price_abs_mean
0.008811354
0.009984682
0.0066838227
0.0077053104
0.005727555
0.0068786917
0.00910036
0.0077985153
0.008271209
0.010408762
0.0073980736
0.00969438
0.007868911
0.005065198
0.006484717
0.007154472
0.0075088963
0.007673996
0.008213014
0.0056447713
0.009346695
0.006241369
0.0056448323
0.009687985
0.00855172
0.009831698
0.004902507
0.008058388
0.0059171985
0.007604958
0.008398678
0.008153677
test_wealth_with_price_variance
6.697031e-05
8.758579e-05
4.5986264e-05
5.6938003e-05
2.5409774e-05
3.1182568e-05
6.602473e-05
4.716522e-05
5.7795278e-05
0.00010190898
4.7553138e-05
8.578508e-05
5.4945904e-05
1.9484773e-05
2.7299675e-05
3.5343193e-05
4.236962e-05
4.9768245e-05
5.22372e-05
2.5556981e-05
8.0874044e-05
2.7838156e-05
2.7224527e-05
7.5575495e-05
6.1801176e-05
8.467348e-05
2.239685e-05
5.2084506e-05
2.3606251e-05
4.5695888e-05
6.53072e-05
5.942986e-05
price
0.026952522
0.031368308
0.022710325
0.025555655
0.014360007
0.016381193
0.026857251
0.021806309
0.024252659
0.034016307
0.022266109
0.030963846
0.024349388
0.012060357
0.014632899
0.017636435
0.019843534
0.02274274
0.022704737
0.0142978765
0.029904317
0.014966129
0.01690377
0.027851518
0.025560223
0.030643674
0.013840885
0.023227356
0.013209048
0.02181855
0.027016036
0.024995914
train_time
139.166312
99.3058954
151.37444659999994
106.56901330000005
97.13067230000001
104.03933940000002
67.45140119999996
76.4943181000001
101.45006080000007
140.69601439999997
141.70246690000022
105.04278300000033
138.55773850000014
169.54504169999973
113.04100289999997
85.16378759999998
118.04945009999938
147.71990599999936
209.9719355999996
132.79300970000077
225.46756859999914
186.3641902999998
202.3544664000001
121.7415461999999
223.7406350000001
170.91728610000064
129.18770490000043
155.1728415000007
251.79112710000027
201.44562560000122
279.50624179999977
136.09396870000091


================================================================================
=== twin network linear feature map
train_risk
0.049930606
0.057660125
0.04083358
0.04580816
0.029117698
0.033109713
0.05043518
0.041123483
0.045684826
0.06147549
0.041818853
0.056660373
0.044969905
0.025214238
0.0299882
0.034781132
0.03865879
0.043335102
0.04475058
0.029437894
0.05520624
0.03109946
0.03146189
0.052087553
0.047981787
0.05623755
0.027227415
0.043649003
0.028069597
0.04077603
0.04966921
0.046304807
test_risk
0.050025214
0.057628077
0.04077301
0.045836408
0.029139543
0.0330871
0.050356388
0.041155815
0.045644928
0.061619695
0.041743055
0.0567178
0.044976033
0.02519694
0.030046372
0.034824748
0.038593005
0.043338932
0.044666328
0.02945462
0.055207964
0.031065434
0.031478528
0.052107174
0.047922354
0.056293916
0.027191611
0.04374351
0.028056037
0.04087445
0.049664173
0.04628138
test_mean_value
-7.902074e-05
0.00012026979
-2.6761836e-05
9.082792e-06
-5.1435036e-05
8.028438e-06
-7.3258416e-05
-6.7293564e-05
7.893675e-05
0.00010069018
1.7652073e-05
-7.2604334e-06
4.8970945e-05
-1.0305111e-05
3.1855685e-05
-2.3364211e-05
-4.332199e-05
4.556462e-05
-9.2892005e-06
9.89006e-06
-3.3138745e-05
-2.1873717e-05
4.8816146e-05
9.315628e-05
-2.8861956e-05
2.6748106e-05
-1.9490877e-05
8.2942584e-05
9.4021634e-05
2.2918168e-05
0.00013585143
0.000162325
test_mean_abs_value
0.029393066
0.03470449
0.025073418
0.028160345
0.015425834
0.0176156
0.029165255
0.023767065
0.026545053
0.03734444
0.024189161
0.03394095
0.026924038
0.012977755
0.015719172
0.019177623
0.02154115
0.024789201
0.024290904
0.015461608
0.03280944
0.016235854
0.01869539
0.030743089
0.02740559
0.033832498
0.015542794
0.025327193
0.014235234
0.023724705
0.03000717
0.02739179
test_variance_value
0.001388683
0.0019343767
0.0010077062
0.0012649316
0.0003855215
0.00050068396
0.0013754443
0.00090704433
0.0011302801
0.0022246249
0.00094703224
0.0018431173
0.0011557607
0.00027337766
0.00039922868
0.00058953784
0.0007448953
0.000978079
0.00095237745
0.00038922013
0.0017186538
0.0004229299
0.0005630762
0.0015107624
0.001218706
0.0018255832
0.00039199268
0.0010290556
0.00032810992
0.00090652343
0.0014413681
0.0012114905
test_mean_costs
0.0062049264
0.006539991
0.0041835257
0.00484783
0.004402593
0.0054773483
0.0064326245
0.0052549937
0.0057033524
0.006994961
0.0050637233
0.0065180627
0.0051348913
0.00394285
0.004875932
0.0053692027
0.005578302
0.0058201756
0.006626987
0.004543414
0.0065194312
0.0051678168
0.0039376486
0.006663181
0.0057571954
0.0068391142
0.0036194574
0.0057668267
0.0047144406
0.005058376
0.00588342
0.005285894
test_mean_abs_costs
0.0062049264
0.006539991
0.0041835257
0.00484783
0.004402593
0.0054773483
0.0064326245
0.0052549937
0.0057033524
0.006994961
0.0050637233
0.0065180627
0.0051348913
0.00394285
0.004875932
0.0053692027
0.005578302
0.0058201756
0.006626987
0.004543414
0.0065194312
0.0051678168
0.0039376486
0.006663181
0.0057571954
0.0068391142
0.0036194574
0.0057668267
0.0047144406
0.005058376
0.00588342
0.005285894
test_variance_costs
2.873162e-06
2.8324987e-06
1.4181168e-06
1.9391148e-06
1.1819689e-06
1.7515247e-06
2.9826754e-06
2.3234977e-06
2.283126e-06
4.197598e-06
1.9847935e-06
3.7252066e-06
2.160711e-06
1.0291071e-06
1.4747142e-06
1.8450788e-06
2.1102246e-06
2.2120798e-06
2.827386e-06
1.00617e-06
3.5461328e-06
1.4806388e-06
1.121403e-06
3.547084e-06
2.8448064e-06
3.7671475e-06
6.409966e-07
2.7173485e-06
1.3793764e-06
2.0495727e-06
2.5545116e-06
2.3522996e-06
test_mean_wealth
-0.033169314
-0.03791494
-0.026896268
-0.030412242
-0.018772462
-0.021857657
-0.03327286
-0.027068019
-0.02994664
-0.041014973
-0.027332278
-0.03750898
-0.029482717
-0.016006751
-0.01952414
-0.023015425
-0.025425566
-0.028539833
-0.029306173
-0.01885467
-0.03642784
-0.020116592
-0.020853568
-0.034521762
-0.03132286
-0.03750926
-0.017464608
-0.028990632
-0.017907737
-0.026902601
-0.03289624
-0.030295786
test_mean_abs_wealth
0.033169314
0.03791494
0.026896268
0.030412242
0.018772462
0.021857657
0.03327286
0.027068019
0.02994664
0.041014973
0.027332278
0.03750898
0.029482717
0.016006751
0.01952414
0.023015425
0.025425566
0.028539833
0.029306173
0.01885467
0.03642784
0.020116592
0.020853568
0.034521762
0.03132286
0.03750926
0.017464608
0.028990632
0.017907737
0.026902601
0.03289624
0.030295786
test_variance_wealth
6.261559e-05
8.236727e-05
4.2358213e-05
5.1390267e-05
2.3028428e-05
2.876105e-05
6.262848e-05
4.169644e-05
5.2381718e-05
9.0868634e-05
4.4254375e-05
7.689739e-05
5.0480354e-05
1.7904678e-05
2.3885379e-05
3.0807496e-05
3.7653266e-05
4.6457484e-05
4.901451e-05
2.390441e-05
7.4601245e-05
2.5862344e-05
2.4555033e-05
6.5456006e-05
5.8410882e-05
7.5888034e-05
2.0072475e-05
4.6307527e-05
2.1553305e-05
4.1733005e-05
5.9933707e-05
5.3625245e-05
test_wealth_with_price_abs_mean
0.008174726
0.008980414
0.0062125395
0.006952245
0.0053017377
0.006354953
0.0082441205
0.006712358
0.0074132304
0.009505134
0.0067248526
0.008767337
0.007016245
0.004691374
0.0056784083
0.0063548535
0.006772825
0.0072437325
0.007824693
0.0054291906
0.008693098
0.005938394
0.005136192
0.0084709935
0.007679898
0.008967322
0.0046309065
0.007226514
0.0053905654
0.0066439584
0.007830336
0.0072260224
test_wealth_with_price_variance
6.261559e-05
8.236727e-05
4.2358213e-05
5.1390267e-05
2.3028428e-05
2.876105e-05
6.262848e-05
4.169644e-05
5.2381718e-05
9.0868634e-05
4.4254375e-05
7.689739e-05
5.0480354e-05
1.7904678e-05
2.3885379e-05
3.0807496e-05
3.7653266e-05
4.6457484e-05
4.901451e-05
2.390441e-05
7.4601245e-05
2.5862342e-05
2.4555033e-05
6.5456006e-05
5.8410882e-05
7.5888034e-05
2.0072475e-05
4.6307527e-05
2.1553305e-05
4.1733005e-05
5.9933707e-05
5.3625245e-05
price
0.026952522
0.031368308
0.022710325
0.025555655
0.014360007
0.016381193
0.026857251
0.021806309
0.024252659
0.034016307
0.022266109
0.030963846
0.024349388
0.012060357
0.014632899
0.017636435
0.019843534
0.02274274
0.022704737
0.0142978765
0.029904317
0.014966129
0.01690377
0.027851518
0.025560223
0.030643674
0.013840885
0.023227356
0.013209048
0.02181855
0.027016036
0.024995914
train_time
18.001707600000003
13.18983959999997
20.473767599999974
23.696027200000003
21.158064299999978
30.074125000000095
14.635914700000058
24.091110599999865
35.984962200000155
28.564317100000153
22.29223920000004
25.603930799999944
21.050138900000093
21.176374300000134
21.108113799999956
28.481141600000228
23.092168900000615
17.196929799999452
15.696198200000254
20.80258210000011
22.536479800000052
17.509443699999792
57.41734929999984
26.314220399999613
23.847705300000598
29.918694400000277
19.951412999999775
35.13576740000008
24.577815599999667
31.972137400000065
18.683299700000134
28.380032699998992


================================================================================
=== twin network matrix feature map
train_risk
0.049775165
0.056548662
0.04092233
0.04585112
0.029111685
0.03316137
0.050566863
0.041117296
0.04578057
0.06252881
0.041546077
0.05668063
0.044938337
0.02511768
0.029927067
0.03487788
0.03866526
0.04286861
0.044013128
0.028880786
0.054858167
0.03060096
0.03141766
0.05209372
0.047810815
0.05611539
0.026388736
0.043634217
0.02797916
0.041652985
0.049896963
0.04639492
test_risk
0.049872667
0.056528013
0.040855847
0.045889713
0.029132074
0.03314456
0.05051588
0.041144516
0.04573608
0.0626852
0.041465033
0.05673645
0.04495014
0.025090136
0.029986773
0.034930486
0.038609374
0.04286176
0.04394125
0.028900858
0.05487257
0.03059051
0.031443752
0.052114595
0.047765657
0.056165315
0.026358595
0.043727677
0.027969057
0.041754972
0.049917556
0.04636878
test_mean_value
-7.684611e-05
0.000119704906
-2.6978656e-05
9.999929e-06
-5.3182306e-05
8.903794e-06
-7.54158e-05
-6.789458e-05
8.04614e-05
0.00010560654
1.8028804e-05
-7.449083e-06
4.795073e-05
-9.4810675e-06
3.4014312e-05
-2.5468948e-05
-4.4550517e-05
4.097406e-05
-1.0881865e-05
6.9283537e-06
-3.2422286e-05
-2.5557332e-05
4.730885e-05
9.2771246e-05
-2.9115017e-05
2.7518003e-05
-2.0696829e-05
8.318787e-05
9.448609e-05
2.842216e-05
0.00013230837
0.00016219864
test_mean_abs_value
0.029380022
0.034521412
0.025139574
0.02813343
0.015520563
0.017611312
0.029319547
0.023810696
0.026616115
0.037359636
0.02426342
0.034012653
0.026843136
0.012946122
0.01576751
0.019290918
0.021597696
0.024982655
0.024583792
0.015416816
0.032820296
0.016170058
0.018536648
0.030693768
0.027533827
0.03368291
0.015095286
0.02536829
0.014233814
0.024102
0.02984364
0.027457386
test_variance_value
0.0013873538
0.0019119583
0.0010130233
0.001264836
0.00038966417
0.00050061144
0.0013921738
0.0009099551
0.0011368203
0.0022257592
0.0009516647
0.0018520763
0.001149418
0.00027221002
0.0004015269
0.0005971866
0.0007479886
0.0009938221
0.00097218965
0.00038657826
0.0017184127
0.00041948163
0.00055394956
0.0015070582
0.0012294988
0.0018103172
0.00037023402
0.0010317087
0.0003274926
0.0009356981
0.0014267403
0.0012173988
test_mean_costs
0.0060458058
0.006139896
0.0042841346
0.0049584922
0.0044206227
0.005515779
0.006557556
0.005283776
0.005689973
0.007543176
0.004858526
0.006589102
0.005122069
0.0038886112
0.0048700776
0.005370812
0.0056408346
0.005555986
0.0062212897
0.0043026195
0.006270259
0.004917089
0.0039345846
0.0066554327
0.005677622
0.0067066653
0.0030974203
0.005764226
0.004717909
0.005752346
0.0058872853
0.0053501795
test_mean_abs_costs
0.0060458058
0.006139896
0.0042841346
0.0049584922
0.0044206227
0.005515779
0.006557556
0.005283776
0.005689973
0.007543176
0.004858526
0.006589102
0.005122069
0.0038886112
0.0048700776
0.005370812
0.0056408346
0.005555986
0.0062212897
0.0043026195
0.006270259
0.004917089
0.0039345846
0.0066554327
0.005677622
0.0067066653
0.0030974203
0.005764226
0.004717909
0.005752346
0.0058872853
0.0053501795
test_variance_costs
2.6759924e-06
3.1634208e-06
1.4114632e-06
1.9304166e-06
1.2220366e-06
1.6986625e-06
2.6129292e-06
2.3037153e-06
2.2712197e-06
3.8104831e-06
1.843135e-06
3.677492e-06
2.2219297e-06
9.832546e-07
1.4621875e-06
1.6837663e-06
2.1862725e-06
2.2367535e-06
3.0223266e-06
1.1918912e-06
3.314277e-06
1.5011907e-06
1.1431521e-06
3.4466714e-06
2.8242462e-06
3.7100415e-06
6.6640337e-07
2.6719167e-06
1.4229902e-06
2.0984367e-06
2.2880054e-06
2.3320063e-06
test_mean_wealth
-0.033008017
-0.03751541
-0.026997093
-0.030521987
-0.01879224
-0.021895213
-0.033399947
-0.027097402
-0.029931735
-0.041558273
-0.027126703
-0.037580207
-0.029470915
-0.015951687
-0.019516127
-0.023019137
-0.025489328
-0.028280234
-0.028902069
-0.018616837
-0.03617795
-0.01986955
-0.020852013
-0.0345144
-0.03124354
-0.037376042
-0.016943777
-0.028987786
-0.017910741
-0.027591066
-0.032903645
-0.030360198
test_mean_abs_wealth
0.033008017
0.03751541
0.026997093
0.030521987
0.01879224
0.021895213
0.033399947
0.027097402
0.029931735
0.041558273
0.027126703
0.037580207
0.029470915
0.015951687
0.019516127
0.023019137
0.025489328
0.028280234
0.028902069
0.018616837
0.03617795
0.01986955
0.020852013
0.0345144
0.03124354
0.037376042
0.016943777
0.028987786
0.017910741
0.027591066
0.032903645
0.030360198
test_variance_wealth
6.2518346e-05
7.76006e-05
4.214722e-05
5.120014e-05
2.2860177e-05
2.8875813e-05
6.184483e-05
4.1550342e-05
5.295024e-05
9.570658e-05
4.3782093e-05
7.6820994e-05
5.0319613e-05
1.780197e-05
2.3622993e-05
3.127958e-05
3.7410162e-05
4.5325203e-05
4.7231108e-05
2.2564283e-05
7.3564086e-05
2.4850187e-05
2.4358727e-05
6.5795815e-05
5.778759e-05
7.597827e-05
1.9158957e-05
4.627803e-05
2.1159633e-05
4.2361524e-05
6.195682e-05
5.3846634e-05
test_wealth_with_price_abs_mean
0.008073528
0.008616751
0.0062503326
0.007005565
0.00530261
0.0063854544
0.008283082
0.0067253085
0.007419232
0.009952827
0.0065900967
0.00881176
0.0069991658
0.004655124
0.00566301
0.0063750795
0.0068028322
0.0070484285
0.0075034774
0.0052111787
0.008514059
0.0057241856
0.0051240977
0.008483833
0.0076139974
0.008894457
0.004299063
0.007225234
0.0053723403
0.0070766276
0.007914538
0.007271919
test_wealth_with_price_variance
6.2518346e-05
7.76006e-05
4.214722e-05
5.120014e-05
2.2860177e-05
2.8875813e-05
6.184483e-05
4.1550342e-05
5.295024e-05
9.570658e-05
4.3782093e-05
7.6820994e-05
5.0319613e-05
1.780197e-05
2.3622993e-05
3.127958e-05
3.7410162e-05
4.5325203e-05
4.7231108e-05
2.2564283e-05
7.3564086e-05
2.4850186e-05
2.4358727e-05
6.5795815e-05
5.778759e-05
7.597827e-05
1.9158957e-05
4.627803e-05
2.1159633e-05
4.2361524e-05
6.195682e-05
5.3846634e-05
price
0.026952522
0.031368308
0.022710325
0.025555655
0.014360007
0.016381193
0.026857251
0.021806309
0.024252659
0.034016307
0.022266109
0.030963846
0.024349388
0.012060357
0.014632899
0.017636435
0.019843534
0.02274274
0.022704737
0.0142978765
0.029904317
0.014966129
0.01690377
0.027851518
0.025560223
0.030643674
0.013840885
0.023227356
0.013209048
0.02181855
0.027016036
0.024995914
train_time
18.117452200000002
21.951333799999986
19.54503340000008
23.45358759999999
25.0188212999999
32.368425700000216
13.319358899999997
27.105504800000062
19.150190700000167
13.994368100000429
29.03252220000013
21.14879860000019
21.06784549999975
36.66493609999998
32.60034319999977
29.9164796999994
23.663762600000155
28.941000499999973
22.991047100000287
22.039421200000106
23.82642560000022
35.16789170000084
35.765684999999394
24.4514324999991
34.506048100000044
30.23534279999967
27.083962900000188
38.270137700000305
32.8497380000008
20.10893980000037
20.703132900000128
25.292053999999553


