================================================================================
=== twin network
train_time
49.3135003
45.07780409999998
43.91429649999998
47.0850260000002
53.636948200000006
50.2008393000001
47.8493954999999
13.417040499999985
46.13399589999972
49.679009000000406
47.972283799999786
48.020693700000265
48.4755798999995
47.88414009999997
46.940392799999245
48.67065159999947
48.16672180000023
53.70210719999977
57.783046900000045
59.46361069999966
54.54770699999972
58.80853299999944
53.88973569999871
54.35310600000048
45.090778700001465
45.855184300000474
45.355759100000796
45.423048099999505
12.715664299999844
54.48305470000014
47.31038429999899
47.31732650000049


================================================================================
=== continuous-time
train_risk
0.04210972
0.037605956
0.04684569
0.044595625
0.04976712
0.046346504
0.049180575
0.04080346
0.05640422
0.060484085
0.056393355
0.044319496
0.04693679
0.043395363
0.05220804
0.04055123
0.040766615
0.042777807
0.05485136
0.041469157
0.057297416
0.05038472
0.04463612
0.0540547
0.03821971
0.041110303
0.04035159
0.037295148
0.03760643
0.046284266
0.035201404
0.03868103
test_risk
0.041993313
0.037612703
0.046873886
0.04458183
0.049889304
0.04647996
0.049176816
0.04090661
0.056227613
0.060468003
0.056355633
0.044305615
0.04687449
0.043401945
0.052197754
0.040560216
0.040824465
0.04274469
0.054725535
0.041500207
0.05730877
0.050338272
0.044634186
0.0540206
0.03826369
0.04109766
0.040280644
0.037236895
0.037647936
0.046179347
0.035312418
0.03859611
test_mean_value
-5.255241e-09
1.1852132e-05
2.4009298e-05
1.8807816e-05
3.614155e-05
4.039607e-05
-6.2739186e-05
-4.1879044e-05
3.1753392e-05
-3.296317e-05
-6.8455693e-06
-8.74078e-06
-6.038598e-05
-3.6808593e-05
5.1549385e-05
-3.9754027e-06
-4.2264437e-05
4.466279e-05
-1.4616936e-05
-1.4311339e-05
-7.709639e-05
-0.00011412557
6.637388e-06
-0.00019738336
7.880686e-05
1.2933942e-05
4.9840397e-05
7.1645016e-05
9.3665885e-06
3.6307825e-05
-1.7735556e-05
-3.602808e-05
test_mean_abs_value
0.018038243
0.014687823
0.021640142
0.019921456
0.023850892
0.021337481
0.023319991
0.017106837
0.028756019
0.03170542
0.028747309
0.019700948
0.021638582
0.019016296
0.025727805
0.016871145
0.017067254
0.018630425
0.02751696
0.01760024
0.029355576
0.02419536
0.019996809
0.026926178
0.015183295
0.017368976
0.016739385
0.0144851515
0.01469715
0.021232711
0.012845763
0.01541789
test_variance_value
0.0005299397
0.00035114787
0.0007613897
0.00064630044
0.0009265973
0.0007407543
0.0008847186
0.0004771132
0.0013473884
0.0016359536
0.0013499123
0.0006325112
0.00076244806
0.00058914995
0.0010783743
0.00046463747
0.00047456616
0.00056558003
0.0012328567
0.00050418207
0.001401964
0.00095190277
0.00065002794
0.0011818534
0.00037617888
0.0004910902
0.00045627324
0.00034194379
0.0003512695
0.00073451427
0.00026839474
0.0003870162
test_mean_costs
0.01089641
0.010904976
0.010903946
0.010903862
0.0109116435
0.010903672
0.010900868
0.01091581
0.010890988
0.010904164
0.010906113
0.010910497
0.010901242
0.010919103
0.0109103015
0.010912022
0.010899963
0.0108989095
0.010899248
0.01091074
0.01091098
0.010909347
0.010915506
0.010916626
0.010899443
0.010898063
0.0109049035
0.01090667
0.010911495
0.010903141
0.01090384
0.010907875
test_mean_abs_costs
0.01089641
0.010904976
0.010903946
0.010903862
0.0109116435
0.010903672
0.010900868
0.01091581
0.010890988
0.010904164
0.010906113
0.010910497
0.010901242
0.010919103
0.0109103015
0.010912022
0.010899963
0.0108989095
0.010899248
0.01091074
0.01091098
0.010909347
0.010915506
0.010916626
0.010899443
0.010898063
0.0109049035
0.01090667
0.010911495
0.010903141
0.01090384
0.010907875
test_variance_costs
1.3420542e-05
1.3411176e-05
1.3423373e-05
1.3439857e-05
1.3441979e-05
1.3457645e-05
1.3419796e-05
1.3447084e-05
1.3417351e-05
1.3451229e-05
1.34132715e-05
1.3433022e-05
1.3419492e-05
1.343982e-05
1.341376e-05
1.3418285e-05
1.3444862e-05
1.3369618e-05
1.33986e-05
1.3493091e-05
1.3405653e-05
1.3480986e-05
1.3429156e-05
1.3403467e-05
1.3407357e-05
1.3357476e-05
1.3408362e-05
1.3386447e-05
1.3439247e-05
1.34263255e-05
1.341317e-05
1.34411885e-05
test_mean_wealth
-0.02682841
-0.023870548
-0.030013107
-0.02849413
-0.03200406
-0.029730292
-0.031535633
-0.026051804
-0.0362407
-0.03898009
-0.03634251
-0.02832931
-0.030039452
-0.027732732
-0.033560008
-0.02580199
-0.025968509
-0.027321262
-0.035213728
-0.0264586
-0.036901798
-0.03232632
-0.028557744
-0.034766838
-0.024294673
-0.026232243
-0.025666146
-0.02367356
-0.023907833
-0.029611
-0.022277784
-0.024547618
test_mean_abs_wealth
0.02682841
0.023870548
0.030013107
0.02849413
0.03200406
0.029730292
0.031535633
0.026051804
0.0362407
0.03898009
0.03634251
0.02832931
0.030039452
0.027732732
0.033560008
0.02580199
0.025968509
0.027321262
0.035213728
0.0264586
0.036901798
0.03232632
0.028557744
0.034766838
0.024294673
0.026232243
0.025666146
0.02367356
0.023907833
0.029611
0.022277784
0.024547618
test_variance_wealth
3.4763307e-05
2.874153e-05
4.2712476e-05
3.8803504e-05
4.7949954e-05
4.1923224e-05
4.6613794e-05
3.3296055e-05
6.0382034e-05
6.9845744e-05
6.0801984e-05
3.843399e-05
4.266811e-05
3.695529e-05
5.234374e-05
3.2797132e-05
3.3169188e-05
3.5974226e-05
5.7246365e-05
3.420585e-05
6.282003e-05
4.852854e-05
3.8870618e-05
5.5974862e-05
2.9674027e-05
3.3379456e-05
3.2350297e-05
2.8360906e-05
2.8808592e-05
4.1378473e-05
2.6029642e-05
3.0059211e-05
test_wealth_with_price_abs_mean
0.010928317
0.010915033
0.010982076
0.0109502375
0.011038699
0.010973469
0.010999188
0.010949024
0.011134843
0.011289396
0.011167152
0.010954277
0.010976927
0.010960189
0.011066989
0.010926962
0.010930448
0.010923701
0.011097867
0.010941357
0.011197066
0.011039458
0.010973735
0.011124577
0.010910045
0.010918735
0.010928938
0.010913547
0.010922204
0.010964818
0.01091305
0.010919439
test_wealth_with_price_variance
3.4763307e-05
2.8741531e-05
4.2712476e-05
3.8803504e-05
4.7949954e-05
4.1923224e-05
4.6613794e-05
3.329605e-05
6.0382034e-05
6.984575e-05
6.0801984e-05
3.8433995e-05
4.266811e-05
3.695529e-05
5.234374e-05
3.2797136e-05
3.3169184e-05
3.5974226e-05
5.7246365e-05
3.4205845e-05
6.282003e-05
4.852854e-05
3.8870618e-05
5.5974862e-05
2.9674027e-05
3.3379456e-05
3.23503e-05
2.8360904e-05
2.8808592e-05
4.1378473e-05
2.602964e-05
3.0059207e-05
price
0.01592641
0.012962018
0.019102752
0.017588958
0.021077756
0.01881921
0.020639531
0.015121887
0.025363104
0.02807414
0.025432076
0.017419958
0.019132607
0.016807009
0.022649972
0.01489164
0.015056259
0.016428422
0.02433518
0.015540882
0.02598572
0.021405065
0.017630402
0.023842284
0.013393346
0.015333723
0.014753723
0.012766789
0.012992229
0.018709507
0.011367424
0.013637788
train_time
8.188163399999993
3.7979963000000225
7.519265399999995
9.526911800000107
7.0753016000001026
7.111026300000049
6.885801400000219
5.152129999999943
4.376334000000043
8.048212700000022
4.054610700000012
4.8982275999997
7.198978299999908
4.150705300000482
4.983222200000455
7.588424399999894
6.398837600000661
13.882971200000611
11.057328200000484
7.446645699999863
6.615971100000024
7.167405800000779
4.696407800000088
7.7206805999994685
5.712181100001544
5.203132000000551
10.62113649999992
5.348341900000378
6.126250600000276
4.302246700000978
4.277804400000605
8.845073299999058


================================================================================
=== true linear feature map
train_risk
0.03241673
0.026236989
0.038592245
0.03328173
0.04082608
0.037344407
0.039864656
0.031479575
0.04763938
0.051567793
0.04780308
0.0343581
0.037607312
0.032519177
0.043435704
0.066577144
0.030021476
0.03306736
0.045845937
0.030473568
0.048147302
0.041481752
0.033958133
0.04505656
0.028034009
0.03126242
0.028315293
0.02490939
0.026867272
0.03708498
0.024000408
0.02696996
test_risk
0.032396223
0.026242083
0.038588814
0.033292614
0.04096292
0.037378106
0.03983425
0.031506922
0.047693744
0.051633786
0.04782754
0.034316756
0.0376177
0.03255841
0.04344697
0.06649291
0.030023834
0.033150997
0.045758337
0.030478904
0.048130874
0.04147811
0.033968616
0.045032144
0.02808471
0.031275313
0.02828684
0.02491052
0.026834752
0.03703295
0.02407023
0.026900873
test_mean_value
-5.2375426e-06
8.148327e-06
1.6486023e-05
2.4143936e-05
3.4482353e-05
3.9068083e-05
-5.9849433e-05
-2.8440538e-05
1.2570275e-05
-3.071855e-05
-7.374338e-06
-5.6726805e-07
-6.385745e-05
-4.030339e-05
4.6020596e-05
6.933519e-06
-4.0389357e-05
4.3096465e-05
-1.8073451e-05
-1.6782602e-05
-7.1639806e-05
-0.00011288333
7.953886e-06
-0.00018413566
8.237811e-05
1.213106e-05
4.5541325e-05
6.6212975e-05
7.749997e-06
3.2102525e-05
-1.659878e-05
-3.1086023e-05
test_mean_abs_value
0.017191753
0.014040307
0.02082289
0.019199306
0.022827761
0.020496212
0.022407897
0.016267506
0.02798552
0.030674107
0.027729413
0.018874183
0.020828418
0.01837566
0.024740819
0.018580765
0.016339904
0.017938243
0.026575442
0.016883794
0.028330108
0.023217103
0.019120147
0.025957763
0.014544977
0.016571667
0.016176973
0.013935705
0.014018678
0.02032547
0.012197588
0.014843042
test_variance_value
0.00047315433
0.0003159918
0.0006937662
0.0005907043
0.0008346667
0.0006719764
0.0008033505
0.00042400154
0.0012537404
0.0015066145
0.0012349844
0.0005718278
0.000695063
0.0005413993
0.0009800354
0.0005739963
0.00042730945
0.00051479315
0.0011308705
0.00045616966
0.0012843818
0.0008609829
0.0005853106
0.0010803827
0.00033874883
0.00043925951
0.0004192797
0.00031176684
0.00031389654
0.000661409
0.00023784344
0.00035271829
test_mean_costs
0.0052441237
0.004039423
0.006193216
0.004425454
0.005984527
0.005701339
0.005594607
0.0053742523
0.0062704715
0.006287827
0.006234825
0.004865561
0.0056419484
0.0043590446
0.00617467
0.026493669
0.004676614
0.0051738336
0.0059133084
0.0044811317
0.006023526
0.0060828836
0.0045869425
0.005951985
0.004801336
0.005144987
0.0037200612
0.003377397
0.0044893143
0.0057002828
0.004072779
0.0038343424
test_mean_abs_costs
0.0052441237
0.004039423
0.006193216
0.004425454
0.005984527
0.005701339
0.005594607
0.0053742523
0.0062704715
0.006287827
0.006234825
0.004865561
0.0056419484
0.0043590446
0.00617467
0.026493669
0.004676614
0.0051738336
0.0059133084
0.0044811317
0.006023526
0.0060828836
0.0045869425
0.005951985
0.004801336
0.005144987
0.0037200612
0.003377397
0.0044893143
0.0057002828
0.004072779
0.0038343424
test_variance_costs
1.6554256e-06
1.0488121e-06
1.8999484e-06
1.5296671e-06
2.3894336e-06
2.3008015e-06
2.2086565e-06
1.8044103e-06
2.8488214e-06
3.2262149e-06
3.0211518e-06
1.6947538e-06
2.050739e-06
1.2599859e-06
2.8779648e-06
1.2887805e-06
1.5103798e-06
1.9144188e-06
2.6623184e-06
1.5166122e-06
2.9388307e-06
2.8381467e-06
1.4369398e-06
2.686393e-06
1.5080709e-06
1.6832461e-06
9.934297e-07
8.1289744e-07
1.2654635e-06
2.3053406e-06
1.0414698e-06
1.0674277e-06
test_mean_wealth
-0.021181356
-0.0170087
-0.0253099
-0.022010386
-0.0270786
-0.024529286
-0.026226483
-0.020496808
-0.031639367
-0.034361508
-0.031671748
-0.022276198
-0.024783632
-0.021176169
-0.028829904
-0.041372728
-0.019743286
-0.021597752
-0.030231245
-0.020031463
-0.032008886
-0.027498614
-0.022227863
-0.029788947
-0.018192993
-0.02047997
-0.018485602
-0.01614972
-0.017487269
-0.024412347
-0.015445584
-0.017469143
test_mean_abs_wealth
0.021181356
0.0170087
0.0253099
0.022010386
0.0270786
0.024529286
0.026226483
0.020496808
0.031639367
0.034361508
0.031671748
0.022276198
0.024783632
0.021176169
0.028829904
0.041373778
0.019743286
0.021597752
0.030231245
0.020031463
0.032008886
0.027498614
0.022227863
0.029788947
0.018192993
0.02047997
0.018485602
0.01614972
0.017487269
0.024412347
0.015445584
0.017469143
test_variance_wealth
2.6844422e-05
1.8017392e-05
3.799286e-05
2.7229778e-05
4.15534e-05
3.4934976e-05
3.9790262e-05
2.5667303e-05
5.5572393e-05
6.3906205e-05
5.6263583e-05
3.0891966e-05
3.5402514e-05
2.7866685e-05
4.584429e-05
0.00014286936
2.253709e-05
2.8128363e-05
5.192625e-05
2.3246745e-05
5.6066132e-05
4.1786334e-05
2.9414861e-05
4.993455e-05
2.0595422e-05
2.47402e-05
2.0538884e-05
1.6388623e-05
1.8667977e-05
3.414367e-05
1.5588463e-05
1.8912344e-05
test_wealth_with_price_abs_mean
0.006055419
0.0047716666
0.0071846074
0.0055475538
0.0071918345
0.006709306
0.0068610464
0.0060753515
0.00790796
0.008216639
0.007912134
0.005975343
0.0067120646
0.0055487272
0.0074823857
0.026579518
0.0054669837
0.0060399002
0.0075362367
0.00536844
0.0077737155
0.0072594266
0.0057544443
0.0074873446
0.0054162266
0.005879668
0.0047412366
0.0042549297
0.0051252143
0.0066862153
0.0046395343
0.004686278
test_wealth_with_price_variance
2.6844422e-05
1.8017392e-05
3.799286e-05
2.7229778e-05
4.15534e-05
3.4934976e-05
3.9790262e-05
2.5667301e-05
5.5572393e-05
6.3906205e-05
5.6263583e-05
3.0891966e-05
3.5402514e-05
2.7866685e-05
4.584429e-05
0.00014286936
2.253709e-05
2.8128363e-05
5.192625e-05
2.3246745e-05
5.6066132e-05
4.1786334e-05
2.9414861e-05
4.993455e-05
2.0595422e-05
2.47402e-05
2.0538884e-05
1.6388623e-05
1.8667977e-05
3.414367e-05
1.5588463e-05
1.8912344e-05
price
0.01592641
0.012962018
0.019102752
0.017588958
0.021077756
0.01881921
0.020639531
0.015121887
0.025363104
0.02807414
0.025432076
0.017419958
0.019132607
0.016807009
0.022649972
0.01489164
0.015056259
0.016428422
0.02433518
0.015540882
0.02598572
0.021405065
0.017630402
0.023842284
0.013393346
0.015333723
0.014753723
0.012766789
0.012992229
0.018709507
0.011367424
0.013637788
train_time
31.519577800000008
34.170322699999986
30.48737779999999
45.197843999999805
32.85514820000003
38.951186100000086
51.526206399999865
29.73135860000002
41.49611179999965
56.13650579999967
42.529517399999804
40.465750399999706
29.642217300000084
56.4196165000003
58.95088240000041
22.89810149999994
55.806710799999564
46.744627400000354
176.84837590000006
75.54360350000024
61.71333179999965
78.33138969999891
43.17426290000003
52.09752880000087
45.532166699998925
46.37028850000024
47.70710020000115
54.96715769999901
190.67469040000105
77.68602060000012
68.68652959999963
76.40799999999945


================================================================================
=== deep network
train_risk
0.0324551
0.026737995
0.03770033
0.033627905
0.041287538
0.037373994
0.04015379
0.033041015
0.04811566
0.05165458
0.048013914
0.035046563
0.03781446
0.03280864
0.043659028
0.028917816
0.030653104
0.03373521
0.045838397
0.031192383
0.048273034
0.04289457
0.03474851
0.04601236
0.029292919
0.03177813
0.028653985
0.026085608
0.027766738
0.037268348
0.025325758
0.028240623
test_risk
0.032487627
0.026763128
0.03773714
0.03365433
0.04142061
0.03746503
0.040193185
0.033098187
0.04816211
0.051797204
0.048087995
0.035049647
0.03786426
0.032835126
0.04370597
0.028919332
0.030748388
0.03380301
0.045796033
0.031183127
0.04833299
0.042982023
0.034798063
0.046037033
0.02937499
0.03181299
0.0287328
0.026132027
0.027772918
0.037281014
0.025412727
0.02822321
test_mean_value
-7.1187883e-06
7.844775e-06
1.8442523e-05
2.4257546e-05
3.614667e-05
4.0318726e-05
-5.9383026e-05
-2.250289e-05
7.663601e-06
-3.12021e-05
-5.1852103e-06
-3.5344922e-06
-6.617212e-05
-3.7948805e-05
5.178872e-05
-2.827991e-06
-4.030349e-05
3.9941748e-05
-1.5360562e-05
-1.3562778e-05
-7.456637e-05
-0.00011406783
4.845725e-06
-0.0001874198
7.8439814e-05
1.1545802e-05
4.363939e-05
6.1951985e-05
5.786124e-06
3.0452766e-05
-1.8021374e-05
-2.9142482e-05
test_mean_abs_value
0.017062154
0.013944813
0.02055721
0.018990241
0.022628892
0.02023263
0.022124821
0.0161474
0.027526967
0.030297158
0.027553346
0.018775182
0.020547938
0.018083313
0.024442641
0.01603531
0.01616552
0.017641507
0.026311519
0.016635986
0.028084572
0.023078466
0.018906845
0.025800569
0.014272979
0.016407274
0.01593572
0.0137441065
0.01390137
0.020119082
0.012329006
0.014468852
test_variance_value
0.000472911
0.00031452274
0.0006834359
0.00058669015
0.0008305913
0.0006627554
0.00079453696
0.00042264193
0.0012291375
0.0014872856
0.0012308267
0.0005728173
0.0006836393
0.00053072546
0.0009690922
0.00041867647
0.00042419857
0.0005047518
0.0011231969
0.00044865476
0.0012796447
0.00086219737
0.0005810935
0.0010784772
0.00032992676
0.0004367377
0.0004115555
0.00030646627
0.00031202284
0.00065589574
0.00024457154
0.0003411126
test_mean_costs
0.005640265
0.004567369
0.006391066
0.0051882425
0.0070132385
0.006459101
0.0066587026
0.006789177
0.007251406
0.0072825626
0.007238553
0.0058151027
0.006528657
0.005283224
0.007056854
0.004468676
0.005620939
0.006084217
0.0067814365
0.005342453
0.0068025975
0.0076287617
0.0055115293
0.007345557
0.0053022783
0.0056943656
0.0044313204
0.003985533
0.005434441
0.0065263105
0.0048254235
0.004488414
test_mean_abs_costs
0.005640265
0.004567369
0.006391066
0.0051882425
0.0070132385
0.006459101
0.0066587026
0.006789177
0.007251406
0.0072825626
0.007238553
0.0058151027
0.006528657
0.005283224
0.007056854
0.004468676
0.005620939
0.006084217
0.0067814365
0.005342453
0.0068025975
0.0076287617
0.0055115293
0.007345557
0.0053022783
0.0056943656
0.0044313204
0.003985533
0.005434441
0.0065263105
0.0048254235
0.004488414
test_variance_costs
1.8929496e-06
1.2250921e-06
2.335824e-06
1.4891315e-06
2.7439876e-06
2.4773237e-06
2.5343777e-06
2.2013694e-06
2.9235307e-06
3.1758964e-06
3.0636727e-06
2.0140474e-06
2.5526326e-06
1.5823125e-06
3.0068402e-06
1.1231149e-06
1.6458466e-06
2.1029562e-06
2.6982357e-06
1.600677e-06
2.7584379e-06
2.826418e-06
1.5147748e-06
2.4878195e-06
1.6462337e-06
1.8761141e-06
1.1348427e-06
9.1090834e-07
1.5508468e-06
2.3803184e-06
1.1784482e-06
9.786761e-07
test_mean_wealth
-0.021579377
-0.01753695
-0.025505792
-0.022773061
-0.028105648
-0.025285797
-0.027290113
-0.021905797
-0.03262521
-0.035356726
-0.032673288
-0.023228707
-0.025672654
-0.022097994
-0.02970632
-0.019357497
-0.020687524
-0.02251129
-0.03109666
-0.020889565
-0.032790884
-0.029045677
-0.023155559
-0.031185804
-0.018697875
-0.021029932
-0.019198764
-0.016762117
-0.018434359
-0.025240025
-0.016199652
-0.01812127
test_mean_abs_wealth
0.021579377
0.01753695
0.025505792
0.022773061
0.028105648
0.025285797
0.027290113
0.021905797
0.03262521
0.035356726
0.032673288
0.023228707
0.025672654
0.022097994
0.02970632
0.019357497
0.020687524
0.02251129
0.03109666
0.020889565
0.032790884
0.029045677
0.023155559
0.031185804
0.018697875
0.021029932
0.019198764
0.016762117
0.018434359
0.025240025
0.016199652
0.01812127
test_variance_wealth
2.9185574e-05
1.9993753e-05
3.8769547e-05
3.062222e-05
4.653745e-05
3.7450405e-05
4.3306227e-05
3.007333e-05
6.3317115e-05
7.04161e-05
6.1334584e-05
3.393715e-05
3.8001705e-05
2.9217172e-05
5.0693394e-05
2.3089739e-05
2.5820655e-05
3.1266794e-05
5.662339e-05
2.654999e-05
6.303968e-05
4.8702994e-05
3.379824e-05
5.638685e-05
2.5387999e-05
2.8459568e-05
2.2461436e-05
1.9871162e-05
2.1657159e-05
3.767504e-05
1.8455332e-05
2.4082543e-05
test_wealth_with_price_abs_mean
0.006514312
0.0053028963
0.0074899485
0.0063326964
0.008217805
0.007455433
0.007846971
0.0073566884
0.009000778
0.009256022
0.00889516
0.0068309344
0.007542192
0.006312851
0.008400474
0.0054496527
0.0063791587
0.00691638
0.008440728
0.0062129563
0.008701913
0.008693116
0.0066581997
0.008776177
0.0060298718
0.0065008528
0.0053894017
0.0048873476
0.0060195876
0.007531637
0.0053407694
0.0054581803
test_wealth_with_price_variance
2.9185574e-05
1.9993753e-05
3.8769547e-05
3.062222e-05
4.653745e-05
3.7450405e-05
4.3306227e-05
3.007333e-05
6.3317115e-05
7.04161e-05
6.1334584e-05
3.393715e-05
3.8001705e-05
2.9217172e-05
5.0693394e-05
2.308974e-05
2.5820653e-05
3.1266794e-05
5.662339e-05
2.6549988e-05
6.303968e-05
4.8702994e-05
3.379824e-05
5.638685e-05
2.5387999e-05
2.8459568e-05
2.2461436e-05
1.9871162e-05
2.1657159e-05
3.767504e-05
1.8455332e-05
2.4082541e-05
price
0.01592641
0.012962018
0.019102752
0.017588958
0.021077756
0.01881921
0.020639531
0.015121887
0.025363104
0.02807414
0.025432076
0.017419958
0.019132607
0.016807009
0.022649972
0.01489164
0.015056259
0.016428422
0.02433518
0.015540882
0.02598572
0.021405065
0.017630402
0.023842284
0.013393346
0.015333723
0.014753723
0.012766789
0.012992229
0.018709507
0.011367424
0.013637788
train_time
185.76028269999998
180.737547
149.40056500000003
167.13599810000005
131.28790670000012
226.58128729999999
165.24597470000026
126.04737049999994
122.8793283
195.35730980000017
147.02990739999996
149.86882809999952
150.57725480000045
208.3131271000002
279.11439080000036
213.10428460000003
164.93972180000037
186.2785229000001
249.7604405000002
208.67762419999963
193.21464430000015
150.45720409999922
215.21320249999917
184.4214770999988
182.6886353000009
234.93301079999947
290.9673321999999
222.57944560000033
255.73684110000067
353.81643450000047
293.0141066999986
226.78407320000042


================================================================================
=== twin network linear feature map
train_risk
0.03339823
0.02652008
0.03863591
0.033589166
0.040994447
0.03732234
0.040223353
0.03208394
0.047968064
0.05319091
0.04810419
0.03466501
0.03790279
0.03233251
0.043625828
0.030096967
0.030346403
0.071641155
0.04589142
0.0307181
0.04844479
0.041640826
0.033986513
0.045376986
0.02818652
0.031458892
0.02853663
0.025035039
0.026992623
0.037682533
0.024190146
0.027373767
test_risk
0.033352606
0.026533537
0.03865943
0.033598755
0.0411251
0.03737054
0.040183436
0.032125898
0.048029408
0.053286094
0.04813188
0.034622297
0.037927937
0.032339778
0.043626986
0.03004803
0.030337246
0.07160061
0.045810778
0.030733699
0.04843083
0.04162244
0.03400493
0.04533884
0.028242504
0.03147042
0.02851756
0.02503475
0.026970632
0.037644975
0.024263319
0.027306853
test_mean_value
-3.6126894e-06
6.960874e-06
1.2218482e-05
2.520333e-05
3.5318866e-05
3.9609877e-05
-5.946509e-05
-2.5859492e-05
1.2548478e-05
-3.3715423e-05
-9.795112e-06
-1.8715195e-06
-6.170351e-05
-3.8811286e-05
4.800794e-05
-2.475797e-06
-3.9274062e-05
6.0466937e-05
-1.8094632e-05
-1.7047414e-05
-7.1027745e-05
-0.000112726506
8.083932e-06
-0.0001829011
8.097583e-05
1.2607259e-05
4.545664e-05
6.6434994e-05
4.9453433e-06
3.0047628e-05
-1.6519596e-05
-2.9365045e-05
test_mean_abs_value
0.017556105
0.013874331
0.02071199
0.01913063
0.022717407
0.020613963
0.02226592
0.016287683
0.027786681
0.030586407
0.027783727
0.018858993
0.020886144
0.018236749
0.024504762
0.016303329
0.01630931
0.020203203
0.0267549
0.016998064
0.028417323
0.023312358
0.019264067
0.025880095
0.01448721
0.016603418
0.016150044
0.013932021
0.013888794
0.02031612
0.012376407
0.014516441
test_variance_value
0.00048556566
0.00031299848
0.00068412395
0.0005886813
0.000831063
0.0006760378
0.0007967649
0.00042229044
0.0012303723
0.0014973235
0.0012353896
0.0005673134
0.0006922099
0.00053831283
0.00097279984
0.0004298443
0.00042619676
0.0006714443
0.0011406518
0.00045739365
0.0012880486
0.00086498883
0.0005905906
0.0010737262
0.00033682474
0.00043997495
0.00041757623
0.00031227514
0.00031282284
0.0006603864
0.00024084366
0.00034573884
test_mean_costs
0.0056517445
0.004096776
0.005887379
0.004388036
0.0060536843
0.0057068137
0.005564285
0.005874669
0.0062352
0.0073162806
0.00623851
0.0048293713
0.0056518414
0.004406412
0.006212504
0.0038023829
0.004791889
0.030151846
0.0059879087
0.004379728
0.0060984003
0.0060873763
0.0046181907
0.0059394888
0.0047295834
0.0051289825
0.0038215306
0.0033394785
0.0046855104
0.0056804046
0.004124261
0.0037909725
test_mean_abs_costs
0.0056517445
0.004096776
0.005887379
0.004388036
0.0060536843
0.0057068137
0.005564285
0.005874669
0.0062352
0.0073162806
0.00623851
0.0048293713
0.0056518414
0.004406412
0.006212504
0.0038023829
0.004791889
0.030151846
0.0059879087
0.004379728
0.0060984003
0.0060873763
0.0046181907
0.0059394888
0.0047295834
0.0051289825
0.0038215306
0.0033394785
0.0046855104
0.0056804046
0.004124261
0.0037909725
test_variance_costs
1.80307e-06
1.1773589e-06
2.8298755e-06
1.6493644e-06
2.4944477e-06
2.2656038e-06
2.4995463e-06
1.4497076e-06
3.0703989e-06
3.1111704e-06
3.343698e-06
1.7575995e-06
2.374902e-06
1.3637199e-06
2.9457958e-06
1.1042007e-06
1.5990905e-06
3.6073118e-06
2.6512053e-06
1.5345277e-06
2.9519783e-06
2.889833e-06
1.4107727e-06
2.7107508e-06
1.5158323e-06
1.720678e-06
9.673422e-07
8.1955227e-07
1.3826033e-06
2.2644538e-06
1.2567334e-06
1.1241923e-06
test_mean_wealth
-0.021587351
-0.01706724
-0.02500833
-0.02197191
-0.027146922
-0.024534218
-0.026195778
-0.020994645
-0.03160412
-0.035392955
-0.031677853
-0.022241313
-0.024791371
-0.021222044
-0.02886575
-0.018690852
-0.019857444
-0.046558395
-0.030305866
-0.019930324
-0.03208315
-0.02750295
-0.022258982
-0.029775215
-0.018122643
-0.020463487
-0.018587157
-0.016111579
-0.017686268
-0.024394523
-0.015496988
-0.017424053
test_mean_abs_wealth
0.021587351
0.01706724
0.02500833
0.02197191
0.027146922
0.024534218
0.026195778
0.020994645
0.03160412
0.035392955
0.031677853
0.022241313
0.024791371
0.021222044
0.02886575
0.018690892
0.019857444
0.04655844
0.030305866
0.019930324
0.03208315
0.02750295
0.022258982
0.029775215
0.018122643
0.020463487
0.018587157
0.016111579
0.017686268
0.024394523
0.015496988
0.017424053
test_variance_wealth
2.8315264e-05
1.8637189e-05
3.718362e-05
2.7672464e-05
4.1994263e-05
3.4547516e-05
4.0281444e-05
2.8057637e-05
5.6534314e-05
6.64214e-05
5.6237794e-05
3.1514064e-05
3.5360274e-05
2.6398035e-05
4.6876605e-05
2.7677954e-05
2.2844244e-05
0.0001420462
5.1401203e-05
2.381138e-05
5.7244855e-05
4.223585e-05
2.9516445e-05
5.10392e-05
2.0908854e-05
2.5082249e-05
2.1198039e-05
1.6675445e-05
1.929537e-05
3.6143996e-05
1.580895e-05
2.0578345e-05
test_wealth_with_price_abs_mean
0.006361111
0.004832371
0.006854413
0.0054965685
0.0072509246
0.006686437
0.006802559
0.0065765437
0.007879316
0.008865284
0.0078465035
0.0059394473
0.006655074
0.0054973154
0.007538044
0.0051902905
0.0055452976
0.030164193
0.0075483047
0.005291769
0.007843444
0.007262017
0.0057817753
0.0074900915
0.005358031
0.005859901
0.0048434767
0.0042368136
0.00533979
0.0067132507
0.0046767993
0.004750653
test_wealth_with_price_variance
2.8315264e-05
1.8637189e-05
3.718362e-05
2.7672464e-05
4.1994263e-05
3.4547516e-05
4.0281444e-05
2.8057637e-05
5.6534314e-05
6.64214e-05
5.6237794e-05
3.1514064e-05
3.5360274e-05
2.6398035e-05
4.6876605e-05
2.7677954e-05
2.2844242e-05
0.0001420462
5.1401203e-05
2.3811379e-05
5.7244855e-05
4.223585e-05
2.9516445e-05
5.10392e-05
2.0908854e-05
2.5082249e-05
2.1198039e-05
1.6675445e-05
1.929537e-05
3.6143996e-05
1.580895e-05
2.0578345e-05
price
0.01592641
0.012962018
0.019102752
0.017588958
0.021077756
0.01881921
0.020639531
0.015121887
0.025363104
0.02807414
0.025432076
0.017419958
0.019132607
0.016807009
0.022649972
0.01489164
0.015056259
0.016428422
0.02433518
0.015540882
0.02598572
0.021405065
0.017630402
0.023842284
0.013393346
0.015333723
0.014753723
0.012766789
0.012992229
0.018709507
0.011367424
0.013637788
train_time
26.896738700000014
33.81365590000007
29.841928999999936
43.73346880000008
37.522139199999856
36.15044840000019
43.806668700000046
29.980160999999953
31.167459599999802
30.2807885000002
41.657199799999944
80.80650650000007
29.835767300000043
49.869231100000434
64.55237790000047
57.2764987999999
47.683840300000156
30.287277199999153
65.78287389999969
102.08515970000008
42.67805489999955
77.89256959999875
168.27762209999855
46.94553840000117
45.88446599999952
46.76320880000094
48.65827469999931
55.23204330000044
62.4066186
53.05312840000079
73.25515919999998
51.24262720000115


================================================================================
=== twin network matrix feature map
train_risk
0.032245673
0.027087854
0.03813686
0.033743985
0.04108063
0.037330125
0.04027597
0.031504612
0.048079167
0.051851984
0.04814157
0.03455256
0.037941158
0.03262283
0.04362516
0.028652797
0.030315146
0.033154998
0.046064753
0.030761393
0.04843409
0.04175322
0.033727895
0.045450166
0.028372923
0.031223685
0.028508713
0.025115386
0.027064001
0.037524287
0.024251042
0.027365437
test_risk
0.032225557
0.027089225
0.038156074
0.033755336
0.04120423
0.037379928
0.040250476
0.031548508
0.04813547
0.051940568
0.048191283
0.034531005
0.03796038
0.03262918
0.043618876
0.028635498
0.030340463
0.033254825
0.045988843
0.030772833
0.048408706
0.041756354
0.033748675
0.045410704
0.028417533
0.031238463
0.028479194
0.025117353
0.027058467
0.037499994
0.024317779
0.027290102
test_mean_value
-6.4726055e-06
8.400134e-06
1.2173368e-05
2.6124895e-05
3.3708682e-05
4.171825e-05
-5.968267e-05
-2.8907802e-05
1.3919403e-05
-3.0242396e-05
-1.08789845e-05
-2.3147372e-06
-6.2656356e-05
-4.075423e-05
4.847859e-05
-4.1798107e-06
-3.9402497e-05
4.3485514e-05
-1.8562629e-05
-1.7194952e-05
-7.232947e-05
-0.00011398721
7.4448058e-06
-0.0001818271
8.076606e-05
1.3517288e-05
4.603233e-05
6.710382e-05
3.7527502e-06
2.9507886e-05
-1.7207767e-05
-2.9667226e-05
test_mean_abs_value
0.01751848
0.013902752
0.020824097
0.019182516
0.022777215
0.020798787
0.022477087
0.016418781
0.02782289
0.030809067
0.02779497
0.01901734
0.020957604
0.018226074
0.024548275
0.016215319
0.016395373
0.017950285
0.026782172
0.017032843
0.028530851
0.02333532
0.019405404
0.025830533
0.014491132
0.016701685
0.016250035
0.013970068
0.013847865
0.020389684
0.012324825
0.014661194
test_variance_value
0.00048762435
0.00031466022
0.00069271226
0.00059120025
0.0008344632
0.0006880062
0.0008113241
0.0004282573
0.0012337463
0.0015159516
0.0012379746
0.0005760247
0.00069694273
0.0005370189
0.0009748488
0.0004237997
0.00042976133
0.0005128652
0.0011421564
0.00045946476
0.0012997693
0.00086651323
0.00059833535
0.0010692395
0.00033674596
0.00044504346
0.00042252327
0.00031351805
0.00031161515
0.00066555233
0.00023881151
0.00035127474
test_mean_costs
0.0050101797
0.0041682688
0.005665737
0.004539939
0.0061369343
0.005711318
0.005749443
0.0056100762
0.006204202
0.006352769
0.00622448
0.0049075363
0.0057716905
0.0046814317
0.00622329
0.0039017869
0.00484904
0.0052075125
0.0061501455
0.004527939
0.0061016483
0.006110665
0.0045678485
0.006059649
0.0048053204
0.0049039163
0.003966136
0.0034597982
0.004604347
0.005795506
0.004121611
0.0038263933
test_mean_abs_costs
0.0050101797
0.0041682688
0.005665737
0.004539939
0.0061369343
0.005711318
0.005749443
0.0056100762
0.006204202
0.006352769
0.00622448
0.0049075363
0.0057716905
0.0046814317
0.00622329
0.0039017869
0.00484904
0.0052075125
0.0061501455
0.004527939
0.0061016483
0.006110665
0.0045678485
0.006059649
0.0048053204
0.0049039163
0.003966136
0.0034597982
0.004604347
0.005795506
0.004121611
0.0038263933
test_variance_costs
1.634239e-06
1.0390318e-06
2.4441883e-06
1.6591558e-06
2.6580071e-06
2.096988e-06
2.5036827e-06
1.6429293e-06
2.739874e-06
3.2567186e-06
3.068322e-06
1.781395e-06
2.4008418e-06
1.4144042e-06
2.9489458e-06
1.1645611e-06
1.6420952e-06
1.7616561e-06
2.6018395e-06
1.4927832e-06
2.8638858e-06
2.7380395e-06
1.3733594e-06
2.7350702e-06
1.5881311e-06
1.6707166e-06
1.0160114e-06
8.1797685e-07
1.2359384e-06
2.3544335e-06
1.1540039e-06
1.0751675e-06
test_mean_wealth
-0.020948647
-0.017137293
-0.024786733
-0.02212289
-0.02723178
-0.024536615
-0.026381154
-0.0207331
-0.03157175
-0.034425974
-0.031664908
-0.022319922
-0.024912173
-0.021499006
-0.028876066
-0.01879196
-0.019914724
-0.021631042
-0.03046857
-0.020078683
-0.0320877
-0.0275275
-0.022209277
-0.029894302
-0.01819859
-0.020237511
-0.018731186
-0.01623123
-0.017606298
-0.024510164
-0.015495026
-0.017459774
test_mean_abs_wealth
0.020948647
0.017137293
0.024786733
0.02212289
0.02723178
0.024536615
0.026381154
0.0207331
0.03157175
0.034425974
0.031664908
0.022319922
0.024912173
0.021499006
0.028876066
0.01879196
0.019914724
0.021631042
0.03046857
0.020078683
0.0320877
0.0275275
0.022209277
0.029894302
0.01819859
0.020237511
0.018731186
0.01623123
0.017606298
0.024510164
0.015495026
0.017459774
test_variance_wealth
2.6156371e-05
2.0303274e-05
3.6244415e-05
2.7709697e-05
4.207039e-05
3.4510784e-05
3.9576968e-05
2.6663593e-05
5.782559e-05
6.42237e-05
5.7291145e-05
3.079011e-05
3.4998666e-05
2.6416128e-05
4.6736142e-05
2.023159e-05
2.2652584e-05
2.8677317e-05
5.1968807e-05
2.3422343e-05
5.7297886e-05
4.299682e-05
2.860673e-05
5.065731e-05
2.1305048e-05
2.4771736e-05
2.054618e-05
1.6578699e-05
1.9932335e-05
3.4952867e-05
1.5931286e-05
2.0287694e-05
test_wealth_with_price_abs_mean
0.0058249333
0.0049595367
0.0066841813
0.005590499
0.0073063653
0.0066872635
0.0068886355
0.006342446
0.007913037
0.008215621
0.007888028
0.005960589
0.006725015
0.0056681973
0.0075388066
0.004812512
0.0055753468
0.0060941633
0.007678119
0.0053712465
0.007849554
0.007309874
0.005708227
0.007546601
0.005426162
0.0056773145
0.004896975
0.004303589
0.00531087
0.006749934
0.004678242
0.0047516827
test_wealth_with_price_variance
2.6156371e-05
2.0303274e-05
3.6244415e-05
2.7709697e-05
4.207039e-05
3.4510784e-05
3.9576968e-05
2.6663593e-05
5.782559e-05
6.42237e-05
5.7291145e-05
3.079011e-05
3.4998666e-05
2.6416128e-05
4.6736142e-05
2.023159e-05
2.2652584e-05
2.8677317e-05
5.1968807e-05
2.342234e-05
5.7297886e-05
4.299682e-05
2.860673e-05
5.065731e-05
2.1305048e-05
2.4771736e-05
2.054618e-05
1.6578699e-05
1.9932335e-05
3.4952867e-05
1.5931286e-05
2.0287694e-05
price
0.01592641
0.012962018
0.019102752
0.017588958
0.021077756
0.01881921
0.020639531
0.015121887
0.025363104
0.02807414
0.025432076
0.017419958
0.019132607
0.016807009
0.022649972
0.01489164
0.015056259
0.016428422
0.02433518
0.015540882
0.02598572
0.021405065
0.017630402
0.023842284
0.013393346
0.015333723
0.014753723
0.012766789
0.012992229
0.018709507
0.011367424
0.013637788
train_time
42.01727569999997
34.25893370000006
30.177903699999888
45.38111959999992
35.150245699999914
47.0280773999998
47.70557039999994
33.35197120000021
32.756596700000046
53.83813169999985
73.51128859999972
40.76073339999948
31.41224720000082
36.14365599999928
62.125257099999544
59.69865850000042
66.35166630000003
49.32520620000014
47.191746800000146
99.2225985999994
48.86987170000066
83.65155620000041
99.30481059999875
52.63873929999863
52.89246280000043
77.74149089999992
58.28376349999962
59.726981399999204
69.28787210000155
56.844712200001595
77.12079480000102
118.0718614999987


