================================================================================
=== twin network
train_time
11.940244499999999
40.0049568
40.64746439999999
40.62874700000009
12.092800699999998
16.93859640000005
11.877727099999902
40.939505400000144
40.41255019999994
41.27447189999998
41.339287199999944
42.14948279999999
13.527850500000113
41.12863160000006
13.955035299999963
41.61021720000008
41.45817990000023
44.565458600000056
41.687711800000216
42.460124299999734
42.34558889999971
41.64715499999966
43.61613739999939
13.87147129999994
44.70860720000019
42.868479700000535
42.99912779999977
42.05481289999989
40.789125299999796
43.63437079999949
44.30707469999925
13.95781739999984


================================================================================
=== continuous-time
train_risk
0.07229904
0.0651617
0.051448066
0.07551332
0.054914255
0.046894386
0.05214657
0.057209652
0.04946888
0.07866248
0.04205446
0.08876135
0.06972174
0.057721548
0.058577124
0.05278855
0.051249914
0.06547179
0.029081196
0.07236576
0.08108247
0.06736264
0.062922515
0.07379821
0.05173471
0.07010091
0.04442842
0.042771645
0.05423617
0.057674896
0.05827802
0.0622982
test_risk
0.072305664
0.06521806
0.051444087
0.07544269
0.05504897
0.046945512
0.052329894
0.057309013
0.04948681
0.07881998
0.042004257
0.088790596
0.06969007
0.057678718
0.058490526
0.05275435
0.051379144
0.065294795
0.029051753
0.07223442
0.08119767
0.067414485
0.062886484
0.07367884
0.051795796
0.07018653
0.04448409
0.042804945
0.05416239
0.057653647
0.058181077
0.06234629
test_mean_value
-6.463e-05
0.00015969443
-2.1781072e-05
-5.138058e-05
2.9694625e-05
1.0560452e-05
-0.00011694406
2.3986855e-05
-5.8574708e-05
-4.9099708e-05
2.9360312e-05
-1.6822419e-06
6.3820924e-05
-2.2985365e-05
6.3905165e-05
-2.94775e-05
-5.2484165e-06
-0.00013757792
-2.4667255e-05
-2.097644e-05
-3.6663405e-05
0.000120065226
-5.522404e-06
4.230938e-05
-2.3942843e-05
2.2494565e-05
-3.420763e-05
6.373915e-05
0.00014808284
8.57777e-05
-9.214929e-05
-3.2573742e-05
test_mean_abs_value
0.04049895
0.035318423
0.02511119
0.042861853
0.027729034
0.021655299
0.025735186
0.029336877
0.023609728
0.045086257
0.01800992
0.052659888
0.03862217
0.029730182
0.030315192
0.02609956
0.02502164
0.03538465
0.008111301
0.04046761
0.04707105
0.036980446
0.033614684
0.041632038
0.025318753
0.038969237
0.019855184
0.018592013
0.027195845
0.029773468
0.030134363
0.03316201
test_variance_value
0.0026651386
0.002035347
0.001025746
0.0029867995
0.0012519005
0.0007625056
0.0010776853
0.0014018758
0.00090445345
0.0033083411
0.0005275052
0.00451487
0.0024309529
0.0014383952
0.0014985879
0.0011080384
0.0010199107
0.0020374882
0.00010710371
0.0026627171
0.0036137053
0.002229566
0.0018375224
0.00282332
0.0010438355
0.0024728249
0.00064086437
0.0005647807
0.0012073542
0.0014464377
0.0014767217
0.0017927875
test_mean_costs
0.010900921
0.010909999
0.010901163
0.010903451
0.010908809
0.010923533
0.010908235
0.010909625
0.0109056225
0.010911973
0.0109129455
0.010908085
0.01090329
0.010912493
0.01090446
0.010890922
0.010913717
0.010902562
0.010913714
0.010907549
0.010909758
0.01089715
0.010910264
0.0109051755
0.0109157665
0.0109096365
0.010918092
0.010915671
0.010898175
0.010892972
0.010917434
0.010920925
test_mean_abs_costs
0.010900921
0.010909999
0.010901163
0.010903451
0.010908809
0.010923533
0.010908235
0.010909625
0.0109056225
0.010911973
0.0109129455
0.010908085
0.01090329
0.010912493
0.01090446
0.010890922
0.010913717
0.010902562
0.010913714
0.010907549
0.010909758
0.01089715
0.010910264
0.0109051755
0.0109157665
0.0109096365
0.010918092
0.010915671
0.010898175
0.010892972
0.010917434
0.010920925
test_variance_costs
1.3440031e-05
1.33964695e-05
1.3419127e-05
1.3484548e-05
1.34821585e-05
1.3441817e-05
1.3470572e-05
1.3473334e-05
1.343577e-05
1.3507603e-05
1.3429521e-05
1.348879e-05
1.34709035e-05
1.3427799e-05
1.346265e-05
1.34258335e-05
1.3420019e-05
1.3451897e-05
1.3432826e-05
1.3414354e-05
1.3518087e-05
1.3427505e-05
1.34355805e-05
1.35013215e-05
1.343246e-05
1.3476801e-05
1.34669235e-05
1.3441237e-05
1.3436007e-05
1.34005395e-05
1.3420221e-05
1.3505783e-05
test_mean_wealth
-0.046669047
-0.04203485
-0.033102892
-0.0487235
-0.035381168
-0.030078096
-0.033619255
-0.036816206
-0.03178408
-0.05078521
-0.026808085
-0.057406377
-0.04501817
-0.037168305
-0.03766407
-0.033938177
-0.03301974
-0.04219933
-0.018088337
-0.046722237
-0.05250467
-0.043499365
-0.040594734
-0.047655426
-0.033293456
-0.045321237
-0.028476657
-0.02730474
-0.03485293
-0.037168257
-0.03755485
-0.040193945
test_mean_abs_wealth
0.046669047
0.04203485
0.033102892
0.0487235
0.035381168
0.030078096
0.033619255
0.036816206
0.03178408
0.05078521
0.026808085
0.057406377
0.04501817
0.037168305
0.03766407
0.033938177
0.03301974
0.04219933
0.018088337
0.046722237
0.05250467
0.043499365
0.040594734
0.047655426
0.033293456
0.045321237
0.028476657
0.02730474
0.03485293
0.037168257
0.03755485
0.040193945
test_variance_wealth
0.00010066759
8.130543e-05
5.0714745e-05
0.00010962222
5.8054313e-05
4.275433e-05
5.251262e-05
6.2898296e-05
4.7059828e-05
0.00012080998
3.489078e-05
0.00015394078
9.316907e-05
6.3446285e-05
6.558798e-05
5.3318625e-05
5.062368e-05
8.157944e-05
1.9654455e-05
0.0001003766
0.00012750934
8.712202e-05
7.521897e-05
0.00010475116
5.1475887e-05
9.480639e-05
3.870943e-05
3.6137164e-05
5.6196957e-05
6.353195e-05
6.466298e-05
7.466827e-05
test_wealth_with_price_abs_mean
0.011774502
0.011456612
0.011047451
0.01195901
0.011136314
0.0110045215
0.011087242
0.011194601
0.011006576
0.012156408
0.010942136
0.012842424
0.0116602555
0.011214042
0.011233792
0.011046567
0.0110636195
0.011472411
0.010922645
0.011794236
0.012306075
0.011542249
0.011388281
0.011901404
0.011078938
0.01171419
0.010984974
0.010956097
0.011113897
0.0111886505
0.011236085
0.011383263
test_wealth_with_price_variance
0.00010066759
8.130543e-05
5.0714745e-05
0.00010962222
5.8054313e-05
4.275433e-05
5.251262e-05
6.2898296e-05
4.705983e-05
0.00012080998
3.489078e-05
0.00015394078
9.316907e-05
6.3446285e-05
6.558798e-05
5.3318625e-05
5.062368e-05
8.157944e-05
1.9654455e-05
0.0001003766
0.00012750934
8.712202e-05
7.521898e-05
0.00010475116
5.1475887e-05
9.480639e-05
3.870943e-05
3.6137164e-05
5.6196957e-05
6.353195e-05
6.466298e-05
7.466827e-05
price
0.03579297
0.031138219
0.02219939
0.037816104
0.02446671
0.019146489
0.022687418
0.025901828
0.020882795
0.039883427
0.01589057
0.046436325
0.0341274
0.026245205
0.026748544
0.023065006
0.02209291
0.031297695
0.007165761
0.03582532
0.0415772
0.032619108
0.029659817
0.036730163
0.022362376
0.034387633
0.017536476
0.016378382
0.023940826
0.026277497
0.026629549
0.029259656
train_time
5.098120599999998
3.326644999999985
2.5206052999999997
3.030117500000074
3.094803099999922
3.7225570999999036
5.584622000000081
2.130766200000153
3.4797929999999724
4.37081229999967
3.4184838000001037
4.096673600000031
3.542906899999707
3.1005897000000004
2.8072006000002148
3.178883500000211
2.5316149999998743
5.018896699999459
2.8242268000003605
3.1516265999998723
2.3263613000008263
3.4996369999998933
2.2904429999998683
4.921991400000479
3.6141090000000986
2.481957500000135
4.839205100000072
4.16098189999957
4.224439800000255
3.0623169000000416
5.788123899999846
2.6157915000003413


================================================================================
=== true linear feature map
train_risk
0.06424262
0.05795206
0.03992191
0.06675933
0.046556216
0.03526728
0.041983623
0.049166206
0.040828895
0.07036108
0.030622056
0.08081609
0.061274037
0.04904712
0.049935445
0.04252581
0.04089357
0.05736744
0.014491326
0.06343538
0.0736601
0.058884885
0.054268565
0.066747226
0.041776992
0.06187456
0.033660084
0.032695673
0.04578089
0.049152542
0.050048064
0.05233766
test_risk
0.064329624
0.05802287
0.039997187
0.06666259
0.046489947
0.035388965
0.042041857
0.049269706
0.040765412
0.0704889
0.03057151
0.08088014
0.0612499
0.04904089
0.049926896
0.04255251
0.04091315
0.05729697
0.014476088
0.06337273
0.07376484
0.05888858
0.054244023
0.06666594
0.041805793
0.06197027
0.033689428
0.032700136
0.045765348
0.049263734
0.05000908
0.052448615
test_mean_value
-6.482424e-05
0.00015341738
-2.2103415e-05
-5.0786515e-05
2.8033453e-05
1.8720793e-05
-0.00012252342
2.7052254e-05
-6.15872e-05
-3.447361e-05
3.2389045e-05
4.054714e-06
6.134883e-05
-1.9585133e-05
5.437627e-05
-4.2022137e-05
-2.084013e-06
-0.00014415037
-2.5900123e-05
-1.8709456e-05
-2.4921657e-05
0.00012071789
2.511522e-06
3.8730846e-05
-2.7840937e-05
1.979035e-05
-3.4924527e-05
6.1418374e-05
0.00013534173
6.768334e-05
-9.4470844e-05
-2.1458365e-05
test_mean_abs_value
0.03921535
0.03416334
0.024366725
0.041666325
0.026681473
0.020871678
0.02486265
0.028249718
0.022732925
0.04378069
0.01730372
0.051374473
0.037476365
0.02870983
0.029263323
0.02529931
0.024159156
0.034188237
0.007753394
0.039282985
0.045781367
0.036028925
0.032572534
0.04071294
0.024182677
0.038059305
0.019113269
0.018079702
0.026211023
0.028723536
0.02901374
0.032228943
test_variance_value
0.0024591242
0.0018731887
0.0009507979
0.0027804428
0.001138971
0.0006982416
0.0009902919
0.0012758616
0.00082256895
0.0030744963
0.0004784424
0.004229011
0.0022501221
0.00131984
0.0013718111
0.0010252966
0.0009355617
0.0018688197
9.685973e-05
0.0024723818
0.0033644643
0.0020834473
0.0016985434
0.0026555187
0.00094109995
0.0023207066
0.00058301084
0.0005260939
0.0011016506
0.0013219257
0.0013486813
0.0016686338
test_mean_costs
0.006989069
0.0073545566
0.004287367
0.0064109834
0.006404745
0.003827101
0.004899431
0.006834196
0.0061291307
0.0070108883
0.004267416
0.0075210887
0.0067840805
0.0062292772
0.006315276
0.004978525
0.0050274213
0.006918731
0.0017966846
0.006355175
0.0077109835
0.006662847
0.006311439
0.007722054
0.0047670905
0.0069287894
0.0048020417
0.0046396395
0.0063726767
0.006448852
0.006412781
0.0051699057
test_mean_abs_costs
0.006989069
0.0073545566
0.004287367
0.0064109834
0.006404745
0.003827101
0.004899431
0.006834196
0.0061291307
0.0070108883
0.004267416
0.0075210887
0.0067840805
0.0062292772
0.006315276
0.004978525
0.0050274213
0.006918731
0.0017966846
0.006355175
0.0077109835
0.006662847
0.006311439
0.007722054
0.0047670905
0.0069287894
0.0048020417
0.0046396395
0.0063726767
0.006448852
0.006412781
0.0051699057
test_variance_costs
4.0624614e-06
3.6289166e-06
1.6201712e-06
3.4272857e-06
3.3504655e-06
1.0613055e-06
1.820051e-06
3.844535e-06
2.9278242e-06
3.9740635e-06
1.4581509e-06
5.2053147e-06
4.1389103e-06
2.6609077e-06
3.023972e-06
1.9368827e-06
2.061817e-06
4.089138e-06
2.2034112e-07
3.340814e-06
5.2160453e-06
3.3694475e-06
3.003913e-06
4.201522e-06
1.5645164e-06
3.564362e-06
1.8368081e-06
1.3027742e-06
2.9668533e-06
3.434402e-06
2.7688359e-06
2.3753823e-06
test_mean_wealth
-0.04275739
-0.038485684
-0.02648942
-0.04423044
-0.030878767
-0.022973506
-0.027616031
-0.03273771
-0.027010603
-0.046869498
-0.020159526
-0.054013643
-0.040901434
-0.03248169
-0.03308442
-0.028038325
-0.027130282
-0.03822207
-0.0089725405
-0.042167597
-0.049294155
-0.039264407
-0.035987876
-0.044475883
-0.027148677
-0.041343093
-0.022361323
-0.02103103
-0.030340172
-0.03274223
-0.03305252
-0.03443181
test_mean_abs_wealth
0.04275739
0.038485684
0.02648942
0.04423044
0.030878767
0.022973506
0.027616031
0.03273771
0.027010603
0.046869498
0.020159526
0.054013643
0.040901434
0.03248169
0.03308442
0.028038325
0.027130282
0.03822207
0.0089725405
0.042167597
0.049294155
0.039264407
0.035987876
0.044475883
0.027148677
0.041343093
0.022361323
0.02103103
0.030340172
0.03274223
0.03305252
0.03443181
test_variance_wealth
0.00010033119
8.238891e-05
3.915095e-05
0.000109037384
5.2236424e-05
3.3174943e-05
4.4893164e-05
5.8070716e-05
4.0578583e-05
0.00011896699
2.3357015e-05
0.00015534658
8.960366e-05
5.9634895e-05
6.139349e-05
4.521449e-05
4.0847353e-05
7.855998e-05
6.2624954e-06
9.791428e-05
0.00012907316
8.330306e-05
7.206047e-05
0.000106503474
4.5794728e-05
9.190831e-05
2.7445332e-05
2.8845845e-05
5.1488194e-05
5.8435704e-05
6.205831e-05
6.9580026e-05
test_wealth_with_price_abs_mean
0.0098086065
0.0094607
0.0060820337
0.009797086
0.007864512
0.005547363
0.0066914354
0.008340585
0.0072304225
0.010354984
0.0052508935
0.011666362
0.009380508
0.00804371
0.008157762
0.0067232214
0.0065787253
0.0090979505
0.0024530406
0.00942678
0.011033198
0.009104507
0.0085347565
0.0104220295
0.006629114
0.009535602
0.0058119544
0.0057373936
0.007836958
0.008126786
0.008241179
0.007828684
test_wealth_with_price_variance
0.00010033119
8.238891e-05
3.915095e-05
0.000109037384
5.2236424e-05
3.3174943e-05
4.4893164e-05
5.8070716e-05
4.0578583e-05
0.00011896699
2.3357015e-05
0.00015534658
8.960366e-05
5.9634895e-05
6.139349e-05
4.521449e-05
4.0847353e-05
7.855998e-05
6.2624954e-06
9.791428e-05
0.00012907316
8.330306e-05
7.206047e-05
0.000106503474
4.5794728e-05
9.190831e-05
2.7445332e-05
2.8845845e-05
5.1488194e-05
5.8435704e-05
6.205831e-05
6.9580026e-05
price
0.03579297
0.031138219
0.02219939
0.037816104
0.02446671
0.019146489
0.022687418
0.025901828
0.020882795
0.039883427
0.01589057
0.046436325
0.0341274
0.026245205
0.026748544
0.023065006
0.02209291
0.031297695
0.007165761
0.03582532
0.0415772
0.032619108
0.029659817
0.036730163
0.022362376
0.034387633
0.017536476
0.016378382
0.023940826
0.026277497
0.026629549
0.029259656
train_time
22.848567900000003
12.713093399999991
20.74307269999997
20.1808092
21.153988700000014
28.419453500000145
19.36020880000001
22.75663469999995
25.025897900000018
16.37305349999997
27.64478659999986
15.30525549999993
22.270199000000048
29.073167300000023
25.982876300000044
21.19855729999972
16.749217900000076
21.389941800000088
20.246938400000545
21.502792899999804
17.673557600000095
13.877555399999437
16.565148399999998
24.128262399999585
15.402926099999604
16.419471900000644
28.101525000000038
16.828487300000234
16.896039600000222
24.909439300000486
14.336447099998622
19.53452499999912


================================================================================
=== deep network
train_risk
0.063472226
0.056894995
0.03958432
0.06596507
0.046095353
0.034157045
0.042433616
0.048926726
0.040526345
0.0686083
0.030359333
0.080323145
0.060501657
0.04939799
0.049534585
0.042365927
0.041014683
0.056753766
0.014938818
0.0626813
0.07279964
0.057688106
0.053759284
0.06526703
0.041173074
0.060280573
0.03398126
0.03220817
0.045255724
0.048428286
0.04880762
0.05181538
test_risk
0.06363867
0.056953743
0.03967339
0.06596322
0.046082277
0.03419856
0.04252013
0.048992783
0.040540155
0.06874808
0.030347548
0.08040684
0.06051776
0.04940902
0.049602002
0.04242801
0.04105372
0.056802552
0.014941227
0.06261272
0.07301523
0.057757977
0.053793322
0.06527259
0.041242406
0.060415566
0.034010038
0.032261293
0.045308907
0.048595864
0.048767146
0.0519642
test_mean_value
-6.9804155e-05
0.00015438063
-2.6781874e-05
-4.8682203e-05
2.8778704e-05
2.072321e-05
-0.00012074218
3.26401e-05
-6.70962e-05
-2.9188732e-05
3.225176e-05
-4.424006e-06
5.6854296e-05
-2.021461e-05
5.372575e-05
-4.3752978e-05
1.259017e-06
-0.0001441605
-2.4317795e-05
-1.8884302e-05
-2.6825423e-05
0.000124244
2.6664197e-06
3.9241666e-05
-2.5794698e-05
2.1843647e-05
-3.6438647e-05
5.9883252e-05
0.00013662191
6.307566e-05
-8.4602856e-05
-1.58923e-05
test_mean_abs_value
0.038908422
0.033858094
0.02410809
0.04125906
0.02645204
0.02088082
0.025072185
0.027953072
0.022481678
0.043354303
0.017153576
0.050313722
0.037089538
0.028528802
0.02902888
0.025053943
0.024089394
0.033795897
0.0077194455
0.038917653
0.045623966
0.03552512
0.032385986
0.040043168
0.024323735
0.037457697
0.018893873
0.01771633
0.025947498
0.028531065
0.028845038
0.03192472
test_variance_value
0.0024527707
0.0018688126
0.00094386947
0.0027646986
0.0011339835
0.0007059434
0.0010178217
0.0012695622
0.0008169369
0.0030555993
0.00047669612
0.004123726
0.0022387656
0.001315247
0.0013670186
0.0010195033
0.00094048964
0.001852202
9.663441e-05
0.0024603503
0.0033888354
0.0020505548
0.0017015327
0.0026111216
0.0009610173
0.0022806725
0.00057902077
0.0005103443
0.0010937746
0.0013206352
0.0013500862
0.0016594192
test_mean_costs
0.0073796837
0.007561472
0.0045669405
0.0067015584
0.0067608953
0.0041212146
0.0058794054
0.00739506
0.0063612005
0.0066750105
0.0045923037
0.008000758
0.0071207136
0.007047489
0.006751377
0.0052629984
0.0056213397
0.007250593
0.0020483483
0.0067241606
0.00820511
0.006745524
0.0066107837
0.007689953
0.0047283666
0.0064795073
0.0053415336
0.004758706
0.006645109
0.006619716
0.0064004795
0.0054289023
test_mean_abs_costs
0.0073796837
0.007561472
0.0045669405
0.0067015584
0.0067608953
0.0041212146
0.0058794054
0.00739506
0.0063612005
0.0066750105
0.0045923037
0.008000758
0.0071207136
0.007047489
0.006751377
0.0052629984
0.0056213397
0.007250593
0.0020483483
0.0067241606
0.00820511
0.006745524
0.0066107837
0.007689953
0.0047283666
0.0064795073
0.0053415336
0.004758706
0.006645109
0.006619716
0.0064004795
0.0054289023
test_variance_costs
3.133381e-06
3.0995584e-06
1.2695259e-06
2.592325e-06
2.4281792e-06
9.776985e-07
1.812125e-06
2.8552954e-06
2.0244208e-06
2.697014e-06
1.1515095e-06
3.4483833e-06
2.9652122e-06
2.683859e-06
2.500875e-06
1.558813e-06
1.818386e-06
2.9341065e-06
2.7177836e-07
2.6258165e-06
4.0286236e-06
2.7283832e-06
2.4436238e-06
3.3531544e-06
1.2724303e-06
2.4698484e-06
1.5615472e-06
1.3163901e-06
2.247522e-06
2.4510887e-06
2.2162585e-06
1.7609285e-06
test_mean_wealth
-0.043152984
-0.038691636
-0.026773673
-0.04451891
-0.031234171
-0.023265617
-0.028594226
-0.033292986
-0.027248181
-0.046528336
-0.020484552
-0.05450179
-0.041242562
-0.03330053
-0.033521168
-0.02832453
-0.027720856
-0.038553942
-0.009222622
-0.042536758
-0.049790185
-0.03934356
-0.036287066
-0.044443272
-0.027107907
-0.040891755
-0.02290233
-0.021151632
-0.030611323
-0.0329177
-0.03303035
-0.034685243
test_mean_abs_wealth
0.043152984
0.038691636
0.026773673
0.04451891
0.031234171
0.023265617
0.028594226
0.033292986
0.027248181
0.046528336
0.020484552
0.05450179
0.041242562
0.03330053
0.033521168
0.02832453
0.027720856
0.038553942
0.009222622
0.042536758
0.049790185
0.03934356
0.036287066
0.044443272
0.027107907
0.040891755
0.02290233
0.021151632
0.030611323
0.0329177
0.03303035
0.034685243
test_variance_wealth
0.00011226085
9.034443e-05
4.290283e-05
0.00012268945
5.88117e-05
3.1838597e-05
4.890782e-05
6.587309e-05
4.6395693e-05
0.00013356052
2.5847678e-05
0.00017806797
0.00010051261
6.621514e-05
6.824622e-05
5.0263938e-05
4.418116e-05
8.929101e-05
6.987142e-06
0.00010924382
0.0001449875
9.220404e-05
8.08153e-05
0.000118056785
4.848398e-05
0.00010241358
3.1573e-05
2.9362267e-05
5.859417e-05
6.5673055e-05
6.62007e-05
7.6088814e-05
test_wealth_with_price_abs_mean
0.010699917
0.010121715
0.00659382
0.010692451
0.008534474
0.0057976865
0.0075842645
0.0091876425
0.0077795247
0.01102095
0.0057290467
0.012871778
0.010220504
0.008939801
0.008890964
0.0072759385
0.007210441
0.009912958
0.0026846188
0.010296274
0.012090861
0.009738565
0.009253762
0.011084007
0.0068782633
0.009963171
0.0064766416
0.005935433
0.008483049
0.008727689
0.008613424
0.0084325755
test_wealth_with_price_variance
0.00011226085
9.034443e-05
4.290283e-05
0.00012268945
5.88117e-05
3.1838597e-05
4.890782e-05
6.587309e-05
4.6395693e-05
0.00013356052
2.5847678e-05
0.00017806797
0.00010051261
6.621514e-05
6.824622e-05
5.0263938e-05
4.418116e-05
8.929101e-05
6.9871417e-06
0.00010924382
0.0001449875
9.220404e-05
8.08153e-05
0.000118056785
4.848398e-05
0.00010241358
3.1573e-05
2.9362267e-05
5.859417e-05
6.5673055e-05
6.62007e-05
7.6088814e-05
price
0.03579297
0.031138219
0.02219939
0.037816104
0.02446671
0.019146489
0.022687418
0.025901828
0.020882795
0.039883427
0.01589057
0.046436325
0.0341274
0.026245205
0.026748544
0.023065006
0.02209291
0.031297695
0.007165761
0.03582532
0.0415772
0.032619108
0.029659817
0.036730163
0.022362376
0.034387633
0.017536476
0.016378382
0.023940826
0.026277497
0.026629549
0.029259656
train_time
93.81009269999998
80.38554290000002
147.6559534
107.1034108
111.62339309999993
112.13801039999998
72.08188849999988
88.5697212
138.27290230000017
130.7280427999999
186.91852749999998
85.81626259999985
120.00157890000037
80.01595810000026
149.86442920000036
152.34821669999974
95.70262209999964
125.01760459999969
220.18553879999945
129.12649059999967
119.74225260000003
207.75174320000042
146.76834190000045
123.79953699999987
161.58493640000052
223.0410111000001
153.67598439999983
178.5700225999999
300.98016069999994
199.42168179999953
150.03131770000073
216.07658430000083


================================================================================
=== twin network linear feature map
train_risk
0.064420626
0.058245126
0.04007711
0.06705232
0.046503406
0.03502726
0.042384382
0.049064003
0.041432247
0.07017575
0.030962655
0.08110563
0.061224725
0.049799357
0.050135422
0.04256249
0.041014567
0.057563476
0.0145335365
0.06357884
0.07485208
0.05911916
0.05433189
0.06609066
0.041385423
0.06196972
0.034095455
0.032149993
0.046303548
0.04921567
0.050176047
0.052766297
test_risk
0.06451762
0.058301155
0.040148046
0.066957906
0.04643476
0.035121616
0.042431965
0.04916852
0.04138774
0.07031544
0.030920397
0.08118744
0.061202746
0.04979995
0.050138097
0.04258283
0.041037206
0.057499405
0.014514963
0.063514024
0.074925125
0.059112802
0.05433529
0.06602045
0.04144095
0.06207506
0.034124535
0.032179922
0.046297226
0.049339768
0.050133087
0.052874357
test_mean_value
-6.442632e-05
0.0001526355
-2.3816314e-05
-5.1020907e-05
2.809886e-05
2.0214104e-05
-0.00012199256
2.6557163e-05
-6.8020505e-05
-3.5799785e-05
3.2947042e-05
4.811482e-06
6.0723916e-05
-2.3465038e-05
5.5032066e-05
-4.236023e-05
-2.238849e-06
-0.00014494387
-2.4755704e-05
-1.951387e-05
-2.242937e-05
0.00012041323
1.9990898e-06
4.3261087e-05
-2.9792322e-05
2.282501e-05
-3.5383928e-05
5.9008606e-05
0.00013761203
6.914937e-05
-9.071362e-05
-2.3061859e-05
test_mean_abs_value
0.038903035
0.033987757
0.024460996
0.041776896
0.026583707
0.020954292
0.024952792
0.028347062
0.022585137
0.043484837
0.01716422
0.051314242
0.0375781
0.029078698
0.029356964
0.025382053
0.024203047
0.034287583
0.007678929
0.03927637
0.046372082
0.035909202
0.03251023
0.039931536
0.024560396
0.037804026
0.01910889
0.017824335
0.026351335
0.028920831
0.02882491
0.032777265
test_variance_value
0.0024413555
0.0018662937
0.0009536374
0.0027819562
0.0011471058
0.00070428837
0.0010013814
0.0012792695
0.0008124726
0.0030572878
0.00047825577
0.0042016115
0.0022653933
0.001354166
0.0013882302
0.0010277951
0.0009408093
0.0018751965
9.631659e-05
0.0024704016
0.0034286892
0.0020834187
0.0016921825
0.0025929383
0.0009775172
0.0023095505
0.00058685045
0.00051267666
0.0011160995
0.0013285289
0.001334088
0.0016941947
test_mean_costs
0.007074157
0.007356849
0.004380732
0.006296026
0.006446575
0.0037846959
0.0053962236
0.006873055
0.0061589465
0.007058882
0.004454683
0.0073654195
0.006849467
0.0065117767
0.0066612046
0.0049590594
0.0051006824
0.0069270334
0.0017087094
0.006391951
0.007980759
0.0066548623
0.006183492
0.0073551424
0.0044663153
0.0067408364
0.004937537
0.00440859
0.0066705854
0.006449985
0.0063453084
0.0051973946
test_mean_abs_costs
0.007074157
0.007356849
0.004380732
0.006296026
0.006446575
0.0037846959
0.0053962236
0.006873055
0.0061589465
0.007058882
0.004454683
0.0073654195
0.006849467
0.0065117767
0.0066612046
0.0049590594
0.0051006824
0.0069270334
0.0017087094
0.006391951
0.007980759
0.0066548623
0.006183492
0.0073551424
0.0044663153
0.0067408364
0.004937537
0.00440859
0.0066705854
0.006449985
0.0063453084
0.0051973946
test_variance_costs
3.8284848e-06
4.267443e-06
1.6419262e-06
3.6789309e-06
2.6272353e-06
8.5984544e-07
1.5862279e-06
3.6395156e-06
2.129671e-06
3.93548e-06
1.3562369e-06
5.3991857e-06
3.7804589e-06
2.7584529e-06
2.6158389e-06
1.9310662e-06
2.0798298e-06
4.016989e-06
1.3207006e-07
3.4343493e-06
5.0592384e-06
3.5128867e-06
2.8163545e-06
4.400187e-06
1.6170213e-06
3.1294996e-06
1.357992e-06
1.3669334e-06
2.7682163e-06
3.245199e-06
3.1736427e-06
2.1936914e-06
test_mean_wealth
-0.04284208
-0.038488757
-0.026584499
-0.04411572
-0.030920532
-0.022929607
-0.028112294
-0.032777064
-0.027046852
-0.04691882
-0.020346235
-0.053857215
-0.040967446
-0.032768067
-0.03342969
-0.028019197
-0.027203696
-0.038231164
-0.008883421
-0.042205177
-0.049561437
-0.03925673
-0.03586044
-0.044104442
-0.026849853
-0.041152105
-0.02249728
-0.02080239
-0.03063581
-0.032741897
-0.032981288
-0.034460902
test_mean_abs_wealth
0.04284208
0.038488757
0.026584499
0.04411572
0.030920532
0.022929607
0.028112294
0.032777064
0.027046852
0.04691882
0.020346235
0.053857215
0.040967446
0.032768067
0.03342969
0.028019197
0.027203696
0.038231164
0.008883421
0.042205177
0.049561437
0.03925673
0.03586044
0.044104442
0.026849853
0.041152105
0.02249728
0.02080239
0.03063581
0.032741897
0.032981288
0.034460902
test_variance_wealth
0.00010403918
8.1968145e-05
3.9278002e-05
0.00010978681
5.5565913e-05
3.443146e-05
4.7311933e-05
5.840349e-05
4.464408e-05
0.000119544966
2.5021563e-05
0.00015630388
9.250075e-05
6.256845e-05
6.373297e-05
4.5957615e-05
4.108293e-05
7.921471e-05
7.1162676e-06
9.85415e-05
0.00013383648
8.555674e-05
7.321437e-05
0.000108259126
4.583708e-05
9.5983865e-05
3.0009563e-05
2.7865473e-05
5.2998148e-05
5.9530328e-05
6.139474e-05
7.405859e-05
test_wealth_with_price_abs_mean
0.01001696
0.009394188
0.0061373753
0.00971074
0.008119701
0.00567698
0.0071678883
0.008406081
0.007440977
0.010448675
0.0054953964
0.011550393
0.009577179
0.008302372
0.008533518
0.006764383
0.0066425945
0.009113517
0.0025525321
0.009464196
0.011210121
0.009176835
0.008496795
0.010346639
0.006494752
0.009590273
0.0060615535
0.0055713267
0.008087981
0.008187059
0.00811483
0.008048143
test_wealth_with_price_variance
0.00010403918
8.1968145e-05
3.9278002e-05
0.00010978681
5.5565913e-05
3.443146e-05
4.7311933e-05
5.840349e-05
4.464408e-05
0.000119544966
2.5021563e-05
0.00015630388
9.250075e-05
6.256845e-05
6.373297e-05
4.5957615e-05
4.108293e-05
7.921471e-05
7.1162676e-06
9.85415e-05
0.00013383648
8.555674e-05
7.321437e-05
0.000108259126
4.583708e-05
9.5983865e-05
3.0009563e-05
2.7865473e-05
5.2998148e-05
5.9530328e-05
6.139474e-05
7.405859e-05
price
0.03579297
0.031138219
0.02219939
0.037816104
0.02446671
0.019146489
0.022687418
0.025901828
0.020882795
0.039883427
0.01589057
0.046436325
0.0341274
0.026245205
0.026748544
0.023065006
0.02209291
0.031297695
0.007165761
0.03582532
0.0415772
0.032619108
0.029659817
0.036730163
0.022362376
0.034387633
0.017536476
0.016378382
0.023940826
0.026277497
0.026629549
0.029259656
train_time
18.55879379999999
12.784572800000035
18.84103700000003
20.05774489999999
19.022184700000025
25.93638850000002
15.929037600000129
22.785308900000018
14.440279600000167
16.438035200000286
16.46646439999995
34.374907299999904
21.137774000000263
15.504772400000093
13.314324300000408
21.35652630000004
16.73796289999973
23.064892899999904
20.38834709999992
21.76654140000028
18.32724640000015
16.49072149999938
76.54545940000025
21.79955719999998
18.527352600000086
18.566275699999096
14.476150500000585
27.113928800000394
17.337656900000184
19.911264600000322
15.339613599999211
19.556058300000586


================================================================================
=== twin network matrix feature map
train_risk
0.06428041
0.058411043
0.04015281
0.0670523
0.046960898
0.03386995
0.042451594
0.049082555
0.041437484
0.06960467
0.030460065
0.081142336
0.06124808
0.049297642
0.049722802
0.042571384
0.04098248
0.05758786
0.014537817
0.06356277
0.07412374
0.05865913
0.05440267
0.06615373
0.04141881
0.062115807
0.03447583
0.032185245
0.045873813
0.049274683
0.050619233
0.05270353
test_risk
0.06437555
0.05849243
0.04023102
0.066954575
0.046899296
0.033923436
0.042516794
0.04918208
0.041386146
0.06971472
0.030409455
0.08122133
0.061228115
0.04928474
0.049761392
0.04259213
0.041014425
0.057529584
0.014513356
0.06348791
0.07424903
0.05867103
0.054410286
0.06608386
0.041480843
0.062249944
0.034484774
0.032213762
0.045852106
0.049401652
0.05060675
0.05281747
test_mean_value
-6.430213e-05
0.0001507386
-2.3133065e-05
-5.1425446e-05
2.6600932e-05
1.8538309e-05
-0.0001241703
2.7119855e-05
-6.448047e-05
-3.44466e-05
3.2820295e-05
5.328807e-06
6.1245504e-05
-1.9742472e-05
5.4737404e-05
-4.1844272e-05
-2.009424e-06
-0.00014504512
-2.4278916e-05
-1.8331963e-05
-2.420364e-05
0.00012110109
1.5513424e-06
4.261073e-05
-2.9779898e-05
2.3742969e-05
-3.4754637e-05
5.9685022e-05
0.00013768511
6.8887755e-05
-8.736284e-05
-2.4465697e-05
test_mean_abs_value
0.03893132
0.03405028
0.024437103
0.041769054
0.02675153
0.021140894
0.025337677
0.028292904
0.023134042
0.043644834
0.017185574
0.051381722
0.037561383
0.028698716
0.029211394
0.025407666
0.02417699
0.034284078
0.0077380836
0.03927211
0.045917444
0.03569832
0.032752927
0.03988388
0.024536444
0.03785946
0.019242428
0.017903969
0.026234385
0.028977044
0.029031456
0.032751087
test_variance_value
0.0024446032
0.001872505
0.0009518918
0.0027811748
0.0011630881
0.0007163429
0.0010333284
0.0012751092
0.0008480803
0.003077443
0.00047941846
0.004215984
0.0022644887
0.0013213133
0.0013737644
0.0010299388
0.00093935715
0.0018743136
9.732329e-05
0.0024721269
0.0033625534
0.0020579845
0.0017161112
0.0025875673
0.00097476057
0.0023148267
0.000595275
0.00051645515
0.0011039147
0.0013332235
0.0013532685
0.0016936914
test_mean_costs
0.0070098736
0.0074151447
0.00441488
0.0062097143
0.0066645485
0.00358022
0.005487095
0.0068658045
0.006373108
0.0066183964
0.0043291943
0.0074571865
0.0068946555
0.006311098
0.0064594112
0.0049819406
0.005113402
0.006977459
0.0018752597
0.006383721
0.0076397494
0.006464137
0.006225179
0.007389218
0.0044650757
0.0071214503
0.0052432474
0.0045306194
0.006474599
0.006554637
0.006693926
0.005215576
test_mean_abs_costs
0.0070098736
0.0074151447
0.00441488
0.0062097143
0.0066645485
0.00358022
0.005487095
0.0068658045
0.006373108
0.0066183964
0.0043291943
0.0074571865
0.0068946555
0.006311098
0.0064594112
0.0049819406
0.005113402
0.006977459
0.0018752597
0.006383721
0.0076397494
0.006464137
0.006225179
0.007389218
0.0044650757
0.0071214503
0.0052432474
0.0045306194
0.006474599
0.006554637
0.006693926
0.005215576
test_variance_costs
3.8022297e-06
3.898435e-06
1.595049e-06
3.6067183e-06
2.4919332e-06
8.979297e-07
1.6846436e-06
3.582867e-06
2.4570224e-06
3.906271e-06
1.4376975e-06
5.229172e-06
3.765099e-06
2.8243687e-06
2.7243775e-06
1.9295285e-06
2.058578e-06
4.01771e-06
1.7298527e-07
3.385215e-06
5.349802e-06
3.5642665e-06
2.9211087e-06
4.35346e-06
1.6174686e-06
3.615166e-06
1.386088e-06
1.5016348e-06
3.12509e-06
3.3025879e-06
3.3332694e-06
2.169546e-06
test_mean_wealth
-0.042777672
-0.03854895
-0.026617963
-0.04402981
-0.031140003
-0.022726806
-0.028205343
-0.03276925
-0.027257472
-0.04647698
-0.020220874
-0.053948466
-0.041012112
-0.032563668
-0.033228192
-0.028041562
-0.027216187
-0.03828169
-0.009049495
-0.042195763
-0.049222205
-0.039065316
-0.035902575
-0.04413917
-0.026848601
-0.0415318
-0.02280236
-0.020923743
-0.030439751
-0.032846812
-0.033326555
-0.03448049
test_mean_abs_wealth
0.042777672
0.03854895
0.026617963
0.04402981
0.031140003
0.022726806
0.028205343
0.03276925
0.027257472
0.04647698
0.020220874
0.053948466
0.041012112
0.032563668
0.033228192
0.028041562
0.027216187
0.03828169
0.009049495
0.042195763
0.049222205
0.039065316
0.035902575
0.04413917
0.026848601
0.0415318
0.02280236
0.020923743
0.030439751
0.032846812
0.033326555
0.03448049
test_variance_wealth
0.000103697384
8.338351e-05
3.9552284e-05
0.00011042677
5.687881e-05
2.9372046e-05
4.651082e-05
5.8624188e-05
4.3381053e-05
0.00011938646
2.3264522e-05
0.0001565988
9.24266e-05
6.0195463e-05
6.2603634e-05
4.5817687e-05
4.116229e-05
7.929752e-05
6.7389356e-06
9.842695e-05
0.00013115228
8.3229585e-05
7.307447e-05
0.000108549255
4.5984827e-05
9.3648945e-05
3.0239666e-05
2.7307999e-05
5.156927e-05
5.9240723e-05
6.213955e-05
7.350282e-05
test_wealth_with_price_abs_mean
0.009980288
0.009478149
0.006168974
0.009688212
0.008297767
0.005292499
0.007165404
0.0084096035
0.0075180437
0.010250249
0.0053241346
0.0116140405
0.009600931
0.008100697
0.008375463
0.0067661437
0.0066603874
0.0091490075
0.002590447
0.009456715
0.010982618
0.008998055
0.008504031
0.010373928
0.006497405
0.009712873
0.0062681446
0.005613131
0.007914559
0.008242288
0.008348214
0.008038126
test_wealth_with_price_variance
0.000103697384
8.338351e-05
3.9552284e-05
0.00011042677
5.687881e-05
2.9372046e-05
4.651082e-05
5.8624188e-05
4.3381053e-05
0.00011938646
2.3264522e-05
0.0001565988
9.24266e-05
6.0195463e-05
6.2603634e-05
4.5817687e-05
4.116229e-05
7.929752e-05
6.7389356e-06
9.842695e-05
0.00013115228
8.3229585e-05
7.307447e-05
0.000108549255
4.5984827e-05
9.3648945e-05
3.0239666e-05
2.7307999e-05
5.156927e-05
5.9240723e-05
6.213955e-05
7.350282e-05
price
0.03579297
0.031138219
0.02219939
0.037816104
0.02446671
0.019146489
0.022687418
0.025901828
0.020882795
0.039883427
0.01589057
0.046436325
0.0341274
0.026245205
0.026748544
0.023065006
0.02209291
0.031297695
0.007165761
0.03582532
0.0415772
0.032619108
0.029659817
0.036730163
0.022362376
0.034387633
0.017536476
0.016378382
0.023940826
0.026277497
0.026629549
0.029259656
train_time
23.990136300000017
12.210676799999987
18.089812499999994
20.15181629999995
14.643230300000141
27.679496900000004
16.083618099999967
21.721516700000166
12.990946800000074
29.054559900000186
33.987504100000024
15.508244800000284
21.53687469999977
24.147418000000016
25.45484280000028
21.78053060000002
17.08992490000037
22.066088599999603
22.31497279999985
22.5041827999994
23.88015809999979
31.683522499999526
24.959460500000205
24.16548839999996
20.062417000000096
17.292212100000143
16.11610810000002
21.118545999999697
18.962895100000424
24.719267100000252
16.2407744000011
33.77846249999857


