================================================================================
=== continuous-time
train_risk
2.2799342
2.255325
2.2494998
2.2630827
2.361544
2.2057254
2.4057674
2.2861435
2.3532698
2.3444364
2.3850873
2.3057587
2.4352627
2.2549474
2.225845
2.4430306
2.3347082
2.3496172
2.2599576
2.4338048
2.4078228
2.2364082
2.333681
2.1107712
2.283478
2.343205
2.2444136
2.3390965
2.2954803
2.2081833
2.4894235
2.3055332
2.3260584
2.3585553
2.3395422
2.3747964
2.3448095
2.302209
2.2976515
2.461237
2.3061528
2.415795
2.4099183
2.2509766
2.2250128
2.346935
2.3698802
2.2712634
2.3181033
2.3592026
2.3017576
2.2043073
2.1795387
2.3933115
2.3040996
2.3354056
2.3182266
2.2368727
2.2988236
2.337634
2.4311693
2.2204378
2.3055847
2.355547
2.241777
2.3226907
2.3155606
2.3256283
2.3538888
2.286899
2.361886
2.3821797
2.33418
2.462072
2.3730414
2.3042119
2.333451
2.406165
2.2955983
2.3363273
2.3674
2.2450647
2.4404233
2.4928558
2.2602127
2.2992423
2.2420487
2.260443
2.2646499
2.3863554
2.3547175
2.2597728
2.3016362
2.2538686
2.3410406
2.3176289
2.3475513
2.2675915
2.2995152
2.2966936
2.2335968
2.344686
2.3685784
2.4037156
2.2894943
2.2488227
2.3859234
2.3580456
2.3450713
2.2663565
2.4096708
2.2914646
2.219512
2.2584677
2.2425845
2.4038978
2.4108195
2.2912855
2.4664366
2.3747256
2.361453
2.3007708
2.416484
2.3122401
2.279026
2.4838529
2.22684
2.3128314
2.2377002
2.3675742
2.2378342
2.2753735
2.2289016
2.3423593
2.2160788
2.251079
2.368641
2.3414783
2.2558262
2.3810258
2.3196888
2.282597
2.2714362
2.3186598
2.290835
2.3000934
2.359742
2.2276628
2.2740538
2.152779
2.3798108
2.3048303
2.2544355
2.2860706
2.245325
2.207715
2.308769
2.3353403
2.2752295
2.2944632
2.3008432
2.3647354
2.2321246
2.374046
2.2837958
2.1301334
2.3864396
2.4044468
2.2381837
2.304163
2.3850193
2.3052037
2.4218333
2.1763194
2.270494
2.2524154
2.2923713
2.4481163
2.3113713
2.3606088
2.3171756
2.2277458
2.322916
2.3824646
2.4426978
2.3061736
2.2771065
2.413532
2.321425
2.2429762
2.3902977
2.3415046
2.3738139
2.4252305
2.5005512
2.4418998
2.2233112
2.3611634
2.3372226
2.3378637
2.2742722
2.3472056
2.3308098
2.2302125
2.2473874
2.1305656
2.3034294
2.234592
2.344922
2.392893
2.2781286
2.3786747
2.2877975
2.3046768
2.361673
2.3522186
2.2738876
2.407178
2.2974799
2.251003
2.3012688
2.275015
2.3944383
2.2365134
2.221085
2.363411
2.4127805
2.2904015
2.2402074
2.315913
2.4197478
2.4448235
2.2272043
2.303389
2.2927682
2.3563004
2.3551655
2.24505
2.4253993
2.4557264
2.3258374
2.1738622
2.2777605
2.3545732
2.354784
2.4092228
2.3561127
2.3577492
2.2760794
2.3318162
2.2989266
2.3251553
2.3270187
2.3300805
2.2779045
2.1618698
test_risk
2.2297053
2.3046806
2.2603683
2.2803228
2.3633292
2.226471
2.4471111
2.3143463
2.3639047
2.3295922
2.4092555
2.3242486
2.4408212
2.2338662
2.2776952
2.3878582
2.3384063
2.339297
2.3262231
2.3637638
2.3910937
2.2193003
2.311684
2.1481926
2.28437
2.323389
2.295279
2.3642747
2.2801661
2.2406118
2.4791014
2.2802052
2.328421
2.3673482
2.3588407
2.3632762
2.3820066
2.2915814
2.3102605
2.4251335
2.296922
2.3988948
2.3854702
2.2459452
2.2619312
2.286505
2.3437996
2.2564206
2.3321953
2.3503625
2.3068728
2.2794626
2.199534
2.3445687
2.3215435
2.331796
2.2844162
2.2621028
2.3522725
2.3113952
2.4222708
2.256295
2.3139303
2.3729904
2.2355583
2.369245
2.3001144
2.2965465
2.3455794
2.3234782
2.3795712
2.3687317
2.310346
2.4376185
2.4051657
2.2951472
2.333796
2.3902426
2.3058481
2.3005626
2.3534544
2.2855856
2.398972
2.4907029
2.2635844
2.347251
2.2382035
2.2872505
2.2893112
2.3751345
2.331444
2.2801237
2.3204489
2.300552
2.3654785
2.330712
2.3674493
2.2517447
2.2504876
2.323554
2.2450125
2.3745885
2.3824627
2.3908932
2.3513765
2.2409773
2.3777564
2.3654692
2.329575
2.293468
2.394425
2.3308754
2.2023628
2.2792819
2.2651505
2.3638053
2.4620962
2.305924
2.4301383
2.3800032
2.3600366
2.3141544
2.43935
2.3161645
2.2827902
2.4319391
2.2730906
2.3410103
2.2428918
2.3465989
2.2107494
2.304063
2.2262347
2.3317544
2.238379
2.3122823
2.370881
2.3392541
2.2731156
2.3671026
2.3066628
2.3435256
2.2702546
2.3699286
2.3325922
2.301248
2.4241524
2.3044095
2.3458598
2.2079272
2.3812928
2.2979708
2.2489722
2.3137755
2.2650697
2.219896
2.3155293
2.3637176
2.243594
2.2874336
2.3312576
2.3340662
2.249625
2.347652
2.3023338
2.161817
2.3952773
2.358879
2.2189212
2.3693597
2.3591077
2.2963986
2.3873167
2.2017405
2.2236946
2.2796333
2.2694547
2.4603584
2.2817671
2.377358
2.3195102
2.2435324
2.3171825
2.3472552
2.4244494
2.3165886
2.3027003
2.4019203
2.3555517
2.2841165
2.3822715
2.3017774
2.3294196
2.4487636
2.479935
2.4257581
2.227894
2.381558
2.373703
2.3195932
2.3026361
2.38925
2.2948992
2.2151842
2.2521644
2.226676
2.334399
2.259197
2.3727002
2.35334
2.3298204
2.4449434
2.2909544
2.2901738
2.3486712
2.3553565
2.248589
2.4195955
2.2823296
2.28208
2.270434
2.3145537
2.3772435
2.2635334
2.2184436
2.3068428
2.3426151
2.2632177
2.2791848
2.3485007
2.4214678
2.4026675
2.2833467
2.3045025
2.2991292
2.310705
2.3172112
2.2980423
2.3740144
2.4700446
2.3557062
2.1867
2.301385
2.3092034
2.3260121
2.3905406
2.3468409
2.3572898
2.2693126
2.305028
2.2973006
2.361249
2.3381464
2.3269749
2.296853
2.1821272
test_mean_value
0.0031067056
-0.0011355283
0.0005939732
0.002262012
0.0015999309
-0.0007431176
-0.0004970988
-0.00093340967
-0.0006734943
0.0009494702
-0.0002845544
-0.0010450117
0.0011094263
0.0026133645
-0.0030977319
-0.002714466
0.0006762411
0.0015052754
0.0031985748
0.0031516326
0.00021921389
0.0008175001
0.00094779086
-0.0013884975
-0.0008901768
0.00094889617
-0.001788174
0.0012285438
-0.0011255598
-0.0036683094
0.0012008745
-0.0022336603
0.0033542383
0.0017506072
-0.0034056345
-0.0012825584
0.0023254019
-0.00045490105
0.002017283
-0.0003884889
-0.00084131834
-0.00079147075
-0.0019295576
0.0007181631
-0.00043562194
0.00014154913
-0.00091028947
-0.0009904072
-0.001198383
-0.0003840744
-0.00031406662
0.00045581476
-0.0009927824
-0.00085960724
0.001153297
-0.0029077157
0.0014889685
-0.0016312776
-0.0020233674
1.6777205e-05
-0.000644312
0.0008713705
-0.0011635749
0.0017238482
-0.0007084557
0.00072349433
-0.00053557684
0.0010007874
-0.0009834501
-0.0024715231
-0.0011139476
-0.00012346677
-0.0020334327
0.00040034286
0.0030920054
-0.0018389117
-0.0002500481
-0.002752123
-0.0028782375
-0.0015346087
0.0017071959
-0.0018622292
-0.0009777201
2.12892e-05
0.00015619093
0.0010403113
-0.00045965958
0.00063056406
0.0009862481
-0.0017989032
-0.000599396
0.001920368
0.0003580081
7.825948e-05
-0.0020422887
-0.0007772372
-0.0024964998
-0.0016952881
-0.0011998068
0.00067974755
-0.00175703
-0.0010698737
-0.0037053227
0.0010588557
0.00011724733
4.110115e-05
-0.0016507077
-0.001468049
0.00020578601
0.0010098186
0.000103440645
-0.0010651827
0.0005874505
0.0022537403
0.0006362278
-0.0011798223
0.0014115056
0.00055441045
0.0019087921
-0.0027334208
0.0024757164
-0.0010192806
0.0015816287
-0.0035620853
-0.0021434473
0.00013560246
-0.0009745189
-0.00033033852
-0.0014369527
-0.001746331
0.00041471276
-0.00016885708
-0.0007006726
0.001028119
-0.00074815686
-0.000661724
0.000164806
0.0009940059
-0.00078636664
0.0021113693
-0.00021667038
0.0009720093
0.000102089725
0.00027951016
0.0012242559
0.00043528606
0.00071322545
-0.0011420688
0.00070591253
-0.0015350742
-0.0013904624
-0.0009967822
-0.00044426217
0.0013751703
0.00093121687
-0.00015443143
-0.0016195471
-0.00048579593
-0.0017321727
0.001421194
-0.001836969
-0.0011006952
-0.0012037936
-0.0006048468
0.00081381795
0.0010233521
0.0010125969
-3.047347e-05
-0.0039010437
0.0025154639
8.678838e-05
6.373e-05
0.0015371331
0.0019866019
-0.0013113004
-0.0012318023
0.0010345741
-0.003544054
-0.00072116347
4.7409267e-05
0.0017879194
-0.00029134846
-0.0011954065
-0.0010036716
-0.0029486287
-0.001377347
0.0006030845
-0.0009768957
-0.00033123506
-0.0025146063
0.0012677163
-0.00069122686
0.00095518515
0.0012138413
0.00022948452
0.0004263272
-0.0011165218
-0.0009267649
0.000616267
0.0015008461
-0.0008796298
-0.00072040147
0.0023874745
3.2869095e-05
-0.00013792158
-0.0011299102
0.00042019502
-0.0016085763
-0.000727067
0.0010116794
-6.0181355e-07
0.002298336
-0.00020215723
0.0008044398
0.0031430752
0.0012347732
0.00013927958
0.00038539857
-0.00069326506
0.0013864511
-0.00033556053
-0.00038177604
0.00058335834
3.4102253e-05
-0.0014100738
0.00012131802
-0.00023867497
-0.00016966432
-0.0003517831
-0.0012071882
0.0006384487
-0.00055475114
0.0010944651
-0.003644288
0.0017273084
0.0013333143
-0.00017064664
0.0012943016
-9.039585e-05
0.0009309519
-0.002826452
-0.0005300086
0.00015857173
7.012558e-05
0.00097646244
0.0025294255
-0.0018097551
0.0021329809
-0.0011286183
-0.00044706755
-0.0017706099
1.3683296e-05
0.0003408533
-0.0007585479
0.0004278539
-0.000110849534
test_mean_abs_value
0.55543965
0.6361165
0.56431186
0.5960814
0.5695209
0.5600823
0.63522583
0.5777243
0.6383517
0.6250093
0.6454105
0.59348863
0.6348771
0.57505083
0.58170366
0.64504087
0.59713054
0.59647924
0.6114847
0.66281617
0.6334452
0.54499143
0.6144853
0.5107742
0.5680719
0.58198065
0.60985595
0.6073265
0.5626936
0.5818391
0.74175495
0.61455476
0.5539122
0.61454976
0.6403485
0.6444734
0.63899684
0.56897277
0.56380033
0.65645283
0.5722931
0.67882276
0.623108
0.57451653
0.5877576
0.5951988
0.59589547
0.55884576
0.60037065
0.60635084
0.580757
0.57789576
0.53628033
0.56367844
0.58597213
0.58638084
0.582531
0.56961334
0.64654124
0.59382576
0.6775666
0.5466488
0.6352464
0.5782459
0.58191365
0.5978373
0.55263966
0.57025594
0.55544424
0.5941649
0.5850079
0.596319
0.56473684
0.6076105
0.60870653
0.59336615
0.6165326
0.5775033
0.5481864
0.5732088
0.6439447
0.56367767
0.6322473
0.660913
0.5398212
0.6170206
0.56360734
0.5720674
0.583657
0.59013987
0.59824705
0.5724452
0.62247765
0.608474
0.6173191
0.5628179
0.5889347
0.5398352
0.5691874
0.5914369
0.55259115
0.6517386
0.6197829
0.6153867
0.62940675
0.57931817
0.64098954
0.5813121
0.60255146
0.5843495
0.65816563
0.5872279
0.5865803
0.565012
0.57235694
0.6439614
0.62702394
0.560946
0.6389414
0.6272115
0.5992626
0.61628824
0.6037704
0.5955131
0.5708201
0.6060874
0.58531743
0.5541563
0.5495879
0.5887085
0.5761447
0.60539144
0.5452065
0.5961463
0.5540538
0.63646376
0.6453436
0.5832904
0.5445195
0.59859735
0.60977876
0.58349085
0.5721684
0.5755111
0.57294637
0.56149083
0.6805502
0.5717327
0.6258062
0.56882674
0.61343753
0.5661126
0.5390742
0.5922598
0.5697319
0.5552305
0.58553904
0.6257777
0.5616084
0.56430197
0.581205
0.57010543
0.5751131
0.60158277
0.5752254
0.5633211
0.6108662
0.6120681
0.56905997
0.6335442
0.5798086
0.581889
0.62099224
0.5843841
0.5410226
0.56646407
0.5693938
0.6665645
0.5910689
0.6524729
0.58836955
0.55051166
0.59432733
0.5875722
0.69298446
0.5961111
0.576347
0.62665
0.5794513
0.60857624
0.61460364
0.5381587
0.5877221
0.66321284
0.6132228
0.6186847
0.5271077
0.6088298
0.6784018
0.57420814
0.5652515
0.59430087
0.6122851
0.56203896
0.5810971
0.5779542
0.58357155
0.59034777
0.6505465
0.65198904
0.6125361
0.6779441
0.6316242
0.60736495
0.6385825
0.6308842
0.5886544
0.6053396
0.6093555
0.57626396
0.5710444
0.5764317
0.6030622
0.5612398
0.60375637
0.61690384
0.60996175
0.5435393
0.5735054
0.59052056
0.622029
0.6347476
0.55273587
0.58629435
0.5894049
0.6215662
0.62425536
0.60153455
0.6240658
0.6938863
0.61507183
0.5436564
0.54558367
0.64370024
0.5868155
0.60388076
0.6000432
0.5839871
0.5752184
0.58035487
0.5718664
0.6035586
0.58533436
0.6329279
0.624144
0.5853096
test_variance_value
0.47573942
0.618386
0.4947683
0.5486471
0.5029634
0.48348802
0.6194997
0.5169432
0.62912434
0.59689444
0.64178455
0.5458363
0.61081696
0.50886875
0.52692395
0.6354167
0.5505462
0.5490181
0.5730924
0.67302233
0.61299354
0.46341953
0.5747899
0.40553528
0.498056
0.5264852
0.5703865
0.5719897
0.4895124
0.5330341
0.81636024
0.5725372
0.47695526
0.58379877
0.6187477
0.63420427
0.62402046
0.5007644
0.4923858
0.65792054
0.5098589
0.69905674
0.59788567
0.5130745
0.53845066
0.5461223
0.5466231
0.49147186
0.55949086
0.56815124
0.5178163
0.51829386
0.4446258
0.4920754
0.5277867
0.531883
0.5223998
0.49873707
0.6323191
0.54521596
0.69859064
0.46240747
0.610917
0.5190991
0.5225448
0.55349433
0.47439268
0.5032542
0.47940972
0.5424518
0.5283791
0.5475048
0.49171415
0.56166553
0.5641876
0.5372901
0.5833582
0.513792
0.46810716
0.5119121
0.63033146
0.49105176
0.61294365
0.664567
0.4510621
0.5876834
0.48966947
0.5044091
0.52734745
0.53590167
0.5469452
0.5077332
0.59776986
0.5686767
0.5835738
0.49274144
0.5355802
0.4545221
0.5077237
0.54187036
0.47329453
0.64565843
0.58826333
0.5798634
0.6181015
0.5189596
0.62133974
0.5199119
0.5698599
0.5284692
0.6493832
0.53492475
0.53760356
0.4925581
0.506647
0.6291805
0.6022364
0.48597386
0.6215516
0.60733795
0.54913276
0.58698803
0.5575434
0.5453337
0.5034189
0.56711036
0.5252838
0.4740256
0.46826372
0.5341851
0.5129778
0.5633171
0.46447828
0.55110455
0.47767204
0.6195126
0.63173187
0.52794033
0.45967576
0.5545986
0.5695297
0.52400064
0.5047937
0.5134404
0.5086822
0.48819435
0.70940644
0.51117176
0.6079095
0.50198054
0.57520413
0.49806964
0.45163372
0.53895026
0.5035445
0.47965717
0.5292546
0.60383105
0.48920098
0.4979881
0.5187756
0.5026632
0.5147889
0.55568314
0.510495
0.49896348
0.5754668
0.5802986
0.50110334
0.61504495
0.5224714
0.52167004
0.5915074
0.5259653
0.45689684
0.49653155
0.5033974
0.6716291
0.5417574
0.64674115
0.5330533
0.47457415
0.54581356
0.5286237
0.7171311
0.5427747
0.5113236
0.6037359
0.52269167
0.5667364
0.57757574
0.45191208
0.52816975
0.6704581
0.57905096
0.588129
0.4293828
0.5718624
0.68973887
0.50909114
0.49372914
0.5443666
0.578534
0.4839338
0.53271294
0.5135193
0.5256736
0.5352932
0.6462321
0.64800775
0.57428604
0.7047981
0.60396886
0.5691569
0.62399125
0.6076951
0.53479135
0.5606133
0.57322437
0.514854
0.5028068
0.51265216
0.5537728
0.48572296
0.56729746
0.58590436
0.56575763
0.4599122
0.5126844
0.53323704
0.59128356
0.6125524
0.47405323
0.5287094
0.5350275
0.5907829
0.59590095
0.5613109
0.5997335
0.73486793
0.5767825
0.45559832
0.46165314
0.6383301
0.5289468
0.5615809
0.55334204
0.52727425
0.51387244
0.5194889
0.50521564
0.5594698
0.5287337
0.6204231
0.5909386
0.52695274
test_mean_costs
0.0
0.0
0.0
0.0
0.0
0.0
0.0
0.0
0.0
0.0
0.0
0.0
0.0
0.0
0.0
0.0
0.0
0.0
0.0
0.0
0.0
0.0
0.0
0.0
0.0
0.0
0.0
0.0
0.0
0.0
0.0
0.0
0.0
0.0
0.0
0.0
0.0
0.0
0.0
0.0
0.0
0.0
0.0
0.0
0.0
0.0
0.0
0.0
0.0
0.0
0.0
0.0
0.0
0.0
0.0
0.0
0.0
0.0
0.0
0.0
0.0
0.0
0.0
0.0
0.0
0.0
0.0
0.0
0.0
0.0
0.0
0.0
0.0
0.0
0.0
0.0
0.0
0.0
0.0
0.0
0.0
0.0
0.0
0.0
0.0
0.0
0.0
0.0
0.0
0.0
0.0
0.0
0.0
0.0
0.0
0.0
0.0
0.0
0.0
0.0
0.0
0.0
0.0
0.0
0.0
0.0
0.0
0.0
0.0
0.0
0.0
0.0
0.0
0.0
0.0
0.0
0.0
0.0
0.0
0.0
0.0
0.0
0.0
0.0
0.0
0.0
0.0
0.0
0.0
0.0
0.0
0.0
0.0
0.0
0.0
0.0
0.0
0.0
0.0
0.0
0.0
0.0
0.0
0.0
0.0
0.0
0.0
0.0
0.0
0.0
0.0
0.0
0.0
0.0
0.0
0.0
0.0
0.0
0.0
0.0
0.0
0.0
0.0
0.0
0.0
0.0
0.0
0.0
0.0
0.0
0.0
0.0
0.0
0.0
0.0
0.0
0.0
0.0
0.0
0.0
0.0
0.0
0.0
0.0
0.0
0.0
0.0
0.0
0.0
0.0
0.0
0.0
0.0
0.0
0.0
0.0
0.0
0.0
0.0
0.0
0.0
0.0
0.0
0.0
0.0
0.0
0.0
0.0
0.0
0.0
0.0
0.0
0.0
0.0
0.0
0.0
0.0
0.0
0.0
0.0
0.0
0.0
0.0
0.0
0.0
0.0
0.0
0.0
0.0
0.0
0.0
0.0
0.0
0.0
0.0
0.0
0.0
0.0
0.0
0.0
0.0
0.0
0.0
0.0
0.0
0.0
0.0
0.0
0.0
0.0
0.0
0.0
0.0
0.0
0.0
0.0
test_mean_abs_costs
0.0
0.0
0.0
0.0
0.0
0.0
0.0
0.0
0.0
0.0
0.0
0.0
0.0
0.0
0.0
0.0
0.0
0.0
0.0
0.0
0.0
0.0
0.0
0.0
0.0
0.0
0.0
0.0
0.0
0.0
0.0
0.0
0.0
0.0
0.0
0.0
0.0
0.0
0.0
0.0
0.0
0.0
0.0
0.0
0.0
0.0
0.0
0.0
0.0
0.0
0.0
0.0
0.0
0.0
0.0
0.0
0.0
0.0
0.0
0.0
0.0
0.0
0.0
0.0
0.0
0.0
0.0
0.0
0.0
0.0
0.0
0.0
0.0
0.0
0.0
0.0
0.0
0.0
0.0
0.0
0.0
0.0
0.0
0.0
0.0
0.0
0.0
0.0
0.0
0.0
0.0
0.0
0.0
0.0
0.0
0.0
0.0
0.0
0.0
0.0
0.0
0.0
0.0
0.0
0.0
0.0
0.0
0.0
0.0
0.0
0.0
0.0
0.0
0.0
0.0
0.0
0.0
0.0
0.0
0.0
0.0
0.0
0.0
0.0
0.0
0.0
0.0
0.0
0.0
0.0
0.0
0.0
0.0
0.0
0.0
0.0
0.0
0.0
0.0
0.0
0.0
0.0
0.0
0.0
0.0
0.0
0.0
0.0
0.0
0.0
0.0
0.0
0.0
0.0
0.0
0.0
0.0
0.0
0.0
0.0
0.0
0.0
0.0
0.0
0.0
0.0
0.0
0.0
0.0
0.0
0.0
0.0
0.0
0.0
0.0
0.0
0.0
0.0
0.0
0.0
0.0
0.0
0.0
0.0
0.0
0.0
0.0
0.0
0.0
0.0
0.0
0.0
0.0
0.0
0.0
0.0
0.0
0.0
0.0
0.0
0.0
0.0
0.0
0.0
0.0
0.0
0.0
0.0
0.0
0.0
0.0
0.0
0.0
0.0
0.0
0.0
0.0
0.0
0.0
0.0
0.0
0.0
0.0
0.0
0.0
0.0
0.0
0.0
0.0
0.0
0.0
0.0
0.0
0.0
0.0
0.0
0.0
0.0
0.0
0.0
0.0
0.0
0.0
0.0
0.0
0.0
0.0
0.0
0.0
0.0
0.0
0.0
0.0
0.0
0.0
0.0
test_variance_costs
0.0
0.0
0.0
0.0
0.0
0.0
0.0
0.0
0.0
0.0
0.0
0.0
0.0
0.0
0.0
0.0
0.0
0.0
0.0
0.0
0.0
0.0
0.0
0.0
0.0
0.0
0.0
0.0
0.0
0.0
0.0
0.0
0.0
0.0
0.0
0.0
0.0
0.0
0.0
0.0
0.0
0.0
0.0
0.0
0.0
0.0
0.0
0.0
0.0
0.0
0.0
0.0
0.0
0.0
0.0
0.0
0.0
0.0
0.0
0.0
0.0
0.0
0.0
0.0
0.0
0.0
0.0
0.0
0.0
0.0
0.0
0.0
0.0
0.0
0.0
0.0
0.0
0.0
0.0
0.0
0.0
0.0
0.0
0.0
0.0
0.0
0.0
0.0
0.0
0.0
0.0
0.0
0.0
0.0
0.0
0.0
0.0
0.0
0.0
0.0
0.0
0.0
0.0
0.0
0.0
0.0
0.0
0.0
0.0
0.0
0.0
0.0
0.0
0.0
0.0
0.0
0.0
0.0
0.0
0.0
0.0
0.0
0.0
0.0
0.0
0.0
0.0
0.0
0.0
0.0
0.0
0.0
0.0
0.0
0.0
0.0
0.0
0.0
0.0
0.0
0.0
0.0
0.0
0.0
0.0
0.0
0.0
0.0
0.0
0.0
0.0
0.0
0.0
0.0
0.0
0.0
0.0
0.0
0.0
0.0
0.0
0.0
0.0
0.0
0.0
0.0
0.0
0.0
0.0
0.0
0.0
0.0
0.0
0.0
0.0
0.0
0.0
0.0
0.0
0.0
0.0
0.0
0.0
0.0
0.0
0.0
0.0
0.0
0.0
0.0
0.0
0.0
0.0
0.0
0.0
0.0
0.0
0.0
0.0
0.0
0.0
0.0
0.0
0.0
0.0
0.0
0.0
0.0
0.0
0.0
0.0
0.0
0.0
0.0
0.0
0.0
0.0
0.0
0.0
0.0
0.0
0.0
0.0
0.0
0.0
0.0
0.0
0.0
0.0
0.0
0.0
0.0
0.0
0.0
0.0
0.0
0.0
0.0
0.0
0.0
0.0
0.0
0.0
0.0
0.0
0.0
0.0
0.0
0.0
0.0
0.0
0.0
0.0
0.0
0.0
0.0
test_mean_wealth
-1.5330954
-1.5437818
-1.5633361
-1.5518503
-1.697506
-1.5251404
-1.7288477
-1.6293422
-1.6267226
-1.5867683
-1.6796205
-1.6077449
-1.7451795
-1.5220261
-1.5621189
-1.651579
-1.6400033
-1.6303917
-1.6057875
-1.5837724
-1.6589798
-1.518492
-1.5865115
-1.4537022
-1.5889382
-1.6228517
-1.5473797
-1.6374676
-1.5945044
-1.5042998
-1.6495142
-1.5437841
-1.6718271
-1.6376457
-1.5939246
-1.6025217
-1.6483366
-1.6060389
-1.6343161
-1.6868219
-1.6013778
-1.5996817
-1.6601888
-1.513473
-1.5308589
-1.5703293
-1.6392797
-1.5632666
-1.6101766
-1.6448534
-1.6075442
-1.5810014
-1.5038198
-1.6800947
-1.6229745
-1.6274525
-1.5800176
-1.565806
-1.602409
-1.6109262
-1.6430281
-1.568253
-1.5657547
-1.7138985
-1.5083331
-1.675313
-1.6324598
-1.6106014
-1.6885475
-1.6207021
-1.6992126
-1.6642327
-1.6334156
-1.7518924
-1.7140253
-1.5659587
-1.6130847
-1.7252529
-1.6437174
-1.6105753
-1.5948497
-1.6002321
-1.6659999
-1.7752749
-1.5960721
-1.6366261
-1.5293876
-1.5890434
-1.5937356
-1.7048507
-1.6348692
-1.5695083
-1.5733043
-1.5608321
-1.644964
-1.665005
-1.6845014
-1.5739069
-1.5193331
-1.621219
-1.55134
-1.6183143
-1.6694803
-1.6848775
-1.5996555
-1.498445
-1.6205268
-1.6979429
-1.6050224
-1.5757502
-1.6376972
-1.6443717
-1.4526956
-1.5848578
-1.5690949
-1.63914
-1.7685037
-1.6204543
-1.6789486
-1.6515313
-1.655831
-1.5817894
-1.7744972
-1.6133776
-1.591379
-1.761816
-1.5689175
-1.6882316
-1.5534936
-1.6559311
-1.4894577
-1.5520692
-1.5267453
-1.616098
-1.5376937
-1.5469769
-1.6018145
-1.6425393
-1.6026576
-1.6687102
-1.5650953
-1.6696151
-1.5735728
-1.6873163
-1.6511552
-1.6207994
-1.652037
-1.5892459
-1.5980349
-1.4790578
-1.6863589
-1.6098845
-1.5707314
-1.591952
-1.5548115
-1.5149664
-1.5961971
-1.6334401
-1.5384011
-1.5956954
-1.6451681
-1.6588926
-1.5342855
-1.6500267
-1.5933448
-1.422867
-1.6941754
-1.62837
-1.4997321
-1.637135
-1.6597897
-1.5894607
-1.6837454
-1.4397976
-1.5323443
-1.5911219
-1.5714811
-1.6922494
-1.5718209
-1.6006078
-1.622474
-1.5551387
-1.585711
-1.6702092
-1.6106952
-1.6054776
-1.6171272
-1.6967233
-1.6694838
-1.5379456
-1.6763991
-1.6354243
-1.6325601
-1.6820607
-1.8187642
-1.7373976
-1.5559897
-1.6614317
-1.5841646
-1.6389738
-1.6249491
-1.7097551
-1.5258023
-1.5114363
-1.5177312
-1.4876157
-1.6449952
-1.5229762
-1.6331912
-1.5854445
-1.5950629
-1.668942
-1.53616
-1.5505371
-1.6014103
-1.6119719
-1.4876872
-1.720879
-1.5314032
-1.5723819
-1.5686184
-1.6228602
-1.6970876
-1.5890882
-1.413996
-1.5574712
-1.6350207
-1.5881413
-1.579878
-1.6579764
-1.7133694
-1.6620591
-1.592429
-1.5976354
-1.5875454
-1.5701461
-1.5712556
-1.5904826
-1.6381067
-1.7066469
-1.6497992
-1.4873325
-1.640294
-1.4979373
-1.6212534
-1.7014205
-1.6381646
-1.6692631
-1.5526333
-1.6113206
-1.6032089
-1.6584361
-1.6538959
-1.5440865
-1.5524114
-1.4151617
test_mean_abs_wealth
1.5332415
1.5442421
1.5634674
1.5520744
1.6975224
1.5253204
1.7289518
1.6294055
1.6270115
1.5871314
1.6797854
1.6079203
1.745258
1.5222349
1.5622698
1.651822
1.6401124
1.6305019
1.6059835
1.5842907
1.6591271
1.5186354
1.5867441
1.453855
1.5890325
1.622956
1.547688
1.6376961
1.5946512
1.5046287
1.6505235
1.5441039
1.6718767
1.6378359
1.5942253
1.6029
1.64852
1.6061163
1.6343863
1.6870315
1.6014844
1.6003491
1.6603376
1.5137435
1.5311661
1.5704843
1.6394314
1.5633904
1.6103156
1.6449581
1.6076801
1.5811467
1.5039445
1.6801323
1.6230651
1.6276107
1.5801775
1.565948
1.6026721
1.6110603
1.6434667
1.56833
1.5661705
1.7139338
1.5086386
1.6754513
1.6325158
1.6106857
1.6885737
1.6208096
1.6992974
1.6642917
1.6334671
1.7519549
1.7140751
1.5661471
1.6133296
1.7252971
1.6437508
1.6106559
1.5951663
1.6003441
1.666151
1.7753965
1.5961103
1.6367793
1.529539
1.5891433
1.5938424
1.7048804
1.6349984
1.569606
1.5735749
1.5611421
1.6451044
1.6650538
1.6845552
1.573974
1.5196574
1.6213199
1.551484
1.6186655
1.6697104
1.684969
1.5998814
1.4987777
1.6208946
1.6980145
1.6052146
1.575928
1.6379827
1.6444377
1.4532263
1.5849739
1.5692718
1.6394211
1.7685764
1.6205227
1.6791662
1.6516979
1.6559398
1.5820421
1.7745143
1.6135522
1.5915078
1.7618377
1.5690669
1.6882523
1.5536057
1.6560264
1.4897094
1.5523571
1.5269179
1.616276
1.5378103
1.5474527
1.6021304
1.642641
1.6026953
1.6687998
1.5655134
1.6696514
1.573692
1.6873639
1.6512134
1.6208532
1.6524628
1.5894085
1.5982857
1.4794492
1.6864414
1.6099705
1.5708096
1.592144
1.5549843
1.5150895
1.5962917
1.6336312
1.5385587
1.5957804
1.6452645
1.658945
1.534528
1.6501765
1.5935253
1.4234185
1.6942732
1.6285766
1.5000135
1.6372674
1.6598469
1.5895748
1.6838632
1.4402936
1.5324286
1.5912102
1.5715953
1.6925602
1.5719913
1.6010333
1.6226012
1.5552278
1.5859653
1.6702577
1.6113794
1.605609
1.6172171
1.6968303
1.669546
1.5382676
1.6765196
1.6354684
1.6326685
1.6824342
1.8187807
1.7374642
1.5560436
1.6615273
1.5848137
1.6390437
1.6249915
1.7098007
1.526446
1.5116245
1.5180389
1.4879911
1.6451057
1.5232732
1.6335318
1.5857905
1.5952563
1.669327
1.5365824
1.5509157
1.6017846
1.6123123
1.4881631
1.7209151
1.5317228
1.5725569
1.5687277
1.6229237
1.697146
1.5891719
1.4148926
1.557734
1.6351486
1.5881972
1.5799615
1.65806
1.713462
1.6622372
1.5925423
1.5977807
1.5876685
1.5704503
1.5716496
1.5906613
1.6383114
1.7069958
1.6499085
1.4874539
1.6403323
1.4988106
1.6214188
1.701497
1.6383436
1.6693398
1.5527939
1.6114205
1.6033227
1.6585792
1.6539559
1.5446191
1.5527405
1.415793
test_variance_wealth
0.11088197
0.12923245
0.11091203
0.11891225
0.10124528
0.112704575
0.11244417
0.10662723
0.12235526
0.12231624
0.12184089
0.1163456
0.107604176
0.11543448
0.11417835
0.121791035
0.11084963
0.11545063
0.117515266
0.1338417
0.11783672
0.11108437
0.119018264
0.110365376
0.10848056
0.10980406
0.121871896
0.11719378
0.108274855
0.12190655
0.14933136
0.1216694
0.10014652
0.11648521
0.12987769
0.1285036
0.12027445
0.10713037
0.10512573
0.120693825
0.1097362
0.14354685
0.11800245
0.11965946
0.12073812
0.11571436
0.11238242
0.109791294
0.11456992
0.11336974
0.11051781
0.110886216
0.110442474
0.10145313
0.10975183
0.110772125
0.11331563
0.11028097
0.12650633
0.11099754
0.13567236
0.106557004
0.12784272
0.101038136
0.11737067
0.1090533
0.10237561
0.10694187
0.09994487
0.11123501
0.10434406
0.10845305
0.10511189
0.10666183
0.109147005
0.1217683
0.11751534
0.10052749
0.101424634
0.10770094
0.12933591
0.108009316
0.121062316
0.11795852
0.10252292
0.11524536
0.11261617
0.109448105
0.1111979
0.10384834
0.111122064
0.11237577
0.123569086
0.12198549
0.116625905
0.102213666
0.107316986
0.10505601
0.11861021
0.111693315
0.10983759
0.12572029
0.11526444
0.1110605
0.12594007
0.12231671
0.12782863
0.10232284
0.11656437
0.11321306
0.12924172
0.108243145
0.12563205
0.11022208
0.11170369
0.11915707
0.1080424
0.10810111
0.124371566
0.11662065
0.11038711
0.12028962
0.1009491
0.11218044
0.11024563
0.10352617
0.11416851
0.09912659
0.10873816
0.10943532
0.11745373
0.1255196
0.11097542
0.115029775
0.110934526
0.12923716
0.12821414
0.10877458
0.10359715
0.10883306
0.12180522
0.10421461
0.11054105
0.10474075
0.10490582
0.10506066
0.12957703
0.11108445
0.123811886
0.120018974
0.11150196
0.108015165
0.10585361
0.11517599
0.11339736
0.11270197
0.11199433
0.11940137
0.11204052
0.1087375
0.10989727
0.10426068
0.11619489
0.11079874
0.114950806
0.1222417
0.111606196
0.12035371
0.11708339
0.118230045
0.1076168
0.11160833
0.11370682
0.12868512
0.10926302
0.10846314
0.11024385
0.12858109
0.1144398
0.13618332
0.11066235
0.10905556
0.11719594
0.10646911
0.14681588
0.11440761
0.10804444
0.113046594
0.10638371
0.124660596
0.11289874
0.10140534
0.111361474
0.13317719
0.101156175
0.10843046
0.10461765
0.116282955
0.13594513
0.10573716
0.1055362
0.104688786
0.13123223
0.113277726
0.119112775
0.12168292
0.10723054
0.12075558
0.12396907
0.13048221
0.118665725
0.13108552
0.1261748
0.12184685
0.12690942
0.122003086
0.1281002
0.10945559
0.123417825
0.113839924
0.11153442
0.108394496
0.10700962
0.10631135
0.13612205
0.120942764
0.11334189
0.10471898
0.11070314
0.107907414
0.1169252
0.12111061
0.108633
0.11359092
0.11513246
0.12139559
0.12452337
0.113920614
0.11950678
0.13136202
0.11394463
0.11160043
0.10127518
0.14416152
0.112071976
0.10861216
0.11301888
0.10714057
0.11393185
0.10953254
0.110443436
0.111963786
0.1060017
0.1328405
0.12326541
0.12770645
test_wealth_with_price_abs_mean
0.25885716
0.27629563
0.2586783
0.26687816
0.24790925
0.26101923
0.2582236
0.25368497
0.26931286
0.26898274
0.26972803
0.26441225
0.25340757
0.2636234
0.26136193
0.2686306
0.25833052
0.2633464
0.26510546
0.28011963
0.26446015
0.25879505
0.2669469
0.25928098
0.25558892
0.2566807
0.26902992
0.26369464
0.25549468
0.2698149
0.29302597
0.26955914
0.24666697
0.26273277
0.2779325
0.27562982
0.26790604
0.254679
0.2525559
0.26713806
0.25683448
0.2902642
0.2656888
0.26732734
0.26873866
0.26342326
0.25967982
0.25734648
0.26144227
0.26110846
0.25771344
0.2584147
0.25888923
0.24794738
0.2570918
0.25743175
0.26124784
0.2577776
0.27495283
0.2584205
0.2827873
0.2543912
0.2760498
0.24773288
0.26492193
0.2552216
0.2493827
0.25416696
0.2463328
0.25824016
0.2501272
0.25430322
0.25278994
0.2529658
0.2567183
0.27097255
0.26456112
0.24679957
0.24874437
0.25475222
0.27703696
0.25553483
0.2687079
0.26611724
0.2500873
0.26278254
0.2602884
0.25713116
0.25936165
0.25081614
0.2586045
0.25974205
0.27088475
0.2693314
0.26376048
0.24899468
0.2545359
0.25229993
0.26561728
0.2590992
0.25759917
0.272228
0.26204625
0.2579095
0.27358076
0.2698861
0.2751652
0.2489597
0.26331827
0.25990775
0.27707613
0.2558892
0.2735907
0.25820956
0.25972083
0.26612923
0.25413465
0.25569016
0.27139923
0.2630273
0.2571575
0.26793244
0.24702555
0.25931823
0.25804016
0.2503379
0.26231256
0.24577838
0.25667366
0.25695592
0.26558697
0.27350342
0.25909978
0.26233578
0.2591311
0.27644318
0.27483636
0.25569868
0.25121462
0.25513902
0.26843435
0.2512139
0.25833085
0.2513006
0.2518655
0.25225562
0.27472246
0.25684822
0.2708602
0.26825228
0.25894865
0.25574347
0.25404653
0.26185852
0.26102826
0.2610011
0.25866786
0.26622126
0.25969836
0.2561771
0.258346
0.25126594
0.26451442
0.25780165
0.26299363
0.26994985
0.25898015
0.26813233
0.2650709
0.26495695
0.2538681
0.2588394
0.26104027
0.27671647
0.2577082
0.25617322
0.25790125
0.2744204
0.26184043
0.28442764
0.25794098
0.25702596
0.26361308
0.25423822
0.29330137
0.2620257
0.25547156
0.25991988
0.2532064
0.27262646
0.25988606
0.24835427
0.25915718
0.28112194
0.24737507
0.2554234
0.25273478
0.26343596
0.28195885
0.25261036
0.25308496
0.25119716
0.27825722
0.2616481
0.26598215
0.26955706
0.25394997
0.26835576
0.2709895
0.27742776
0.2652676
0.27698064
0.27320558
0.26891333
0.27460572
0.267877
0.27573353
0.2564144
0.27074903
0.26164082
0.25910625
0.2556498
0.25445402
0.25440466
0.2814786
0.26743352
0.26072824
0.2522879
0.2582525
0.25483775
0.2655101
0.2681303
0.25627637
0.26124093
0.2627598
0.26856008
0.27161005
0.2611936
0.2659746
0.27815968
0.26165122
0.26047522
0.24823464
0.29065195
0.25889602
0.2557617
0.25964615
0.25368756
0.26092863
0.2570767
0.25831443
0.25900427
0.25316894
0.27888668
0.27040833
0.27468058
test_wealth_with_price_variance
0.11088197
0.12923245
0.11091203
0.11891225
0.10124528
0.112704575
0.11244417
0.10662723
0.12235526
0.12231624
0.12184089
0.1163456
0.107604176
0.11543448
0.11417835
0.121791035
0.11084963
0.11545063
0.117515266
0.1338417
0.11783672
0.11108437
0.119018264
0.110365376
0.10848056
0.10980406
0.121871896
0.11719378
0.108274855
0.12190655
0.14933136
0.1216694
0.10014652
0.11648521
0.12987769
0.1285036
0.12027445
0.10713037
0.10512573
0.120693825
0.1097362
0.14354685
0.11800245
0.11965946
0.12073812
0.11571436
0.11238242
0.109791294
0.11456992
0.11336974
0.11051781
0.110886216
0.110442474
0.10145313
0.10975183
0.110772125
0.11331563
0.11028097
0.12650633
0.11099754
0.13567236
0.106557004
0.12784272
0.101038136
0.11737067
0.1090533
0.10237561
0.10694187
0.09994487
0.11123501
0.10434406
0.10845305
0.10511189
0.10666183
0.109147005
0.1217683
0.11751534
0.10052749
0.101424634
0.10770094
0.12933591
0.108009316
0.121062316
0.11795852
0.10252292
0.11524536
0.11261617
0.109448105
0.1111979
0.10384834
0.111122064
0.11237577
0.123569086
0.12198549
0.116625905
0.102213666
0.107316986
0.10505601
0.11861021
0.111693315
0.10983759
0.12572029
0.11526444
0.1110605
0.12594007
0.12231671
0.12782863
0.10232284
0.11656437
0.11321306
0.12924172
0.108243145
0.12563205
0.11022208
0.11170369
0.11915707
0.1080424
0.10810111
0.124371566
0.11662065
0.11038711
0.12028962
0.1009491
0.11218044
0.11024563
0.10352617
0.11416851
0.09912659
0.10873816
0.10943532
0.11745373
0.1255196
0.11097542
0.115029775
0.110934526
0.12923716
0.12821414
0.10877458
0.10359715
0.10883306
0.12180522
0.10421461
0.11054105
0.10474075
0.10490582
0.10506066
0.12957703
0.11108445
0.123811886
0.120018974
0.11150196
0.108015165
0.10585361
0.11517599
0.11339736
0.11270197
0.11199433
0.11940137
0.11204052
0.1087375
0.10989727
0.10426068
0.11619489
0.11079874
0.114950806
0.1222417
0.111606196
0.12035371
0.11708339
0.118230045
0.1076168
0.11160833
0.11370682
0.12868512
0.10926302
0.10846314
0.11024385
0.12858109
0.1144398
0.13618332
0.11066235
0.10905556
0.11719594
0.10646911
0.14681588
0.11440761
0.10804444
0.113046594
0.10638371
0.124660596
0.11289874
0.10140534
0.111361474
0.13317719
0.101156175
0.10843046
0.10461765
0.116282955
0.13594513
0.10573716
0.1055362
0.104688786
0.13123223
0.113277726
0.119112775
0.12168292
0.10723054
0.12075558
0.12396907
0.13048221
0.118665725
0.13108552
0.1261748
0.12184685
0.12690942
0.122003086
0.1281002
0.10945559
0.123417825
0.113839924
0.11153442
0.108394496
0.10700962
0.10631135
0.13612205
0.120942764
0.11334189
0.10471898
0.11070314
0.107907414
0.1169252
0.12111061
0.108633
0.11359092
0.11513246
0.12139559
0.12452337
0.113920614
0.11950678
0.13136202
0.11394463
0.11160043
0.10127518
0.14416152
0.112071976
0.10861216
0.11301888
0.10714057
0.11393185
0.10953254
0.110443436
0.111963786
0.1060017
0.1328405
0.12326541
0.12770645
price
1.5332855
1.5442266
1.5630281
1.550844
1.6983075
1.5253041
1.727973
1.6281154
1.6272687
1.5866108
1.680522
1.6083868
1.7447569
1.5223033
1.5629934
1.6519551
1.6405624
1.6305419
1.6052945
1.5843114
1.6591661
1.5184325
1.5876842
1.4529932
1.589614
1.6226186
1.5480666
1.6359441
1.5953878
1.5054219
1.6489849
1.544171
1.6720304
1.6379005
1.5940231
1.6009759
1.6486543
1.6065949
1.6336133
1.687625
1.6015995
1.5997055
1.6592784
1.5126545
1.5308337
1.5707124
1.6404941
1.5641973
1.6110803
1.6455252
1.6070064
1.580857
1.5040287
1.6791503
1.6235408
1.6285574
1.5810418
1.5660936
1.6028568
1.6108725
1.6442362
1.5676522
1.5667293
1.7154726
1.5084602
1.6759244
1.6328684
1.610971
1.6897132
1.6200312
1.6998353
1.6636163
1.6328878
1.7524955
1.7144204
1.566349
1.6142485
1.7250205
1.6436479
1.6108792
1.5949395
1.6005888
1.6654173
1.7750872
1.5965595
1.6365166
1.5287833
1.589535
1.5947051
1.7058711
1.6346049
1.5688788
1.5730876
1.5603943
1.6453459
1.6649324
1.6852332
1.5741005
1.5197519
1.6211953
1.5521064
1.6183187
1.6710839
1.6857394
1.5999839
1.4994491
1.6198499
1.6996492
1.6056873
1.575298
1.6382052
1.6447659
1.4543774
1.5849619
1.5701222
1.6403663
1.7674882
1.6195941
1.6782786
1.651233
1.6567888
1.5816525
1.7744339
1.6140963
1.5923
1.7624645
1.5692141
1.6892718
1.5534177
1.6561838
1.4906913
1.5534052
1.5262396
1.6153734
1.5379344
1.5463419
1.6009988
1.6421247
1.6033928
1.6691935
1.566164
1.6694353
1.5748919
1.6877246
1.6510541
1.6216425
1.6522444
1.5895438
1.5977553
1.480569
1.6868614
1.6110649
1.5712241
1.593018
1.5544462
1.5147878
1.5963504
1.633233
1.5382572
1.5955577
1.6469195
1.6595429
1.533578
1.6498247
1.5937102
1.4229207
1.6937728
1.6286755
1.5000353
1.6371925
1.6600286
1.5896555
1.6842272
1.4411681
1.5321739
1.5919917
1.5713702
1.6924424
1.5720195
1.6011182
1.6225524
1.555895
1.586363
1.670747
1.6113222
1.6056476
1.6166345
1.6968523
1.6688305
1.5369096
1.677112
1.6341743
1.6334449
1.6817628
1.8184558
1.7371771
1.5551147
1.6620109
1.5834486
1.6398517
1.6248803
1.7100161
1.5255927
1.5114801
1.5182647
1.4888213
1.6445374
1.523464
1.6338401
1.5858752
1.5949688
1.6688094
1.5360584
1.5499988
1.6016669
1.6120775
1.4883411
1.7209632
1.5311177
1.5722207
1.5691363
1.6228161
1.6973542
1.5893945
1.4134921
1.5577232
1.6361312
1.5885503
1.5792532
1.6590912
1.7137961
1.6619916
1.5924197
1.5981066
1.5861387
1.5697919
1.5718573
1.591484
1.638555
1.7063332
1.6498469
1.4867917
1.6408557
1.4978789
1.6222416
1.7016567
1.6371568
1.6701245
1.5530531
1.6128327
1.6027083
1.6591232
1.6535131
1.5450383
1.551879
1.4153084
train_time
0.4069946
0.32404219999999917
0.32824779999999976
0.32293900000000164
0.43550910000000087
0.3320164999999946
0.3422043000000059
0.34560059999999737
0.3298324000000008
0.3457792999999967
0.3238753999999915
0.4671650000000085
0.3321844000000027
0.33770460000000924
0.34367109999999457
0.3388869999999997
0.33966279999999927
0.3373033000000021
0.32775780000000054
0.49208259999998916
0.3247937999999948
0.3249183000000073
0.3297724000000244
0.33800379999999564
0.3435325000000091
0.3369067000000143
0.32168049999998516
0.3493647999999894
0.5352423999999871
0.3503477999999802
0.32600949999999784
0.33241899999998736
0.33505180000000223
0.3305900999999949
0.33625889999999004
0.331348399999996
0.3259008999999935
0.33071689999999876
0.5997999999999877
0.33300340000002393
0.3309605000000033
0.33013150000002156
0.3358602999999789
0.3355421999999635
0.3481658999999695
0.3376226000000315
0.3464726000000269
0.45780569999999443
0.3435392999999749
0.44035150000001977
0.6617084000000091
0.34249700000003713
0.3415823000000273
0.3323699000000033
0.45459590000001526
0.33015100000000075
0.3254602000000091
0.3224651000000449
0.3252611000000343
0.3284833999999819
0.33180860000004486
0.3360511999999858
0.33706449999999677
0.3297631000000365
0.7249633999999787
0.325118400000008
0.3272664999999506
0.3393143000000123
0.3323342999999568
0.3463673999999628
0.33230360000004566
0.3303768999999761
0.3324906000000283
0.33721430000002783
0.32885900000002266
0.3322183999999879
0.3245817000000102
0.6939459999999826
0.7136322000000064
0.3178252000000157
1.377669400000002
0.3146684000000164
0.3108444999999733
0.329075400000022
0.3148652999999513
0.3162800000000061
0.30337939999992614
0.34721799999999803
0.31467429999997876
0.3158622999999352
0.33327220000001034
0.3426585999999361
0.31225580000000264
0.32930419999991045
0.3101282000000083
0.29774489999999787
0.3171142000001055
0.31525540000006913
0.31718609999995806
0.3356827999999723
1.0807896000000028
0.31464089999997213
0.3226211000001058
0.314346700000101
0.3273139000000356
0.33228280000002997
0.3307393999999704
0.3195613999999978
0.5704271000000745
0.3091182000000572
0.31072359999996024
0.3218249999999898
0.3186426999999412
0.3202499000000216
0.3215880999999854
0.3329847999999629
0.32448379999993904
0.31337280000002465
0.3336584999999559
0.31119330000001355
0.42742710000004536
0.319303600000012
0.3196864999999889
1.0374907000000348
0.3216008999999076
0.3363431999999875
0.3026874999999336
0.33947909999994863
0.3266234999999824
0.3271197999999913
0.3234102999999777
0.30923700000005283
0.3452356000000236
0.3132646999999906
0.32107969999992747
0.32620489999999336
0.3228824999999915
0.3281186000000389
0.3115073999999822
0.3134399000000485
0.319409999999948
0.3141141000000971
0.3073425000000043
0.3047983999999815
0.31937279999999646
0.3110432999999375
0.32482519999996384
0.30622299999993174
0.3073792999999796
1.1703357999999753
0.29533839999999145
0.3011536999999862
0.31614780000006704
0.36498869999991257
0.3844543000000158
0.2978689999999915
0.3062067000000752
0.2927652999999282
0.43836820000001353
0.3134787999999844
0.30614570000000185
0.3172617000000173
0.3215016999999989
0.29983340000001135
0.29948109999997996
0.3196717000000717
0.3150340000000824
0.3857282999999825
0.2901669000000311
0.32011130000000776
0.30556060000003527
0.3078831000000264
0.31010680000008506
0.30258679999997184
0.30949459999987994
0.32127730000001975
0.32539219999989655
0.31014550000008967
0.29821380000021236
0.31824570000003405
0.31705029999989165
1.3434555999999702
0.3059467999999015
0.30657459999997627
0.29000939999991715
0.32131070000014006
0.2994163999999273
0.31869110000002365
0.30876979999993637
0.3115946000000349
0.3077043999999205
0.3420817999999599
0.3013304999999491
0.31575789999988046
0.3023246000000199
0.3238357000000178
0.2984765999999581
0.3037272000001394
0.30589720000011766
0.30973070000004554
0.3313256999999794
0.31415100000003804
0.3187161000000742
0.3047671000001628
0.32806750000008833
0.30827130000011493
0.29801610000004075
0.32179229999997006
0.3767734999998993
0.29498960000000807
0.296339099999841
0.3148043000001053
0.3157452000000376
0.3137428
0.3119472999999289
0.31344370000010713
0.3116657000000487
1.5719509000000471
0.310826200000065
0.2978491999999733
0.46792789999994966
0.31237389999978404
0.29879780000010214
0.3163391999999021
0.29890320000004067
0.2974446999999145
0.2981724999999642
0.3077720999999656
0.29655810000008387
0.3134188000001359
0.29966910000007374
0.3182894999999917
0.30517620000000534
0.30586089999997057
0.3100907999998981
0.4007156999998642
0.29875810000021374
0.301168700000062
0.3311750000000302
0.31567680000011933
0.32501410000008946
0.30688450000002376
0.32816159999993033
0.29999530000009145
0.3084321999999702
0.3143781000001127
0.30922800000007555
0.32125330000008034
0.2980896000001394
0.3275131999998848
0.31722720000016125
0.2968590000000404
0.29444969999985915
0.308377099999916
0.3178250000000844
0.30415049999987787


