================================================================================
=== continuous-time
train_risk
2.2187219
2.1935356
2.1952488
2.297252
2.265995
2.1576002
2.2761726
2.1822505
2.267427
2.2411506
2.2410872
2.2079542
2.3445258
2.1941175
2.2054064
2.2152677
2.2217524
2.1957984
2.1686418
2.2039006
2.2899907
2.1491838
2.1575406
2.1540725
2.2047462
2.1618657
2.1035192
2.2130458
2.1385016
2.1653204
2.2684152
2.1340327
2.1987095
2.2046142
2.16925
2.202336
2.3371372
2.1722949
2.19284
2.2930305
2.1876035
2.2362425
2.2704363
2.0931847
2.212746
2.1599288
2.237733
2.1604378
2.167061
2.1899235
2.2237172
2.183635
2.119583
2.2710469
2.2383049
2.2535455
2.169638
2.1449904
2.233137
2.2703676
2.2584977
2.1987987
2.1815495
2.2000616
2.0752661
2.193943
2.2135663
2.2574978
2.2573395
2.2592413
2.252087
2.2749395
2.2595394
2.3195643
2.326541
2.1973262
2.259702
2.1759658
2.237643
2.237098
2.2095869
2.1780632
2.204804
2.3253307
2.1528285
2.2998025
2.1640613
2.1901345
2.2307992
2.314275
2.2210133
2.1083517
2.241098
2.1360497
2.2422135
2.2709394
2.3760293
2.2727046
2.0953395
2.1774738
2.2643065
2.2137995
2.216341
2.18155
2.2337732
2.1358256
2.2212672
2.3200085
2.2138934
2.21353
2.2076538
2.256498
2.121698
2.1486642
2.190655
2.2175972
2.3285296
2.2384284
2.3198123
2.2064397
2.3394341
2.1838498
2.3606641
2.198804
2.1743493
2.3500495
2.156245
2.2575269
2.2045662
2.218761
2.1019204
2.2005713
2.154528
2.1964445
2.1603372
2.1630585
2.198952
2.2415862
2.2509682
2.2667787
2.2036808
2.318038
2.177223
2.2161212
2.3091552
2.2822385
2.1974928
2.222665
2.2084498
2.1117127
2.2341664
2.1837003
2.1652515
2.1283278
2.147007
2.1700654
2.2313967
2.186059
2.1622872
2.1530275
2.2860503
2.2315843
2.1891887
2.2295299
2.2340686
2.1054456
2.2738266
2.2410967
2.2240474
2.2292552
2.1781547
2.2092254
2.2012465
2.123012
2.1498318
2.1610992
2.2094522
2.2486367
2.131405
2.2729836
2.2680838
2.1357307
2.2170742
2.3178573
2.219861
2.234822
2.1716979
2.2495418
2.3527005
2.208721
2.3162203
2.2544732
2.221262
2.2773476
2.3392758
2.2501462
2.2425287
2.198474
2.245349
2.297001
2.238295
2.2997525
2.2303853
2.2063735
2.1506875
2.1206257
2.26399
2.1607838
2.223267
2.1620963
2.177845
2.2387578
2.1463103
2.1484354
2.2675335
2.1876812
2.1886325
2.2759273
2.123144
2.229389
2.1866555
2.229093
2.2533948
2.197064
2.041597
2.192572
2.2100449
2.1437569
2.188145
2.2891712
2.3316584
2.1831517
2.2804759
2.2312036
2.2287886
2.242997
2.1661804
2.2494125
2.2838569
2.260827
2.270673
2.1263778
2.2553756
2.166058
2.1652634
2.1799374
2.2849445
2.2283669
2.241617
2.2031624
2.213595
2.2444263
2.339552
2.1792748
2.158066
2.0926218
test_risk
2.2269044
2.2085366
2.1913373
2.2855504
2.295158
2.1556184
2.2735496
2.1776447
2.286458
2.2215407
2.1983209
2.2057831
2.3224983
2.1423001
2.1879373
2.2368443
2.2048018
2.2308624
2.2017677
2.1841576
2.3143396
2.1718128
2.1672041
2.1544209
2.2240722
2.212871
2.147471
2.2114103
2.1667001
2.1652994
2.2285204
2.1565683
2.1998367
2.1937394
2.1786916
2.2256422
2.2994275
2.2222147
2.2099862
2.2487857
2.1995807
2.271358
2.2680705
2.1171863
2.1841612
2.1485386
2.2186365
2.167291
2.1909988
2.2048545
2.2328959
2.20171
2.150475
2.2322114
2.2455852
2.2912183
2.2010489
2.192114
2.21877
2.256781
2.2529252
2.1832745
2.2189984
2.2527034
2.0996869
2.2116258
2.226579
2.2497983
2.2392187
2.2418356
2.2463248
2.241641
2.2437673
2.2935116
2.290924
2.2052732
2.2467299
2.2196977
2.220298
2.2249718
2.219561
2.203381
2.2435021
2.319239
2.1884758
2.2676716
2.1447241
2.190803
2.223179
2.3435783
2.242109
2.133652
2.2136323
2.135939
2.219492
2.2680967
2.3397958
2.2526188
2.1108634
2.190217
2.2374673
2.2004032
2.208909
2.2073078
2.2596986
2.1384654
2.2414558
2.347341
2.224374
2.2249076
2.2284644
2.2377107
2.1048775
2.2049267
2.1884441
2.24716
2.323592
2.2383752
2.2699912
2.2027647
2.3108945
2.2103312
2.341397
2.2008464
2.1882792
2.3463643
2.1787772
2.2579737
2.178906
2.2501547
2.0893226
2.197766
2.1422615
2.2076106
2.1571054
2.1814337
2.2077713
2.2552764
2.2214496
2.2582092
2.188085
2.3054776
2.2048275
2.2617602
2.2956872
2.268402
2.2295156
2.2172492
2.1904795
2.0936112
2.2331667
2.221107
2.1480272
2.1693625
2.1671536
2.1801944
2.216482
2.2224104
2.2313848
2.1669772
2.2953675
2.2419915
2.1864889
2.2514708
2.2497196
2.0921636
2.2720392
2.2532566
2.154176
2.2430794
2.1922445
2.2066228
2.2050793
2.0900779
2.19711
2.1528072
2.1686296
2.2849095
2.1770604
2.255516
2.2532237
2.1386628
2.2397554
2.2794657
2.2348623
2.2017462
2.1955378
2.2517128
2.2911808
2.1863492
2.3103235
2.2584593
2.2328784
2.2758675
2.354422
2.293976
2.2149012
2.2403705
2.2146668
2.2879279
2.2334826
2.2711346
2.21412
2.180481
2.1641285
2.1190453
2.2579005
2.127966
2.200776
2.191026
2.206798
2.2395282
2.146813
2.162258
2.2413318
2.1827946
2.1742444
2.232912
2.1281023
2.2029173
2.1698942
2.20896
2.2853103
2.2091715
2.0599148
2.2125297
2.2142694
2.1760325
2.1813989
2.2667277
2.3248422
2.2355843
2.2565181
2.2310295
2.21492
2.263838
2.1669245
2.222847
2.2595866
2.2608285
2.2682333
2.1445537
2.2328482
2.1588795
2.1741915
2.2136886
2.2971787
2.244828
2.2122958
2.205923
2.1954176
2.279905
2.3118613
2.161954
2.1484716
2.0992868
test_mean_value
-0.0022309702
0.003167816
-0.0011508359
0.00019602236
0.001470128
-0.0007005875
0.0002270768
0.0010403203
-0.0024629286
-0.00045652746
0.00083196745
-0.0022616996
-0.00065114704
-0.0023158467
-0.0001894911
-0.0021306158
0.0013630072
-0.00037115868
0.00039986736
-0.0013558355
0.0032972253
0.00060783676
-0.0006146542
-0.0010977625
0.00048821798
0.0005585405
0.0022673209
-0.000923815
-0.0008335063
0.0029484725
0.0015655106
-0.00045457756
-0.0012264394
-0.0013677714
-0.0004984012
0.0008912935
-0.0004221908
0.0001996885
-0.0015580937
0.0011198015
-0.00036666766
0.00040452296
0.00036277281
-0.0010001326
0.0011026253
-0.00058218586
-0.0005152684
-0.0024517414
0.0019008183
-0.000984116
-0.002336502
-0.00031906128
0.00067561714
4.519541e-05
0.0005953007
0.0004288181
0.0010709348
-0.00019609413
0.0005303288
-0.0002910351
0.0005119463
0.0019534
-0.00014224916
0.0006705174
-6.33308e-05
0.0010646274
0.0030290852
-0.0006423162
-0.00074526836
0.00042932274
-0.002223825
-0.00050734315
-0.00097124506
0.00013083222
0.0014618074
-0.00027205926
-0.0024059513
0.00012308598
0.0001587961
-0.00047036237
-0.0028486159
0.0012464039
-0.00036279953
0.0010485445
0.0016180484
0.00092483585
-7.642916e-05
-0.0007104321
-0.00048470157
0.00015456187
0.00059854944
-0.00037883813
0.0007172596
-0.0011841237
0.0014986158
5.576602e-05
0.00037529907
0.0009433285
0.0019843366
6.432052e-05
-9.819547e-06
-0.00018792444
-0.00021525164
0.0006045687
9.0655354e-05
-0.0014892527
0.0014613947
0.0001381022
0.0010806464
0.00042603878
0.0008592494
0.0008778543
0.00069854216
0.0014171599
0.0004749375
0.0013199307
0.0002391209
-0.00056006765
-0.00042043827
-0.00133909
-0.0021391166
-0.0008322799
-0.001844336
-0.0012184755
0.0025890274
-0.0009791506
-5.4148837e-05
-0.00011450875
0.0020064146
0.0019900831
-0.0015602628
-0.0014119662
-0.0008376307
-0.0025718382
-0.0002628509
-0.00026613098
-0.0013742455
0.0017060335
-0.0013555898
0.0005349584
-0.0007981075
-0.000462256
0.0006478918
8.040089e-05
-0.0004758353
-0.000806147
-0.0016109144
-0.0014769817
-0.002026446
-0.0012606097
0.0024585777
9.60564e-05
0.0011350492
-0.00078319083
-0.0020392113
-0.0008780766
-0.0014792025
-0.001941816
0.00085273
0.0014128821
-0.0024021335
-0.0009530032
8.1986545e-05
-0.0007526146
0.0017130013
-0.00019971405
0.0016522408
-0.0005238633
-0.0013547407
0.00038181557
0.0006965105
0.0004486141
-0.00062384654
0.0010134757
-0.0006799531
-0.00054060307
0.0022417135
0.002046751
-9.6233825e-06
-0.0017439126
-0.0026182532
-0.00079379726
7.0643924e-05
-0.00067809946
0.0014946396
0.00058213214
1.6380114e-05
-0.00091642485
0.0020829567
-0.0011051864
-0.00265607
-0.0014621135
-0.00026641018
-0.0020255996
0.0023046737
0.00084144075
0.000596952
0.0005799754
-0.00065632706
-0.0020290068
0.00085392396
0.00039998125
-0.0001641892
0.0002975349
0.00027639864
-0.00041708228
-0.00063480594
0.00034402398
-0.0013575732
0.00070352585
0.00031187566
0.0008092338
0.00018606748
-0.00012652733
0.00039353644
0.0016460074
2.1762977e-05
0.00093691476
-1.14228005e-05
-0.0003788505
-0.00070546335
-0.002073425
-0.0019493834
0.00083430647
0.0022390042
0.001990543
0.0022429829
0.00091687904
-0.0025680894
0.0010953889
0.0016708975
0.0005722533
0.0024042106
-0.00018054874
-0.00060358434
0.00014545082
-0.00048199535
0.0015360151
-0.0001393207
-0.0011416198
-0.0016517353
-0.00030026687
-0.00059676083
0.001276599
-0.00017324013
-0.00041882202
0.0009287001
0.0009230261
-0.0006163875
-0.00022424728
0.0018214367
-0.0014048049
0.00082643534
0.0012721427
0.00045274288
-0.00047256617
test_mean_abs_value
0.501543
0.5371271
0.51756465
0.5783261
0.55322254
0.5012139
0.524618
0.4880728
0.5528319
0.52199197
0.48165837
0.49062318
0.5189118
0.48100275
0.5070991
0.5134035
0.49362138
0.51137245
0.50437504
0.5284486
0.5730997
0.4880383
0.49082887
0.5120152
0.5155676
0.48661837
0.511033
0.51906437
0.52149373
0.5375669
0.4959168
0.47699454
0.50264066
0.4899232
0.5123152
0.5032915
0.565725
0.5043349
0.48965776
0.5026775
0.49540153
0.53000724
0.5251554
0.50448847
0.51541686
0.48848468
0.48778933
0.49025118
0.5079014
0.4846107
0.531268
0.53718877
0.4980577
0.5161801
0.52847195
0.5292334
0.5136328
0.5108376
0.5470918
0.5238284
0.54387504
0.54542416
0.50049245
0.51412266
0.47136053
0.50997466
0.51468295
0.5321182
0.5304971
0.5481086
0.49127218
0.50232095
0.5198674
0.520123
0.5408984
0.4938133
0.5328846
0.4925743
0.52012056
0.5411903
0.5117915
0.49740133
0.5269616
0.52730477
0.509095
0.53896856
0.5074526
0.5207443
0.5187943
0.59412414
0.5350903
0.47190255
0.51827383
0.49541107
0.5131153
0.5123968
0.5586526
0.52525187
0.49581608
0.4986323
0.5191987
0.5058912
0.49481633
0.48343477
0.5060242
0.48298278
0.56374866
0.53847045
0.52284735
0.55049795
0.5140439
0.5231626
0.47838718
0.5035119
0.53898627
0.51270574
0.53703976
0.50627
0.5448824
0.51659447
0.53422564
0.52300674
0.5166258
0.49112257
0.51244634
0.53074205
0.48744226
0.5157968
0.54126215
0.5311277
0.47419885
0.50320673
0.5037239
0.48956457
0.49064785
0.50927013
0.51675326
0.54025143
0.5278155
0.5301647
0.52470434
0.5353427
0.5049984
0.5098522
0.5357301
0.53991765
0.50088614
0.5502384
0.52338463
0.4802809
0.5082767
0.5112097
0.48888168
0.49262315
0.48152226
0.50364864
0.5144826
0.5160665
0.5204741
0.49738207
0.60601443
0.50739896
0.5279079
0.5058731
0.5170393
0.49784935
0.5323217
0.5317906
0.50575924
0.53964853
0.4971256
0.5061447
0.49345767
0.49779227
0.5813107
0.4864675
0.5099424
0.5476225
0.5044952
0.52757084
0.54500395
0.4989205
0.52744615
0.53813326
0.5228196
0.5229727
0.49823707
0.5012193
0.52333647
0.5289274
0.5877994
0.5205151
0.48651493
0.5141982
0.5083356
0.5178052
0.5144466
0.4953814
0.5498768
0.5617315
0.50292814
0.53535
0.52581596
0.49216112
0.49793524
0.48390713
0.51297355
0.5006208
0.5056672
0.49766785
0.51913434
0.5102726
0.47700813
0.52631336
0.51157594
0.4996836
0.5354291
0.48697513
0.47487262
0.5137958
0.500804
0.50660646
0.54205346
0.57646894
0.48526055
0.5403745
0.5018524
0.48576057
0.49301964
0.50180393
0.5793385
0.49930072
0.5552687
0.5312533
0.51076615
0.53448325
0.49931914
0.5118273
0.5390211
0.49910334
0.508056
0.48460448
0.5163842
0.51058453
0.4833572
0.4903029
0.58512825
0.51035655
0.5120908
0.4995513
0.49171847
0.5078649
0.5360494
0.49217397
0.5044453
0.50570536
test_variance_value
0.3911482
0.4455765
0.41506258
0.51427644
0.47290254
0.3903879
0.4253756
0.3705018
0.4691255
0.41951135
0.36191773
0.37472013
0.41704437
0.35916322
0.39867222
0.4077567
0.3802407
0.40656012
0.39480168
0.43342724
0.50639427
0.37058365
0.3748283
0.40468648
0.41312182
0.36859486
0.40754876
0.4153652
0.41926637
0.44490424
0.38284937
0.35437784
0.3904814
0.37193137
0.41088438
0.39484298
0.48918304
0.39438096
0.37286222
0.3908783
0.38308895
0.43546417
0.42809144
0.39744404
0.41124266
0.3715685
0.36964804
0.37531397
0.40131083
0.3648482
0.43434465
0.44604164
0.38257608
0.41171607
0.43265846
0.4344108
0.41235766
0.4030734
0.4577428
0.42103782
0.4561422
0.45810416
0.3880383
0.4091991
0.34638733
0.40198386
0.40994826
0.43930945
0.4333872
0.46020254
0.3745304
0.3910925
0.41842356
0.41815645
0.4511863
0.37943053
0.4382307
0.37595904
0.4170063
0.4512846
0.4062207
0.38201073
0.4281025
0.42911643
0.40132585
0.45406103
0.40086612
0.42127854
0.41773117
0.533471
0.44644052
0.3462656
0.4178137
0.38221562
0.40813237
0.40370753
0.4849967
0.42548805
0.38175043
0.38924012
0.42186975
0.39879858
0.38045907
0.36442277
0.39827284
0.36448908
0.4873632
0.44738486
0.42006385
0.46693307
0.40876898
0.42308488
0.3567907
0.39319563
0.44931906
0.40736768
0.44549906
0.39883572
0.45882136
0.41174716
0.43946788
0.42327026
0.4129263
0.3740936
0.40625876
0.43601573
0.36869758
0.413206
0.4499973
0.43667066
0.35183167
0.39389318
0.3961454
0.37248737
0.37309453
0.4026683
0.41556814
0.4503659
0.42917153
0.43334255
0.42682096
0.44061983
0.3956901
0.40359968
0.43962544
0.44903547
0.39067295
0.46017894
0.42542621
0.35874438
0.40162092
0.4035857
0.3725212
0.37789273
0.3604864
0.39351758
0.41016063
0.41422552
0.4205833
0.38602158
0.5577214
0.3985946
0.4323137
0.3972541
0.4141445
0.38350433
0.43848175
0.43403047
0.39874232
0.4541955
0.38436732
0.39747843
0.37736028
0.38786116
0.512586
0.36782584
0.40209427
0.46572617
0.40041822
0.43017876
0.4582475
0.3893601
0.4329609
0.44510627
0.42448783
0.42176506
0.38459492
0.3905215
0.42295828
0.43308598
0.5256784
0.41780466
0.36925998
0.40839165
0.4009182
0.41340432
0.4097614
0.38212538
0.46508363
0.48227212
0.39197233
0.4434105
0.42655104
0.3762574
0.38571346
0.36616993
0.4070662
0.38835457
0.39617518
0.3842086
0.41588902
0.40643495
0.35411695
0.42599782
0.40601078
0.388009
0.44348043
0.36924127
0.3508093
0.4112662
0.39168957
0.39895794
0.4529786
0.5062983
0.3644951
0.44997087
0.3906944
0.3683379
0.37786993
0.39259052
0.5145442
0.38757557
0.46984568
0.43477732
0.4041165
0.44128743
0.38817242
0.4071403
0.4465854
0.3886675
0.40142834
0.36822474
0.41394988
0.40586364
0.36369884
0.3727108
0.52082133
0.40279773
0.40702242
0.3903476
0.37731344
0.39998373
0.4451509
0.37719142
0.39513057
0.39747003
test_mean_costs
0.0
0.0
0.0
0.0
0.0
0.0
0.0
0.0
0.0
0.0
0.0
0.0
0.0
0.0
0.0
0.0
0.0
0.0
0.0
0.0
0.0
0.0
0.0
0.0
0.0
0.0
0.0
0.0
0.0
0.0
0.0
0.0
0.0
0.0
0.0
0.0
0.0
0.0
0.0
0.0
0.0
0.0
0.0
0.0
0.0
0.0
0.0
0.0
0.0
0.0
0.0
0.0
0.0
0.0
0.0
0.0
0.0
0.0
0.0
0.0
0.0
0.0
0.0
0.0
0.0
0.0
0.0
0.0
0.0
0.0
0.0
0.0
0.0
0.0
0.0
0.0
0.0
0.0
0.0
0.0
0.0
0.0
0.0
0.0
0.0
0.0
0.0
0.0
0.0
0.0
0.0
0.0
0.0
0.0
0.0
0.0
0.0
0.0
0.0
0.0
0.0
0.0
0.0
0.0
0.0
0.0
0.0
0.0
0.0
0.0
0.0
0.0
0.0
0.0
0.0
0.0
0.0
0.0
0.0
0.0
0.0
0.0
0.0
0.0
0.0
0.0
0.0
0.0
0.0
0.0
0.0
0.0
0.0
0.0
0.0
0.0
0.0
0.0
0.0
0.0
0.0
0.0
0.0
0.0
0.0
0.0
0.0
0.0
0.0
0.0
0.0
0.0
0.0
0.0
0.0
0.0
0.0
0.0
0.0
0.0
0.0
0.0
0.0
0.0
0.0
0.0
0.0
0.0
0.0
0.0
0.0
0.0
0.0
0.0
0.0
0.0
0.0
0.0
0.0
0.0
0.0
0.0
0.0
0.0
0.0
0.0
0.0
0.0
0.0
0.0
0.0
0.0
0.0
0.0
0.0
0.0
0.0
0.0
0.0
0.0
0.0
0.0
0.0
0.0
0.0
0.0
0.0
0.0
0.0
0.0
0.0
0.0
0.0
0.0
0.0
0.0
0.0
0.0
0.0
0.0
0.0
0.0
0.0
0.0
0.0
0.0
0.0
0.0
0.0
0.0
0.0
0.0
0.0
0.0
0.0
0.0
0.0
0.0
0.0
0.0
0.0
0.0
0.0
0.0
0.0
0.0
0.0
0.0
0.0
0.0
0.0
0.0
0.0
0.0
0.0
0.0
test_mean_abs_costs
0.0
0.0
0.0
0.0
0.0
0.0
0.0
0.0
0.0
0.0
0.0
0.0
0.0
0.0
0.0
0.0
0.0
0.0
0.0
0.0
0.0
0.0
0.0
0.0
0.0
0.0
0.0
0.0
0.0
0.0
0.0
0.0
0.0
0.0
0.0
0.0
0.0
0.0
0.0
0.0
0.0
0.0
0.0
0.0
0.0
0.0
0.0
0.0
0.0
0.0
0.0
0.0
0.0
0.0
0.0
0.0
0.0
0.0
0.0
0.0
0.0
0.0
0.0
0.0
0.0
0.0
0.0
0.0
0.0
0.0
0.0
0.0
0.0
0.0
0.0
0.0
0.0
0.0
0.0
0.0
0.0
0.0
0.0
0.0
0.0
0.0
0.0
0.0
0.0
0.0
0.0
0.0
0.0
0.0
0.0
0.0
0.0
0.0
0.0
0.0
0.0
0.0
0.0
0.0
0.0
0.0
0.0
0.0
0.0
0.0
0.0
0.0
0.0
0.0
0.0
0.0
0.0
0.0
0.0
0.0
0.0
0.0
0.0
0.0
0.0
0.0
0.0
0.0
0.0
0.0
0.0
0.0
0.0
0.0
0.0
0.0
0.0
0.0
0.0
0.0
0.0
0.0
0.0
0.0
0.0
0.0
0.0
0.0
0.0
0.0
0.0
0.0
0.0
0.0
0.0
0.0
0.0
0.0
0.0
0.0
0.0
0.0
0.0
0.0
0.0
0.0
0.0
0.0
0.0
0.0
0.0
0.0
0.0
0.0
0.0
0.0
0.0
0.0
0.0
0.0
0.0
0.0
0.0
0.0
0.0
0.0
0.0
0.0
0.0
0.0
0.0
0.0
0.0
0.0
0.0
0.0
0.0
0.0
0.0
0.0
0.0
0.0
0.0
0.0
0.0
0.0
0.0
0.0
0.0
0.0
0.0
0.0
0.0
0.0
0.0
0.0
0.0
0.0
0.0
0.0
0.0
0.0
0.0
0.0
0.0
0.0
0.0
0.0
0.0
0.0
0.0
0.0
0.0
0.0
0.0
0.0
0.0
0.0
0.0
0.0
0.0
0.0
0.0
0.0
0.0
0.0
0.0
0.0
0.0
0.0
0.0
0.0
0.0
0.0
0.0
0.0
test_variance_costs
0.0
0.0
0.0
0.0
0.0
0.0
0.0
0.0
0.0
0.0
0.0
0.0
0.0
0.0
0.0
0.0
0.0
0.0
0.0
0.0
0.0
0.0
0.0
0.0
0.0
0.0
0.0
0.0
0.0
0.0
0.0
0.0
0.0
0.0
0.0
0.0
0.0
0.0
0.0
0.0
0.0
0.0
0.0
0.0
0.0
0.0
0.0
0.0
0.0
0.0
0.0
0.0
0.0
0.0
0.0
0.0
0.0
0.0
0.0
0.0
0.0
0.0
0.0
0.0
0.0
0.0
0.0
0.0
0.0
0.0
0.0
0.0
0.0
0.0
0.0
0.0
0.0
0.0
0.0
0.0
0.0
0.0
0.0
0.0
0.0
0.0
0.0
0.0
0.0
0.0
0.0
0.0
0.0
0.0
0.0
0.0
0.0
0.0
0.0
0.0
0.0
0.0
0.0
0.0
0.0
0.0
0.0
0.0
0.0
0.0
0.0
0.0
0.0
0.0
0.0
0.0
0.0
0.0
0.0
0.0
0.0
0.0
0.0
0.0
0.0
0.0
0.0
0.0
0.0
0.0
0.0
0.0
0.0
0.0
0.0
0.0
0.0
0.0
0.0
0.0
0.0
0.0
0.0
0.0
0.0
0.0
0.0
0.0
0.0
0.0
0.0
0.0
0.0
0.0
0.0
0.0
0.0
0.0
0.0
0.0
0.0
0.0
0.0
0.0
0.0
0.0
0.0
0.0
0.0
0.0
0.0
0.0
0.0
0.0
0.0
0.0
0.0
0.0
0.0
0.0
0.0
0.0
0.0
0.0
0.0
0.0
0.0
0.0
0.0
0.0
0.0
0.0
0.0
0.0
0.0
0.0
0.0
0.0
0.0
0.0
0.0
0.0
0.0
0.0
0.0
0.0
0.0
0.0
0.0
0.0
0.0
0.0
0.0
0.0
0.0
0.0
0.0
0.0
0.0
0.0
0.0
0.0
0.0
0.0
0.0
0.0
0.0
0.0
0.0
0.0
0.0
0.0
0.0
0.0
0.0
0.0
0.0
0.0
0.0
0.0
0.0
0.0
0.0
0.0
0.0
0.0
0.0
0.0
0.0
0.0
0.0
0.0
0.0
0.0
0.0
0.0
test_mean_wealth
-1.6350858
-1.572348
-1.5672592
-1.6275054
-1.6672666
-1.5424271
-1.6699673
-1.5757602
-1.6621131
-1.6087054
-1.61574
-1.619852
-1.7484287
-1.5445858
-1.5786208
-1.6322415
-1.6145453
-1.6199458
-1.6065727
-1.5429804
-1.6828334
-1.5716394
-1.5679921
-1.5320432
-1.6096382
-1.6377643
-1.5150905
-1.6074148
-1.5399328
-1.5053471
-1.6423323
-1.571255
-1.6012654
-1.6085436
-1.5426235
-1.6292802
-1.6717877
-1.6299675
-1.6216052
-1.6684948
-1.6006974
-1.6647176
-1.6662579
-1.4873528
-1.5686847
-1.5478728
-1.6387254
-1.5701263
-1.5825671
-1.6234266
-1.6102908
-1.5659851
-1.5384729
-1.6257371
-1.6354342
-1.6897961
-1.5757071
-1.5775328
-1.5786655
-1.6591035
-1.6244655
-1.5292143
-1.6213785
-1.659007
-1.4973521
-1.6105492
-1.6216953
-1.6387892
-1.6193845
-1.6091056
-1.6690291
-1.6518639
-1.6205379
-1.7047558
-1.6792716
-1.6140752
-1.6093085
-1.6358013
-1.6208931
-1.5935267
-1.6152816
-1.6136682
-1.6233594
-1.7335501
-1.5720035
-1.6563075
-1.521924
-1.5720607
-1.6161511
-1.6930951
-1.6271381
-1.5419589
-1.5932249
-1.5228214
-1.6217579
-1.6879241
-1.7335153
-1.6442163
-1.490506
-1.5934216
-1.6186674
-1.5988095
-1.622382
-1.6240774
-1.6753492
-1.5342822
-1.5948808
-1.7560296
-1.6179371
-1.578369
-1.6340299
-1.6314156
-1.4937378
-1.6000423
-1.5326926
-1.6577613
-1.7337701
-1.6401134
-1.6455427
-1.5874128
-1.7090863
-1.5864944
-1.7774827
-1.6122271
-1.5666802
-1.7632155
-1.584427
-1.6591849
-1.5137045
-1.6397461
-1.4769118
-1.5949031
-1.52005
-1.6247346
-1.5605589
-1.5671612
-1.5949641
-1.6368032
-1.6006498
-1.64499
-1.5558523
-1.6915236
-1.597385
-1.6760758
-1.6969982
-1.6487191
-1.6315376
-1.5660822
-1.5714891
-1.4806792
-1.6405138
-1.6194699
-1.5389192
-1.563169
-1.5768712
-1.5740037
-1.6077495
-1.6114559
-1.6189541
-1.5599605
-1.5968903
-1.6467332
-1.5598048
-1.65153
-1.6402514
-1.464083
-1.6710578
-1.6438797
-1.5264893
-1.6193732
-1.5913844
-1.6043893
-1.6146057
-1.4517237
-1.4998565
-1.5580122
-1.5517966
-1.65104
-1.5555449
-1.641313
-1.6286203
-1.5166776
-1.6273277
-1.6698649
-1.6333382
-1.5784034
-1.6010202
-1.6712393
-1.6756885
-1.5581977
-1.665427
-1.6613561
-1.6558988
-1.6930206
-1.7929163
-1.7134042
-1.6053176
-1.6553507
-1.560524
-1.6580865
-1.6463417
-1.6595141
-1.597354
-1.5769196
-1.5486085
-1.5093789
-1.662044
-1.5122185
-1.594297
-1.5971417
-1.5848119
-1.6522017
-1.5520468
-1.5114971
-1.6435856
-1.5790788
-1.5315943
-1.661994
-1.5326072
-1.5815525
-1.555111
-1.6066701
-1.6639003
-1.546487
-1.4332685
-1.5858426
-1.6249156
-1.5800514
-1.5842249
-1.6816996
-1.6817715
-1.6464804
-1.6146026
-1.6143985
-1.6032506
-1.637659
-1.5560567
-1.6208938
-1.6459106
-1.6796895
-1.6831895
-1.5408992
-1.6254267
-1.5361332
-1.5806603
-1.6322173
-1.6408212
-1.6515514
-1.6004701
-1.6117276
-1.6024176
-1.6857862
-1.7176974
-1.5551536
-1.533607
-1.4628383
test_mean_abs_wealth
1.635098
1.5724105
1.5673021
1.6275678
1.6672907
1.5424471
1.669994
1.5757667
1.6621529
1.6087253
1.6157473
1.6198562
1.7484318
1.5446
1.5786442
1.6322558
1.6145543
1.6199517
1.6065971
1.5430709
1.6828891
1.5716474
1.568012
1.5320928
1.6096705
1.6377753
1.5152028
1.6074518
1.5400083
1.5055058
1.6423405
1.5712637
1.6012844
1.6085604
1.542693
1.6292961
1.6718142
1.6299839
1.6216195
1.6685014
1.60073
1.6647452
1.666265
1.4874073
1.5687103
1.5478969
1.6387295
1.570141
1.5826257
1.6234351
1.6103112
1.5660617
1.5384846
1.6257699
1.6354576
1.6898004
1.575749
1.5775806
1.5787462
1.6591172
1.6245091
1.5293518
1.621388
1.6590115
1.4973772
1.610574
1.621721
1.6388422
1.6194304
1.6091527
1.6690371
1.6518718
1.6205775
1.7047645
1.6792797
1.614089
1.6093506
1.6358051
1.620909
1.5935673
1.6153122
1.6136727
1.6233835
1.7335584
1.5720395
1.6563369
1.521988
1.5720848
1.6161884
1.6931732
1.6271828
1.5419731
1.593283
1.5228914
1.6217768
1.6879331
1.733536
1.6442293
1.4905365
1.5934477
1.6187044
1.5988253
1.6223884
1.6240821
1.6753494
1.5342876
1.5949556
1.7560344
1.6179727
1.5784447
1.6340479
1.6314209
1.4937769
1.6000572
1.5328298
1.6577717
1.7337799
1.6401279
1.6455798
1.587441
1.7090973
1.5865222
1.7774845
1.6122322
1.5667068
1.7632169
1.5844318
1.6592033
1.5139073
1.6397755
1.4769593
1.5949187
1.5201116
1.6247357
1.560572
1.5672051
1.5950093
1.6368214
1.6006688
1.6449988
1.5559257
1.6915481
1.5974082
1.6760918
1.6970156
1.6487426
1.631542
1.5662035
1.5715213
1.4807016
1.6405258
1.6195003
1.5389348
1.5631846
1.5768785
1.5740222
1.6077704
1.6114699
1.6189642
1.5600026
1.5971197
1.6467402
1.5598682
1.6515495
1.6402711
1.464169
1.6710683
1.643909
1.5265348
1.6194355
1.5913967
1.6044277
1.6146148
1.4518154
1.5000844
1.5580254
1.5518256
1.651083
1.5555778
1.6413274
1.6286668
1.5167104
1.6273475
1.6699111
1.6333574
1.5784289
1.6010283
1.6712446
1.6757066
1.5582626
1.6654928
1.661368
1.6559023
1.6930251
1.7929169
1.7134105
1.6053377
1.6553624
1.5606203
1.6581573
1.6463549
1.6595423
1.5973636
1.5769489
1.5486358
1.509407
1.6620536
1.5122607
1.5943265
1.5971627
1.5848455
1.6522092
1.5520614
1.5116524
1.6436006
1.5791138
1.5316612
1.6619984
1.5326312
1.581582
1.5551292
1.6066947
1.6639316
1.5466173
1.433359
1.5858874
1.6249318
1.5800613
1.5842397
1.6817099
1.6818506
1.6464951
1.6146612
1.6144252
1.6032791
1.637705
1.556071
1.6209323
1.6459314
1.6796972
1.683205
1.5409142
1.6254369
1.5361822
1.5806795
1.6322327
1.6409549
1.6515601
1.6004956
1.6117359
1.6024266
1.6857951
1.717717
1.555186
1.5336705
1.4629436
test_variance_wealth
0.08066682
0.0919972
0.08956432
0.09543895
0.08963932
0.08574535
0.0847468
0.082475364
0.08888335
0.085099176
0.07843157
0.07963266
0.076882236
0.08255798
0.08490396
0.084257744
0.08058541
0.08353543
0.08196093
0.09356497
0.091939785
0.08255938
0.082671784
0.08851461
0.08526096
0.077496424
0.09015786
0.08411323
0.08967617
0.09740139
0.07872656
0.07972477
0.08246018
0.08012627
0.09044293
0.08183723
0.08954765
0.081126906
0.0796791
0.07865331
0.08281115
0.083503835
0.08314934
0.08970694
0.08690836
0.082926534
0.07851131
0.08243027
0.08505137
0.07814264
0.08729332
0.09097602
0.08557314
0.084067374
0.085222766
0.08292912
0.087882146
0.08713193
0.09190845
0.081954546
0.09048619
0.09608291
0.0813414
0.081318535
0.08372667
0.08292194
0.08395383
0.08545999
0.087768964
0.09030516
0.07701378
0.080166414
0.08844748
0.08073363
0.08541506
0.080095604
0.090742856
0.07889161
0.08346218
0.089782804
0.083904035
0.08037903
0.088604674
0.07964819
0.085643604
0.08556075
0.08875968
0.0877755
0.084601775
0.09709395
0.08774913
0.08112341
0.08639224
0.086062886
0.082868755
0.0781663
0.085267
0.08465998
0.0880898
0.08246791
0.08535127
0.083341315
0.079545945
0.0786563
0.07864412
0.08360943
0.09374427
0.08071801
0.08430807
0.09504001
0.0824443
0.08391298
0.08549898
0.08286269
0.095987886
0.08048761
0.080285296
0.081554204
0.0881694
0.08567
0.08372838
0.08860331
0.07420478
0.08037775
0.08745536
0.07937916
0.08082591
0.08205457
0.09814692
0.08652568
0.0853056
0.08332331
0.08778835
0.079359524
0.08200544
0.08670799
0.08584898
0.08662232
0.08652534
0.08457217
0.09157407
0.08755694
0.08384177
0.07893506
0.08196718
0.08763271
0.08137067
0.09652431
0.08762432
0.08628643
0.081284836
0.0828712
0.084661126
0.083786525
0.08091668
0.08478057
0.085100114
0.08453763
0.08567541
0.08468982
0.10763138
0.08153764
0.08907464
0.08257005
0.084024936
0.09013803
0.08325375
0.08435316
0.08817751
0.08811658
0.08271296
0.08370951
0.08034322
0.09143538
0.10688294
0.08195456
0.08723786
0.08905944
0.08688749
0.08729617
0.08976825
0.08749034
0.08626553
0.08517798
0.08412086
0.0883633
0.082099155
0.07787039
0.08717517
0.090420745
0.09447323
0.08217119
0.07695018
0.078877725
0.07317551
0.078453474
0.08567655
0.07973083
0.09681737
0.08983595
0.080138244
0.08542421
0.08628432
0.08310441
0.08615712
0.08485143
0.08253685
0.08714082
0.0853619
0.08156671
0.08805789
0.08017918
0.081853196
0.09584541
0.081762776
0.08421346
0.093186595
0.07625389
0.08216391
0.08701577
0.08603118
0.08343646
0.08777045
0.09730677
0.08990395
0.08968547
0.08106579
0.082048364
0.08176534
0.0790473
0.09514566
0.079217784
0.092486404
0.085849054
0.084862255
0.08936577
0.084584676
0.08301834
0.08576121
0.077999175
0.078804426
0.08290576
0.0838652
0.08785426
0.08098182
0.07870224
0.097291864
0.081522785
0.086167306
0.080889456
0.08134028
0.079995215
0.08256986
0.085256346
0.086888194
0.09215782
test_wealth_with_price_abs_mean
0.22184063
0.23525181
0.23309647
0.23850761
0.23247546
0.2283384
0.22697893
0.2242866
0.231501
0.22707766
0.21940652
0.22062455
0.21686476
0.22471769
0.22740774
0.22664155
0.22194229
0.22514766
0.22366655
0.23718493
0.23518312
0.22471344
0.22463153
0.23140018
0.22708412
0.21824048
0.23332095
0.22617443
0.23289658
0.24145453
0.2191862
0.22105105
0.22392231
0.22163172
0.23304692
0.22329567
0.2322008
0.2224759
0.22049758
0.21928762
0.22456427
0.22486089
0.22485834
0.23293567
0.22985828
0.22517265
0.21946524
0.22446801
0.22701815
0.21864901
0.22927584
0.23352668
0.22850114
0.22599643
0.22714888
0.22447872
0.23024513
0.22988541
0.23478062
0.22338654
0.23391694
0.23984864
0.22253388
0.2222939
0.22631417
0.22459316
0.22572277
0.22710155
0.2303354
0.23331936
0.21691562
0.22123761
0.231252
0.2222207
0.2276805
0.22131608
0.23365802
0.21978635
0.22561078
0.23281261
0.22562851
0.22168712
0.23227623
0.22025694
0.22791691
0.2275396
0.23197843
0.2307391
0.22625963
0.2413187
0.23030594
0.22321822
0.22846402
0.22868161
0.22462223
0.21873355
0.22676475
0.22685707
0.23156178
0.22430837
0.22672878
0.225406
0.22072107
0.21970952
0.21919738
0.22619312
0.2367151
0.22139294
0.22636932
0.23921376
0.22436789
0.22570919
0.2279959
0.22435421
0.23988606
0.22135772
0.2208116
0.22265497
0.23065956
0.22779807
0.22554727
0.23165147
0.21280754
0.2218497
0.23015153
0.22022107
0.22215459
0.22328296
0.24196604
0.22916913
0.22755575
0.22538732
0.23064664
0.2207003
0.2237316
0.22954404
0.22781715
0.22897089
0.22873203
0.22639222
0.23537387
0.23079865
0.22597128
0.21909177
0.2230321
0.23008372
0.22247167
0.24078633
0.23041813
0.22943296
0.22247905
0.22462909
0.22706607
0.22591503
0.22258304
0.22720042
0.2275135
0.22634614
0.2280365
0.22672419
0.2520826
0.22286992
0.23145898
0.22406955
0.22557339
0.23380297
0.2249013
0.22596118
0.23071909
0.2303756
0.224645
0.2255728
0.22112991
0.23488362
0.2516339
0.22373216
0.23006722
0.23107864
0.2291372
0.23015893
0.23272938
0.23042694
0.22872557
0.22640339
0.22653514
0.23131049
0.22403958
0.21825849
0.23024754
0.23395693
0.23799767
0.22376746
0.21717608
0.21943755
0.21172877
0.21898012
0.22816244
0.220739
0.24099664
0.23247318
0.22121848
0.22729948
0.2284387
0.2249959
0.22861119
0.22736736
0.22466587
0.23020746
0.22811502
0.22293678
0.23074868
0.2214748
0.2240482
0.23993164
0.2230939
0.22657193
0.23712885
0.2164966
0.22439559
0.22941679
0.22853893
0.22520722
0.23004352
0.2406614
0.23386577
0.23302767
0.22257131
0.22369553
0.22328572
0.21975285
0.23922904
0.22003828
0.23551095
0.22757997
0.22694926
0.2320647
0.22685637
0.2246168
0.22755611
0.21823059
0.21936087
0.22474474
0.22562645
0.23053889
0.22246227
0.21927345
0.24086878
0.2227519
0.22870529
0.2220935
0.22300598
0.22055164
0.22424015
0.22777365
0.23008506
0.23597862
test_wealth_with_price_variance
0.08066682
0.0919972
0.08956432
0.09543895
0.08963932
0.08574535
0.0847468
0.082475364
0.08888335
0.085099176
0.07843157
0.07963266
0.076882236
0.08255798
0.08490396
0.084257744
0.08058541
0.08353543
0.08196093
0.09356497
0.091939785
0.08255938
0.082671784
0.08851461
0.08526096
0.077496424
0.09015786
0.08411323
0.08967617
0.09740139
0.07872656
0.07972477
0.08246018
0.08012627
0.09044293
0.08183723
0.08954765
0.081126906
0.0796791
0.07865331
0.08281115
0.083503835
0.08314934
0.08970694
0.08690836
0.082926534
0.07851131
0.08243027
0.08505137
0.07814264
0.08729332
0.09097602
0.08557314
0.084067374
0.085222766
0.08292912
0.087882146
0.08713193
0.09190845
0.081954546
0.09048619
0.09608291
0.0813414
0.081318535
0.08372667
0.08292194
0.08395383
0.08545999
0.087768964
0.09030516
0.07701378
0.080166414
0.08844748
0.08073363
0.08541506
0.080095604
0.090742856
0.07889161
0.08346218
0.089782804
0.083904035
0.08037903
0.088604674
0.07964819
0.085643604
0.08556075
0.08875968
0.0877755
0.084601775
0.09709395
0.08774913
0.08112341
0.08639224
0.086062886
0.082868755
0.0781663
0.085267
0.08465998
0.0880898
0.08246791
0.08535127
0.083341315
0.079545945
0.0786563
0.07864412
0.08360943
0.09374427
0.08071801
0.08430807
0.09504001
0.0824443
0.08391298
0.08549898
0.08286269
0.095987886
0.08048761
0.080285296
0.081554204
0.0881694
0.08567
0.08372838
0.08860331
0.07420478
0.08037775
0.08745536
0.07937916
0.08082591
0.08205457
0.09814692
0.08652568
0.0853056
0.08332331
0.08778835
0.079359524
0.08200544
0.08670799
0.08584898
0.08662232
0.08652534
0.08457217
0.09157407
0.08755694
0.08384177
0.07893506
0.08196718
0.08763271
0.08137067
0.09652431
0.08762432
0.08628643
0.081284836
0.0828712
0.084661126
0.083786525
0.08091668
0.08478057
0.085100114
0.08453763
0.08567541
0.08468982
0.10763138
0.08153764
0.08907464
0.08257005
0.084024936
0.09013803
0.08325375
0.08435316
0.08817751
0.08811658
0.08271296
0.08370951
0.08034322
0.09143538
0.10688294
0.08195456
0.08723786
0.08905944
0.08688749
0.08729617
0.08976825
0.08749034
0.08626553
0.08517798
0.08412086
0.0883633
0.082099155
0.07787039
0.08717517
0.090420745
0.09447323
0.08217119
0.07695018
0.078877725
0.07317551
0.078453474
0.08567655
0.07973083
0.09681737
0.08983595
0.080138244
0.08542421
0.08628432
0.08310441
0.08615712
0.08485143
0.08253685
0.08714082
0.0853619
0.08156671
0.08805789
0.08017918
0.081853196
0.09584541
0.081762776
0.08421346
0.093186595
0.07625389
0.08216391
0.08701577
0.08603118
0.08343646
0.08777045
0.09730677
0.08990395
0.08968547
0.08106579
0.082048364
0.08176534
0.0790473
0.09514566
0.079217784
0.092486404
0.085849054
0.084862255
0.08936577
0.084584676
0.08301834
0.08576121
0.077999175
0.078804426
0.08290576
0.0838652
0.08785426
0.08098182
0.07870224
0.097291864
0.081522785
0.086167306
0.080889456
0.08134028
0.079995215
0.08256986
0.085256346
0.086888194
0.09215782
price
1.6348648
1.5732671
1.5677161
1.6269865
1.6678383
1.5415481
1.6710964
1.5758433
1.6624593
1.6086917
1.6150973
1.6202385
1.7490731
1.5453221
1.5773551
1.6320013
1.6148665
1.6199058
1.6069299
1.5433896
1.6831735
1.5719388
1.568706
1.5321202
1.6104782
1.6377354
1.5150626
1.6074438
1.5397075
1.5052582
1.6419693
1.5715431
1.6009772
1.6081988
1.5428352
1.6297091
1.6721715
1.630311
1.6214021
1.6688374
1.6012838
1.6643019
1.665207
1.4884148
1.5691521
1.5481573
1.6385005
1.5711255
1.5826194
1.6238698
1.6103077
1.565579
1.5385219
1.6256331
1.6355582
1.6904249
1.5764034
1.5778921
1.578761
1.6599891
1.6240745
1.5298505
1.621651
1.6595416
1.4980592
1.6106044
1.6223545
1.6391828
1.6186717
1.6097444
1.6697292
1.6518689
1.6206056
1.7049239
1.6798508
1.6126709
1.6095175
1.636413
1.6215537
1.5935819
1.6155986
1.6145256
1.6234754
1.7340181
1.5725915
1.6563972
1.5224133
1.5725123
1.6172595
1.6940761
1.6271627
1.5422182
1.5926942
1.5231411
1.6216063
1.6879805
1.7339306
1.6442143
1.491155
1.5933427
1.6182818
1.5992794
1.6221958
1.6237074
1.674343
1.534038
1.5960208
1.7565312
1.6179467
1.5772325
1.6354059
1.6307741
1.4933624
1.6001636
1.5327958
1.6586419
1.7346262
1.6402282
1.6457815
1.5866158
1.7084754
1.5860384
1.7770686
1.6129055
1.567089
1.7630973
1.5850701
1.6584709
1.5127003
1.6400793
1.4760623
1.5939568
1.5200261
1.6247737
1.560324
1.5666318
1.5955102
1.6365043
1.5998085
1.6454393
1.5564349
1.6920927
1.5978186
1.6765386
1.6967411
1.6490513
1.632384
1.565871
1.5719118
1.4811935
1.6403638
1.6192216
1.539316
1.563101
1.5769747
1.5739839
1.6074411
1.6111621
1.619172
1.5597113
1.5968347
1.647448
1.5604782
1.6524094
1.6399612
1.464216
1.6718452
1.6432666
1.5266198
1.6196157
1.5913693
1.6050278
1.6145293
1.4521775
1.5002716
1.5584354
1.5521159
1.6507243
1.5562284
1.6417211
1.6282166
1.5170004
1.6275449
1.6697245
1.6328934
1.5785125
1.602782
1.672803
1.6761466
1.5594404
1.6664847
1.6618487
1.6557027
1.6933402
1.7928636
1.7144563
1.6055017
1.6559933
1.560458
1.6575011
1.6466079
1.6603447
1.5979433
1.57827
1.5495999
1.5089871
1.6614134
1.5121974
1.593731
1.597819
1.5838909
1.6522344
1.5523312
1.5122242
1.6434703
1.5783699
1.5318434
1.662797
1.5321724
1.5810347
1.5546541
1.6070906
1.6641483
1.5468866
1.4334762
1.585089
1.625554
1.5797138
1.5840744
1.6821009
1.6817759
1.6464099
1.6155132
1.6145388
1.6034033
1.6375194
1.555201
1.6219058
1.6467733
1.6805562
1.6842476
1.5412743
1.6251433
1.5365801
1.5809214
1.6327205
1.6412268
1.6511419
1.6007679
1.610785
1.6015811
1.6856786
1.7176225
1.5553999
1.5327686
1.46382
train_time
0.3673031
0.3124501999999989
0.3176755
0.3036607999999994
0.4005110000000016
0.297756899999996
0.3123025999999953
0.30520339999999635
0.31845969999999824
0.31114650000000665
0.3008380999999929
0.4332928000000038
0.3049853999999925
0.31540420000000324
0.3071838999999983
0.30970949999999675
0.3095002999999963
0.3111626999999828
0.30101449999997953
0.4558795000000089
0.29601710000000026
0.3140970999999979
0.29993440000001215
0.2964484000000027
0.30902460000001497
0.30606019999999035
0.2869583000000091
0.6325559999999939
0.30205119999999397
0.30738480000002255
0.30386219999999753
0.3132090999999946
0.3023113000000137
0.31286380000000236
0.2910754000000111
0.310455300000001
0.30104250000005095
0.3030216000000223
0.5339910000000145
0.2943394000000126
0.30320270000004257
0.30100889999999936
0.307029
0.30314140000001544
0.3057990000000359
0.3261213999999768
0.30307260000000724
0.3045597000000271
0.29947029999999586
0.2968706999999995
0.5922575999999822
0.29968589999998585
0.30519730000003165
0.30899979999998095
0.3024538000000234
0.31289010000000417
0.29730630000000247
0.30856060000002117
0.3140698999999927
0.3084081000000083
0.3150860999999736
0.30280870000001414
0.2899843000000146
0.29650689999999713
0.6398356000000263
0.31063779999999497
0.30334749999997257
0.29817759999997406
0.3177780999999982
0.36863049999999475
0.29939730000000964
0.31370380000009845
0.29619609999997465
0.3266587000000527
0.31903799999997773
0.29482610000002296
0.30114129999992656
0.32317750000004253
0.3026485999999977
0.3058276000000433
0.6919410000000425
0.32303460000002815
0.29413180000005923
0.3191647999999532
0.32546819999993204
0.30831750000004376
0.3149379000000181
0.29882450000002336
0.30228969999996025
0.3014174999999568
0.306865900000048
0.31165169999997033
0.31923889999995936
0.3020736000000852
0.3047229000000016
0.3070073000000093
0.3081287999999631
0.3029901999999538
0.3000094999999874
0.8119895999999471
0.3419202000000041
0.2941074000000299
0.3017470999999432
0.2924702000000252
0.31018059999996694
0.2969571999999516
0.2872034000000667
0.3017412000000377
0.3079937999999629
0.31102950000001783
0.3008973999999398
0.3602290000000039
0.3061701000000312
0.3039709000000812
0.3107558000000381
0.29941870000004656
0.3133440999999948
0.3986205000001064
0.3030827000000045
0.3010723999999527
0.3195184999999583
0.30373899999995047
0.9247994999999491
0.28287039999997887
0.3009657000000061
0.2968104999999923
0.29261139999994157
0.30380430000002434
0.29349869999998646
0.3042248000000427
0.30258340000000317
0.3080224000000271
0.30788970000003246
0.28752929999996013
0.29575870000007853
0.3020874000000049
0.30134399999997186
0.3068305000000464
0.29939889999991465
0.32141820000015286
0.3352041000000554
0.3151539000000412
0.3106052999999065
0.3350462000000789
0.2959382999999889
0.29646729999990384
0.32115349999980936
0.32406940000009854
0.3045009999998456
1.0367146999999477
0.2988404000000173
0.7798370999998951
0.4776530999999977
0.3692269999999098
0.46269199999983357
0.3332557999999608
0.3108472999999776
0.3477384999998776
0.3404341000000386
0.35756130000004305
0.3395136999999977
0.5448300999998992
0.3458540000001449
0.3035377999999582
0.31068630000004305
0.33818040000005567
0.3280842000001485
0.321713999999929
0.33060120000004645
0.315409499999987
0.3179791000000023
0.30690049999998337
0.33952290000001994
0.3355137000000923
0.3368950000001405
0.33992639999996754
0.34088889999998173
0.3441196999999647
0.31226139999989755
0.33153889999994135
1.2223085000000538
0.3170860000000175
0.30801150000002053
0.32779200000004494
0.3003775999998197
0.38078829999994923
0.3250316000001021
0.3195040999999037
0.31343730000003234
0.3166816000000381
0.29107490000001235
0.3941933999999492
0.31168460000003506
0.30983119999996234
0.3235412000001361
0.3145552000000862
0.3234531999999035
0.3098443999999745
0.31585969999991903
0.3233809000000747
0.3265814000001228
0.32256200000006174
0.3109148000000914
0.3287903999998889
0.3383263000000625
0.3110778999998729
0.3119010000000344
0.32024070000011307
0.3104120000000421
0.31717589999993834
0.3274437999998554
0.31551519999993616
0.4145469000000048
0.3160143000000062
0.3193833000000268
0.3105889000000843
1.4157337999999982
0.4154704000000038
0.3185469000000012
0.31840439999996306
0.317238800000041
0.3218444999999974
0.30685849999986203
0.320267400000148
0.32025640000006206
0.34893620000002556
0.31055749999995896
0.33084039999994275
0.31031740000003083
0.317071199999873
0.3137423000000581
0.3156630999999379
0.38082250000002205
0.29927679999991597
0.3319684000000507
0.30288930000006076
0.30874249999988024
0.31749199999990196
0.3171913000001041
0.3151001000001088
0.3063257999999678
0.31852980000007847
0.3050141999999596
0.31580570000005537
0.3213545000000977
0.2997788000000128
0.32194890000005216
0.31239290000007713
0.31596510000008493
0.2997207000000799
0.33318979999990006
0.31632059999992634
0.3213380000001962
0.33228349999990314
0.3077375000000302
0.3168709999999919


