================================================================================
=== continuous-time
train_risk
2.4333904
2.2859402
2.2835832
2.3228054
2.4613693
2.4469936
2.4645762
2.3884456
2.4291348
2.4614348
2.371943
2.4360566
2.4978702
2.2752037
2.2933812
2.427608
2.3447683
2.4628203
2.3722277
2.3243766
2.457234
2.2238243
2.3853717
2.1844733
2.3378215
2.403209
2.3059962
2.3536944
2.2970102
2.2819898
2.3947153
2.3319614
2.4066691
2.3624053
2.3705986
2.3940976
2.407825
2.3435173
2.4321737
2.4244626
2.480677
2.3733854
2.4742918
2.3588886
2.316119
2.3712983
2.4569564
2.341662
2.4638712
2.5102289
2.4316022
2.3526022
2.2238379
2.64923
2.383755
2.38452
2.3683157
2.3509305
2.3552108
2.2968712
2.553219
2.2943919
2.3041472
2.3902438
2.3680284
2.458922
2.3771293
2.4399562
2.4148238
2.3987906
2.4205272
2.3439224
2.3334785
2.5935652
2.524062
2.380522
2.429633
2.487611
2.3896496
2.4193249
2.3975163
2.3203537
2.3965561
2.5455403
2.3756974
2.4554665
2.3300743
2.3698905
2.4285345
2.543855
2.3955624
2.405225
2.4474258
2.3413854
2.4861226
2.4497404
2.4260426
2.3339667
2.232625
2.5209086
2.30015
2.4148488
2.445116
2.4124367
2.395448
2.3336675
2.410189
2.4926121
2.4836628
2.3029635
2.5121403
2.408067
2.2875247
2.3064744
2.3483026
2.3502371
2.47585
2.292669
2.5964313
2.4246726
2.5020797
2.3257966
2.485531
2.3976803
2.431235
2.5075054
2.313866
2.550704
2.4327617
2.4359915
2.4289722
2.2519908
2.327986
2.463962
2.3024633
2.3188384
2.3847106
2.476105
2.4280422
2.4770758
2.3927038
2.3691819
2.386646
2.4802513
2.3943594
2.4167001
2.4469714
2.3916035
2.4469445
2.3193436
2.4243248
2.522896
2.489044
2.3606243
2.3080533
2.2478132
2.4556277
2.4203727
2.2913206
2.3523293
2.3619769
2.398581
2.3622994
2.4743876
2.445875
2.4276092
2.520912
2.3254855
2.3191557
2.393865
2.3672993
2.4891226
2.3679652
2.2336786
2.3852265
2.3973608
2.3856335
2.529405
2.318132
2.403657
2.3100636
2.336439
2.3582547
2.4261496
2.4878178
2.3592236
2.3878436
2.4641502
2.3572419
2.3145907
2.4617074
2.295918
2.446601
2.3456125
2.5311275
2.4354436
2.4275436
2.4242697
2.3021479
2.4080594
2.4454958
2.4838734
2.3649483
2.301267
2.366939
2.3099387
2.4077349
2.3870583
2.3971264
2.3444433
2.4220064
2.3533452
2.2679467
2.3464499
2.3980439
2.4201014
2.235704
2.412754
2.3795352
2.400064
2.3666441
2.3874876
2.3779047
2.3778858
2.264138
2.3478036
2.452466
2.351237
2.5110462
2.483956
2.3782804
2.356419
2.3619075
2.369371
2.3803887
2.3202028
2.385529
2.426308
2.4661872
2.4221256
2.3088477
2.3049364
2.4347627
2.3167787
2.4296527
2.5579858
2.3204374
2.48542
2.4098413
2.3324323
2.4573455
2.490597
2.4200509
2.350876
2.4406426
2.23299
test_risk
2.4331157
2.3039045
2.287001
2.3149517
2.5002043
2.388888
2.4211133
2.461658
2.3745842
2.4806259
2.3896968
2.386927
2.514512
2.3054755
2.3091805
2.4379601
2.3441474
2.4902034
2.4238646
2.3108318
2.44754
2.276381
2.3937154
2.239606
2.3434124
2.4518902
2.3280969
2.3663163
2.317
2.319274
2.4856262
2.335319
2.421158
2.3963184
2.3275194
2.3782358
2.4540098
2.3486097
2.4183693
2.433235
2.4371092
2.346249
2.4258003
2.3168237
2.3216166
2.3597019
2.4660294
2.365948
2.4742005
2.533877
2.4259346
2.3399787
2.2642455
2.5939755
2.3634987
2.4252713
2.305516
2.4153981
2.3841083
2.3117888
2.492563
2.397256
2.3898482
2.441314
2.3383245
2.4465802
2.3778863
2.400027
2.5187507
2.4164114
2.4618127
2.3603895
2.3842375
2.5937462
2.5087059
2.390822
2.432373
2.518067
2.3448222
2.407438
2.3879714
2.3632135
2.38711
2.590113
2.385662
2.4567955
2.2752347
2.3661118
2.357054
2.5396216
2.380947
2.4131308
2.391636
2.3091624
2.5207164
2.4419365
2.4340875
2.4087071
2.241475
2.4787042
2.3038893
2.4468122
2.4711344
2.4324312
2.4055822
2.339767
2.3608527
2.4771106
2.505038
2.3655734
2.4661052
2.3913307
2.261336
2.3625424
2.3194845
2.4316854
2.4987533
2.3252516
2.5689723
2.416351
2.4750638
2.3350046
2.5160005
2.3908906
2.382762
2.5157282
2.3314428
2.5572014
2.4055636
2.47557
2.3905544
2.2982948
2.365076
2.504859
2.2942555
2.3308203
2.4008615
2.4648545
2.4488463
2.443764
2.366518
2.4025173
2.3936875
2.472215
2.4110835
2.4062293
2.3802567
2.3897064
2.4574618
2.3556466
2.4722395
2.4440093
2.4703228
2.3465176
2.3589358
2.2412426
2.45566
2.42386
2.2899916
2.3481205
2.3997602
2.4123845
2.3306
2.525414
2.4561503
2.3439233
2.5310102
2.3802958
2.3020554
2.4083605
2.360575
2.476443
2.4349582
2.2443745
2.3800707
2.4864647
2.4214277
2.528851
2.3498387
2.411864
2.3296413
2.3479574
2.3737009
2.4724162
2.409092
2.3771014
2.40696
2.4417348
2.408256
2.3480875
2.51781
2.3182395
2.447861
2.3876977
2.550943
2.5165253
2.3922837
2.4632516
2.3214495
2.400495
2.5164979
2.529104
2.3493636
2.305346
2.382871
2.3239083
2.4075074
2.396037
2.415587
2.3616896
2.4278235
2.4132423
2.2902973
2.3681543
2.4378505
2.4750428
2.3038683
2.4464245
2.3202448
2.4389832
2.4203312
2.3589478
2.41155
2.3718026
2.2705252
2.4041855
2.3978243
2.3479016
2.528746
2.4633431
2.4090536
2.4073186
2.3661475
2.3860571
2.349722
2.3400304
2.376594
2.4386709
2.5045688
2.4201226
2.3366804
2.3159192
2.4593322
2.2965682
2.4001172
2.562986
2.3981586
2.4754283
2.3335934
2.3256383
2.4737482
2.4850035
2.407524
2.3613849
2.3950877
2.2645297
test_mean_value
0.001309734
-0.0002847458
0.00036572234
-0.0012796248
-0.0007614822
-0.0016370063
0.0006413192
-0.0009166535
0.0002010339
-0.004171228
-0.0012801541
-0.00036758094
-0.0005178944
0.0016252659
0.0008484332
-0.00043493856
-0.00011078558
-0.00021954066
0.003060142
0.0016315309
0.0019856198
-0.0010046031
-0.0005209908
0.00090020866
-0.0021169847
0.0017140424
0.0022635302
-0.0019890529
-0.0018241926
0.0020202168
0.0008868384
-0.00047883805
0.0014062641
-0.0026026843
-0.00010248693
0.00046007
-0.0035426372
-0.00047663972
0.00014033016
0.00089397107
0.00090035616
-0.000392676
0.0009956821
-5.6324632e-05
0.0016191278
0.0011658465
0.0015308892
-0.0013547374
-0.002887033
0.0058370875
-0.00083212205
0.00045661404
0.0004912119
-0.0033695886
-0.0014209807
0.00057364866
-0.00086530595
-0.00061907474
-0.00043315493
0.00055038615
0.0002718333
-0.0006655622
-0.0006971569
0.00067851134
-0.0006870414
0.00034061947
-0.0002617
-0.002036744
0.0015548097
-0.002168473
0.0026384867
-0.00038104563
-0.00042648552
-0.003601996
0.0011636466
0.0003981915
-0.0025179908
0.00031460504
0.00029435122
0.0011385254
-0.00083526515
-0.0026695714
0.0011813657
-0.0007141133
-0.0003462104
0.0010834514
-0.0018544889
-0.00063306955
-0.00018118379
0.0012490035
0.0012157682
0.002638786
-0.00014117708
-0.00032226983
0.0017544682
-0.000704334
-0.00048515215
-0.00010928596
-7.576125e-05
0.0014885381
0.00021383926
0.0020729317
-0.002118017
-0.0005863536
0.00030048357
-0.0029299585
0.0017644373
-0.0021648037
-0.0016062796
-0.00060341606
0.00075656205
0.00072286645
-0.0002134359
-0.0010498436
-0.0010915594
-0.0011886182
0.00067335746
0.0002885496
-0.0010019931
-0.0032473088
0.004498377
-0.0001348502
-0.0014057044
0.0022094913
-0.0017536494
-0.0011148142
-0.0016284804
0.0013013135
-0.00011457197
0.0019930028
6.44516e-05
-0.0007359184
-0.0007507304
0.0010819644
-0.0021402896
-0.001023033
0.00024125674
-0.00070327084
0.0021835612
-0.0016031023
-0.0014423012
-0.0001688105
-0.00099242
0.0017145798
0.002881083
-0.00021264942
-8.667973e-05
-0.0023564233
-8.497937e-05
0.0016001465
-0.001331258
-0.00075992657
-8.776797e-05
-0.0026369698
0.00015832648
-0.00046262675
-0.00033694512
-0.0011250762
0.0010131316
-0.0014809755
-0.0010221698
0.0020689634
0.00051006995
0.0018533774
0.0018430393
0.00087571255
0.0018710332
0.0016408619
-0.0011486358
0.0012971561
0.00015555014
0.0013354509
0.00058756076
0.0021653366
-0.000857937
-0.0006792618
-0.0033576332
-0.001647126
0.0015089818
-0.0024086372
-0.0006772368
0.0027305998
0.0010904566
0.002563365
-0.0017874601
0.00035702015
0.0030884387
-0.0017918384
0.0013555954
-0.0019925574
-0.0018085294
-0.0003209344
0.0013794808
0.0023790745
0.00038835208
-0.00027214995
0.00095007836
0.004709176
-0.0016783889
-0.0021233633
-0.0048303935
-0.0022026163
-0.001462049
-0.00238282
-0.00013386195
0.0010454662
0.0004240932
-0.0022591276
-0.0028943294
0.0010012083
0.00082661735
-0.0042153243
-0.00023737553
-0.0019172927
-0.0021748461
-0.00081751385
0.0003190282
3.156248e-05
-0.0019955423
-0.00028816808
-0.00046522275
0.00048708406
-0.0018975537
9.263882e-05
-0.0031811148
0.0019307515
-0.0017487118
0.00068671984
-0.00084455876
0.0006630789
0.0022268968
0.0017548203
-0.00076101685
0.0011862104
-0.0020718768
-0.00091915956
0.00015052449
-0.0018293333
0.0008291013
-0.004096867
0.00086349697
0.000630591
-0.00085152936
0.0003684614
0.0002586052
0.0023898731
-0.0010305936
-0.0007239466
0.0011763741
-0.00024609335
0.0027330832
0.0008250364
-0.0017515161
0.00034309085
0.0002701099
-0.0011361399
test_mean_abs_value
0.70166516
0.60528207
0.5838942
0.6349959
0.6799527
0.70582974
0.614618
0.69633603
0.6429022
0.72243786
0.63339925
0.6300233
0.69428474
0.61789167
0.6259137
0.6622208
0.615833
0.6957774
0.7090031
0.60052586
0.67626595
0.62450564
0.6400525
0.631344
0.64491373
0.7032186
0.5966432
0.5997745
0.6296432
0.6404401
0.72643477
0.66598374
0.62597543
0.6202906
0.61263376
0.60974544
0.6897679
0.6338468
0.66988534
0.6208856
0.6788886
0.63919604
0.641296
0.6222765
0.6199317
0.63932675
0.6835564
0.6491999
0.71048766
0.72893775
0.6853386
0.63245004
0.6205065
0.8110875
0.62799853
0.63557225
0.6063528
0.66717815
0.65327466
0.57735384
0.67651457
0.68134105
0.6859644
0.61880845
0.64532864
0.6809227
0.6457809
0.6360176
0.68724585
0.65323
0.6766832
0.60726464
0.62531906
0.77029437
0.6581069
0.6846739
0.6538314
0.7051981
0.61599374
0.6529049
0.6276866
0.626148
0.6053131
0.6852598
0.6568742
0.70171505
0.6000833
0.5982993
0.627524
0.7449351
0.64051723
0.70557773
0.6735819
0.61179584
0.76101196
0.65365475
0.67233866
0.6845612
0.5749466
0.73066545
0.59827316
0.76780957
0.6813398
0.6156522
0.67518294
0.6618686
0.6237471
0.6833637
0.7783093
0.6916644
0.7576946
0.634092
0.6013493
0.60554314
0.6407693
0.65486795
0.6584211
0.5961006
0.77537465
0.64027107
0.7138161
0.62969434
0.66574687
0.6604367
0.6866795
0.6648141
0.605644
0.7162513
0.7029728
0.68686736
0.69417727
0.6037416
0.6362207
0.7396939
0.6091058
0.6386468
0.6756083
0.6926435
0.69528174
0.6684389
0.65237373
0.62319905
0.65951383
0.7227492
0.6346823
0.6244714
0.639059
0.6433258
0.68680274
0.70410067
0.63569415
0.6947812
0.7098172
0.5952091
0.68447495
0.5779591
0.6914162
0.6541754
0.59033614
0.6243812
0.6238511
0.64621764
0.6367628
0.74236125
0.7071838
0.7194042
0.7600734
0.6522308
0.62689537
0.654082
0.5974677
0.74033904
0.64920694
0.5949587
0.6778792
0.75943357
0.6885459
0.69517004
0.64422524
0.6752432
0.61532176
0.63497674
0.62109214
0.64793366
0.6885328
0.61258143
0.6515897
0.6683998
0.66356426
0.6264322
0.76481867
0.5954512
0.7086205
0.620339
0.6687565
0.6723921
0.6375216
0.670246
0.63176495
0.65064037
0.81485206
0.7369018
0.6560819
0.6131704
0.6817627
0.6478077
0.6124647
0.693947
0.66087186
0.6499723
0.71062446
0.65519243
0.5882153
0.65840566
0.701159
0.6962045
0.61805433
0.62648356
0.6480424
0.70083475
0.72493094
0.62413
0.61600506
0.62523496
0.65546024
0.6793027
0.62807345
0.61525035
0.8022873
0.63810146
0.59075946
0.6535838
0.6160096
0.6658766
0.63219017
0.6123313
0.6512943
0.70032346
0.70326734
0.5804333
0.59806424
0.65102506
0.7181217
0.6338389
0.61272216
0.7460324
0.6604967
0.73274004
0.64210075
0.57200855
0.71157634
0.7221709
0.65798044
0.6521882
0.68178785
0.6383431
test_variance_value
0.75295734
0.5673403
0.52484703
0.6217764
0.7082068
0.7497643
0.58315176
0.7389168
0.6368744
0.7880633
0.6107461
0.613369
0.72128737
0.58965915
0.61074895
0.6619679
0.58598274
0.72943085
0.754056
0.5600963
0.69578946
0.5976203
0.6306156
0.60689783
0.6329714
0.7506825
0.5465861
0.55441093
0.6091137
0.62232924
0.80311954
0.6752581
0.6028552
0.6011021
0.5769879
0.5793407
0.71605426
0.61994857
0.6868075
0.5969423
0.7046334
0.6243787
0.6389744
0.59812343
0.5885721
0.6263755
0.712625
0.64460593
0.75616944
0.8069777
0.7151149
0.61664647
0.59559095
0.96681225
0.6090762
0.6200032
0.5702865
0.6843951
0.6578971
0.5168292
0.7015014
0.70860183
0.7167456
0.5882345
0.6353307
0.70872307
0.6350917
0.61844486
0.7172884
0.6552393
0.69388807
0.5663926
0.6026301
0.8808491
0.66310203
0.71436656
0.65445626
0.7501293
0.5851976
0.65740573
0.61516315
0.5996118
0.57004845
0.7121832
0.6552649
0.7461168
0.5557235
0.5521911
0.603419
0.8287142
0.6298515
0.7551888
0.69313806
0.5803693
0.85937804
0.65260386
0.68627936
0.71375626
0.5154815
0.8011324
0.5538603
0.8798295
0.71546274
0.5840849
0.6866462
0.6718445
0.59477454
0.71089166
0.8952994
0.722187
0.84946907
0.61900073
0.5547491
0.5698101
0.63389623
0.6636946
0.66494477
0.550514
0.8984786
0.6247779
0.77724195
0.6138984
0.6733047
0.67564017
0.71840984
0.68079495
0.56546664
0.78392744
0.7425912
0.7145815
0.73680097
0.56219053
0.61856997
0.82975465
0.57204056
0.6242251
0.6949103
0.7230952
0.741131
0.6823878
0.6474723
0.60035694
0.6652911
0.7783902
0.62011606
0.60017985
0.62691563
0.6413557
0.7164531
0.7501128
0.62079567
0.7264604
0.7662891
0.5437619
0.7227443
0.5170132
0.7270257
0.6487442
0.542242
0.6031294
0.5959195
0.6520558
0.62599796
0.8226143
0.7550404
0.7771055
0.8795395
0.6520265
0.60586244
0.6533942
0.5602658
0.8146187
0.6476725
0.5466792
0.7031727
0.8694061
0.72079974
0.7398572
0.63618577
0.6903636
0.5800557
0.6185078
0.6004242
0.64410377
0.7200598
0.575989
0.6495947
0.6871856
0.67010885
0.60686827
0.87244046
0.5445845
0.7708483
0.590072
0.6908082
0.68849707
0.6326103
0.6958076
0.6109395
0.6451545
0.9671267
0.82438946
0.6544617
0.5810872
0.7260004
0.64307654
0.577539
0.72287726
0.6739825
0.6454463
0.76522386
0.65456456
0.53318506
0.6611493
0.7404689
0.7365799
0.587781
0.60313386
0.6507595
0.74832785
0.7851146
0.59259516
0.58605164
0.6029038
0.65991557
0.7007858
0.6048069
0.58470076
0.9540515
0.62865263
0.5395864
0.6552784
0.5787054
0.6841982
0.61564064
0.5786006
0.6538206
0.74288875
0.7511189
0.51943314
0.5516511
0.6521279
0.7697105
0.61647975
0.58043575
0.82935655
0.66426206
0.802815
0.62884027
0.5070719
0.7625388
0.77888834
0.65954787
0.64773446
0.71646386
0.6317771
test_mean_costs
0.0
0.0
0.0
0.0
0.0
0.0
0.0
0.0
0.0
0.0
0.0
0.0
0.0
0.0
0.0
0.0
0.0
0.0
0.0
0.0
0.0
0.0
0.0
0.0
0.0
0.0
0.0
0.0
0.0
0.0
0.0
0.0
0.0
0.0
0.0
0.0
0.0
0.0
0.0
0.0
0.0
0.0
0.0
0.0
0.0
0.0
0.0
0.0
0.0
0.0
0.0
0.0
0.0
0.0
0.0
0.0
0.0
0.0
0.0
0.0
0.0
0.0
0.0
0.0
0.0
0.0
0.0
0.0
0.0
0.0
0.0
0.0
0.0
0.0
0.0
0.0
0.0
0.0
0.0
0.0
0.0
0.0
0.0
0.0
0.0
0.0
0.0
0.0
0.0
0.0
0.0
0.0
0.0
0.0
0.0
0.0
0.0
0.0
0.0
0.0
0.0
0.0
0.0
0.0
0.0
0.0
0.0
0.0
0.0
0.0
0.0
0.0
0.0
0.0
0.0
0.0
0.0
0.0
0.0
0.0
0.0
0.0
0.0
0.0
0.0
0.0
0.0
0.0
0.0
0.0
0.0
0.0
0.0
0.0
0.0
0.0
0.0
0.0
0.0
0.0
0.0
0.0
0.0
0.0
0.0
0.0
0.0
0.0
0.0
0.0
0.0
0.0
0.0
0.0
0.0
0.0
0.0
0.0
0.0
0.0
0.0
0.0
0.0
0.0
0.0
0.0
0.0
0.0
0.0
0.0
0.0
0.0
0.0
0.0
0.0
0.0
0.0
0.0
0.0
0.0
0.0
0.0
0.0
0.0
0.0
0.0
0.0
0.0
0.0
0.0
0.0
0.0
0.0
0.0
0.0
0.0
0.0
0.0
0.0
0.0
0.0
0.0
0.0
0.0
0.0
0.0
0.0
0.0
0.0
0.0
0.0
0.0
0.0
0.0
0.0
0.0
0.0
0.0
0.0
0.0
0.0
0.0
0.0
0.0
0.0
0.0
0.0
0.0
0.0
0.0
0.0
0.0
0.0
0.0
0.0
0.0
0.0
0.0
0.0
0.0
0.0
0.0
0.0
0.0
0.0
0.0
0.0
0.0
0.0
0.0
0.0
0.0
0.0
0.0
0.0
0.0
test_mean_abs_costs
0.0
0.0
0.0
0.0
0.0
0.0
0.0
0.0
0.0
0.0
0.0
0.0
0.0
0.0
0.0
0.0
0.0
0.0
0.0
0.0
0.0
0.0
0.0
0.0
0.0
0.0
0.0
0.0
0.0
0.0
0.0
0.0
0.0
0.0
0.0
0.0
0.0
0.0
0.0
0.0
0.0
0.0
0.0
0.0
0.0
0.0
0.0
0.0
0.0
0.0
0.0
0.0
0.0
0.0
0.0
0.0
0.0
0.0
0.0
0.0
0.0
0.0
0.0
0.0
0.0
0.0
0.0
0.0
0.0
0.0
0.0
0.0
0.0
0.0
0.0
0.0
0.0
0.0
0.0
0.0
0.0
0.0
0.0
0.0
0.0
0.0
0.0
0.0
0.0
0.0
0.0
0.0
0.0
0.0
0.0
0.0
0.0
0.0
0.0
0.0
0.0
0.0
0.0
0.0
0.0
0.0
0.0
0.0
0.0
0.0
0.0
0.0
0.0
0.0
0.0
0.0
0.0
0.0
0.0
0.0
0.0
0.0
0.0
0.0
0.0
0.0
0.0
0.0
0.0
0.0
0.0
0.0
0.0
0.0
0.0
0.0
0.0
0.0
0.0
0.0
0.0
0.0
0.0
0.0
0.0
0.0
0.0
0.0
0.0
0.0
0.0
0.0
0.0
0.0
0.0
0.0
0.0
0.0
0.0
0.0
0.0
0.0
0.0
0.0
0.0
0.0
0.0
0.0
0.0
0.0
0.0
0.0
0.0
0.0
0.0
0.0
0.0
0.0
0.0
0.0
0.0
0.0
0.0
0.0
0.0
0.0
0.0
0.0
0.0
0.0
0.0
0.0
0.0
0.0
0.0
0.0
0.0
0.0
0.0
0.0
0.0
0.0
0.0
0.0
0.0
0.0
0.0
0.0
0.0
0.0
0.0
0.0
0.0
0.0
0.0
0.0
0.0
0.0
0.0
0.0
0.0
0.0
0.0
0.0
0.0
0.0
0.0
0.0
0.0
0.0
0.0
0.0
0.0
0.0
0.0
0.0
0.0
0.0
0.0
0.0
0.0
0.0
0.0
0.0
0.0
0.0
0.0
0.0
0.0
0.0
0.0
0.0
0.0
0.0
0.0
0.0
test_variance_costs
0.0
0.0
0.0
0.0
0.0
0.0
0.0
0.0
0.0
0.0
0.0
0.0
0.0
0.0
0.0
0.0
0.0
0.0
0.0
0.0
0.0
0.0
0.0
0.0
0.0
0.0
0.0
0.0
0.0
0.0
0.0
0.0
0.0
0.0
0.0
0.0
0.0
0.0
0.0
0.0
0.0
0.0
0.0
0.0
0.0
0.0
0.0
0.0
0.0
0.0
0.0
0.0
0.0
0.0
0.0
0.0
0.0
0.0
0.0
0.0
0.0
0.0
0.0
0.0
0.0
0.0
0.0
0.0
0.0
0.0
0.0
0.0
0.0
0.0
0.0
0.0
0.0
0.0
0.0
0.0
0.0
0.0
0.0
0.0
0.0
0.0
0.0
0.0
0.0
0.0
0.0
0.0
0.0
0.0
0.0
0.0
0.0
0.0
0.0
0.0
0.0
0.0
0.0
0.0
0.0
0.0
0.0
0.0
0.0
0.0
0.0
0.0
0.0
0.0
0.0
0.0
0.0
0.0
0.0
0.0
0.0
0.0
0.0
0.0
0.0
0.0
0.0
0.0
0.0
0.0
0.0
0.0
0.0
0.0
0.0
0.0
0.0
0.0
0.0
0.0
0.0
0.0
0.0
0.0
0.0
0.0
0.0
0.0
0.0
0.0
0.0
0.0
0.0
0.0
0.0
0.0
0.0
0.0
0.0
0.0
0.0
0.0
0.0
0.0
0.0
0.0
0.0
0.0
0.0
0.0
0.0
0.0
0.0
0.0
0.0
0.0
0.0
0.0
0.0
0.0
0.0
0.0
0.0
0.0
0.0
0.0
0.0
0.0
0.0
0.0
0.0
0.0
0.0
0.0
0.0
0.0
0.0
0.0
0.0
0.0
0.0
0.0
0.0
0.0
0.0
0.0
0.0
0.0
0.0
0.0
0.0
0.0
0.0
0.0
0.0
0.0
0.0
0.0
0.0
0.0
0.0
0.0
0.0
0.0
0.0
0.0
0.0
0.0
0.0
0.0
0.0
0.0
0.0
0.0
0.0
0.0
0.0
0.0
0.0
0.0
0.0
0.0
0.0
0.0
0.0
0.0
0.0
0.0
0.0
0.0
0.0
0.0
0.0
0.0
0.0
0.0
test_mean_wealth
-1.6128826
-1.5383058
-1.5400548
-1.4931605
-1.7498935
-1.5126438
-1.69874
-1.6453576
-1.6038702
-1.629
-1.6362453
-1.6316572
-1.740209
-1.5340041
-1.5257384
-1.6662464
-1.5982628
-1.6553984
-1.6014501
-1.5373788
-1.652199
-1.4556584
-1.6339531
-1.397155
-1.5370919
-1.6237026
-1.5810132
-1.6268668
-1.5312093
-1.529166
-1.6577232
-1.5063381
-1.6541781
-1.6615703
-1.5416063
-1.6072385
-1.6724036
-1.564478
-1.589671
-1.7106973
-1.6441269
-1.5461767
-1.6755769
-1.5359257
-1.5556568
-1.5783197
-1.658657
-1.5807418
-1.6613189
-1.6704965
-1.6022007
-1.5488496
-1.440602
-1.7092702
-1.5840992
-1.6815207
-1.5450885
-1.6001265
-1.5701209
-1.5850905
-1.676674
-1.5613341
-1.5152218
-1.7357326
-1.5395277
-1.6338038
-1.5836719
-1.651445
-1.7400056
-1.6359036
-1.6634492
-1.6099321
-1.64359
-1.7220196
-1.7685332
-1.5047772
-1.6267843
-1.7190195
-1.5906236
-1.624484
-1.6234182
-1.6022743
-1.6501435
-1.8564256
-1.5977474
-1.6556724
-1.4953151
-1.6254388
-1.5824455
-1.7115281
-1.6071695
-1.5148954
-1.5756407
-1.510501
-1.6330689
-1.6678157
-1.6422737
-1.5435382
-1.473969
-1.6362942
-1.5419753
-1.5667832
-1.6469272
-1.7214426
-1.60517
-1.505071
-1.6121387
-1.680824
-1.6063021
-1.5408316
-1.5964457
-1.6298745
-1.4738437
-1.6278493
-1.5129155
-1.6622282
-1.7658523
-1.5611147
-1.7096769
-1.6682644
-1.644464
-1.5450377
-1.788339
-1.6107147
-1.5373693
-1.7874702
-1.5889273
-1.7529055
-1.5500078
-1.6730633
-1.5173488
-1.5352374
-1.5513117
-1.5715744
-1.5195959
-1.5595698
-1.5759273
-1.6708937
-1.6079212
-1.6647577
-1.5795598
-1.6607077
-1.6022549
-1.6411779
-1.6564475
-1.652977
-1.6040741
-1.5972159
-1.6453116
-1.4896352
-1.742733
-1.6484728
-1.6099486
-1.6102123
-1.5381085
-1.4760575
-1.6320807
-1.6477585
-1.529029
-1.5686274
-1.6664741
-1.620234
-1.5437686
-1.6113993
-1.6246417
-1.4228797
-1.6787617
-1.6096443
-1.5097014
-1.6405714
-1.6186329
-1.625161
-1.6736286
-1.4596506
-1.5264133
-1.6310775
-1.6060727
-1.7420065
-1.5570751
-1.5778426
-1.5708046
-1.5703744
-1.6153646
-1.725441
-1.5836414
-1.6434755
-1.630901
-1.6538444
-1.6173851
-1.5539134
-1.6548731
-1.5772663
-1.634267
-1.6459177
-1.8311657
-1.7545917
-1.595641
-1.6717037
-1.5388374
-1.6192318
-1.5987093
-1.6730539
-1.5179764
-1.5330628
-1.5233357
-1.5012494
-1.6753464
-1.5475924
-1.6089581
-1.5671276
-1.5755713
-1.6531979
-1.5389662
-1.5633135
-1.576014
-1.6593581
-1.5108953
-1.7239912
-1.524834
-1.5919145
-1.5353241
-1.6044157
-1.670813
-1.6299832
-1.4105774
-1.5693959
-1.658725
-1.5837308
-1.582664
-1.7203541
-1.6969903
-1.6289179
-1.6261556
-1.5875905
-1.5800682
-1.5794581
-1.5692893
-1.6039668
-1.682354
-1.7352467
-1.5979513
-1.4986211
-1.5871785
-1.4904346
-1.674665
-1.7479179
-1.6116408
-1.6294451
-1.5180098
-1.6045166
-1.6136278
-1.642487
-1.638598
-1.5387354
-1.5319611
-1.4116657
test_mean_abs_wealth
1.613741
1.5386498
1.5402511
1.4939096
1.7500566
1.5141475
1.6988189
1.6458743
1.6041852
1.6297956
1.6364653
1.6318755
1.7404319
1.5344573
1.5261679
1.66658
1.598488
1.6561321
1.6022532
1.5377983
1.6525795
1.4566357
1.6341676
1.3984425
1.537845
1.6244718
1.5811602
1.6270598
1.5317266
1.5296698
1.6583543
1.5072467
1.6544156
1.6617391
1.5420059
1.6075289
1.6726844
1.5649533
1.5902643
1.7107902
1.6446073
1.5466105
1.6758101
1.5364261
1.5560293
1.5787054
1.6592313
1.5811361
1.6617943
1.671127
1.6026168
1.5492702
1.4415568
1.7103087
1.5844619
1.6816385
1.5453987
1.6005836
1.5706766
1.5852116
1.6771162
1.5622029
1.5164901
1.7357973
1.5401798
1.6342098
1.5842088
1.6516373
1.7401738
1.6362253
1.6638469
1.6100695
1.6437758
1.7227658
1.7686646
1.5061973
1.6273481
1.7194325
1.5909292
1.6248013
1.6237358
1.6025951
1.6503017
1.8565142
1.59809
1.6561801
1.495822
1.6256026
1.5828974
1.7119944
1.6075772
1.5162361
1.5764174
1.5109857
1.6340505
1.6680781
1.6426649
1.5443821
1.4743338
1.6369281
1.5422386
1.5685478
1.6475693
1.7214961
1.6056668
1.5062537
1.6123497
1.6812025
1.6080451
1.541738
1.597928
1.6301785
1.4743847
1.6279722
1.5135655
1.6624614
1.765935
1.5613699
1.710449
1.6684357
1.6451375
1.5455947
1.788427
1.6110897
1.5384176
1.7875646
1.5891447
1.7532319
1.5509181
1.6733656
1.5184957
1.5356586
1.5519258
1.5731398
1.5200149
1.5599838
1.576604
1.6713046
1.6085626
1.665021
1.5801115
1.6608536
1.602653
1.6418225
1.6566952
1.6531444
1.60437
1.5977548
1.6458669
1.4913557
1.7428147
1.6489375
1.610788
1.6103866
1.53903
1.4763931
1.632576
1.6480393
1.5293406
1.5689985
1.6666135
1.62067
1.544235
1.6128998
1.6254207
1.4257909
1.6794943
1.6099826
1.5103596
1.6408516
1.6188067
1.6262214
1.6738336
1.4602146
1.52743
1.6321243
1.6066705
1.7422943
1.5575854
1.5786605
1.5711011
1.5707331
1.6156261
1.725572
1.5842577
1.6436208
1.6313114
1.6541522
1.6177547
1.5544103
1.6559336
1.5774517
1.6349307
1.6461204
1.8312372
1.7547761
1.5960969
1.6719397
1.5393933
1.6195439
1.6007332
1.6736839
1.5188335
1.5335777
1.5243901
1.502161
1.6754373
1.5487221
1.609449
1.5675318
1.5764741
1.6534722
1.5392058
1.5639867
1.5768653
1.6597947
1.511452
1.7240496
1.5254825
1.5927169
1.5367135
1.6046389
1.6710072
1.6301402
1.4120916
1.5701877
1.658878
1.5840013
1.5847824
1.7204806
1.6970248
1.6292752
1.6263682
1.5881853
1.580368
1.57971
1.5698637
1.6045619
1.6827995
1.7352694
1.598173
1.4995347
1.5884327
1.4911568
1.6748132
1.7483565
1.611972
1.6305748
1.5187094
1.604604
1.6145262
1.6430742
1.6389039
1.539454
1.5328566
1.4131284
test_variance_wealth
0.14932893
0.13217363
0.12852642
0.14509521
0.1286592
0.16678137
0.11953053
0.14529194
0.13362807
0.15731858
0.1266047
0.12823637
0.13410015
0.13409866
0.13748863
0.13548492
0.12791096
0.15123856
0.15116273
0.13428535
0.14182082
0.15179726
0.13076791
0.15245937
0.1475731
0.15173703
0.1266708
0.124832034
0.13804837
0.14119513
0.15136783
0.14875087
0.12773398
0.12372639
0.13457951
0.12950237
0.13563117
0.13723068
0.15144217
0.119639605
0.13989227
0.13729964
0.12731901
0.13648045
0.13247141
0.1348809
0.14649323
0.13761312
0.14536892
0.16556077
0.1437649
0.13758951
0.14734846
0.17002958
0.13351797
0.12606673
0.13193664
0.14079487
0.14830483
0.12209421
0.15024616
0.14879362
0.16786556
0.115801826
0.14421077
0.14190389
0.13998967
0.12788722
0.13247885
0.13494949
0.14188094
0.12535368
0.12564091
0.15959477
0.1252445
0.16086139
0.14319134
0.14175756
0.12972115
0.13526107
0.13026266
0.13050844
0.12390809
0.12424937
0.1360077
0.14157346
0.13608497
0.12338789
0.1333667
0.15139546
0.1349967
0.16514948
0.1492398
0.13950557
0.17018981
0.13254344
0.13965657
0.1640526
0.13174976
0.1550571
0.13116626
0.17180435
0.14763884
0.11679173
0.14233597
0.15141578
0.12973833
0.14399113
0.17684989
0.14990462
0.16666909
0.1308033
0.13966465
0.123784475
0.14305566
0.13320194
0.122259855
0.1298077
0.16327637
0.12653144
0.15194894
0.13777696
0.120908245
0.13782063
0.16084357
0.12237763
0.12704812
0.14150971
0.15775724
0.14163342
0.16392516
0.13208546
0.14697973
0.18609844
0.13454047
0.13473608
0.14820674
0.14202982
0.15729603
0.13503233
0.13774426
0.12466482
0.13851139
0.15539604
0.1275171
0.12594315
0.1334358
0.13891827
0.15091415
0.16404632
0.121311456
0.14100502
0.15880671
0.123622
0.15017933
0.13307682
0.14517358
0.13381408
0.13019712
0.1342349
0.123527884
0.13835104
0.1391231
0.18009542
0.14835462
0.18018666
0.15704031
0.1346253
0.14145255
0.13427211
0.12474314
0.15982392
0.12852578
0.13853642
0.15535241
0.16340601
0.14533688
0.1372506
0.14255218
0.15471192
0.13009056
0.13664992
0.12945749
0.12674002
0.1465693
0.12448929
0.13183753
0.13673036
0.13891168
0.14047188
0.16613238
0.12663233
0.14810179
0.1257722
0.12028193
0.12946543
0.13982454
0.13655749
0.1378353
0.13839418
0.18472598
0.16091302
0.15083489
0.1356545
0.16187783
0.1505345
0.12142741
0.15811516
0.14670776
0.13748145
0.1574991
0.12954396
0.12954059
0.14526823
0.15547828
0.1413339
0.139156
0.119305015
0.14289224
0.15522142
0.16342239
0.12980843
0.12592489
0.12688698
0.15669063
0.15683632
0.12441118
0.13234478
0.18782064
0.123353384
0.115188025
0.1326955
0.12654315
0.14294243
0.13377854
0.12844802
0.1440029
0.1561599
0.14618696
0.10980749
0.12557846
0.145137
0.1641037
0.14355321
0.121039465
0.14976817
0.13784051
0.15842864
0.1436861
0.11988692
0.16230905
0.16053863
0.13427348
0.15072866
0.15670039
0.15520658
test_wealth_with_price_abs_mean
0.29526708
0.28158432
0.27946585
0.29197332
0.27743903
0.3112648
0.26887715
0.29193854
0.28237873
0.30278653
0.27512863
0.27660635
0.28218356
0.28314498
0.28627703
0.2841383
0.27710363
0.29704714
0.29800588
0.28348142
0.29015112
0.3007166
0.2802722
0.2994206
0.2965211
0.29834807
0.27650258
0.27406555
0.28667796
0.2907268
0.29760075
0.29537565
0.27504906
0.27286366
0.2829079
0.2770157
0.28346673
0.28551325
0.29915878
0.26888373
0.28742307
0.28472152
0.2756531
0.2851717
0.28133932
0.2827557
0.29400757
0.2860391
0.2924952
0.31192854
0.2906324
0.2857441
0.29487002
0.31333545
0.28166416
0.27566674
0.28184927
0.28677627
0.29688656
0.27248996
0.29858074
0.29375842
0.31377155
0.2647187
0.2927527
0.28880867
0.28823575
0.27719283
0.2799417
0.28273162
0.2893937
0.2746123
0.2748882
0.301997
0.27415085
0.30419084
0.29041514
0.288168
0.27933428
0.28306994
0.27859408
0.2792586
0.27323458
0.27333963
0.28384185
0.2884302
0.28532472
0.2728826
0.28122494
0.29778466
0.28343356
0.3082413
0.29678413
0.28808418
0.31451818
0.28041714
0.28713217
0.3108122
0.28136855
0.30126175
0.28096834
0.31469813
0.29329532
0.26608843
0.28968424
0.29699188
0.28010207
0.29274407
0.3193172
0.2966469
0.3104728
0.2792233
0.2892884
0.2732741
0.29091352
0.28161466
0.27064168
0.27914974
0.30879712
0.27524278
0.29789197
0.28590736
0.26931572
0.2861256
0.30811465
0.2711441
0.27694672
0.28805548
0.30363974
0.28960696
0.3092336
0.2815501
0.2949423
0.3279224
0.28354764
0.2838452
0.29478166
0.28965074
0.30458182
0.28330606
0.28549594
0.273863
0.2865695
0.30308697
0.2753639
0.27423108
0.28179199
0.2863973
0.29971334
0.3086782
0.2704142
0.28821987
0.3040865
0.27266726
0.2970662
0.28378296
0.29161128
0.28241783
0.27990758
0.282379
0.27295625
0.28621507
0.28807044
0.32307696
0.29300654
0.32125401
0.30135906
0.28340825
0.28985375
0.2833749
0.27407408
0.30439925
0.27649435
0.28834334
0.30114534
0.30830267
0.29164445
0.28480703
0.29165933
0.30169538
0.27943882
0.28533146
0.27834845
0.27500814
0.29272994
0.27409527
0.279234
0.2843169
0.2873522
0.2887927
0.31137887
0.27685288
0.29555297
0.27489913
0.2690411
0.27693355
0.2877187
0.28383237
0.28622848
0.28802943
0.32590398
0.30736312
0.29815638
0.2848521
0.307866
0.29834357
0.27081722
0.30410454
0.29501793
0.28523338
0.3029115
0.2778144
0.27996558
0.29352993
0.30011246
0.2874776
0.28774408
0.2682265
0.29141435
0.3010563
0.3068702
0.27933064
0.2749614
0.27608094
0.30206606
0.30477932
0.27344808
0.28182572
0.32637337
0.27115896
0.2645497
0.2803402
0.27641302
0.2905207
0.2827552
0.27749243
0.29137245
0.30432186
0.2922754
0.2592978
0.27501976
0.29193717
0.30798626
0.29150754
0.27002272
0.2968057
0.28630948
0.30343086
0.29089102
0.27015477
0.30823335
0.30894142
0.28319693
0.2987963
0.30163166
0.30127963
test_wealth_with_price_variance
0.14932893
0.13217363
0.12852642
0.14509521
0.1286592
0.16678137
0.11953053
0.14529194
0.13362807
0.15731858
0.1266047
0.12823637
0.13410015
0.13409866
0.13748863
0.13548492
0.12791096
0.15123856
0.15116273
0.13428535
0.14182082
0.15179726
0.13076791
0.15245937
0.1475731
0.15173703
0.1266708
0.124832034
0.13804837
0.14119513
0.15136783
0.14875087
0.12773398
0.12372639
0.13457951
0.12950237
0.13563117
0.13723068
0.15144217
0.119639605
0.13989227
0.13729964
0.12731901
0.13648045
0.13247141
0.1348809
0.14649323
0.13761312
0.14536892
0.16556077
0.1437649
0.13758951
0.14734846
0.17002958
0.13351797
0.12606673
0.13193664
0.14079487
0.14830483
0.12209421
0.15024616
0.14879362
0.16786556
0.115801826
0.14421077
0.14190389
0.13998967
0.12788722
0.13247885
0.13494949
0.14188094
0.12535368
0.12564091
0.15959477
0.1252445
0.16086139
0.14319134
0.14175756
0.12972115
0.13526107
0.13026266
0.13050844
0.12390809
0.12424937
0.1360077
0.14157346
0.13608497
0.12338789
0.1333667
0.15139546
0.1349967
0.16514948
0.1492398
0.13950557
0.17018981
0.13254344
0.13965657
0.1640526
0.13174976
0.1550571
0.13116626
0.17180435
0.14763884
0.11679173
0.14233597
0.15141578
0.12973833
0.14399113
0.17684989
0.14990462
0.16666909
0.1308033
0.13966465
0.123784475
0.14305566
0.13320194
0.122259855
0.1298077
0.16327637
0.12653144
0.15194894
0.13777696
0.120908245
0.13782063
0.16084357
0.12237763
0.12704812
0.14150971
0.15775724
0.14163342
0.16392516
0.13208546
0.14697973
0.18609844
0.13454047
0.13473608
0.14820674
0.14202982
0.15729603
0.13503233
0.13774426
0.12466482
0.13851139
0.15539604
0.1275171
0.12594315
0.1334358
0.13891827
0.15091415
0.16404632
0.121311456
0.14100502
0.15880671
0.123622
0.15017933
0.13307682
0.14517358
0.13381408
0.13019712
0.1342349
0.123527884
0.13835104
0.1391231
0.18009542
0.14835462
0.18018666
0.15704031
0.1346253
0.14145255
0.13427211
0.12474314
0.15982392
0.12852578
0.13853642
0.15535241
0.16340601
0.14533688
0.1372506
0.14255218
0.15471192
0.13009056
0.13664992
0.12945749
0.12674002
0.1465693
0.12448929
0.13183753
0.13673036
0.13891168
0.14047188
0.16613238
0.12663233
0.14810179
0.1257722
0.12028193
0.12946543
0.13982454
0.13655749
0.1378353
0.13839418
0.18472598
0.16091302
0.15083489
0.1356545
0.16187783
0.1505345
0.12142741
0.15811516
0.14670776
0.13748145
0.1574991
0.12954396
0.12954059
0.14526823
0.15547828
0.1413339
0.139156
0.119305015
0.14289224
0.15522142
0.16342239
0.12980843
0.12592489
0.12688698
0.15669063
0.15683632
0.12441118
0.13234478
0.18782064
0.123353384
0.115188025
0.1326955
0.12654315
0.14294243
0.13377854
0.12844802
0.1440029
0.1561599
0.14618696
0.10980749
0.12557846
0.145137
0.1641037
0.14355321
0.121039465
0.14976817
0.13784051
0.15842864
0.1436861
0.11988692
0.16230905
0.16053863
0.13427348
0.15072866
0.15670039
0.15520658
price
1.6126404
1.5382938
1.5390353
1.4936006
1.7497936
1.5114676
1.6994295
1.6458998
1.6032574
1.6295186
1.6369386
1.6328802
1.7395297
1.5329779
1.5262893
1.665277
1.5981643
1.6572633
1.6013135
1.5373061
1.6529006
1.454911
1.6340685
1.3980047
1.5366634
1.6237236
1.5816983
1.6269444
1.5318482
1.5286733
1.6571134
1.5076239
1.6538028
1.6609174
1.5417031
1.6082263
1.6731309
1.5638775
1.5905126
1.7099692
1.6446309
1.546989
1.6750991
1.5362991
1.5568719
1.5790082
1.6595774
1.5803193
1.6614516
1.6703511
1.6024656
1.5492986
1.440255
1.7093775
1.5836282
1.6805912
1.5450642
1.6012653
1.571459
1.5854003
1.6755555
1.5616242
1.5150797
1.7359104
1.5400337
1.6337352
1.5835222
1.6523244
1.7397943
1.6355824
1.6644125
1.6105051
1.6438967
1.7221847
1.7689719
1.5047067
1.6267353
1.7200593
1.5913317
1.6247385
1.6234393
1.6029347
1.6507046
1.8566363
1.5965424
1.6562487
1.495002
1.6254827
1.5830923
1.7114903
1.6071346
1.5133389
1.5749806
1.5115875
1.6328859
1.6676275
1.6424665
1.5428035
1.4743737
1.6374538
1.542938
1.5664253
1.6472145
1.7217189
1.6046975
1.5060661
1.6131017
1.6809821
1.6065007
1.540056
1.5963029
1.6302
1.475425
1.6298013
1.5127188
1.66217
1.7658647
1.5614488
1.7089534
1.6684282
1.6442292
1.5444857
1.7885966
1.6115688
1.5370085
1.7882535
1.5904149
1.7526186
1.549597
1.6729773
1.5163193
1.5354822
1.5520283
1.5719775
1.5201485
1.5593209
1.5760832
1.6716508
1.607385
1.6665123
1.5800169
1.6602185
1.6017438
1.6419407
1.6560967
1.6533976
1.6035254
1.598586
1.6455171
1.4907783
1.7422391
1.6492959
1.6105666
1.6112759
1.5379151
1.4761485
1.6315405
1.6479031
1.5299233
1.5691824
1.6662273
1.6199789
1.542971
1.6110106
1.6252916
1.4238129
1.6784059
1.6101232
1.5108029
1.6412832
1.6191168
1.6249678
1.6730891
1.4583793
1.5273323
1.6304897
1.6082577
1.7406181
1.5565197
1.5781562
1.5721805
1.5702463
1.6152885
1.7260785
1.5826056
1.6445019
1.6309167
1.653436
1.6183611
1.5534679
1.6543057
1.5787598
1.6339647
1.6456729
1.8326147
1.7549468
1.595285
1.6711981
1.540068
1.6190394
1.5991396
1.6722373
1.5169537
1.533945
1.5220963
1.5021389
1.6746453
1.5491672
1.6090851
1.5671442
1.5777384
1.6530654
1.53948
1.5639453
1.5756823
1.6589624
1.5111427
1.7235215
1.5246494
1.5932351
1.5343269
1.6038833
1.6712255
1.6303438
1.4108568
1.5698214
1.658519
1.5832245
1.5827553
1.7202837
1.6969898
1.6297681
1.6253412
1.5880806
1.5808152
1.5814291
1.569448
1.603554
1.6832473
1.7345972
1.5978664
1.5002571
1.5870141
1.4915067
1.6759063
1.7478399
1.610092
1.6293639
1.5189307
1.6038398
1.6137986
1.6424916
1.6400396
1.5393809
1.533219
1.4110875
train_time
0.39000140000000005
0.3042493000000004
0.3317205000000012
0.3112408999999978
0.4125923
0.3182893
0.31902990000000386
0.3628701000000021
0.4113350999999952
0.30883099999999786
0.33482649999999836
0.4897804000000008
0.3346832000000006
0.319455099999999
0.3387394999999884
0.3146184999999946
0.31844639999999913
0.31849799999999107
0.3235539000000074
0.4826338999999962
0.32195750000001055
0.3201129999999921
0.324627200000009
0.3207102000000077
0.32590629999999976
0.3229953000000023
0.3274654999999882
0.5236287000000175
0.33878589999997644
0.3187374000000034
0.32346479999998223
0.31136330000001067
0.32352739999998903
0.30493569999998726
0.3207001000000105
0.3205618000000072
0.3270420999999999
0.32459790000001476
0.5741768999999977
0.33196929999999725
0.33334469999999783
0.3343924000000129
0.3157815999999798
0.31723109999998655
0.30599580000000515
0.32286300000001233
0.32181320000000824
0.30326490000001627
0.32967089999999644
0.3796139000000096
0.424619100000001
0.4158929000000171
0.6199272999999721
0.32228340000000344
0.34236019999997325
0.3204567999999881
0.31133330000000115
0.3146809000000417
0.32284649999996873
0.36219669999996995
0.2989837999999736
0.33311850000001186
0.3458521999999675
0.3161071999999763
0.6810761000000412
0.3085125000000062
0.3072608000000514
0.3188268999999764
0.32009490000001506
0.3201339999999959
0.3621426999999926
0.3985587000000237
0.33035559999996167
0.3099672999999825
0.3797763000000032
0.3367188000000283
0.3053446999999778
0.3171370999999681
0.32364360000002534
0.3108296999999993
0.7797459999999887
0.30474119999996674
0.3170709000000329
0.4290136999999845
0.3805293000000347
0.4392126999999846
0.3237160000000472
0.3146854000000303
0.3463812999999618
0.3206617000000165
0.3097488000000226
0.3012800999999854
0.30507599999998547
0.3050011999999924
0.31762359999999035
0.311859400000003
0.3116646000000287
0.32674209999998993
0.315853699999991
0.30700960000001487
0.32804590000000644
0.31003659999998945
0.29451999999997724
0.32916369999998096
0.31263060000003406
0.31001530000003186
0.3065364999999929
0.47142919999998867
0.31080359999998564
0.32258999999999105
0.31080450000001747
0.3159581000001026
0.30792010000004666
0.3042533000000276
0.37265419999994265
0.32783840000001874
0.31466969999996763
0.3100859999999557
0.3239298000000872
0.31719650000002275
0.31314050000003135
0.30331569999998464
1.0680642999999463
0.3158350999999584
0.31917680000003656
0.4841530999999577
0.345319199999949
0.3683663000000479
0.3204524999999876
0.31701940000004925
0.3354669999999942
0.32416699999998855
0.3316297000000077
0.3963677000000416
0.38095879999991666
0.3252492000000302
0.31486199999994824
0.3334729000000607
0.3344147000000248
0.3116037999999435
0.3193555999999944
0.32269109999992907
0.3166421999999329
0.31227820000003703
0.3298518999999942
0.3210551999999325
0.35214059999998426
0.3282712000000174
0.3287573999999722
1.1998652999999422
0.33317040000008546
0.308476799999994
0.2999820999999656
0.35423629999991135
0.31801470000004883
0.3330047999999124
0.3284557000000632
0.3763867999999775
0.3070827999999892
0.31657510000002276
0.324833099999978
0.30607419999989816
0.3329465999999002
0.35567589999993743
0.33198890000005576
0.3212595999999621
0.33274260000007416
0.3378529000000299
0.3451152999999749
0.342360699999972
0.32900069999993775
0.3455542000000378
0.3378175000000283
0.3378761000000168
0.34935680000000957
0.32914370000003146
0.35773299999993924
0.3414685999999847
0.34033849999991617
0.3356221999999889
1.426937799999905
0.3422672000000375
0.326332500000035
0.34347390000004907
0.3282492999999249
0.33645130000002155
0.34743520000006356
0.35189170000001013
0.33753999999998996
0.3458679000000302
0.3357317999999623
0.32907590000002074
0.32357649999994464
0.3306893000000173
0.4334289999999328
0.4180837999999767
0.4347368999999617
0.3297728999999663
0.3395647000000963
0.3331652999999051
0.3404831999999942
0.3594318000000385
0.3348988999999847
0.33713780000005045
0.5743115000000216
0.3268580999999813
0.33247959999994237
0.32570830000008755
0.3367545000000973
0.3197069999998803
0.31813469999997324
0.3243356999998923
0.33096379999983583
0.3324714000000313
0.3337875999998232
0.32664820000013606
1.6702308999999786
0.329360700000052
0.32662619999996423
0.32897669999988466
0.3536094000000958
0.346347200000082
0.3490701999999146
0.34555199999999786
0.3356989000001249
0.330895000000055
0.3402401999999256
0.33449739999991834
0.32641100000000733
0.3355503000000226
0.3396271000001434
0.32648010000002614
0.32978159999993295
0.3344006999998328
0.3434219999999186
0.3243393999998716
0.3336305000000266
0.3426962999999432
0.3378761999999824
0.3389770999999655
0.33066039999994246
0.33941570000001775
0.32733600000005936
0.32876580000015565
0.3410718000000088
0.32804729999998017
0.33811740000010104
0.343476100000089
0.3321696000000429
0.33230639999987943
0.3399322000000211
0.3227584000001116
0.3444303999999647
0.3371462000000065
0.41426849999993465
0.40885179999986576


