================================================================================
=== continuous-time
train_risk
2.128209
2.108634
2.1553257
2.204733
2.2201204
2.1220899
2.233727
2.1874485
2.1657002
2.1557448
2.2326796
2.196156
2.2476556
2.1005898
2.0927038
2.1558273
2.1886659
2.1746798
2.1851497
2.1347563
2.2654653
2.124255
2.1530225
2.1355343
2.1867871
2.2829163
2.09892
2.1898828
2.120894
2.0595274
2.194733
2.1434488
2.2036757
2.180129
2.113213
2.1509614
2.2600884
2.1937468
2.0948944
2.1836739
2.167033
2.2260401
2.24299
2.102613
2.2442272
2.1796606
2.2312455
2.1530483
2.1443024
2.1791923
2.16905
2.112944
2.0575173
2.1960635
2.2289112
2.2487338
2.151077
2.192459
2.1470335
2.1707852
2.2049522
2.14359
2.2191107
2.1971962
2.1052692
2.223359
2.2275782
2.18161
2.1852434
2.1810503
2.1734877
2.2262766
2.1988738
2.2974172
2.2475245
2.1484704
2.232297
2.1087842
2.1472728
2.097244
2.1994488
2.191109
2.1950963
2.337626
2.134557
2.2560155
2.1411633
2.1412904
2.2624812
2.2697089
2.1951718
2.1242325
2.2143302
2.0824816
2.1791196
2.2016575
2.2266126
2.2497065
2.0325217
2.1042314
2.1785266
2.1185489
2.2173097
2.2226825
2.2566223
2.1379654
2.151256
2.3340778
2.1416936
2.088992
2.2222276
2.1548262
2.0819812
2.1845584
2.11873
2.220613
2.2774148
2.2179549
2.1854622
2.1709316
2.2257342
2.2046735
2.3030126
2.1284702
2.1648962
2.3350732
2.188036
2.224196
2.0926769
2.231262
2.1590445
2.1149926
2.1429796
2.1734397
2.1713917
2.1665416
2.218102
2.1629438
2.1510966
2.209871
2.080309
2.2174585
2.1786213
2.244404
2.2472298
2.2210305
2.143269
2.17532
2.1439817
2.0829866
2.229769
2.1983056
2.1539435
2.2083383
2.1642551
2.125745
2.1294227
2.1230538
2.1805713
2.1177227
2.1452067
2.1970441
2.1204188
2.1570532
2.2092638
2.1016989
2.2459297
2.2258525
2.125882
2.1788313
2.1720326
2.1250281
2.1119685
2.073556
2.0921807
2.1380026
2.1319752
2.161817
2.096766
2.223384
2.138531
2.1418004
2.177336
2.1922429
2.1650121
2.1115663
2.2410758
2.1962342
2.1913214
2.0968306
2.1953483
2.19251
2.2208598
2.2383354
2.330221
2.2324104
2.1563067
2.1920307
2.1541872
2.193776
2.2008512
2.2251163
2.0974658
2.1452062
2.141155
2.0898461
2.1843512
2.103501
2.1589205
2.1772952
2.1574655
2.2171142
2.1142263
2.1408463
2.1940105
2.141824
2.1814127
2.2040324
2.1238558
2.2233915
2.1455863
2.196962
2.1930318
2.1810799
2.072009
2.1575148
2.1891005
2.1982524
2.1577861
2.2209713
2.2660747
2.2124548
2.2232099
2.1260324
2.1924841
2.2112117
2.1088314
2.225541
2.1809783
2.2052066
2.2096612
2.1044743
2.2449043
2.1614854
2.1772265
2.1801617
2.1858182
2.1912389
2.219434
2.1655257
2.1729643
2.2121725
2.2212281
2.1391015
2.1256602
2.0669863
test_risk
2.1653821
2.1416695
2.1398735
2.209179
2.2548356
2.0990338
2.2169843
2.1710968
2.222715
2.1648004
2.1809509
2.1948807
2.2658322
2.0950024
2.1522694
2.1686163
2.1905606
2.2324457
2.2297852
2.1509757
2.2769215
2.1333685
2.1769526
2.1177578
2.1977699
2.2332783
2.0921478
2.1795285
2.117855
2.0847144
2.2145908
2.1678255
2.187502
2.1914682
2.150199
2.209186
2.2483616
2.1923704
2.1565979
2.1917226
2.1584146
2.2186344
2.2451391
2.1115596
2.2373233
2.1413732
2.2203162
2.1451664
2.1631947
2.1750655
2.192937
2.1157668
2.1119606
2.2033067
2.2116795
2.2337341
2.1358562
2.142249
2.1548939
2.198531
2.1821165
2.1491508
2.2071764
2.194758
2.0881667
2.1935022
2.214571
2.22189
2.1836004
2.1809938
2.218643
2.2104206
2.2019618
2.2684338
2.217001
2.1533597
2.232468
2.1912315
2.1597364
2.1496189
2.1988955
2.220889
2.1840184
2.3020225
2.1366777
2.2329798
2.1360517
2.152638
2.2228518
2.241476
2.2027302
2.1328032
2.1945474
2.1104577
2.1771238
2.2276492
2.2679272
2.2210712
2.0754924
2.1301606
2.1690233
2.1535273
2.2312706
2.1958134
2.2627435
2.1609297
2.1606967
2.2813447
2.1668875
2.1353054
2.190432
2.1880805
2.0719352
2.1910703
2.092051
2.2122352
2.3281033
2.201298
2.2095797
2.161304
2.2302618
2.1893945
2.3177485
2.1579943
2.2035103
2.320651
2.1921113
2.2544785
2.1137555
2.2063
2.107914
2.1431959
2.1379404
2.175455
2.1501024
2.1230443
2.157865
2.1607993
2.1428196
2.2253675
2.139839
2.23316
2.196575
2.2774768
2.237517
2.193475
2.1784747
2.1949444
2.1351473
2.0670857
2.2182405
2.200172
2.1155174
2.165517
2.1590834
2.1274538
2.1644735
2.170539
2.2013333
2.1561234
2.1406643
2.1889384
2.1411424
2.1898484
2.1943913
2.094954
2.2180614
2.231686
2.1390724
2.1967409
2.1372879
2.1526692
2.1397977
2.0775006
2.082962
2.1405764
2.1570253
2.196396
2.144325
2.2285874
2.1845658
2.15407
2.1680899
2.2272234
2.1971898
2.1206288
2.204185
2.223351
2.209386
2.1412804
2.235887
2.2025678
2.2191842
2.2696166
2.3122637
2.2425597
2.1489263
2.1830683
2.1329145
2.2212667
2.213194
2.2317355
2.1389985
2.1602657
2.1167104
2.0985537
2.2052991
2.116042
2.1561139
2.2023003
2.1671948
2.2206702
2.1396675
2.1290753
2.1838214
2.1555157
2.1502655
2.2175527
2.1056828
2.1955776
2.1368487
2.1816812
2.2076313
2.1577828
2.0795271
2.1290562
2.188601
2.1877098
2.159104
2.2599165
2.2821765
2.2258933
2.2123854
2.1692092
2.1951692
2.2028587
2.1079977
2.2049491
2.2110372
2.220165
2.227425
2.1364596
2.1962779
2.1667578
2.129849
2.2047489
2.1663833
2.1812701
2.2102888
2.2125158
2.1851192
2.2234797
2.2451828
2.1479676
2.0840175
2.074522
test_mean_value
0.0008456682
0.0007854468
-0.0016009699
-0.000849536
0.00017931875
0.0014750056
-0.0007015268
-0.00040437363
-0.00012757757
-0.00088445435
-0.0011420605
0.0005040617
-7.640223e-05
0.00019406511
0.0006274072
-0.00063128624
0.0007514492
-0.0028836217
-0.00134133
0.0008205521
-0.0014486617
0.000117942625
0.00072402554
-0.0015876429
0.0024670989
-4.1632535e-05
0.00092968537
-0.00041040598
-0.00052974693
0.00058844953
0.0010181204
0.0011219198
-0.003589904
0.0021563869
0.0004928312
-0.0009237297
-0.000699656
0.00015681447
0.00045502518
-0.0021726862
0.00048247422
-0.00075421605
-0.00044149187
-0.00042769813
0.0004107744
0.0016534501
-4.5216668e-05
-7.6442455e-05
0.0005420618
0.0005632232
-0.00013982183
0.00033277387
-0.0012558273
0.0012033092
-0.00023024747
0.00011773409
0.0002487538
-5.2541967e-05
7.9545534e-05
-8.652402e-05
-0.0008988502
-0.0010404336
-0.0011651921
0.0016533623
-0.00092037395
-0.0011085776
0.0014864202
-0.0002731818
0.0015435979
0.00083186664
0.0006285339
0.0014077802
0.0004207356
0.0011195982
-0.0015171666
0.0005116843
0.0008840135
-0.0016961569
-0.0002426732
0.0014356939
-0.0012681525
0.00043507817
0.0011703707
0.000567738
-0.000335039
6.506636e-05
0.0012527918
-0.0012797475
8.585276e-05
-0.0006109703
-0.00036849285
-0.0009867348
-0.0011578811
0.0005726701
-8.528202e-05
0.0016149145
0.0011115738
-0.0012743399
-0.0001930838
0.0015046126
0.00046813436
0.00039896523
-0.00031579213
-0.002147315
-0.0019012459
0.0018082748
0.0006062271
-0.0011817008
-0.00051796343
0.0007519554
0.0010554594
0.0005968362
0.0008074819
-0.0016178784
-0.00028166498
0.00040822697
-0.00046567098
-0.00014936148
0.0010452355
0.0002869153
0.00084070116
0.00042085326
0.0007345736
-0.0005386783
0.00254233
9.39181e-05
0.00043471597
0.0014725093
0.0003240985
-0.00086521683
-0.000494457
0.0011687292
0.0012248015
0.00034339447
0.0010121878
0.0015715659
0.001521258
-0.0015403243
0.0013156345
0.0004977815
-1.8593933e-05
-4.244423e-05
-0.0011586229
5.2579493e-05
-0.0023171178
0.00069751544
-0.0016558396
-0.0011989243
0.00091844145
0.0009213959
0.0027614743
-0.0008865786
-0.0007306881
0.0021021247
0.00013597484
-0.001235188
-0.00037540257
8.057207e-06
-0.0009256953
-0.0003391167
-0.0015124654
0.0018642491
-0.0013567335
-0.001915439
-4.9879603e-05
-0.00092133996
0.00050304184
0.0019560081
-0.0015170439
-0.00042072966
0.00055992976
0.00032906566
-6.2637606e-05
-0.00014267526
0.0011309444
0.00073009
-0.000953069
-0.00036454908
-1.7827802e-05
0.0021050929
-0.0013972117
0.0011189994
0.00067705655
0.00012839201
-0.0013035539
0.0006397699
0.0004259227
-0.0002660534
-1.9488201e-05
-0.0016798282
0.000642699
0.00028067242
0.00048099214
-0.00020444444
0.00010029524
-0.0012258353
0.0023550994
0.0005273831
0.0025276851
-0.0011291829
0.00058174576
0.0019843765
0.00014288888
-0.0008675745
-0.001523436
-0.001674574
0.0005699208
0.0008711076
0.00043436806
-0.0025962554
0.000105041574
-0.0017857193
0.0017009646
-0.0012856186
-0.00037849296
-0.00011267529
-0.0030708013
0.0012198167
-0.0022929774
-0.0014838234
0.000828045
-0.001644324
0.00032667606
-0.0010141935
-0.0013669726
-0.0009151204
-0.00050565734
-0.001291212
-0.00010762425
0.0011112002
-2.1475966e-05
-0.00021368767
-0.0014425084
-0.0016475489
-5.1478153e-05
-0.00039503904
-0.0012254189
0.0016833169
0.001093182
-0.00025773246
0.00086324656
0.00040511816
0.00047971756
0.0011898329
-9.721069e-05
-0.00024129126
-0.0013250726
-0.00084174954
-0.00047641638
0.001325383
2.9021294e-05
-0.0004457906
-0.00076489936
-0.0015561086
-0.00017915285
-0.00049360533
test_mean_abs_value
0.4777157
0.4646649
0.4717119
0.50041926
0.5150597
0.4502477
0.48376325
0.47540727
0.5123027
0.48143613
0.4524835
0.4808087
0.5007277
0.46138352
0.5030755
0.47791418
0.5117358
0.5102156
0.514745
0.4630937
0.53784716
0.47336686
0.48413673
0.46390092
0.51717174
0.52094156
0.48137578
0.51062715
0.4967476
0.4601147
0.48416024
0.48563197
0.5112877
0.48513398
0.48750412
0.5179981
0.5189779
0.49643606
0.4640914
0.45751426
0.4711118
0.50037694
0.49039716
0.48986018
0.56387067
0.4843489
0.47593668
0.48881575
0.48342535
0.492262
0.48395824
0.4614616
0.4640805
0.5206306
0.48045203
0.48646933
0.48027125
0.48890325
0.48314524
0.46986136
0.47085387
0.48059875
0.48352754
0.48512802
0.45721614
0.4904254
0.48960292
0.50133306
0.50641716
0.48947212
0.48219383
0.4786788
0.48692757
0.521181
0.48765996
0.47020468
0.5283338
0.5042832
0.46008605
0.46643874
0.49255317
0.49843082
0.47487894
0.4966201
0.4638201
0.4974946
0.472024
0.462606
0.51640934
0.48329824
0.48258597
0.49612004
0.4823266
0.46492034
0.48582554
0.48005232
0.47789937
0.49209312
0.47947752
0.45890617
0.46983454
0.47621384
0.52921784
0.476041
0.5201677
0.49713448
0.49683908
0.4760507
0.47182295
0.4580038
0.48862946
0.48742983
0.46877646
0.5217925
0.4607318
0.48147064
0.5365621
0.4761728
0.4948669
0.4920773
0.4787204
0.5189667
0.49390954
0.47069708
0.5250049
0.5360816
0.50566906
0.5126742
0.467681
0.4683908
0.47263783
0.46525708
0.4895885
0.47061843
0.49044505
0.46524164
0.49060714
0.4646231
0.45849037
0.4866049
0.5041752
0.49102277
0.48683745
0.5581946
0.48936266
0.4963349
0.47932145
0.50222546
0.4655398
0.44596714
0.52080995
0.5022385
0.48167786
0.47874066
0.47668177
0.46214315
0.4864878
0.48523623
0.48085633
0.49241066
0.463707
0.48281562
0.46425796
0.4788148
0.47646344
0.4777808
0.4971719
0.49442762
0.47366434
0.4924985
0.4500718
0.4686107
0.4466695
0.47649643
0.46198156
0.47474495
0.49122548
0.4817433
0.4787232
0.48288766
0.4900862
0.51608914
0.47587702
0.48797995
0.47383082
0.4621201
0.5076629
0.478495
0.48676637
0.4728279
0.5097431
0.4866439
0.506203
0.49390912
0.5057807
0.47439483
0.4621525
0.47874755
0.49555784
0.47794986
0.50812584
0.47858366
0.4550454
0.47545522
0.45015898
0.47518387
0.48168042
0.4674875
0.4856806
0.51763254
0.48209554
0.47124106
0.4834393
0.47823513
0.4723468
0.48564842
0.49287704
0.47434118
0.47761095
0.49860334
0.4844063
0.4905708
0.48848623
0.53131676
0.48208648
0.46211937
0.495896
0.5263411
0.5052831
0.5084852
0.52557683
0.498708
0.51249224
0.50118774
0.48494717
0.5012176
0.45978862
0.48269898
0.5127481
0.47065586
0.502283
0.47525743
0.4893793
0.4927192
0.46407616
0.496014
0.47082126
0.47369713
0.51894397
0.51872337
0.47436816
0.48296335
0.48045737
0.47851908
0.45441753
0.46285054
test_variance_value
0.3551344
0.33795524
0.34593877
0.3868528
0.40974665
0.3159125
0.36259937
0.34957469
0.40549356
0.3626536
0.319301
0.35900167
0.3873789
0.33187297
0.38960123
0.35489437
0.4042428
0.40324584
0.4111136
0.33526734
0.4478571
0.3495537
0.36609992
0.33382082
0.41305012
0.4197053
0.35727578
0.402208
0.38106486
0.32843456
0.36435294
0.36518666
0.4026245
0.36721215
0.36954215
0.41481885
0.4152919
0.38264692
0.33476964
0.32582727
0.34521604
0.39028174
0.3725969
0.3713224
0.4872407
0.36277768
0.35297078
0.37221363
0.3603346
0.37523562
0.36187902
0.3321629
0.33608875
0.4167798
0.35749272
0.36967406
0.36076468
0.37055248
0.36158887
0.34316382
0.34372792
0.35894075
0.36411035
0.36741087
0.32460132
0.37404063
0.37136102
0.3888403
0.39941978
0.3715393
0.36113828
0.3571108
0.3672447
0.41952774
0.36891142
0.34368986
0.4324
0.3928215
0.3287561
0.3394524
0.37663212
0.3847187
0.3512656
0.3845918
0.33490723
0.38285804
0.34756604
0.33417585
0.41210076
0.3637139
0.3614181
0.38299593
0.36168042
0.33732876
0.36734486
0.35766745
0.35373348
0.37527403
0.35690507
0.32847917
0.3433093
0.35532635
0.43142074
0.35138115
0.4164764
0.38426718
0.3830971
0.35152462
0.34815812
0.32751092
0.37005135
0.36824927
0.34279126
0.42055723
0.33117706
0.35951534
0.44572273
0.35254362
0.38066754
0.37428877
0.35640058
0.41471478
0.3776118
0.34517273
0.43067926
0.44203007
0.39679575
0.4080277
0.33900616
0.3409367
0.3497785
0.3376473
0.3701269
0.34572822
0.37374252
0.33773193
0.37235436
0.3340239
0.32746962
0.3661204
0.3922968
0.37364912
0.36874592
0.47750822
0.36969966
0.379897
0.35656065
0.39444238
0.33738628
0.3102493
0.42115077
0.39093223
0.3591784
0.35768005
0.35414806
0.33130836
0.36709723
0.36690244
0.359725
0.37688133
0.33355427
0.3624806
0.3368672
0.35579416
0.3532834
0.35393295
0.38554564
0.38120994
0.34902534
0.3756676
0.31486067
0.34036854
0.31037062
0.35432693
0.33207756
0.35251755
0.37375283
0.3601241
0.35655773
0.36322048
0.37208247
0.41216916
0.3531186
0.3702049
0.34880924
0.33198172
0.3984933
0.35580927
0.369634
0.3495313
0.40374348
0.36649755
0.39797202
0.37761852
0.39551297
0.34815884
0.33199084
0.35525292
0.37970185
0.35495
0.39921385
0.35504803
0.3225451
0.3508806
0.31459302
0.35158783
0.361075
0.34097832
0.36358696
0.41189808
0.3609275
0.34552488
0.3624268
0.3540099
0.34849313
0.36638507
0.37761495
0.34885946
0.35266307
0.3843243
0.36643356
0.37310767
0.36903712
0.4329701
0.36045495
0.33207098
0.38057974
0.4276654
0.39486516
0.39857763
0.42778522
0.38466617
0.40471134
0.38777584
0.36681968
0.39080378
0.32931787
0.3622361
0.40548387
0.34364566
0.38850847
0.35077152
0.3706868
0.37732613
0.3359995
0.38028753
0.3447246
0.35047367
0.41582993
0.41390526
0.34995922
0.36101764
0.35823992
0.35462466
0.3210681
0.33536622
test_mean_costs
0.0
0.0
0.0
0.0
0.0
0.0
0.0
0.0
0.0
0.0
0.0
0.0
0.0
0.0
0.0
0.0
0.0
0.0
0.0
0.0
0.0
0.0
0.0
0.0
0.0
0.0
0.0
0.0
0.0
0.0
0.0
0.0
0.0
0.0
0.0
0.0
0.0
0.0
0.0
0.0
0.0
0.0
0.0
0.0
0.0
0.0
0.0
0.0
0.0
0.0
0.0
0.0
0.0
0.0
0.0
0.0
0.0
0.0
0.0
0.0
0.0
0.0
0.0
0.0
0.0
0.0
0.0
0.0
0.0
0.0
0.0
0.0
0.0
0.0
0.0
0.0
0.0
0.0
0.0
0.0
0.0
0.0
0.0
0.0
0.0
0.0
0.0
0.0
0.0
0.0
0.0
0.0
0.0
0.0
0.0
0.0
0.0
0.0
0.0
0.0
0.0
0.0
0.0
0.0
0.0
0.0
0.0
0.0
0.0
0.0
0.0
0.0
0.0
0.0
0.0
0.0
0.0
0.0
0.0
0.0
0.0
0.0
0.0
0.0
0.0
0.0
0.0
0.0
0.0
0.0
0.0
0.0
0.0
0.0
0.0
0.0
0.0
0.0
0.0
0.0
0.0
0.0
0.0
0.0
0.0
0.0
0.0
0.0
0.0
0.0
0.0
0.0
0.0
0.0
0.0
0.0
0.0
0.0
0.0
0.0
0.0
0.0
0.0
0.0
0.0
0.0
0.0
0.0
0.0
0.0
0.0
0.0
0.0
0.0
0.0
0.0
0.0
0.0
0.0
0.0
0.0
0.0
0.0
0.0
0.0
0.0
0.0
0.0
0.0
0.0
0.0
0.0
0.0
0.0
0.0
0.0
0.0
0.0
0.0
0.0
0.0
0.0
0.0
0.0
0.0
0.0
0.0
0.0
0.0
0.0
0.0
0.0
0.0
0.0
0.0
0.0
0.0
0.0
0.0
0.0
0.0
0.0
0.0
0.0
0.0
0.0
0.0
0.0
0.0
0.0
0.0
0.0
0.0
0.0
0.0
0.0
0.0
0.0
0.0
0.0
0.0
0.0
0.0
0.0
0.0
0.0
0.0
0.0
0.0
0.0
0.0
0.0
0.0
0.0
0.0
0.0
test_mean_abs_costs
0.0
0.0
0.0
0.0
0.0
0.0
0.0
0.0
0.0
0.0
0.0
0.0
0.0
0.0
0.0
0.0
0.0
0.0
0.0
0.0
0.0
0.0
0.0
0.0
0.0
0.0
0.0
0.0
0.0
0.0
0.0
0.0
0.0
0.0
0.0
0.0
0.0
0.0
0.0
0.0
0.0
0.0
0.0
0.0
0.0
0.0
0.0
0.0
0.0
0.0
0.0
0.0
0.0
0.0
0.0
0.0
0.0
0.0
0.0
0.0
0.0
0.0
0.0
0.0
0.0
0.0
0.0
0.0
0.0
0.0
0.0
0.0
0.0
0.0
0.0
0.0
0.0
0.0
0.0
0.0
0.0
0.0
0.0
0.0
0.0
0.0
0.0
0.0
0.0
0.0
0.0
0.0
0.0
0.0
0.0
0.0
0.0
0.0
0.0
0.0
0.0
0.0
0.0
0.0
0.0
0.0
0.0
0.0
0.0
0.0
0.0
0.0
0.0
0.0
0.0
0.0
0.0
0.0
0.0
0.0
0.0
0.0
0.0
0.0
0.0
0.0
0.0
0.0
0.0
0.0
0.0
0.0
0.0
0.0
0.0
0.0
0.0
0.0
0.0
0.0
0.0
0.0
0.0
0.0
0.0
0.0
0.0
0.0
0.0
0.0
0.0
0.0
0.0
0.0
0.0
0.0
0.0
0.0
0.0
0.0
0.0
0.0
0.0
0.0
0.0
0.0
0.0
0.0
0.0
0.0
0.0
0.0
0.0
0.0
0.0
0.0
0.0
0.0
0.0
0.0
0.0
0.0
0.0
0.0
0.0
0.0
0.0
0.0
0.0
0.0
0.0
0.0
0.0
0.0
0.0
0.0
0.0
0.0
0.0
0.0
0.0
0.0
0.0
0.0
0.0
0.0
0.0
0.0
0.0
0.0
0.0
0.0
0.0
0.0
0.0
0.0
0.0
0.0
0.0
0.0
0.0
0.0
0.0
0.0
0.0
0.0
0.0
0.0
0.0
0.0
0.0
0.0
0.0
0.0
0.0
0.0
0.0
0.0
0.0
0.0
0.0
0.0
0.0
0.0
0.0
0.0
0.0
0.0
0.0
0.0
0.0
0.0
0.0
0.0
0.0
0.0
test_variance_costs
0.0
0.0
0.0
0.0
0.0
0.0
0.0
0.0
0.0
0.0
0.0
0.0
0.0
0.0
0.0
0.0
0.0
0.0
0.0
0.0
0.0
0.0
0.0
0.0
0.0
0.0
0.0
0.0
0.0
0.0
0.0
0.0
0.0
0.0
0.0
0.0
0.0
0.0
0.0
0.0
0.0
0.0
0.0
0.0
0.0
0.0
0.0
0.0
0.0
0.0
0.0
0.0
0.0
0.0
0.0
0.0
0.0
0.0
0.0
0.0
0.0
0.0
0.0
0.0
0.0
0.0
0.0
0.0
0.0
0.0
0.0
0.0
0.0
0.0
0.0
0.0
0.0
0.0
0.0
0.0
0.0
0.0
0.0
0.0
0.0
0.0
0.0
0.0
0.0
0.0
0.0
0.0
0.0
0.0
0.0
0.0
0.0
0.0
0.0
0.0
0.0
0.0
0.0
0.0
0.0
0.0
0.0
0.0
0.0
0.0
0.0
0.0
0.0
0.0
0.0
0.0
0.0
0.0
0.0
0.0
0.0
0.0
0.0
0.0
0.0
0.0
0.0
0.0
0.0
0.0
0.0
0.0
0.0
0.0
0.0
0.0
0.0
0.0
0.0
0.0
0.0
0.0
0.0
0.0
0.0
0.0
0.0
0.0
0.0
0.0
0.0
0.0
0.0
0.0
0.0
0.0
0.0
0.0
0.0
0.0
0.0
0.0
0.0
0.0
0.0
0.0
0.0
0.0
0.0
0.0
0.0
0.0
0.0
0.0
0.0
0.0
0.0
0.0
0.0
0.0
0.0
0.0
0.0
0.0
0.0
0.0
0.0
0.0
0.0
0.0
0.0
0.0
0.0
0.0
0.0
0.0
0.0
0.0
0.0
0.0
0.0
0.0
0.0
0.0
0.0
0.0
0.0
0.0
0.0
0.0
0.0
0.0
0.0
0.0
0.0
0.0
0.0
0.0
0.0
0.0
0.0
0.0
0.0
0.0
0.0
0.0
0.0
0.0
0.0
0.0
0.0
0.0
0.0
0.0
0.0
0.0
0.0
0.0
0.0
0.0
0.0
0.0
0.0
0.0
0.0
0.0
0.0
0.0
0.0
0.0
0.0
0.0
0.0
0.0
0.0
0.0
test_mean_wealth
-1.5884516
-1.577546
-1.5731338
-1.633798
-1.6815298
-1.5386477
-1.6549875
-1.6056458
-1.6461529
-1.5899341
-1.6358708
-1.6375902
-1.7052568
-1.5244254
-1.5614998
-1.6037256
-1.5958859
-1.6501312
-1.643021
-1.5852709
-1.6922629
-1.5540133
-1.6015999
-1.5505909
-1.598134
-1.6532943
-1.498574
-1.5836188
-1.5240084
-1.5076659
-1.6524696
-1.5988835
-1.5915836
-1.6176893
-1.5650603
-1.6151905
-1.6696295
-1.6157045
-1.6004157
-1.648205
-1.5957078
-1.64946
-1.6878501
-1.509572
-1.5920745
-1.5572298
-1.6684588
-1.560493
-1.5939256
-1.5989617
-1.6348207
-1.5506427
-1.5387274
-1.6001086
-1.6500046
-1.6704471
-1.5529822
-1.5595245
-1.5813339
-1.6480826
-1.6311086
-1.5735546
-1.6452154
-1.6264182
-1.520966
-1.6217091
-1.6515306
-1.6384319
-1.589703
-1.6069826
-1.6531354
-1.6534135
-1.6336817
-1.6732128
-1.6520358
-1.5906856
-1.618083
-1.6080073
-1.6071416
-1.5909218
-1.6291418
-1.6425849
-1.6232854
-1.7496237
-1.5724825
-1.6678989
-1.5643579
-1.5952033
-1.6320202
-1.6912229
-1.6456695
-1.5418662
-1.6286436
-1.5386338
-1.6022073
-1.6786053
-1.7273781
-1.6596434
-1.4787949
-1.5680609
-1.6108736
-1.583565
-1.6322063
-1.6412597
-1.6851165
-1.5695004
-1.5747087
-1.7466803
-1.6053432
-1.5800425
-1.6267984
-1.6221713
-1.4856932
-1.5881981
-1.5173064
-1.6624148
-1.7504987
-1.6436796
-1.6361614
-1.5769945
-1.685703
-1.5878004
-1.785381
-1.5894145
-1.6066175
-1.7467612
-1.6023283
-1.6801326
-1.541218
-1.6627002
-1.5266623
-1.5746144
-1.5502852
-1.6097807
-1.560976
-1.557184
-1.579386
-1.6089294
-1.5820246
-1.6662554
-1.5378968
-1.679665
-1.6224488
-1.6526331
-1.6802405
-1.6194204
-1.6164024
-1.6029817
-1.5678241
-1.4999909
-1.6112918
-1.6196866
-1.5272532
-1.595358
-1.5917742
-1.5655869
-1.5955384
-1.5990409
-1.6397625
-1.5680197
-1.5852787
-1.6170596
-1.5801982
-1.6318126
-1.6255592
-1.5059524
-1.6467276
-1.6634281
-1.5638053
-1.6285541
-1.5765777
-1.5900275
-1.5912266
-1.4793208
-1.5021853
-1.5657159
-1.5714395
-1.6332995
-1.573656
-1.6718953
-1.5980605
-1.5378938
-1.6005936
-1.6659737
-1.6394789
-1.5532298
-1.6211927
-1.6717383
-1.6437722
-1.5649875
-1.660923
-1.6391596
-1.6398003
-1.7120659
-1.7594867
-1.7030936
-1.588867
-1.6260391
-1.5399667
-1.6714114
-1.6300254
-1.6797035
-1.5818357
-1.5955758
-1.5610201
-1.5137758
-1.6455872
-1.5459899
-1.5747066
-1.610694
-1.5947758
-1.679188
-1.56024
-1.5559787
-1.6269538
-1.5721996
-1.5647745
-1.67214
-1.5252268
-1.611762
-1.5580356
-1.6056763
-1.6386986
-1.5360217
-1.4760602
-1.5683252
-1.6159925
-1.5835115
-1.5602641
-1.6890712
-1.7077703
-1.6583818
-1.6311764
-1.5851169
-1.6215507
-1.6155399
-1.5407073
-1.6448551
-1.6303833
-1.6777366
-1.6569113
-1.562247
-1.6209706
-1.5803274
-1.5638804
-1.6247994
-1.6086284
-1.6197956
-1.624014
-1.6194139
-1.6242778
-1.6711594
-1.6990768
-1.57942
-1.517092
-1.4964277
test_mean_abs_wealth
1.5884624
1.577552
1.5731478
1.6338099
1.6815405
1.5386482
1.6549889
1.6056526
1.6461737
1.5899415
1.6358708
1.637597
1.705263
1.524437
1.561554
1.6037303
1.5959061
1.6501375
1.6430467
1.5852886
1.6922843
1.5540398
1.6016146
1.5506047
1.5981513
1.6533036
1.4986048
1.5836756
1.5240242
1.5076911
1.6524712
1.5988915
1.5916146
1.6177087
1.5651027
1.6152241
1.6696353
1.6157169
1.6004157
1.648205
1.5957159
1.6494693
1.6878643
1.5096229
1.5921798
1.5572459
1.6684657
1.5605148
1.5939281
1.5989745
1.6348283
1.5506531
1.5387448
1.6001389
1.6500052
1.6704497
1.5529929
1.5595351
1.5813535
1.6480857
1.6311141
1.5735765
1.6452167
1.6264267
1.5209826
1.6217141
1.6515328
1.6384487
1.5897278
1.6070031
1.6531417
1.6534157
1.6336901
1.6732211
1.6520488
1.5906858
1.6181105
1.6080259
1.6071457
1.590925
1.629155
1.6425922
1.6232882
1.7496247
1.5724857
1.6679119
1.5643721
1.595204
1.6320468
1.6912233
1.6456763
1.5419178
1.6286502
1.5386378
1.6022124
1.6786053
1.7273787
1.6596493
1.478848
1.5680645
1.6108739
1.5835751
1.6322582
1.6412656
1.685123
1.5695214
1.5747311
1.7466806
1.6053462
1.5800458
1.6268008
1.6221753
1.4857155
1.5882621
1.5173273
1.6624179
1.7505094
1.643684
1.6361736
1.5770336
1.6857051
1.5878248
1.785381
1.5894212
1.6066787
1.7467728
1.6023362
1.6801492
1.5412331
1.6627002
1.5266718
1.574616
1.5503281
1.6097852
1.5609865
1.5571986
1.5793977
1.6089326
1.5820302
1.6662635
1.5379515
1.6796726
1.6224537
1.6526762
1.6802458
1.619442
1.6164126
1.6029961
1.5678314
1.5000004
1.6113311
1.6196998
1.5272765
1.5953733
1.5917821
1.5655979
1.5955482
1.5990539
1.6397625
1.568034
1.5852814
1.6170701
1.5802025
1.6318147
1.6255665
1.5059943
1.6467314
1.6634327
1.5638224
1.628562
1.5765848
1.590034
1.5912378
1.479361
1.5021957
1.5657221
1.571448
1.6333038
1.5736748
1.6719084
1.5980705
1.5379386
1.6006005
1.6659797
1.6394926
1.5532364
1.6212039
1.6717426
1.6437787
1.5650184
1.6609347
1.6391658
1.6398168
1.7120659
1.759488
1.7030938
1.5888691
1.6260426
1.5399894
1.6714147
1.6300597
1.6797056
1.5818388
1.5955889
1.5610251
1.513803
1.6455909
1.5460005
1.574726
1.6107252
1.5947893
1.6791892
1.560255
1.5559978
1.6269546
1.5722264
1.5647987
1.6721431
1.5252521
1.6117907
1.5580637
1.6056908
1.6387038
1.536071
1.4761003
1.5683285
1.6160017
1.5835563
1.5602995
1.6890768
1.7077827
1.6583939
1.6311853
1.5851346
1.6215552
1.6155483
1.5407196
1.6448609
1.6303926
1.677741
1.6569157
1.562255
1.6209743
1.5803449
1.5638874
1.6248106
1.6086315
1.6198072
1.6240511
1.6194409
1.6242787
1.6711627
1.6990839
1.5794498
1.5170999
1.49645
test_variance_wealth
0.07600924
0.07371507
0.07470553
0.07660693
0.07628313
0.073109105
0.07300137
0.073759906
0.0771745
0.075795345
0.06856284
0.072207674
0.071644455
0.075268194
0.079798214
0.073843226
0.08132352
0.07679091
0.0788037
0.073988594
0.07910277
0.07703312
0.07511602
0.07435575
0.08067713
0.0771561
0.08022613
0.0808339
0.08021206
0.07698118
0.072434574
0.07498008
0.08009477
0.074916616
0.07905085
0.07999437
0.076864004
0.07647311
0.07197297
0.06873142
0.07264689
0.074922666
0.07197396
0.083705425
0.091571145
0.076970436
0.070712194
0.07800433
0.07427677
0.0769271
0.07219392
0.074156836
0.0757769
0.083147824
0.072465256
0.07284513
0.077938244
0.07783035
0.07575619
0.07061622
0.071051754
0.07600166
0.073419325
0.07422777
0.074495345
0.07518871
0.0743014
0.078108326
0.08019398
0.07560475
0.07307057
0.07214546
0.07317036
0.079922184
0.07325402
0.073520854
0.08540808
0.07763782
0.07088216
0.07263943
0.07475309
0.07734814
0.072833814
0.07057593
0.073807575
0.07345842
0.075727776
0.07199523
0.07920743
0.07037385
0.0720327
0.08063014
0.07398184
0.07515834
0.07564047
0.069715075
0.06760203
0.07334384
0.08072323
0.07300511
0.07268247
0.07448244
0.08134099
0.07122297
0.0771113
0.07925551
0.07916902
0.06678997
0.072806455
0.072039396
0.073786855
0.07399793
0.0786246
0.08251151
0.07610026
0.070624575
0.077166624
0.07132097
0.076386675
0.0783389
0.06918066
0.081167735
0.06666
0.07419999
0.08218182
0.07643848
0.07884229
0.07616104
0.07535831
0.0689097
0.077776805
0.07413667
0.07902912
0.073846966
0.07879901
0.07418641
0.0769555
0.07129105
0.07259147
0.07240419
0.08291887
0.07195726
0.07627247
0.090164006
0.072036535
0.07598894
0.07380559
0.07966673
0.07458753
0.07395633
0.08395749
0.07708562
0.078738295
0.0748902
0.074330084
0.073298454
0.07524491
0.07540065
0.0729356
0.07898356
0.07172511
0.0745361
0.07264127
0.07260231
0.074620105
0.07958576
0.075999975
0.07407236
0.076175764
0.07433037
0.07215647
0.07334107
0.06986614
0.08199981
0.07699433
0.07618494
0.07828887
0.07366707
0.074949406
0.071505085
0.07905166
0.085739784
0.0744517
0.072699755
0.07155162
0.07431928
0.078522645
0.070414074
0.073780105
0.07540386
0.07592325
0.07360387
0.07785561
0.07174425
0.07044779
0.06833414
0.072825365
0.07256864
0.079666324
0.07052763
0.078070834
0.07087078
0.07175479
0.07363431
0.07199606
0.07809836
0.072901845
0.074833594
0.07662537
0.08013046
0.07517457
0.06866731
0.076854244
0.076255426
0.07163844
0.077309206
0.07835389
0.069693014
0.07758572
0.07730045
0.07715986
0.07570477
0.07510612
0.087818034
0.08284157
0.07291333
0.07574232
0.08393762
0.08150094
0.07492204
0.075548746
0.07426947
0.077474445
0.07781682
0.07549977
0.078925446
0.07451311
0.07239643
0.07787065
0.06837739
0.07476108
0.07529619
0.07552559
0.07896315
0.0738155
0.076074384
0.07225009
0.072766215
0.07940493
0.07992183
0.07305012
0.07148061
0.06947523
0.07484918
0.07446235
0.0772168
test_wealth_with_price_abs_mean
0.21506079
0.21244735
0.2138433
0.21600275
0.215492
0.21210064
0.21123242
0.21221174
0.21678631
0.2148409
0.20533948
0.21011911
0.20890304
0.2148707
0.21959521
0.21244863
0.22205277
0.21569742
0.21851574
0.21257849
0.21849598
0.21684332
0.2138558
0.21334025
0.2205669
0.21633893
0.22082014
0.2209575
0.22085793
0.21699497
0.21025811
0.21388027
0.22018342
0.21326031
0.21928087
0.21950644
0.21589021
0.21575022
0.21017224
0.20560385
0.21068913
0.21335347
0.20972483
0.22581463
0.2329139
0.21620391
0.20821826
0.21772182
0.2129401
0.21646582
0.21010114
0.21299452
0.21542741
0.22409077
0.21036583
0.21077034
0.2180489
0.2179538
0.21504252
0.2080363
0.20889324
0.21512328
0.21225289
0.21286191
0.21355033
0.21406862
0.2133162
0.21800722
0.22047675
0.21439698
0.21109208
0.21028647
0.2110197
0.2197005
0.21105453
0.2122951
0.22632085
0.2168634
0.2088435
0.21117802
0.21363066
0.21751729
0.21136788
0.20755549
0.21257971
0.21158457
0.2150241
0.21042725
0.21882749
0.20772286
0.2097856
0.22119415
0.21259505
0.21451616
0.2149246
0.20666791
0.2034584
0.21149552
0.22101504
0.21164507
0.21132724
0.213257
0.22096786
0.20911267
0.21639118
0.21898124
0.21925782
0.20275958
0.21112685
0.21058558
0.21234134
0.2124055
0.21898869
0.22292902
0.21562542
0.20840587
0.21628837
0.20920894
0.21573831
0.2182054
0.20590901
0.2210309
0.20265543
0.21299739
0.22265601
0.21509913
0.2185937
0.21507764
0.21446793
0.2057313
0.21782006
0.2129986
0.21872997
0.2124727
0.21843676
0.21301538
0.2164443
0.20956075
0.21106334
0.21051128
0.22380374
0.20998931
0.21568437
0.23344965
0.21003278
0.21496546
0.212514
0.21958071
0.21362492
0.21302962
0.22491258
0.21643856
0.21876554
0.21384002
0.21309175
0.21200733
0.21447997
0.21432525
0.21122228
0.21877818
0.20991029
0.21331398
0.21092579
0.21098182
0.21346144
0.22012416
0.21521376
0.21246597
0.21557958
0.21278031
0.21052225
0.21204498
0.2073821
0.22332399
0.21695253
0.21554811
0.21808697
0.21246375
0.21396747
0.20903128
0.21948995
0.2274639
0.21346964
0.21053542
0.20880729
0.21317127
0.21824794
0.20758538
0.21220621
0.21425134
0.21479677
0.2121915
0.21748868
0.20926975
0.20736155
0.20494199
0.2112906
0.21062748
0.21974188
0.20782797
0.21800764
0.20853455
0.20984505
0.2121622
0.21044752
0.21809424
0.2112449
0.21379013
0.21597134
0.21993631
0.21406628
0.20571007
0.21627113
0.21577592
0.2095146
0.21677558
0.21806489
0.20682791
0.21764432
0.21619353
0.21691108
0.2145263
0.21445297
0.22997825
0.2240378
0.21170348
0.21489473
0.22506541
0.22222513
0.21349585
0.21413766
0.21259734
0.21692859
0.21713786
0.21429843
0.21904224
0.2137866
0.21028116
0.21742421
0.20475118
0.2134997
0.21428958
0.2144307
0.21880117
0.21251279
0.21505596
0.21047577
0.21061139
0.21921805
0.2197525
0.2118022
0.20943809
0.20642217
0.2138615
0.21362843
0.21728154
test_wealth_with_price_variance
0.07600924
0.07371507
0.07470553
0.07660693
0.07628313
0.073109105
0.07300137
0.073759906
0.0771745
0.075795345
0.06856284
0.072207674
0.071644455
0.075268194
0.079798214
0.073843226
0.08132352
0.07679091
0.0788037
0.073988594
0.07910277
0.07703312
0.07511602
0.07435575
0.08067713
0.0771561
0.08022613
0.0808339
0.08021206
0.07698118
0.072434574
0.07498008
0.08009477
0.074916616
0.07905085
0.07999437
0.076864004
0.07647311
0.07197297
0.06873142
0.07264689
0.074922666
0.07197396
0.083705425
0.091571145
0.076970436
0.070712194
0.07800433
0.07427677
0.0769271
0.07219392
0.074156836
0.0757769
0.083147824
0.072465256
0.07284513
0.077938244
0.07783035
0.07575619
0.07061622
0.071051754
0.07600166
0.073419325
0.07422777
0.074495345
0.07518871
0.0743014
0.078108326
0.08019398
0.07560475
0.07307057
0.07214546
0.07317036
0.079922184
0.07325402
0.073520854
0.08540808
0.07763782
0.07088216
0.07263943
0.07475309
0.07734814
0.072833814
0.07057593
0.073807575
0.07345842
0.075727776
0.07199523
0.07920743
0.07037385
0.0720327
0.08063014
0.07398184
0.07515834
0.07564047
0.069715075
0.06760203
0.07334384
0.08072323
0.07300511
0.07268247
0.07448244
0.08134099
0.07122297
0.0771113
0.07925551
0.07916902
0.06678997
0.072806455
0.072039396
0.073786855
0.07399793
0.0786246
0.08251151
0.07610026
0.070624575
0.077166624
0.07132097
0.076386675
0.0783389
0.06918066
0.081167735
0.06666
0.07419999
0.08218182
0.07643848
0.07884229
0.07616104
0.07535831
0.0689097
0.077776805
0.07413667
0.07902912
0.073846966
0.07879901
0.07418641
0.0769555
0.07129105
0.07259147
0.07240419
0.08291887
0.07195726
0.07627247
0.090164006
0.072036535
0.07598894
0.07380559
0.07966673
0.07458753
0.07395633
0.08395749
0.07708562
0.078738295
0.0748902
0.074330084
0.073298454
0.07524491
0.07540065
0.0729356
0.07898356
0.07172511
0.0745361
0.07264127
0.07260231
0.074620105
0.07958576
0.075999975
0.07407236
0.076175764
0.07433037
0.07215647
0.07334107
0.06986614
0.08199981
0.07699433
0.07618494
0.07828887
0.07366707
0.074949406
0.071505085
0.07905166
0.085739784
0.0744517
0.072699755
0.07155162
0.07431928
0.078522645
0.070414074
0.073780105
0.07540386
0.07592325
0.07360387
0.07785561
0.07174425
0.07044779
0.06833414
0.072825365
0.07256864
0.079666324
0.07052763
0.078070834
0.07087078
0.07175479
0.07363431
0.07199606
0.07809836
0.072901845
0.074833594
0.07662537
0.08013046
0.07517457
0.06866731
0.076854244
0.076255426
0.07163844
0.077309206
0.07835389
0.069693014
0.07758572
0.07730045
0.07715986
0.07570477
0.07510612
0.087818034
0.08284157
0.07291333
0.07574232
0.08393762
0.08150094
0.07492204
0.075548746
0.07426947
0.077474445
0.07781682
0.07549977
0.078925446
0.07451311
0.07239643
0.07787065
0.06837739
0.07476108
0.07529619
0.07552559
0.07896315
0.0738155
0.076074384
0.07225009
0.072766215
0.07940493
0.07992183
0.07305012
0.07148061
0.06947523
0.07484918
0.07446235
0.0772168
price
1.5889155
1.5771565
1.5730677
1.6348325
1.6824324
1.539149
1.6564765
1.6058847
1.6457106
1.5890312
1.6359296
1.6380509
1.7064894
1.5240376
1.5618513
1.6030955
1.5960766
1.6503371
1.642738
1.5858221
1.6926714
1.5537136
1.6025627
1.5515659
1.5992863
1.6534727
1.4986801
1.5831898
1.5247189
1.5073364
1.6515206
1.5984243
1.5913973
1.6178961
1.5655018
1.6159822
1.6696669
1.6161158
1.6002724
1.6482298
1.5960343
1.6491545
1.6890234
1.5097964
1.5917279
1.5569893
1.6678772
1.5599685
1.5938166
1.5993015
1.634205
1.5507292
1.5381432
1.600011
1.6507066
1.6687986
1.5537696
1.5592555
1.581327
1.6481409
1.6305057
1.5731857
1.646229
1.6259218
1.5211254
1.6221837
1.6521844
1.6388669
1.5904626
1.6080244
1.6537201
1.6536506
1.6343164
1.6738051
1.6526141
1.590527
1.6183876
1.6081014
1.6073573
1.5907336
1.6297461
1.6423755
1.6231633
1.7502602
1.5717009
1.6678594
1.564306
1.5943972
1.6321087
1.6916485
1.6460387
1.5428085
1.6282321
1.5381403
1.6019205
1.6785392
1.7277745
1.6592295
1.4794226
1.5683999
1.6107103
1.5845791
1.632278
1.6411933
1.686657
1.5698748
1.5744214
1.7471559
1.6059128
1.5804763
1.6276903
1.6231363
1.4854617
1.5877016
1.5168303
1.662427
1.7508283
1.644029
1.6374413
1.5769682
1.685226
1.5875407
1.785947
1.5896832
1.6066655
1.7462978
1.602242
1.6805522
1.5409443
1.662609
1.5259273
1.5747428
1.5505787
1.6096339
1.5612437
1.5566795
1.5793936
1.6088003
1.5822003
1.6669327
1.5379258
1.6799877
1.6233339
1.6523882
1.6804556
1.6190566
1.6157408
1.6031526
1.5675954
1.5000644
1.611384
1.6198233
1.5273589
1.5953809
1.5920291
1.5663495
1.596128
1.5986946
1.6403915
1.5676064
1.5851171
1.6170974
1.5807769
1.6324179
1.6244677
1.5060637
1.6476516
1.6631926
1.5652045
1.6290144
1.5762949
1.5904166
1.5916299
1.4795681
1.5023937
1.5658345
1.5715559
1.6331764
1.5742971
1.6722479
1.5974883
1.5373483
1.6010256
1.6659454
1.6398624
1.5535593
1.6217549
1.6719309
1.6438197
1.5649712
1.66127
1.6401485
1.6398447
1.7114439
1.7593099
1.7028959
1.5887582
1.6259876
1.5401787
1.6718996
1.6301115
1.6796081
1.5827811
1.5969439
1.5621338
1.5140872
1.6463616
1.546447
1.5741211
1.6114153
1.5944072
1.6788868
1.5598483
1.5573612
1.6269122
1.5723569
1.5647786
1.6723367
1.5258263
1.6115894
1.5587355
1.6061329
1.6396047
1.536512
1.4760771
1.5678886
1.6172988
1.5835979
1.5600119
1.6897613
1.7076552
1.6586789
1.6320612
1.5854132
1.6220566
1.6155392
1.5409559
1.6463625
1.6298294
1.6786613
1.6580681
1.5616138
1.6209236
1.5802294
1.5639937
1.6244249
1.608795
1.6203991
1.6239686
1.619386
1.6228617
1.671032
1.698854
1.5796177
1.5170939
1.4977185
train_time
0.40963249999999984
0.31889149999999944
0.3118224000000005
0.30781100000000094
0.4351205000000036
0.30882169999999576
0.3189286999999936
0.30985350000000267
0.31912189999999896
0.3279845999999935
0.3240559999999988
0.4467156999999986
0.3034093999999925
0.39943730000000244
0.29640120000000536
0.2998843000000022
0.3073653999999806
0.30258380000000784
0.3203843999999947
0.4892067000000111
0.3422631999999908
0.3114496000000031
0.3077982000000077
0.30899610000000166
0.31539029999999
0.30275480000000243
0.3171609999999987
0.5199408000000005
0.3259079999999983
0.3118985000000123
0.29983979999997246
0.30005949999997483
0.31255959999998595
0.3032206999999971
0.3143413000000237
0.3079172000000199
0.30623310000004267
0.2993915000000129
0.585162299999979
0.30472560000004023
0.3121967000000154
0.30285079999998743
0.30816570000001775
0.3202336999999602
0.2989605999999867
0.3376688000000172
0.30030349999998407
0.31362769999998363
0.3234093999999459
0.3086857999999779
0.7596431999999709
0.3210085000000049
0.46966390000000047
0.30576029999997445
0.37575679999997647
0.31766729999998233
0.3215940000000046
0.3166635000000042
0.32031240000003436
0.3197179999999662
0.31655769999997574
0.310696900000039
0.3105706999999711
0.3158845000000383
0.7194793999999547
0.3179565000000366
0.3174678999999969
0.332340199999976
0.30362400000001344
0.30478359999995064
0.32040779999999813
0.32091620000005605
0.3062424000000874
0.31079829999998765
0.294441900000038
0.2987715000000435
0.30920530000003055
0.3269181999999091
0.33603230000005624
0.31889160000002903
0.8634875000000193
0.33607850000009876
0.45150090000004184
0.30145759999993516
0.34607770000002347
0.428907200000026
0.3731390000000374
0.3486154000000852
0.300229599999966
0.30621719999999186
0.30785450000007586
0.30679350000002614
0.3079234000000497
0.31844090000004144
0.30381360000001223
0.2988897000000179
0.3149092999999539
0.3094059999999672
0.30836460000000443
0.9183342999999695
0.3026777000000038
0.3269146999999748
0.303058999999962
0.3104805000000397
0.3063720000000103
0.33265240000002905
0.3244077000000516
0.3048116999999593
0.3069885999999542
0.3014003999999204
0.29266870000003564
0.29630139999994753
0.31179070000007414
0.31613999999990483
0.30082840000000033
0.34986530000003313
0.3133266000000958
0.3147833000000446
0.30943200000001525
0.28554670000016813
0.3342775999999503
0.4051635000000715
1.103313400000161
0.3311079999998583
0.3514628000000357
0.35882649999985006
0.3894953000001351
0.3162783000000218
0.4260950000000321
0.3319364999999834
0.335153900000023
0.289821800000027
0.31806510000001254
0.3165142000000287
0.32667300000002797
0.3062242000000879
0.33355260000007547
0.30125009999983376
0.28863890000002357
0.3121641999998701
0.31783340000015414
0.2976198999999724
0.2933934999998655
0.29218379999997524
0.8874846000001071
0.5826328999999077
0.34716419999995196
0.3500107000002117
0.32008310000014717
1.2299831000000268
0.31363710000005085
0.3060087999999723
0.307525700000042
0.2924957000000177
0.3024139000001469
0.3039549000000079
0.4107606999998552
0.33124100000009093
0.3159835999999814
0.33415080000008857
0.29342289999999593
0.32515219999982037
0.320748900000126
0.30099780000000464
0.3114954000000125
0.314236499999879
0.2943734999998924
0.31231400000001486
0.3015469000001758
0.3072431000000506
0.30311289999986
0.3173448999998527
0.30570460000012645
0.3021198999999797
0.3079528999999184
0.3204281999999239
0.2919938000000002
0.3043766000000687
0.31152109999993627
0.32388700000001336
1.3849111999998058
0.30044199999997545
0.3198686999999154
0.29690500000015163
0.289703099999997
0.32257650000019567
0.341674600000033
0.29857250000009117
0.3217669000000569
0.29351489999999103
0.3168307000000823
0.3095232999999098
0.3008797999998478
0.33079330000009577
0.3189573999998174
0.2980014999998275
0.2997015000000829
0.3061778000001141
0.307448900000054
0.30020089999993615
0.294939500000055
0.3205528000000868
0.3095653999998831
0.31592159999991054
0.3168834999999035
0.32525010000017573
0.29833769999981996
0.30369679999989785
0.31451449999985925
0.301617300000089
0.30317189999982475
0.3114998999999443
0.33660089999989395
0.32438729999989846
0.28727260000005117
0.3242480000001251
1.6100031000000854
0.3270176999999421
0.31884629999990466
0.31038779999994404
0.31373770000004697
0.30503920000001017
0.30627210000011473
0.3026574000000437
0.307806600000049
0.3012710000000425
0.3061169999998583
0.31836969999994835
0.3120771999999761
0.3128320000000713
0.3164675000000443
0.30276260000005095
0.30439109999997527
0.300152799999978
0.31993119999992814
0.2984905000000708
0.2957088999999087
0.31421160000013515
0.31115070000009837
0.29024319999962245
0.3199307999998382
0.32851229999960196
0.4919933000001038
0.33526809999966645
0.34961089999978867
0.36468779999995604
0.5180838000001131
0.3597024999999121
0.7814469999998437
0.6728441999998722
0.32898660000000746
0.3333396000002722
0.45291530000031344
0.4058915000000525
0.326118000000406
0.4889866000003167


