================================================================================
=== continuous-time
train_risk
2.11278
2.0114021
2.020003
2.070055
2.0678804
2.0410452
2.0811017
2.0446155
2.0944018
2.0031455
2.0433204
2.037612
2.06641
1.9559456
2.041937
2.0559812
2.0270422
2.0678294
2.0208585
2.0279994
2.0700057
2.0196817
2.03923
1.9945879
2.0006456
2.0422668
1.9360554
1.9968138
1.9657818
1.973517
2.0560658
2.0262291
2.0314333
2.0227034
2.0200794
2.0458384
2.106548
2.0986986
2.013573
2.0546098
2.0730395
2.067906
2.0849445
1.9821666
2.0315416
2.0411868
2.1051056
2.076962
2.051489
2.0726814
2.0004778
1.9939868
1.9947381
2.0281985
2.0949974
2.1126611
2.030452
2.0071921
2.0524447
2.0743957
2.0535815
2.055199
2.0450528
2.051923
1.9966652
2.058678
2.0169892
2.0853353
1.9982566
2.0845342
2.0926793
2.0561223
2.036723
2.0529706
2.0567312
1.9929962
2.0429688
2.0991194
2.064619
2.0115068
2.0509365
2.0645676
2.0591438
2.1146796
1.9879761
2.0646124
2.0109158
2.088556
2.0625982
2.0459983
2.0884767
2.069816
2.0514045
2.0467918
2.0267284
2.0630708
2.1023622
2.0529153
1.9451045
1.9641075
2.0264523
2.0526385
2.0410876
2.0043623
2.062207
2.017856
2.0442607
2.130999
2.0459738
2.0526705
1.9878368
2.0524247
1.9678795
2.0377626
1.9790637
2.0523918
2.1089582
1.9928486
2.0735767
2.0350573
2.1004574
2.0132668
2.1165123
2.00655
2.000569
2.166129
2.050269
2.0601542
1.992965
2.0774121
1.9966072
2.0433166
2.0337832
2.0206196
2.0024266
2.0530362
2.0408738
2.0365796
2.002029
2.0873559
2.0662751
2.1091473
2.0672128
2.083103
2.0605314
2.0299325
2.026865
2.0302832
2.0001264
1.9999243
2.0642502
2.02549
1.9653555
2.0162547
2.0658455
2.0596452
2.006385
2.020076
2.0957391
2.003125
1.9564321
2.0129905
2.0317097
2.0354474
2.0479493
1.9751536
2.0387552
2.0753522
2.0184672
2.1000519
2.0047972
1.9809968
2.110772
1.9414309
1.9495733
2.002603
1.9438908
2.0592196
1.9785327
2.1275544
2.010888
2.0113251
2.0299215
2.11136
2.0808208
2.0173848
2.0421522
2.0586045
2.058589
2.052718
2.1072326
2.0736678
2.0014377
2.0802634
2.109787
2.085385
1.9684426
2.0581484
2.0130408
2.0943797
2.0126836
2.081513
2.0268528
2.0560958
2.0841174
1.978667
2.0348792
2.066823
2.0129766
2.07799
2.0689728
2.0855932
1.9481547
2.1034126
2.0266914
2.0383747
2.0567522
2.0692132
1.9323299
2.041093
1.980321
2.0396743
2.10201
1.973074
1.954478
1.9521607
2.053345
2.0654197
1.975036
2.1144938
2.1305907
2.1175778
2.1308248
2.0546212
2.063483
2.063103
1.9944198
2.090626
2.010829
2.1062596
2.074286
2.0488248
2.069534
2.0089552
2.0234802
2.021414
2.067738
2.069157
2.0001822
2.036788
2.0999892
2.1048489
2.1050036
2.0984745
1.9528141
2.009326
test_risk
2.1185348
2.0353038
2.02331
2.0486124
2.0622716
2.0403845
2.0780072
2.0525167
2.0813131
2.0212708
2.023675
2.0369208
2.0880919
1.9830686
2.0469272
2.0366573
2.0306902
2.0622842
2.0589366
2.0302265
2.0279136
2.0136387
2.0483613
1.9986402
2.0039644
2.0686295
1.9432709
2.000174
1.9755554
1.9780325
2.0523727
2.0494387
2.030958
2.0452123
2.0237484
2.0201294
2.1222703
2.0919967
2.039924
2.0477676
2.0908842
2.0552573
2.079993
1.9948846
2.0484436
2.0312915
2.084865
2.0657678
2.0600874
2.0703554
1.9932213
1.9960053
2.0105534
2.027979
2.1014364
2.117632
2.046755
2.037759
2.051388
2.0505722
2.069777
2.052269
2.0597727
2.0579882
1.9992325
2.0379598
2.046695
2.0836873
2.0129652
2.0492768
2.0642936
2.0611126
2.046578
2.053129
2.065314
2.0107114
2.0608659
2.0952225
2.05832
2.0202882
2.0479617
2.0311115
2.0547044
2.1068358
2.001568
2.0428493
1.9955938
2.0627668
2.0673015
2.0489986
2.058578
2.0479443
2.0419812
2.0377698
2.035311
2.0786817
2.080918
2.0495298
1.9653994
1.9815838
2.0179296
2.042623
2.023645
2.0050964
2.0629072
2.0187259
2.061506
2.113465
2.0631113
2.0326142
2.0076385
2.0639882
1.964465
2.0539896
1.980246
2.0484593
2.128866
2.0130775
2.083874
2.0116894
2.0880978
2.013456
2.1112788
2.0168288
1.9897048
2.1623895
2.0706732
2.0717921
1.9877919
2.1100664
2.0217347
2.0443742
2.024506
2.032388
2.0149682
2.0331993
2.0493855
2.034312
2.0326977
2.1111836
2.0540392
2.1129487
2.0530636
2.1002347
2.0552793
2.043723
2.023385
2.0149302
2.0086823
1.9870008
2.0591187
2.0206692
1.9862618
2.012223
2.0660226
2.0261939
2.00655
2.034426
2.08569
2.031185
1.9739228
2.0434308
2.0317733
2.0659456
2.0641499
1.9785137
2.04535
2.1060483
2.0101693
2.1062124
2.007072
2.0069165
2.0927556
1.9800478
1.9405127
2.0174437
1.970215
2.0598452
2.007541
2.1250143
2.0279834
2.0047302
2.0584648
2.1110537
2.092064
2.029674
2.0458975
2.0768442
2.0699296
2.0321198
2.0997562
2.0821152
2.0038278
2.0803218
2.1161454
2.0899172
2.0059085
2.056271
2.0356932
2.1234152
2.024497
2.1140132
2.0419533
2.0419464
2.0688608
1.9963527
2.0482254
2.0442615
2.0023472
2.0592704
2.0501816
2.097777
1.9508077
2.0736103
2.0566778
2.019271
2.047819
2.0925639
1.9496083
2.0571938
2.0233526
2.0460517
2.1097004
1.984396
1.9557822
2.0020108
2.0693176
2.0591881
2.0180116
2.094345
2.1275132
2.098251
2.1135995
2.0430448
2.0378058
2.0473092
2.000826
2.0770905
2.0321622
2.1091197
2.0807505
2.042196
2.059588
2.0467036
2.0187347
2.0560763
2.0582564
2.05851
2.019401
2.0413978
2.0820606
2.1081676
2.092537
2.0712159
1.9729373
1.990745
test_mean_value
-0.0002928386
0.0006921796
0.00010031744
0.0020717487
-0.0021882113
-0.0009713622
0.00031367296
0.00011807941
0.0007957056
-0.000981858
0.00063364074
-0.000814676
0.00036506032
-0.00019892376
-0.0011926058
5.1772247e-05
-0.0002058846
-0.00043123568
0.0011880529
0.00052062323
0.00042148205
0.0008319205
-0.0016333774
0.00015755177
0.00025822184
0.0007408324
0.00054387917
-0.00010181128
0.0009620585
0.0013492622
0.00011178592
0.0008733992
0.0016763192
-0.00071881
-0.0010225659
-0.0013325622
-4.6838246e-05
7.2308205e-05
-0.0011325399
0.00024580956
-0.00035556423
0.0013109148
1.2972051e-05
-0.000571148
-0.00070616166
0.0003841831
0.0011791732
0.00051588984
-2.3223205e-05
6.64472e-05
4.7518365e-06
0.0011193592
0.0003138413
-0.00018671088
-7.341435e-07
-0.0019790868
0.0014648999
0.00028822452
-0.00034289964
-0.0010124784
0.00045431987
0.00040744556
0.0018247733
-0.0010971176
-0.00020657889
4.7128433e-05
-0.0010031605
0.0006322193
-0.0008109094
-9.0626396e-05
0.000113752285
-0.0007252624
-0.00013741337
-0.0010105117
0.0004272883
-0.00040502346
-0.0010604912
0.00012092944
-0.00022294966
0.0002498781
0.00019898426
0.00073044794
-0.0009076054
-0.00030666796
0.00025566595
0.00067695486
-0.00087246014
-0.0005324381
0.000690607
0.0010929956
0.00092871534
0.0004280003
0.0016918759
0.00013768494
-0.0001594192
0.00071012217
-0.00042448236
8.740083e-05
0.0010609982
0.0017930517
3.993861e-05
-0.00023625762
-0.00066547014
0.0017004941
0.0015493596
0.0011039911
0.00028763493
-0.00058595795
-0.0013151267
0.00091329776
-7.987597e-06
-0.00058698264
0.00036662642
0.0007237383
0.0011305473
0.00016077407
-0.0009891369
-8.781174e-05
-0.0006664994
0.0005240675
-0.00026207505
-0.0007730115
0.0017237489
-0.0008321139
0.0007033964
-0.000748518
-0.00018892257
-0.000549468
0.00093061535
0.00015270451
0.00041257616
0.00020237372
0.000287122
0.0007020725
-0.00137034
-0.00033349657
-0.00030200972
-0.001445565
0.00017953907
9.754979e-05
-0.0013202878
0.00040213752
-0.00014834489
-0.0008725743
0.0012611463
-0.00031370835
-0.0012974726
0.0015515301
0.00015857932
-0.00072188134
0.0023081899
-0.0003902045
-0.0001029967
-0.0002801384
-0.0007160149
-3.2707492e-05
-0.0006516719
-0.00038017257
-4.9345774e-05
-0.00067428267
0.00079840206
7.2121748e-06
-0.0007866492
-0.00019969317
0.00030639282
-0.0001747674
0.00055769243
0.0014998259
0.00044244484
0.0005619834
-0.00056044816
-0.00020759096
0.0008800195
-0.0010147014
0.00034781868
-0.00031347387
-0.00077403703
0.0011238179
0.0004496463
0.0008280759
-0.00017289376
0.0011335296
-0.00040189264
-0.0002611719
-0.0008066678
-2.8647126e-05
0.00054371136
0.0007213929
-0.0006098218
0.00037680802
0.00051897025
-0.0005434111
0.0020575435
-0.0007262097
0.0014309408
0.0012843235
0.0033291595
-0.0010277973
6.0350627e-05
0.00036558256
-0.0014699991
0.0004920237
0.00080775836
-0.0016820759
0.0021599932
0.0018066345
-0.0012145828
0.00075533305
-0.0002701283
-0.0004419169
-0.0012680973
0.00048590018
-0.00094377686
-0.00095934304
0.0006728805
-6.388495e-05
-0.00134915
0.00027173324
-0.00024150936
-0.0011392686
-0.0005061482
-0.0011168115
0.00049629214
0.00013972264
9.2342205e-05
0.000791336
-0.0006910392
0.00081373623
6.735012e-07
0.0002544334
0.00038002018
0.00016514768
0.00035785043
0.00056755706
0.0002721561
-0.0016103828
-0.0005220752
-0.00106462
0.0011360429
0.0001637873
3.82688e-05
0.0005859426
0.0011443885
0.00068472466
-0.00014543027
-3.3687553e-05
-0.0008087556
0.00041749328
-0.0014144081
-0.0006769374
0.00093988737
0.00035669803
0.0011022039
-0.00083923416
0.0013688286
-0.0008051728
test_mean_abs_value
0.39102337
0.37824112
0.37004465
0.3640055
0.3677252
0.38903922
0.37698385
0.37909618
0.3719863
0.3818299
0.36606982
0.37133297
0.39806956
0.35950872
0.38333246
0.3632818
0.37346238
0.37420037
0.37619564
0.3684001
0.37456983
0.37737912
0.3775088
0.37507161
0.36048564
0.39202338
0.35458243
0.36661023
0.3654377
0.3724884
0.3710219
0.3599649
0.3619469
0.3687584
0.36384225
0.3711036
0.3800634
0.387159
0.3791457
0.3694699
0.3918552
0.37011614
0.36890432
0.3708384
0.3661096
0.36745217
0.3736495
0.3774244
0.38055903
0.37821743
0.359671
0.36818334
0.37083304
0.36198527
0.38113105
0.39159253
0.38930246
0.36820722
0.38968518
0.3731524
0.37704206
0.37780157
0.3685016
0.3911944
0.36439666
0.37552902
0.36404416
0.37413105
0.37425843
0.3743133
0.3599133
0.37922695
0.37367573
0.3696504
0.36434796
0.3636894
0.37239978
0.3710974
0.36828935
0.36535898
0.38537017
0.3645334
0.3803885
0.39143148
0.3620104
0.36938474
0.3579551
0.38443303
0.36632836
0.3769122
0.37231457
0.38938722
0.3730597
0.37452838
0.37639692
0.3856134
0.36999634
0.36723554
0.36137897
0.3696625
0.35864457
0.36867818
0.37128586
0.3641717
0.38448837
0.36471
0.37471855
0.37698147
0.37027445
0.37808862
0.368195
0.37881035
0.3702517
0.37041312
0.36062112
0.35837457
0.38460624
0.36972225
0.38378206
0.38622394
0.37116855
0.3663117
0.36958933
0.37164503
0.3617629
0.37597987
0.3742247
0.36251408
0.36948946
0.3746051
0.37728152
0.37339532
0.37394643
0.365055
0.38497543
0.37270224
0.3733336
0.3692403
0.3748259
0.38970447
0.3673037
0.37774724
0.3623978
0.38087457
0.38228682
0.37062073
0.3645714
0.36322936
0.37630478
0.36428273
0.3631328
0.3675803
0.36783
0.3624713
0.37818068
0.36861798
0.37378207
0.36790347
0.36964035
0.36066568
0.36206546
0.37270805
0.37325272
0.37159842
0.36888185
0.38161665
0.3722551
0.38079432
0.37219054
0.38615438
0.36977997
0.36095455
0.37900233
0.36360797
0.36660162
0.36976865
0.37260067
0.37125355
0.36613718
0.3729236
0.39182308
0.36406255
0.37789857
0.3813472
0.38077345
0.35701814
0.37976807
0.38485578
0.38495368
0.37223414
0.40385243
0.39246124
0.36815083
0.37413195
0.3816352
0.36502537
0.36552015
0.3624393
0.38663673
0.37731376
0.35729188
0.39183015
0.3727102
0.37061265
0.38361448
0.36896753
0.3770467
0.39001328
0.3723833
0.37390524
0.38362694
0.38769397
0.36218184
0.39806876
0.37633464
0.38055408
0.378814
0.3806452
0.37200555
0.378061
0.37682626
0.38594407
0.38806325
0.37613466
0.36589283
0.36173305
0.37585276
0.3885188
0.37754336
0.38237667
0.38560382
0.3777461
0.3723444
0.36975
0.3583965
0.36733237
0.36444858
0.38028285
0.37880978
0.37844312
0.37764794
0.3746903
0.3890476
0.37876287
0.36506888
0.38352844
0.38466918
0.3777285
0.362661
0.36454314
0.38063133
0.39054218
0.3908328
0.37320924
0.36021483
0.3747623
test_variance_value
0.23855458
0.22339755
0.2138061
0.2073092
0.21085991
0.2358883
0.22156438
0.22416864
0.2159225
0.22671407
0.20941333
0.21528797
0.24701774
0.20207186
0.22904025
0.20592003
0.21803163
0.2187237
0.22093959
0.21184869
0.21865258
0.22268887
0.22247611
0.22005083
0.20338674
0.23949313
0.19713126
0.21052457
0.20833363
0.21648927
0.21511786
0.2022275
0.20495823
0.2124795
0.20701514
0.21470082
0.22503799
0.23431122
0.22422068
0.21275267
0.23890656
0.21436949
0.21259815
0.21483743
0.20969531
0.21118234
0.217682
0.22249728
0.22582786
0.22329731
0.2022729
0.21253885
0.2150199
0.20467517
0.22675316
0.23849253
0.23638912
0.21192497
0.23635045
0.21722327
0.22194564
0.22304116
0.21222356
0.23849627
0.20698711
0.2202841
0.20707873
0.21894822
0.21865274
0.21881217
0.2028402
0.22435902
0.21807027
0.2133309
0.2069116
0.20735271
0.21590684
0.21547306
0.21201451
0.20885916
0.2310223
0.20756134
0.22564498
0.23850048
0.20487884
0.21259102
0.20021896
0.23073395
0.20966472
0.2218967
0.21687819
0.23593087
0.21661831
0.218435
0.2211189
0.23206307
0.21341124
0.21028578
0.2041843
0.21348001
0.20122252
0.21230304
0.21558546
0.20683806
0.23028007
0.20809284
0.21916562
0.22168027
0.21403155
0.22284195
0.21138708
0.2237002
0.21408753
0.21440147
0.20349748
0.20037213
0.23150991
0.21392159
0.22985855
0.23335996
0.21546331
0.2097344
0.2133642
0.21587412
0.2051988
0.22074161
0.2182545
0.20570453
0.21348333
0.21944503
0.22216682
0.21773201
0.21880138
0.2080381
0.2301855
0.21671303
0.21766838
0.21331581
0.21945375
0.23683412
0.21090372
0.2221131
0.2052275
0.22653449
0.2276621
0.21450184
0.20825645
0.20627382
0.22118494
0.20760624
0.20568602
0.21118301
0.2110695
0.20542082
0.22317536
0.21240646
0.21802184
0.21121842
0.21356435
0.20328952
0.20505707
0.21704727
0.21724664
0.21577731
0.2123387
0.22656848
0.21618278
0.22560404
0.21631701
0.23244976
0.21344447
0.2034462
0.22436571
0.20684937
0.20984535
0.21397886
0.21654192
0.21495241
0.20988394
0.21700755
0.2396373
0.20678096
0.22324069
0.22699663
0.22642216
0.1989669
0.22453836
0.23053263
0.23109157
0.2164386
0.25344127
0.2415001
0.21183556
0.21871133
0.22667202
0.20825167
0.20875317
0.20549226
0.23251262
0.22216055
0.19976206
0.23920837
0.2170078
0.21414948
0.22890979
0.21316274
0.22165743
0.23724334
0.21686259
0.21786503
0.22981617
0.23399626
0.20504609
0.24781232
0.22133066
0.22606418
0.22424795
0.22574769
0.21644254
0.22238955
0.22137326
0.23158559
0.23463427
0.22054416
0.20936148
0.2047998
0.22021905
0.23524554
0.22212686
0.22736172
0.2317966
0.22194968
0.21625283
0.21353844
0.20069295
0.21012822
0.20766036
0.22610703
0.22438723
0.22404453
0.2226525
0.21905354
0.23528394
0.22396326
0.20827769
0.22904514
0.23050077
0.22281924
0.205652
0.20694278
0.2258672
0.23704445
0.2376637
0.2176452
0.20251407
0.2190349
test_mean_costs
0.0
0.0
0.0
0.0
0.0
0.0
0.0
0.0
0.0
0.0
0.0
0.0
0.0
0.0
0.0
0.0
0.0
0.0
0.0
0.0
0.0
0.0
0.0
0.0
0.0
0.0
0.0
0.0
0.0
0.0
0.0
0.0
0.0
0.0
0.0
0.0
0.0
0.0
0.0
0.0
0.0
0.0
0.0
0.0
0.0
0.0
0.0
0.0
0.0
0.0
0.0
0.0
0.0
0.0
0.0
0.0
0.0
0.0
0.0
0.0
0.0
0.0
0.0
0.0
0.0
0.0
0.0
0.0
0.0
0.0
0.0
0.0
0.0
0.0
0.0
0.0
0.0
0.0
0.0
0.0
0.0
0.0
0.0
0.0
0.0
0.0
0.0
0.0
0.0
0.0
0.0
0.0
0.0
0.0
0.0
0.0
0.0
0.0
0.0
0.0
0.0
0.0
0.0
0.0
0.0
0.0
0.0
0.0
0.0
0.0
0.0
0.0
0.0
0.0
0.0
0.0
0.0
0.0
0.0
0.0
0.0
0.0
0.0
0.0
0.0
0.0
0.0
0.0
0.0
0.0
0.0
0.0
0.0
0.0
0.0
0.0
0.0
0.0
0.0
0.0
0.0
0.0
0.0
0.0
0.0
0.0
0.0
0.0
0.0
0.0
0.0
0.0
0.0
0.0
0.0
0.0
0.0
0.0
0.0
0.0
0.0
0.0
0.0
0.0
0.0
0.0
0.0
0.0
0.0
0.0
0.0
0.0
0.0
0.0
0.0
0.0
0.0
0.0
0.0
0.0
0.0
0.0
0.0
0.0
0.0
0.0
0.0
0.0
0.0
0.0
0.0
0.0
0.0
0.0
0.0
0.0
0.0
0.0
0.0
0.0
0.0
0.0
0.0
0.0
0.0
0.0
0.0
0.0
0.0
0.0
0.0
0.0
0.0
0.0
0.0
0.0
0.0
0.0
0.0
0.0
0.0
0.0
0.0
0.0
0.0
0.0
0.0
0.0
0.0
0.0
0.0
0.0
0.0
0.0
0.0
0.0
0.0
0.0
0.0
0.0
0.0
0.0
0.0
0.0
0.0
0.0
0.0
0.0
0.0
0.0
0.0
0.0
0.0
0.0
0.0
0.0
test_mean_abs_costs
0.0
0.0
0.0
0.0
0.0
0.0
0.0
0.0
0.0
0.0
0.0
0.0
0.0
0.0
0.0
0.0
0.0
0.0
0.0
0.0
0.0
0.0
0.0
0.0
0.0
0.0
0.0
0.0
0.0
0.0
0.0
0.0
0.0
0.0
0.0
0.0
0.0
0.0
0.0
0.0
0.0
0.0
0.0
0.0
0.0
0.0
0.0
0.0
0.0
0.0
0.0
0.0
0.0
0.0
0.0
0.0
0.0
0.0
0.0
0.0
0.0
0.0
0.0
0.0
0.0
0.0
0.0
0.0
0.0
0.0
0.0
0.0
0.0
0.0
0.0
0.0
0.0
0.0
0.0
0.0
0.0
0.0
0.0
0.0
0.0
0.0
0.0
0.0
0.0
0.0
0.0
0.0
0.0
0.0
0.0
0.0
0.0
0.0
0.0
0.0
0.0
0.0
0.0
0.0
0.0
0.0
0.0
0.0
0.0
0.0
0.0
0.0
0.0
0.0
0.0
0.0
0.0
0.0
0.0
0.0
0.0
0.0
0.0
0.0
0.0
0.0
0.0
0.0
0.0
0.0
0.0
0.0
0.0
0.0
0.0
0.0
0.0
0.0
0.0
0.0
0.0
0.0
0.0
0.0
0.0
0.0
0.0
0.0
0.0
0.0
0.0
0.0
0.0
0.0
0.0
0.0
0.0
0.0
0.0
0.0
0.0
0.0
0.0
0.0
0.0
0.0
0.0
0.0
0.0
0.0
0.0
0.0
0.0
0.0
0.0
0.0
0.0
0.0
0.0
0.0
0.0
0.0
0.0
0.0
0.0
0.0
0.0
0.0
0.0
0.0
0.0
0.0
0.0
0.0
0.0
0.0
0.0
0.0
0.0
0.0
0.0
0.0
0.0
0.0
0.0
0.0
0.0
0.0
0.0
0.0
0.0
0.0
0.0
0.0
0.0
0.0
0.0
0.0
0.0
0.0
0.0
0.0
0.0
0.0
0.0
0.0
0.0
0.0
0.0
0.0
0.0
0.0
0.0
0.0
0.0
0.0
0.0
0.0
0.0
0.0
0.0
0.0
0.0
0.0
0.0
0.0
0.0
0.0
0.0
0.0
0.0
0.0
0.0
0.0
0.0
0.0
test_variance_costs
0.0
0.0
0.0
0.0
0.0
0.0
0.0
0.0
0.0
0.0
0.0
0.0
0.0
0.0
0.0
0.0
0.0
0.0
0.0
0.0
0.0
0.0
0.0
0.0
0.0
0.0
0.0
0.0
0.0
0.0
0.0
0.0
0.0
0.0
0.0
0.0
0.0
0.0
0.0
0.0
0.0
0.0
0.0
0.0
0.0
0.0
0.0
0.0
0.0
0.0
0.0
0.0
0.0
0.0
0.0
0.0
0.0
0.0
0.0
0.0
0.0
0.0
0.0
0.0
0.0
0.0
0.0
0.0
0.0
0.0
0.0
0.0
0.0
0.0
0.0
0.0
0.0
0.0
0.0
0.0
0.0
0.0
0.0
0.0
0.0
0.0
0.0
0.0
0.0
0.0
0.0
0.0
0.0
0.0
0.0
0.0
0.0
0.0
0.0
0.0
0.0
0.0
0.0
0.0
0.0
0.0
0.0
0.0
0.0
0.0
0.0
0.0
0.0
0.0
0.0
0.0
0.0
0.0
0.0
0.0
0.0
0.0
0.0
0.0
0.0
0.0
0.0
0.0
0.0
0.0
0.0
0.0
0.0
0.0
0.0
0.0
0.0
0.0
0.0
0.0
0.0
0.0
0.0
0.0
0.0
0.0
0.0
0.0
0.0
0.0
0.0
0.0
0.0
0.0
0.0
0.0
0.0
0.0
0.0
0.0
0.0
0.0
0.0
0.0
0.0
0.0
0.0
0.0
0.0
0.0
0.0
0.0
0.0
0.0
0.0
0.0
0.0
0.0
0.0
0.0
0.0
0.0
0.0
0.0
0.0
0.0
0.0
0.0
0.0
0.0
0.0
0.0
0.0
0.0
0.0
0.0
0.0
0.0
0.0
0.0
0.0
0.0
0.0
0.0
0.0
0.0
0.0
0.0
0.0
0.0
0.0
0.0
0.0
0.0
0.0
0.0
0.0
0.0
0.0
0.0
0.0
0.0
0.0
0.0
0.0
0.0
0.0
0.0
0.0
0.0
0.0
0.0
0.0
0.0
0.0
0.0
0.0
0.0
0.0
0.0
0.0
0.0
0.0
0.0
0.0
0.0
0.0
0.0
0.0
0.0
0.0
0.0
0.0
0.0
0.0
0.0
test_mean_wealth
-1.6864678
-1.5957111
-1.5886271
-1.6236625
-1.6394889
-1.5908718
-1.6483752
-1.6146607
-1.6562989
-1.5747871
-1.5903469
-1.6041259
-1.6401567
-1.5477284
-1.6071349
-1.6078616
-1.5959098
-1.6301609
-1.6245477
-1.5931662
-1.5926187
-1.567938
-1.6118821
-1.5521382
-1.5677522
-1.6268013
-1.5031343
-1.5610325
-1.5329818
-1.5302429
-1.6190747
-1.6250517
-1.6012776
-1.6149008
-1.5883926
-1.5854496
-1.7017578
-1.6578565
-1.5983701
-1.6162199
-1.6517785
-1.624708
-1.6571363
-1.5505447
-1.6186917
-1.60105
-1.6570435
-1.6339432
-1.6269125
-1.6362778
-1.5591031
-1.5573349
-1.571343
-1.6000006
-1.6736482
-1.6855699
-1.6021154
-1.60584
-1.6040226
-1.6180563
-1.6413171
-1.6135486
-1.6307306
-1.6151236
-1.5595093
-1.5999458
-1.6199738
-1.6555973
-1.5724318
-1.6164305
-1.6424943
-1.6257354
-1.6121085
-1.6214844
-1.6432576
-1.5753934
-1.6305728
-1.6679095
-1.6310134
-1.5884581
-1.602116
-1.6020609
-1.6175473
-1.6711842
-1.5700873
-1.6127124
-1.5613295
-1.6259562
-1.643751
-1.6153221
-1.6259899
-1.6046187
-1.6083196
-1.6025674
-1.5992361
-1.6416508
-1.6556075
-1.6216154
-1.5233154
-1.5364835
-1.5864449
-1.6110725
-1.5867825
-1.5693669
-1.6238073
-1.5826564
-1.6301609
-1.6867234
-1.6368188
-1.5893857
-1.5707684
-1.630496
-1.5153904
-1.625103
-1.544154
-1.6271335
-1.7016501
-1.5732044
-1.6503135
-1.5626774
-1.6649324
-1.577429
-1.6921363
-1.582247
-1.5515518
-1.7490311
-1.6438698
-1.6486746
-1.5447601
-1.6865202
-1.5797265
-1.6111745
-1.5829929
-1.6005067
-1.5658938
-1.5978357
-1.6183211
-1.600209
-1.5945805
-1.6759509
-1.6251789
-1.6892433
-1.6272054
-1.6706496
-1.618067
-1.6098691
-1.590534
-1.5802451
-1.5657641
-1.5493838
-1.6350993
-1.5834004
-1.5458279
-1.5791417
-1.6317356
-1.5928578
-1.563049
-1.6006308
-1.6637193
-1.6015862
-1.5342547
-1.6089677
-1.5927787
-1.6372674
-1.637743
-1.5211147
-1.611001
-1.6753317
-1.568351
-1.677372
-1.56597
-1.5732528
-1.6642001
-1.5395547
-1.4926138
-1.5798119
-1.5243965
-1.6315839
-1.571662
-1.704388
-1.5738361
-1.5705551
-1.6242214
-1.6850688
-1.6607008
-1.6038276
-1.6065326
-1.6418723
-1.6303378
-1.596202
-1.6492493
-1.6410444
-1.566318
-1.652017
-1.6894655
-1.669565
-1.5671083
-1.6322026
-1.5920998
-1.7032491
-1.5962733
-1.6823459
-1.6093255
-1.6092042
-1.6283951
-1.5567917
-1.6116824
-1.5984292
-1.5590726
-1.6276892
-1.6095554
-1.6634706
-1.5075308
-1.6255713
-1.6219736
-1.5722404
-1.6136842
-1.663662
-1.498257
-1.6233562
-1.5803943
-1.6023943
-1.6758907
-1.5365152
-1.5092435
-1.5688814
-1.6388899
-1.6170522
-1.5723939
-1.6644541
-1.7013391
-1.6720227
-1.6913131
-1.6119128
-1.6101291
-1.6152282
-1.566107
-1.6461617
-1.5919977
-1.6851783
-1.6510321
-1.6086868
-1.614471
-1.60698
-1.5868059
-1.618754
-1.6168323
-1.622564
-1.5884618
-1.6120771
-1.651233
-1.673685
-1.6557373
-1.6400313
-1.5353869
-1.5414051
test_mean_abs_wealth
1.6864678
1.5957111
1.5886271
1.6236625
1.6394889
1.5908718
1.6483752
1.6146607
1.6562989
1.5747871
1.5903469
1.6041259
1.6401567
1.5477284
1.6071349
1.6078616
1.5959098
1.6301609
1.6245477
1.5931662
1.5926187
1.567938
1.6118821
1.5521382
1.5677522
1.6268013
1.5031343
1.5610325
1.5329818
1.5302429
1.6190747
1.6250517
1.6012776
1.6149008
1.5883926
1.5854496
1.7017578
1.6578565
1.5983701
1.6162217
1.6517785
1.624708
1.6571363
1.5505447
1.6186917
1.60105
1.6570435
1.6339432
1.6269125
1.6362778
1.5591031
1.5573349
1.571343
1.6000006
1.6736482
1.6855699
1.6021154
1.60584
1.6040226
1.6180563
1.6413171
1.6135486
1.6307306
1.615125
1.5595093
1.5999458
1.6199738
1.6555973
1.5724324
1.616431
1.6424943
1.6257354
1.6121118
1.6214844
1.6432576
1.5753934
1.6305728
1.6679095
1.6310134
1.5884581
1.602116
1.6020609
1.6175473
1.6711842
1.5700873
1.6127124
1.5613295
1.6259562
1.643751
1.6153221
1.6259899
1.6046187
1.6083196
1.6025674
1.5992361
1.6416513
1.6556075
1.6216154
1.5233154
1.5364835
1.5864449
1.6110725
1.5867825
1.5693669
1.623808
1.5826564
1.6301609
1.6867234
1.6368188
1.5893857
1.5707705
1.630496
1.5153904
1.625103
1.544154
1.6271335
1.7016501
1.5732046
1.6503135
1.5626774
1.6649324
1.577429
1.6921363
1.582247
1.5515527
1.7490311
1.6438698
1.6486746
1.5447601
1.6865202
1.5797265
1.6111745
1.5829929
1.6005067
1.5658938
1.5978357
1.6183211
1.600209
1.5945805
1.6759509
1.6251789
1.6892433
1.6272054
1.6706496
1.618067
1.6098691
1.590534
1.5802451
1.5657645
1.5493838
1.6350993
1.5834004
1.5458279
1.5791417
1.6317356
1.5928578
1.563049
1.6006308
1.6637193
1.6015862
1.5342572
1.6089677
1.5927787
1.6372674
1.637743
1.5211165
1.611001
1.6753317
1.568351
1.677372
1.56597
1.5732528
1.6642001
1.5395547
1.4926138
1.5798119
1.5243965
1.6315839
1.571662
1.704388
1.5738361
1.5705551
1.6242214
1.6850688
1.6607008
1.6038276
1.6065326
1.6418723
1.6303378
1.596202
1.6492493
1.6410444
1.566318
1.652017
1.6894655
1.669565
1.5671083
1.6322026
1.5920998
1.7032491
1.5962733
1.6823459
1.6093255
1.6092042
1.6283951
1.5567917
1.6116824
1.59843
1.559074
1.6276892
1.6095554
1.6634706
1.5075308
1.6255713
1.6219736
1.5722404
1.6136842
1.663662
1.4982575
1.6233562
1.5803943
1.6023943
1.6758907
1.5365152
1.5092435
1.5688814
1.6388899
1.6170522
1.5723939
1.6644541
1.7013391
1.6720227
1.6913131
1.6119128
1.6101291
1.6152282
1.5661081
1.6461617
1.5919977
1.6851783
1.6510321
1.6086882
1.614471
1.60698
1.5868059
1.618754
1.6168323
1.622564
1.5884618
1.6120771
1.651233
1.673685
1.6557373
1.6400313
1.5353869
1.5414051
test_variance_wealth
0.043834712
0.045269657
0.044282697
0.042669497
0.04222607
0.04683818
0.04332229
0.044618517
0.04271895
0.046486262
0.044117317
0.043983568
0.04633921
0.04453287
0.04515694
0.04317895
0.04425696
0.0438697
0.044251017
0.04459675
0.044548366
0.046137452
0.044297524
0.04660048
0.04439427
0.045665093
0.045321096
0.045106165
0.045780446
0.046696402
0.043901827
0.042407114
0.043382473
0.043514032
0.044259172
0.04449355
0.041804347
0.044481166
0.045673314
0.043412227
0.044906292
0.043622226
0.042203255
0.045729145
0.043318592
0.043675367
0.04312093
0.043735467
0.04428127
0.043988
0.044218004
0.045282796
0.045207426
0.04323197
0.042959344
0.043758687
0.0460567
0.04385903
0.046679094
0.04362639
0.04325133
0.044908803
0.043364327
0.046238262
0.045088314
0.044967405
0.042950474
0.04286429
0.045527507
0.04410635
0.041970108
0.044333287
0.044101335
0.043626755
0.041939795
0.044344354
0.043742325
0.0428155
0.043011546
0.04385924
0.046077315
0.043311883
0.04475467
0.044420555
0.04392724
0.043552842
0.044213336
0.044815924
0.042089526
0.044461295
0.043857493
0.046017878
0.044054046
0.044347737
0.04473727
0.04472999
0.042688422
0.043015
0.04575293
0.046146467
0.043565977
0.043644007
0.044767074
0.044399098
0.04507124
0.044587027
0.04364236
0.042592507
0.04303068
0.045863587
0.044729497
0.044021916
0.04719911
0.04317471
0.044799794
0.042110153
0.04281578
0.04507145
0.044155594
0.04710209
0.042389873
0.0446702
0.041486617
0.044485252
0.044925567
0.04035432
0.042930566
0.042061128
0.04615195
0.042137973
0.045722015
0.044050142
0.045552656
0.04379326
0.047237612
0.04437702
0.043602653
0.044051006
0.0447091
0.04446347
0.042968385
0.042422872
0.042614263
0.043067463
0.045098163
0.044269215
0.043909393
0.04426791
0.04594571
0.045069404
0.042695247
0.04446486
0.045471087
0.043895207
0.0439965
0.04419333
0.045792118
0.044186316
0.04226986
0.043245308
0.045401253
0.04422723
0.045027107
0.043070365
0.04276817
0.04845255
0.044263817
0.043451723
0.045419574
0.043395076
0.045334183
0.04393474
0.043236837
0.045313984
0.046929948
0.045157924
0.04657579
0.043333676
0.044415135
0.041422732
0.047787283
0.044385515
0.04434332
0.04297833
0.04360022
0.042824842
0.045084238
0.044717554
0.04524284
0.044666443
0.047122706
0.045595046
0.04492487
0.04318905
0.04269769
0.04152922
0.044777017
0.042215247
0.0462709
0.0417723
0.04303194
0.043870002
0.044126004
0.04378821
0.04525262
0.04535578
0.04451106
0.046348363
0.045840643
0.0435733
0.045397036
0.044065993
0.04605851
0.046968106
0.044174384
0.04664463
0.04417081
0.043291625
0.047558066
0.044346564
0.04561918
0.045962542
0.043850668
0.04694704
0.046552386
0.044092286
0.043560714
0.0456363
0.046604075
0.0435698
0.04270346
0.043024406
0.04175945
0.043705642
0.042819824
0.043904487
0.044504695
0.04385112
0.04521679
0.042341035
0.043312408
0.044021096
0.045921084
0.04519271
0.043866616
0.04497392
0.045324255
0.0444212
0.043623634
0.043238632
0.043688737
0.044273946
0.044851482
0.043538727
0.04491966
0.046842195
test_wealth_with_price_abs_mean
0.16465281
0.1674331
0.16566652
0.16292414
0.16195294
0.16994843
0.16402242
0.16625178
0.16298936
0.16949339
0.16540214
0.16508815
0.16888544
0.16638881
0.1672472
0.16376683
0.16574611
0.16495635
0.16560927
0.16631523
0.16633976
0.16900864
0.1657314
0.16958642
0.16587299
0.1681524
0.1678142
0.16724464
0.16822512
0.16994826
0.16494045
0.16234033
0.16419144
0.16432582
0.16576004
0.16611521
0.1611507
0.16587988
0.16830193
0.16393177
0.16652197
0.16449574
0.16208902
0.16810267
0.16407403
0.1646608
0.1634693
0.16455606
0.16564627
0.16498104
0.16584043
0.16770698
0.16742133
0.16411754
0.16328923
0.16459735
0.16871193
0.16501313
0.16959414
0.16445123
0.16375338
0.16667621
0.16405505
0.16913769
0.16742843
0.16708495
0.16352604
0.1630471
0.16788007
0.16550441
0.16160041
0.1657639
0.16539857
0.16466603
0.16156161
0.1658731
0.16489632
0.16303644
0.16355242
0.1651421
0.1687468
0.16381326
0.16652502
0.16576578
0.16520162
0.16435193
0.16570145
0.16652709
0.16184454
0.16603859
0.16498083
0.16865912
0.16513368
0.16566382
0.1664376
0.16640313
0.16284116
0.16357234
0.1684375
0.16907732
0.16458648
0.16452733
0.16661717
0.16616449
0.16699746
0.16609913
0.16437633
0.16250066
0.16360418
0.16849759
0.16657087
0.16506214
0.17084447
0.16379067
0.16678482
0.16210382
0.16287087
0.16715904
0.1653437
0.17045398
0.16227795
0.16645598
0.1605258
0.16623177
0.1669107
0.15859377
0.16340454
0.16155064
0.1690154
0.16175811
0.16828997
0.16540428
0.16777948
0.1650198
0.1709516
0.16588753
0.16447565
0.16525312
0.16632895
0.16579428
0.16319486
0.16250937
0.16271876
0.16319232
0.16717412
0.16563167
0.16502443
0.16562669
0.1684407
0.1671362
0.16306876
0.16606449
0.16790248
0.16512984
0.16502322
0.16555049
0.16826735
0.16568851
0.16222177
0.16388537
0.1677831
0.16570628
0.16694658
0.16339469
0.16306442
0.17277236
0.16549659
0.16422004
0.16759568
0.16410238
0.16774112
0.16512042
0.16384503
0.16751727
0.170398
0.16743605
0.16973081
0.16400728
0.16596602
0.16040923
0.17139146
0.16606842
0.16591924
0.16331339
0.16437565
0.1631752
0.1671739
0.16629648
0.16744262
0.16655818
0.17037058
0.16761558
0.16688204
0.16368403
0.16270994
0.16087158
0.16663665
0.16200484
0.16917993
0.16125128
0.16357547
0.16475315
0.16560794
0.1649394
0.16722557
0.16773546
0.1660977
0.16898893
0.16845419
0.16429824
0.16767575
0.16506042
0.16902076
0.1701873
0.16528241
0.16971137
0.16532828
0.16381332
0.17152384
0.16605833
0.16815707
0.16849233
0.16458085
0.17050414
0.16993587
0.16557218
0.1643297
0.16794665
0.16979922
0.16425379
0.16256188
0.16340828
0.16103584
0.16491309
0.16319503
0.16500059
0.16630422
0.16484407
0.1673558
0.16219217
0.16365153
0.16521898
0.16834466
0.16721351
0.16493747
0.16682667
0.16745198
0.16586329
0.16480194
0.16411966
0.16470546
0.16550396
0.16661333
0.16424944
0.16702151
0.17010868
test_wealth_with_price_variance
0.043834712
0.045269657
0.044282697
0.042669497
0.04222607
0.04683818
0.04332229
0.044618517
0.04271895
0.046486262
0.044117317
0.043983568
0.04633921
0.04453287
0.04515694
0.04317895
0.04425696
0.0438697
0.044251017
0.04459675
0.044548366
0.046137452
0.044297524
0.04660048
0.04439427
0.045665093
0.045321096
0.045106165
0.045780446
0.046696402
0.043901827
0.042407114
0.043382473
0.043514032
0.044259172
0.04449355
0.041804347
0.044481166
0.045673314
0.043412227
0.044906292
0.043622226
0.042203255
0.045729145
0.043318592
0.043675367
0.04312093
0.043735467
0.04428127
0.043988
0.044218004
0.045282796
0.045207426
0.04323197
0.042959344
0.043758687
0.0460567
0.04385903
0.046679094
0.04362639
0.04325133
0.044908803
0.043364327
0.046238262
0.045088314
0.044967405
0.042950474
0.04286429
0.045527507
0.04410635
0.041970108
0.044333287
0.044101335
0.043626755
0.041939795
0.044344354
0.043742325
0.0428155
0.043011546
0.04385924
0.046077315
0.043311883
0.04475467
0.044420555
0.04392724
0.043552842
0.044213336
0.044815924
0.042089526
0.044461295
0.043857493
0.046017878
0.044054046
0.044347737
0.04473727
0.04472999
0.042688422
0.043015
0.04575293
0.046146467
0.043565977
0.043644007
0.044767074
0.044399098
0.04507124
0.044587027
0.04364236
0.042592507
0.04303068
0.045863587
0.044729497
0.044021916
0.04719911
0.04317471
0.044799794
0.042110153
0.04281578
0.04507145
0.044155594
0.04710209
0.042389873
0.0446702
0.041486617
0.044485252
0.044925567
0.04035432
0.042930566
0.042061128
0.04615195
0.042137973
0.045722015
0.044050142
0.045552656
0.04379326
0.047237612
0.04437702
0.043602653
0.044051006
0.0447091
0.04446347
0.042968385
0.042422872
0.042614263
0.043067463
0.045098163
0.044269215
0.043909393
0.04426791
0.04594571
0.045069404
0.042695247
0.04446486
0.045471087
0.043895207
0.0439965
0.04419333
0.045792118
0.044186316
0.04226986
0.043245308
0.045401253
0.04422723
0.045027107
0.043070365
0.04276817
0.04845255
0.044263817
0.043451723
0.045419574
0.043395076
0.045334183
0.04393474
0.043236837
0.045313984
0.046929948
0.045157924
0.04657579
0.043333676
0.044415135
0.041422732
0.047787283
0.044385515
0.04434332
0.04297833
0.04360022
0.042824842
0.045084238
0.044717554
0.04524284
0.044666443
0.047122706
0.045595046
0.04492487
0.04318905
0.04269769
0.04152922
0.044777017
0.042215247
0.0462709
0.0417723
0.04303194
0.043870002
0.044126004
0.04378821
0.04525262
0.04535578
0.04451106
0.046348363
0.045840643
0.0435733
0.045397036
0.044065993
0.04605851
0.046968106
0.044174384
0.04664463
0.04417081
0.043291625
0.047558066
0.044346564
0.04561918
0.045962542
0.043850668
0.04694704
0.046552386
0.044092286
0.043560714
0.0456363
0.046604075
0.0435698
0.04270346
0.043024406
0.04175945
0.043705642
0.042819824
0.043904487
0.044504695
0.04385112
0.04521679
0.042341035
0.043312408
0.044021096
0.045921084
0.04519271
0.043866616
0.04497392
0.045324255
0.0444212
0.043623634
0.043238632
0.043688737
0.044273946
0.044851482
0.043538727
0.04491966
0.046842195
price
1.6863177
1.5966668
1.5880558
1.6236625
1.6400083
1.5908622
1.6483493
1.614221
1.6570164
1.5752991
1.5908192
1.6041887
1.6406153
1.5475123
1.6077456
1.6076711
1.596902
1.6301531
1.6248984
1.5935819
1.5924277
1.5685022
1.6124725
1.5524188
1.568528
1.6265508
1.5038853
1.5610417
1.5333513
1.5305233
1.6193546
1.6251353
1.6010126
1.6154984
1.5882919
1.5860076
1.7017823
1.6580101
1.5988264
1.6173459
1.651907
1.6248388
1.6572434
1.55083
1.6188724
1.6006842
1.6572453
1.6346006
1.6274197
1.6359463
1.5587544
1.5570607
1.5716091
1.6002977
1.6738565
1.6855854
1.603315
1.6055514
1.6041824
1.6187592
1.6414571
1.6131588
1.6303614
1.6152896
1.5594375
1.5993949
1.6204444
1.655735
1.5728588
1.6170357
1.6422113
1.6257594
1.6121211
1.622333
1.6433153
1.5747267
1.6298681
1.6675605
1.6308253
1.5883934
1.6023972
1.6026584
1.6173847
1.6712338
1.570253
1.6123736
1.5610993
1.6265588
1.6433213
1.6164155
1.6259061
1.6048696
1.6085632
1.602787
1.6002685
1.6413603
1.6563352
1.6219994
1.5228121
1.5367717
1.5858955
1.6100376
1.5867878
1.5692207
1.6233839
1.5824587
1.6299847
1.6869171
1.637114
1.5888609
1.5706242
1.6300772
1.5153298
1.6247509
1.5442469
1.6272782
1.7019197
1.5728732
1.650347
1.563046
1.6654855
1.5774316
1.6921016
1.5821685
1.5521691
1.749418
1.6440943
1.6495079
1.545546
1.6871085
1.579716
1.6117555
1.5839652
1.6010221
1.5657754
1.5976964
1.6187079
1.6002622
1.5942631
1.6765794
1.6253308
1.6890309
1.6273638
1.6712451
1.6176016
1.6103901
1.5905021
1.5799768
1.5667326
1.5497924
1.6355716
1.583247
1.5457047
1.5791906
1.6320914
1.5930829
1.563501
1.6003197
1.6640886
1.6013628
1.5339859
1.609385
1.5931697
1.6370612
1.6382667
1.5214963
1.6111727
1.6758786
1.5680153
1.6782976
1.5653818
1.5733439
1.6644701
1.539963
1.4935187
1.5813192
1.5242641
1.6316776
1.5715246
1.7043588
1.5740515
1.5709476
1.6247028
1.6847007
1.6608474
1.6038743
1.6070436
1.6417398
1.631084
1.596643
1.6492214
1.6415576
1.5659567
1.6524984
1.690253
1.6698123
1.5671055
1.6330372
1.5926483
1.7038405
1.5968994
1.6818187
1.6099952
1.6093814
1.6281896
1.5567881
1.6118863
1.5988177
1.5591133
1.6281178
1.609362
1.6634802
1.5077298
1.6256009
1.62153
1.572181
1.6137272
1.6639322
1.4987249
1.6231315
1.5804079
1.6027279
1.676029
1.5357928
1.509353
1.5689816
1.6391134
1.6165524
1.5729573
1.6648728
1.7016604
1.6724117
1.6918733
1.6125546
1.6099701
1.6154909
1.5662327
1.6465231
1.5923247
1.6857724
1.6508992
1.6090944
1.6149409
1.6072662
1.5864772
1.618777
1.6171757
1.6219423
1.5884836
1.6124953
1.6514139
1.6733658
1.6551476
1.6399671
1.5361822
1.5423615
train_time
0.3603071
0.3067606000000005
0.30291150000000044
0.3062230000000028
0.40394119999999845
0.30396219999998664
0.30902240000000347
0.2973151999999999
0.30891780000000324
0.2960474000000062
0.5176864000000023
0.43726719999997954
0.3003156000000047
0.3045060000000035
0.2976142999999922
0.3173117999999988
0.29959919999998874
0.3763601999999935
0.4678967000000114
0.3089188000000149
0.3090348999999719
0.3127929999999992
0.314692999999977
0.3006455000000301
0.3039038000000005
0.31676709999999275
0.31466469999998026
0.5050386000000344
0.2971294999999827
0.30189359999997123
0.3072311999999897
0.30353559999997515
0.29016740000002983
0.2985836999999947
0.30248399999999265
0.3073434000000361
0.306685200000004
0.5572320999999647
0.3102987999999982
0.3045605000000364
0.3180300000000216
0.4026241999999911
0.2987051000000065
0.30692659999999705
0.30511250000006385
0.30406490000007125
0.3095038999999815
0.2954707999999755
0.3006785000000036
0.6068586000000096
0.30066629999998895
0.32891910000000735
0.31331729999999425
0.3062724999999773
0.3052834999999732
0.2988788000000113
0.3037250000000995
0.30357249999997293
0.3022869000000128
0.3064527999999882
0.2990657000000283
0.3076688999999533
0.31010270000001583
0.6863415999999916
0.31014110000000983
0.3480416999999534
0.3037084999999706
0.30664469999999255
0.3010198000000628
0.30613579999999274
0.30289859999993496
0.3058070999999245
0.30048360000000685
0.307621499999982
0.29747520000000804
0.30623239999999896
0.30779690000008486
0.301386799999932
0.3030674999999974
0.7874575000000732
0.3078084999999646
0.306045499999982
0.2986436000001049
0.3064469000000827
0.3142218000000412
0.3047105000000556
0.3023992000000817
0.31828159999986383
0.38999649999982466
0.3035586000000876
0.29914559999997437
0.3046867000000475
0.3060665999998946
0.30040599999983897
0.296070299999883
0.30774280000014187
0.31116229999997813
0.30184520000011617
0.30762000000004264
0.8873383000000103
0.30940609999993285
0.29663940000000366
0.3108796000001348
0.29289700000003904
0.3148340999998709
0.29760190000001785
0.29818100000011327
0.37106949999997596
0.29101570000011634
0.3012518000000455
0.31501619999994546
0.30550270000003366
0.2891018999998778
0.3012724000000162
0.29434420000006867
0.294586900000013
0.30456100000014885
0.29476199999999153
0.2939531999998053
0.298803800000087
0.31195739999998295
0.9911339000000225
0.3121722000000773
0.30703620000008414
0.3112942000000203
0.30293460000007144
0.3191901999998663
0.31389500000000226
0.3731505000000652
0.540214800000058
0.33864280000011604
0.305438200000026
0.3024052999999185
0.3108740999998645
0.3576024999999845
0.2983486000000539
0.3012515999998868
0.37606940000000577
0.2862825999998222
0.30564639999988685
0.3173007000000325
0.298740799999905
0.398416700000098
0.30034090000003744
0.30569439999999304
0.2984753999999157
0.29796779999992395
1.1847716999998283
0.29701730000010684
0.46157079999989037
0.3281747000000905
0.6383220999998684
0.3078401999998732
0.3036871000001611
0.29933260000007067
0.31168909999996686
0.2974759999997332
0.29545420000022204
0.29459289999977045
0.3042491000001064
0.30062120000002324
0.308060000000296
0.4118327000001045
0.32029049999982817
0.30053510000016104
0.28853479999997944
0.30118670000001657
0.3024195999996664
0.28931820000025255
0.3210540000000037
0.3043084999999337
0.3113887999998042
0.3194218000003275
0.28950910000003205
0.3206719999998313
0.31308750000016516
0.31561250000004293
0.3122505999999703
1.3483346000002712
0.2905607000002419
0.32043160000011994
0.32656859999997323
0.29715379999970537
0.3104062000002159
0.2973992000001999
0.2972251999999571
0.31523220000008223
0.32035540000015317
0.31768719999990935
0.3020278999997572
0.30594040000005407
0.29031550000036077
0.29487749999998414
0.3033744999997907
0.3000898000000234
0.2957120000000941
0.31937969999989946
0.3115281000000323
0.29880080000020826
0.33006539999996676
0.3211244999997689
0.32261389999985113
0.31025580000004993
0.33446579999963433
0.2915082999998049
0.31989019999991797
0.31184829999983776
0.3109687000001031
0.2983337999999094
0.31437899999991714
0.311315100000229
0.3062684999999874
0.3237402999998267
0.3252201000000241
0.31401800000003277
1.6607278999999835
0.30790650000017195
0.3348982000002252
0.3259698000001663
0.36158430000023145
0.3277234000001954
0.3043206000002101
0.2955728000001727
0.3076118000003589
0.2942327999999179
0.42454759999964153
0.30888750000030996
0.2993754000003719
0.293446799999856
0.3097877000000153
0.32472310000002835
0.518618300000071
0.3035213000002841
0.3023694999997133
0.31744049999997515
0.3050209999996696
0.32285030000002735
0.3107291000001169
0.31231750000006286
0.3181604999999763
0.29776240000001053
0.2935942999997678
0.3127855000002455
0.31110069999976986
0.4143048999999337
0.3100638999999319
0.31884260000015274
0.4346226000002389
0.30781589999969583
0.29412690000026487
0.3099198000004435
0.2964171999997234
0.31730229999993753
0.3639868000000206
0.3020918999995956
0.5743905999997878


