================================================================================
=== continuous-time
train_risk
3.2749348
3.2087944
3.3149555
3.2000554
3.312868
3.3510537
3.2087052
3.3672168
3.304319
3.24941
3.3889554
3.218295
3.2566848
3.302401
3.2623975
3.09017
3.2954807
3.3049812
3.2208
3.397084
3.3471205
3.2035186
3.3196957
3.1111581
3.3279207
3.2564464
3.3206255
3.218934
3.3394878
3.3332818
3.2861092
3.1585643
3.3803053
3.2973638
3.2131689
3.453901
3.4224055
3.2788613
3.163659
3.3273215
3.2985053
3.4900532
3.2666938
3.2157962
3.2706106
3.1823049
3.246875
3.4145315
3.2419317
3.4184074
3.229673
3.4425163
3.3216207
3.325938
3.2325706
3.214276
3.3012004
3.2654366
3.407059
3.1203942
3.333611
3.4464035
3.2258275
3.3372889
3.2091959
3.3886943
3.374058
3.3275225
3.3421688
3.1727762
3.4567134
3.3162506
3.2891319
3.3756375
3.2604682
3.2693512
3.3209882
3.357279
3.2640152
3.3611114
3.5074296
3.2792985
3.3190992
3.2855575
3.2236793
3.333044
3.3203232
3.215063
3.3147306
3.1722414
3.113527
3.3752968
3.3148425
3.3515508
3.3823223
3.2956252
3.261773
3.362734
3.2934592
3.2456744
3.1414776
3.4154832
3.1953714
3.2754211
3.3909006
3.3055606
3.3184412
3.2356195
3.3640814
3.2153406
3.124237
3.264581
3.21565
3.4221501
3.2373407
3.4240446
3.2920365
3.3413575
3.3309216
3.3893752
3.2363665
3.3884625
3.324443
3.3978217
3.301435
3.430263
3.3420453
3.3522925
3.2337818
3.3005764
3.2943254
3.1538317
3.2445545
3.320144
3.2531645
3.3279486
3.4024024
3.3626437
3.1924987
3.287685
3.277589
3.3136814
3.425435
3.382771
3.1233802
3.4141138
3.2028067
3.17728
3.2084632
3.303665
3.2349768
3.3405435
3.2883203
3.3384702
3.3246891
3.0231888
3.2472796
3.2758498
3.1683016
3.3179672
3.3395896
3.34424
3.2508378
3.1887574
3.275304
3.3809903
3.2457132
3.3331764
3.2939072
3.3969238
3.3499804
3.4794104
3.3832495
3.3434672
3.1567695
3.2177916
3.4197404
3.3464994
3.117248
3.3521469
3.3897085
3.2578735
3.3513615
3.2236767
3.2998586
3.336311
3.4131532
3.3362353
3.2788246
3.248
3.330214
3.263766
3.2428398
3.2720723
3.3722496
3.3365488
3.3015616
3.174985
3.1306314
3.0831857
3.3487287
3.2602026
3.2347753
3.4599805
3.3144093
3.2799788
3.1928368
3.1191998
3.3733687
3.2654786
3.1898427
3.3009276
3.3054414
3.3006873
3.2614543
3.3227503
3.3141034
3.1996837
3.1971972
3.377372
3.3021865
3.1957395
3.418826
3.3327165
3.2761655
3.3109574
3.3434632
3.2237453
3.3299625
3.2113352
3.1860132
3.3111737
3.307018
3.3220785
3.262029
3.3890843
3.1479306
3.160784
3.230507
3.4059858
3.2813053
3.3725228
3.2794094
3.2447903
3.1936889
3.319834
3.2931325
3.327261
3.3415143
3.085615
3.4457474
3.2735019
3.2205698
3.1896455
3.1984837
3.237643
test_risk
3.225316
3.2747588
3.2749941
3.2669764
3.3456368
3.235595
3.2619803
3.3501534
3.3943498
3.332911
3.3571365
3.277837
3.2776637
3.3175423
3.276214
3.2384944
3.2898688
3.2922907
3.2603624
3.382963
3.366362
3.2505507
3.275846
3.227917
3.225493
3.2286208
3.228806
3.366998
3.2905624
3.3333812
3.2844176
3.250315
3.22527
3.3376088
3.24906
3.3829904
3.3408062
3.2364693
3.2374916
3.2510788
3.2712402
3.2466877
3.2707715
3.2593615
3.2737296
3.2353985
3.2983203
3.2548664
3.353719
3.3712077
3.274873
3.351533
3.2470484
3.343412
3.3008707
3.2749887
3.2730734
3.306122
3.3803594
3.296195
3.2484903
3.3244646
3.295201
3.347405
3.2618852
3.386856
3.3081717
3.2775254
3.4021912
3.2728407
3.4008768
3.2821128
3.3566153
3.368327
3.319618
3.2557924
3.4016838
3.3619833
3.2948618
3.2897344
3.37165
3.2355385
3.279894
3.3407226
3.2474866
3.3308585
3.2995398
3.2517953
3.366013
3.2910953
3.2403154
3.2660143
3.3519037
3.2355866
3.3531227
3.2454183
3.2721741
3.3523173
3.2736049
3.2698681
3.2267559
3.2433572
3.238265
3.3391008
3.370818
3.2836037
3.2844696
3.2895873
3.3951023
3.2466717
3.2738314
3.2676647
3.2323096
3.3320959
3.2785144
3.274914
3.3861945
3.3166134
3.3111346
3.3651109
3.2588854
3.3564653
3.343815
3.3626184
3.2348197
3.3043787
3.2838433
3.327156
3.2861795
3.2823293
3.2586222
3.236049
3.287227
3.2256327
3.2732813
3.27584
3.330413
3.2909505
3.231669
3.2526417
3.2576618
3.2840478
3.3803756
3.3717427
3.247217
3.3948624
3.2237184
3.2426062
3.2695124
3.2454193
3.2627969
3.2928884
3.3371587
3.3320878
3.387148
3.2320704
3.2302966
3.278858
3.2546697
3.358035
3.3178802
3.3807743
3.2529736
3.2578273
3.251621
3.2734032
3.3095727
3.2689815
3.2214217
3.3057806
3.3488312
3.354699
3.37165
3.2843564
3.239426
3.2725825
3.3598158
3.2922778
3.2513416
3.2968771
3.24433
3.270326
3.3882465
3.2646759
3.2727826
3.3723347
3.364545
3.3595264
3.2572687
3.3145466
3.3190703
3.2488909
3.2537901
3.2928305
3.3884048
3.3835266
3.2760358
3.2562985
3.2372246
3.2468908
3.2898822
3.2909334
3.2387838
3.3048737
3.2461455
3.2350779
3.3074133
3.2591667
3.347192
3.3016372
3.2398665
3.2488046
3.257957
3.3549325
3.268222
3.3752794
3.2762485
3.2581575
3.2654598
3.400339
3.2384138
3.243042
3.3779316
3.3278713
3.2288795
3.2857108
3.3240135
3.2312746
3.2764845
3.2289267
3.28779
3.355928
3.3107126
3.3279784
3.263505
3.329558
3.2225404
3.2597897
3.2944236
3.3242269
3.3100653
3.3027744
3.2812374
3.2402766
3.26297
3.365636
3.2474554
3.3238795
3.2380702
3.2287405
3.3897443
3.2412822
3.261196
3.2327962
3.2772295
3.234441
test_mean_value
0.0037176283
-0.0019112014
0.0013218485
0.003585537
-0.0013598463
-0.0018231118
0.005245322
-0.0004318676
-0.0016157997
-0.003609158
-0.008285836
-0.0026802986
0.0025265396
-0.0014151483
0.0022721188
0.00021318282
-0.0014946652
0.003424341
0.0030773918
-0.0024339205
0.005270986
0.0005031524
4.853676e-05
0.002161794
0.0010113324
0.004641805
-0.0036832201
0.0015178882
-0.00068376766
-0.0022374967
-0.002809979
0.0021870898
-0.0014148715
0.003582903
0.0014839055
-0.0019115551
0.0037775582
-0.006610342
-0.0027380201
0.00026623323
-0.0015475454
0.0032411234
-0.0015887773
-0.0009020017
-0.004686494
-0.0013632663
0.0033165007
0.0032756664
-0.00015250136
-0.0019765864
0.00067761197
0.002171065
-0.0053577516
-0.0019876685
-0.0018922988
0.0026668853
-0.0028311382
0.0021235931
-0.0011475558
0.0003480611
0.0019755752
0.0036004342
-0.0004937523
0.0018340606
-0.0034740816
-0.0035064698
-0.0012716405
0.0060840934
0.004683548
0.0005615224
0.0030709037
0.003678024
0.00016326955
0.002794565
-0.0007273122
0.0008707708
0.0020652546
-0.00026819142
0.0055488357
0.001505433
-0.001913829
-0.0010891621
-0.0006711675
0.0014156277
0.00094156177
-0.0013589206
0.0010306087
-0.003395369
0.0018602436
0.0018299732
3.4479413e-05
0.00095483736
0.0008221232
0.0016521495
-0.0035426198
-0.005166799
-0.002413398
0.0040052896
-0.005891592
-0.0008875577
0.003441671
0.0010303862
0.0007705984
0.00059391354
0.0055789175
-6.974017e-05
-0.005707072
-0.0051680747
0.000115614166
-0.0019052919
-0.0023498186
0.000727548
0.001496573
0.0015479015
-0.00043594802
0.0019998492
-0.0024815814
0.00558666
-0.00061188923
0.0010114941
0.0029605313
0.0011388097
0.00043962922
-0.0019328988
0.0025586656
-0.00026362677
-0.0030312326
-0.0019015591
-0.0011743114
0.0056304843
-0.002149563
-0.000861938
-0.0022538588
0.004367125
0.00024116783
0.00075141666
-0.00067239936
0.0029476748
0.0037854514
0.0023316655
-0.0016912409
-0.00077320356
-0.0028474864
-0.00012591829
0.0037191901
-0.0016888448
-0.0005273995
-0.0005044194
0.003118965
0.003511642
0.003457779
-0.0014412678
0.001117569
-0.0033015348
-0.0035252734
-0.0012431912
0.0033694482
-0.00030997035
0.004869572
-0.00028080895
-0.0031101678
0.0013715496
0.0056857094
-0.00034182108
0.0037844502
-0.0026227478
0.0029312274
-8.4025865e-05
0.0037379458
0.001331264
-0.0040983576
8.109247e-05
-0.0006531478
0.0029574668
0.0013514863
-0.00696846
-0.0016860225
-0.00058199326
-0.00056452147
0.0032939184
0.004792161
-0.0036088433
0.0031838883
-0.003271887
0.0051626978
-0.0016235865
-0.0044371346
0.0031554152
-0.0029833587
0.0012962437
0.0017932716
0.0010157389
0.0029927655
0.0015132854
-0.00052526424
-0.004504786
-0.0021219093
0.001827167
0.00055337604
0.0021937503
-0.0018778066
-0.0027724567
0.0023885642
-0.0023087347
0.0030036971
-0.00024154193
0.001287287
-0.0020008413
-0.0007062602
-0.0037235504
-0.004119795
-0.0014434864
-0.0003904106
-0.0050715283
0.00189746
0.0065757697
0.0024663114
0.0068139536
0.0014459689
-0.00095875445
0.003423989
0.001512019
0.0004543151
0.00044177656
-0.0011932696
-0.0019776938
0.0004031982
-0.0010817586
0.0018815949
-0.0019079362
-0.0010566985
-0.00035747362
0.0019081486
-7.123592e-05
0.004100935
0.0035004225
-4.8581237e-06
-0.0010129059
0.0018901189
0.0012213388
0.0072399755
0.0013497807
-0.00090095063
-0.002378763
0.000222227
0.004230172
0.0006666032
0.00014517498
0.0035392
-0.0028656195
0.0035112
0.0012452175
0.0051568705
0.0005034901
0.00090526795
0.0037407477
test_mean_abs_value
1.2285342
1.3001306
1.3086632
1.2870265
1.3466856
1.2307897
1.2778848
1.3507915
1.3611581
1.345024
1.3530494
1.300335
1.3018141
1.3320464
1.303584
1.2540004
1.3086324
1.3184361
1.2777665
1.355268
1.3526355
1.2649813
1.3035632
1.2348017
1.2325277
1.2431604
1.237911
1.3574954
1.3131195
1.339605
1.3036647
1.2515209
1.2237597
1.3469949
1.2653519
1.3611708
1.3454555
1.2549218
1.2451317
1.2719153
1.292973
1.2676011
1.2924212
1.2770083
1.3067673
1.253292
1.3158453
1.27611
1.349094
1.3550292
1.2965723
1.3469069
1.2599114
1.345854
1.3277888
1.3052925
1.2920138
1.3232465
1.360772
1.3133463
1.2698743
1.3388038
1.3222109
1.349684
1.2932504
1.3611188
1.3279448
1.3091234
1.3609827
1.299531
1.3634223
1.3076974
1.3488674
1.35517
1.3369284
1.2786491
1.3619037
1.3513311
1.3148807
1.3117317
1.3579284
1.2508283
1.315796
1.3465902
1.2713659
1.3394744
1.315021
1.2615912
1.356574
1.318651
1.2693989
1.2952378
1.3511484
1.2514713
1.3480788
1.248694
1.3000946
1.3527162
1.2955137
1.2935883
1.2252364
1.26424
1.2507743
1.3490131
1.3542792
1.3045921
1.3103412
1.3173368
1.3570908
1.261755
1.2983758
1.2930698
1.247391
1.3433656
1.3060818
1.295013
1.3591684
1.3360211
1.3288792
1.3518431
1.2874713
1.3497261
1.3482705
1.3511511
1.2437595
1.3254099
1.3134145
1.3419272
1.3052046
1.3047636
1.2865899
1.238751
1.3133737
1.2364744
1.2875345
1.3028727
1.3414861
1.3188175
1.2432594
1.2829705
1.2850906
1.3071179
1.3569286
1.3560307
1.2695142
1.3615774
1.2344872
1.246341
1.2927134
1.260763
1.2739062
1.3127403
1.346053
1.3387761
1.3573458
1.2323847
1.2445307
1.306449
1.276843
1.3515065
1.3329796
1.3573493
1.267121
1.2814658
1.2746617
1.3020715
1.3331842
1.2946112
1.2267214
1.3271201
1.3488506
1.353754
1.3538489
1.315849
1.2652063
1.2968174
1.3525572
1.3169873
1.2614502
1.316503
1.2596836
1.3012491
1.363633
1.2872881
1.302641
1.3575104
1.3521755
1.3481232
1.2823478
1.3240379
1.3328096
1.257087
1.2729889
1.3136362
1.3589871
1.3583816
1.3053813
1.2761717
1.2523096
1.2721739
1.3192371
1.3169175
1.2638868
1.3247962
1.2769716
1.257231
1.3349376
1.2763469
1.3455415
1.3188647
1.2622817
1.2653173
1.2919347
1.3485774
1.2920067
1.3575981
1.3082038
1.2879965
1.2922148
1.3595985
1.2578763
1.2475047
1.358654
1.341251
1.2354604
1.3018425
1.3388528
1.2510334
1.3037316
1.2401403
1.311225
1.3510599
1.3335178
1.3364266
1.2884433
1.3423207
1.2225062
1.2733963
1.3199184
1.3392836
1.3287193
1.3231657
1.2985605
1.2446078
1.2859093
1.3497362
1.2506543
1.3399227
1.2539209
1.2473063
1.3606514
1.249748
1.2829692
1.2342861
1.3065348
1.2364575
test_variance_value
2.0780187
2.2803028
2.3039773
2.2397265
2.4174004
2.0810485
2.2165234
2.4267817
2.4601471
2.4124396
2.4313881
2.277674
2.2863913
2.370106
2.2898786
2.1480017
2.303489
2.3345816
2.218555
2.4410028
2.4312947
2.1784794
2.2865286
2.0955305
2.0912628
2.1171458
2.1016212
2.452033
2.3157415
2.392667
2.2890787
2.1405349
2.0628667
2.415212
2.1807444
2.4588182
2.4108627
2.150166
2.1219358
2.1985426
2.2583797
2.185757
2.257189
2.2128289
2.2950904
2.1469064
2.3272433
2.211797
2.41995
2.4427383
2.267822
2.4153004
2.1617985
2.411225
2.356104
2.2945907
2.2563674
2.3443303
2.4602206
2.3165872
2.1969557
2.3914766
2.3406136
2.4185312
2.2610013
2.4611888
2.3578784
2.307631
2.4615116
2.2755072
2.4681842
2.3002706
2.4195209
2.445344
2.3883982
2.218099
2.4637997
2.4281695
2.3231065
2.3103988
2.4478135
2.1379793
2.3244007
2.4141161
2.1954448
2.390738
2.3237045
2.1732457
2.4448578
2.3321288
2.193617
2.2630184
2.4298625
2.1419094
2.4180617
2.1318126
2.2784634
2.434028
2.2626908
2.262658
2.0709925
2.1786988
2.1394796
2.420588
2.4422185
2.2898746
2.309736
2.3292012
2.4494941
2.166038
2.2741187
2.2554564
2.1305091
2.4068356
2.2986953
2.2668722
2.4560673
2.385752
2.3612356
2.4284027
2.2424881
2.4232433
2.4211955
2.4288778
2.1196804
2.3485727
2.3170524
2.3993382
2.2922018
2.2938058
2.238089
2.107217
2.3142786
2.1012428
2.2451258
2.2889225
2.4043744
2.3347402
2.1224246
2.2312133
2.2342014
2.2995067
2.4465282
2.4430115
2.1928973
2.4612446
2.090171
2.1237755
2.258331
2.1692
2.2051566
2.3140953
2.411131
2.3906877
2.4486232
2.0857956
2.1221309
2.2968235
2.215184
2.4283905
2.374628
2.4474106
2.1868541
2.227039
2.2065873
2.2829492
2.378319
2.262848
2.0729008
2.357329
2.4188585
2.434012
2.4345407
2.3239386
2.1816373
2.2679465
2.4325905
2.3289132
2.1696172
2.3262079
2.163278
2.280124
2.4688454
2.2397943
2.2905114
2.449659
2.43328
2.4219022
2.2287018
2.3448763
2.3713474
2.155619
2.2028224
2.314543
2.4528065
2.4482625
2.2875414
2.2115443
2.1452804
2.201558
2.3335881
2.3231282
2.1748943
2.3490906
2.215034
2.157747
2.3812914
2.210012
2.411744
2.3307216
2.1719084
2.177889
2.2565339
2.4159856
2.2574792
2.450805
2.3046386
2.2451005
2.2535636
2.4571776
2.1596622
2.131009
2.4524922
2.3952756
2.0937479
2.2826087
2.3916907
2.141979
2.29072
2.1092305
2.3108976
2.4252884
2.3740678
2.384049
2.2486558
2.403388
2.061626
2.1986883
2.3369946
2.395226
2.3612773
2.3452296
2.2731688
2.120713
2.2408826
2.423744
2.1373155
2.3944912
2.1527677
2.1297646
2.4592345
2.132128
2.2329144
2.0931702
2.2973518
2.0994544
test_mean_costs
0.0
0.0
0.0
0.0
0.0
0.0
0.0
0.0
0.0
0.0
0.0
0.0
0.0
0.0
0.0
0.0
0.0
0.0
0.0
0.0
0.0
0.0
0.0
0.0
0.0
0.0
0.0
0.0
0.0
0.0
0.0
0.0
0.0
0.0
0.0
0.0
0.0
0.0
0.0
0.0
0.0
0.0
0.0
0.0
0.0
0.0
0.0
0.0
0.0
0.0
0.0
0.0
0.0
0.0
0.0
0.0
0.0
0.0
0.0
0.0
0.0
0.0
0.0
0.0
0.0
0.0
0.0
0.0
0.0
0.0
0.0
0.0
0.0
0.0
0.0
0.0
0.0
0.0
0.0
0.0
0.0
0.0
0.0
0.0
0.0
0.0
0.0
0.0
0.0
0.0
0.0
0.0
0.0
0.0
0.0
0.0
0.0
0.0
0.0
0.0
0.0
0.0
0.0
0.0
0.0
0.0
0.0
0.0
0.0
0.0
0.0
0.0
0.0
0.0
0.0
0.0
0.0
0.0
0.0
0.0
0.0
0.0
0.0
0.0
0.0
0.0
0.0
0.0
0.0
0.0
0.0
0.0
0.0
0.0
0.0
0.0
0.0
0.0
0.0
0.0
0.0
0.0
0.0
0.0
0.0
0.0
0.0
0.0
0.0
0.0
0.0
0.0
0.0
0.0
0.0
0.0
0.0
0.0
0.0
0.0
0.0
0.0
0.0
0.0
0.0
0.0
0.0
0.0
0.0
0.0
0.0
0.0
0.0
0.0
0.0
0.0
0.0
0.0
0.0
0.0
0.0
0.0
0.0
0.0
0.0
0.0
0.0
0.0
0.0
0.0
0.0
0.0
0.0
0.0
0.0
0.0
0.0
0.0
0.0
0.0
0.0
0.0
0.0
0.0
0.0
0.0
0.0
0.0
0.0
0.0
0.0
0.0
0.0
0.0
0.0
0.0
0.0
0.0
0.0
0.0
0.0
0.0
0.0
0.0
0.0
0.0
0.0
0.0
0.0
0.0
0.0
0.0
0.0
0.0
0.0
0.0
0.0
0.0
0.0
0.0
0.0
0.0
0.0
0.0
0.0
0.0
0.0
0.0
0.0
0.0
0.0
0.0
0.0
0.0
0.0
0.0
test_mean_abs_costs
0.0
0.0
0.0
0.0
0.0
0.0
0.0
0.0
0.0
0.0
0.0
0.0
0.0
0.0
0.0
0.0
0.0
0.0
0.0
0.0
0.0
0.0
0.0
0.0
0.0
0.0
0.0
0.0
0.0
0.0
0.0
0.0
0.0
0.0
0.0
0.0
0.0
0.0
0.0
0.0
0.0
0.0
0.0
0.0
0.0
0.0
0.0
0.0
0.0
0.0
0.0
0.0
0.0
0.0
0.0
0.0
0.0
0.0
0.0
0.0
0.0
0.0
0.0
0.0
0.0
0.0
0.0
0.0
0.0
0.0
0.0
0.0
0.0
0.0
0.0
0.0
0.0
0.0
0.0
0.0
0.0
0.0
0.0
0.0
0.0
0.0
0.0
0.0
0.0
0.0
0.0
0.0
0.0
0.0
0.0
0.0
0.0
0.0
0.0
0.0
0.0
0.0
0.0
0.0
0.0
0.0
0.0
0.0
0.0
0.0
0.0
0.0
0.0
0.0
0.0
0.0
0.0
0.0
0.0
0.0
0.0
0.0
0.0
0.0
0.0
0.0
0.0
0.0
0.0
0.0
0.0
0.0
0.0
0.0
0.0
0.0
0.0
0.0
0.0
0.0
0.0
0.0
0.0
0.0
0.0
0.0
0.0
0.0
0.0
0.0
0.0
0.0
0.0
0.0
0.0
0.0
0.0
0.0
0.0
0.0
0.0
0.0
0.0
0.0
0.0
0.0
0.0
0.0
0.0
0.0
0.0
0.0
0.0
0.0
0.0
0.0
0.0
0.0
0.0
0.0
0.0
0.0
0.0
0.0
0.0
0.0
0.0
0.0
0.0
0.0
0.0
0.0
0.0
0.0
0.0
0.0
0.0
0.0
0.0
0.0
0.0
0.0
0.0
0.0
0.0
0.0
0.0
0.0
0.0
0.0
0.0
0.0
0.0
0.0
0.0
0.0
0.0
0.0
0.0
0.0
0.0
0.0
0.0
0.0
0.0
0.0
0.0
0.0
0.0
0.0
0.0
0.0
0.0
0.0
0.0
0.0
0.0
0.0
0.0
0.0
0.0
0.0
0.0
0.0
0.0
0.0
0.0
0.0
0.0
0.0
0.0
0.0
0.0
0.0
0.0
0.0
test_variance_costs
0.0
0.0
0.0
0.0
0.0
0.0
0.0
0.0
0.0
0.0
0.0
0.0
0.0
0.0
0.0
0.0
0.0
0.0
0.0
0.0
0.0
0.0
0.0
0.0
0.0
0.0
0.0
0.0
0.0
0.0
0.0
0.0
0.0
0.0
0.0
0.0
0.0
0.0
0.0
0.0
0.0
0.0
0.0
0.0
0.0
0.0
0.0
0.0
0.0
0.0
0.0
0.0
0.0
0.0
0.0
0.0
0.0
0.0
0.0
0.0
0.0
0.0
0.0
0.0
0.0
0.0
0.0
0.0
0.0
0.0
0.0
0.0
0.0
0.0
0.0
0.0
0.0
0.0
0.0
0.0
0.0
0.0
0.0
0.0
0.0
0.0
0.0
0.0
0.0
0.0
0.0
0.0
0.0
0.0
0.0
0.0
0.0
0.0
0.0
0.0
0.0
0.0
0.0
0.0
0.0
0.0
0.0
0.0
0.0
0.0
0.0
0.0
0.0
0.0
0.0
0.0
0.0
0.0
0.0
0.0
0.0
0.0
0.0
0.0
0.0
0.0
0.0
0.0
0.0
0.0
0.0
0.0
0.0
0.0
0.0
0.0
0.0
0.0
0.0
0.0
0.0
0.0
0.0
0.0
0.0
0.0
0.0
0.0
0.0
0.0
0.0
0.0
0.0
0.0
0.0
0.0
0.0
0.0
0.0
0.0
0.0
0.0
0.0
0.0
0.0
0.0
0.0
0.0
0.0
0.0
0.0
0.0
0.0
0.0
0.0
0.0
0.0
0.0
0.0
0.0
0.0
0.0
0.0
0.0
0.0
0.0
0.0
0.0
0.0
0.0
0.0
0.0
0.0
0.0
0.0
0.0
0.0
0.0
0.0
0.0
0.0
0.0
0.0
0.0
0.0
0.0
0.0
0.0
0.0
0.0
0.0
0.0
0.0
0.0
0.0
0.0
0.0
0.0
0.0
0.0
0.0
0.0
0.0
0.0
0.0
0.0
0.0
0.0
0.0
0.0
0.0
0.0
0.0
0.0
0.0
0.0
0.0
0.0
0.0
0.0
0.0
0.0
0.0
0.0
0.0
0.0
0.0
0.0
0.0
0.0
0.0
0.0
0.0
0.0
0.0
0.0
test_mean_wealth
-1.3583592
-1.5601873
-1.5844308
-1.5235819
-1.7819707
-1.3721073
-1.4838535
-1.7965312
-1.9147297
-1.7518758
-1.8241378
-1.5603219
-1.5603762
-1.6985053
-1.5688723
-1.4291204
-1.6002517
-1.620195
-1.4887946
-1.8728992
-1.8385295
-1.4572873
-1.5751004
-1.3743688
-1.3705246
-1.395768
-1.3849511
-1.8454473
-1.5984558
-1.736259
-1.5706048
-1.4227179
-1.3546282
-1.7770345
-1.4496745
-1.8902804
-1.7640382
-1.424855
-1.4022987
-1.4738449
-1.5334412
-1.4609289
-1.5364039
-1.4909714
-1.582416
-1.4223902
-1.6259181
-1.4797617
-1.800142
-1.8470194
-1.5487503
-1.7826635
-1.4454986
-1.7720503
-1.656886
-1.5760728
-1.5380563
-1.6488959
-1.8902538
-1.6102945
-1.4552562
-1.7230984
-1.634091
-1.7902524
-1.5277033
-1.8938372
-1.6633247
-1.5778208
-1.9242821
-1.5645306
-1.9198115
-1.5877299
-1.804634
-1.8417047
-1.7208381
-1.4959143
-1.9284987
-1.8290963
-1.6121085
-1.6026537
-1.8618537
-1.4113652
-1.6159067
-1.769906
-1.4711919
-1.7301031
-1.6258091
-1.4443634
-1.8539617
-1.6260856
-1.4590924
-1.5412575
-1.7983019
-1.4141781
-1.7952194
-1.4159764
-1.5578274
-1.8175621
-1.5461034
-1.5419956
-1.349078
-1.4504321
-1.4114078
-1.7746018
-1.8401829
-1.5690252
-1.5951562
-1.6270733
-1.8962342
-1.4476681
-1.5577501
-1.5372666
-1.4087131
-1.753809
-1.5786997
-1.5400052
-1.913057
-1.6991973
-1.6668335
-1.8084211
-1.5116372
-1.7828417
-1.767034
-1.8337739
-1.396871
-1.6602349
-1.60595
-1.7415035
-1.5739372
-1.595846
-1.5167669
-1.3860676
-1.6139343
-1.3784215
-1.5219035
-1.5682578
-1.7347877
-1.6228403
-1.3927827
-1.4940294
-1.5128629
-1.5966306
-1.875015
-1.8567374
-1.4645739
-1.9099019
-1.3723514
-1.4084535
-1.5305921
-1.4364194
-1.4805235
-1.5981396
-1.7621769
-1.7388426
-1.9071593
-1.3700863
-1.3945506
-1.5833817
-1.4781101
-1.813432
-1.6983913
-1.8749174
-1.4498098
-1.5015733
-1.4766113
-1.5706844
-1.6905196
-1.5404104
-1.355508
-1.6574177
-1.7954997
-1.8098044
-1.838733
-1.614106
-1.4497
-1.5505674
-1.8222644
-1.6188685
-1.4412143
-1.6140243
-1.4379919
-1.5649742
-1.8985821
-1.5278386
-1.5670767
-1.8533982
-1.8325334
-1.8054276
-1.4993919
-1.6713282
-1.699683
-1.4357308
-1.4772195
-1.6158624
-1.8942319
-1.8838515
-1.5865294
-1.4827002
-1.4144722
-1.4687588
-1.6267766
-1.6257789
-1.4459577
-1.6586845
-1.4704056
-1.4277828
-1.6888334
-1.4935164
-1.7715414
-1.6357207
-1.4425675
-1.454669
-1.52391
-1.7994
-1.5256312
-1.8473035
-1.571132
-1.5140462
-1.5269248
-1.9214454
-1.4297768
-1.4056827
-1.8848356
-1.7342994
-1.3825108
-1.5709628
-1.7172855
-1.4093753
-1.5615515
-1.3984448
-1.5919769
-1.8077713
-1.6848372
-1.7217456
-1.5115744
-1.7451046
-1.3502849
-1.4777585
-1.6259805
-1.719009
-1.6713209
-1.6499585
-1.5648712
-1.4011815
-1.5175433
-1.8304132
-1.4262923
-1.727313
-1.4219627
-1.4089793
-1.8914334
-1.4155397
-1.5059776
-1.3815519
-1.5711895
-1.383054
test_mean_abs_wealth
1.4124918
1.5931066
1.6147662
1.55961
1.7994788
1.423404
1.5243573
1.8127475
1.9252174
1.7717099
1.838532
1.592939
1.5931362
1.7200736
1.6013211
1.4751134
1.6299813
1.6490351
1.5280652
1.8856624
1.852559
1.4982913
1.6051491
1.4260325
1.4230138
1.4431934
1.4349258
1.8595295
1.6282516
1.75576
1.6025431
1.4681798
1.4081947
1.7936927
1.4933751
1.9022874
1.7820976
1.4702147
1.4498172
1.5140347
1.5676159
1.5029653
1.5708688
1.5291971
1.6132104
1.4676422
1.6536423
1.5204813
1.8162314
1.8611907
1.5824062
1.8001482
1.4875453
1.7896904
1.6817005
1.6074322
1.5720558
1.674567
1.9027603
1.6387789
1.4983025
1.7432749
1.6609234
1.8063878
1.5633885
1.9054134
1.6875604
1.6085756
1.9351451
1.5958997
1.9309757
1.617988
1.8207263
1.8561203
1.7421123
1.5341294
1.9391757
1.8441852
1.6404078
1.6324477
1.8749496
1.4582878
1.6442294
1.7878191
1.5122479
1.7500889
1.6532447
1.488753
1.8679717
1.6532042
1.5008119
1.574725
1.8148531
1.4611949
1.8115405
1.461535
1.5910524
1.8328345
1.5798132
1.5761219
1.4038026
1.4945027
1.4585348
1.7922821
1.854556
1.6015332
1.6251289
1.6538856
1.9072874
1.4904013
1.5898075
1.5707349
1.4546256
1.7731205
1.6097778
1.574992
1.9244457
1.7213956
1.6908977
1.8244947
1.5483292
1.8004668
1.7856683
1.8486791
1.445531
1.6850792
1.634663
1.7607285
1.6055999
1.6250831
1.5535349
1.4363066
1.6415064
1.429077
1.5575674
1.5999696
1.755842
1.650644
1.4426188
1.533963
1.5487192
1.6260067
1.8877417
1.8704247
1.5055286
1.9211519
1.422743
1.4553123
1.566982
1.4816743
1.520509
1.6281481
1.7800531
1.7582487
1.9187013
1.4211602
1.4433383
1.6139714
1.5186411
1.828867
1.7202932
1.8876166
1.4939286
1.539331
1.5170447
1.6019379
1.7140821
1.5742385
1.408445
1.682665
1.8122623
1.8254375
1.8529942
1.6421052
1.4938968
1.5840554
1.8379891
1.6471292
1.4857626
1.6421932
1.4825119
1.5972908
1.9109141
1.5632169
1.5988456
1.8673444
1.8475627
1.8217819
1.536909
1.6944742
1.7213441
1.4804845
1.5178598
1.6435452
1.9062903
1.8958687
1.6154963
1.5221504
1.461617
1.5098574
1.6545507
1.6529319
1.4888374
1.683474
1.512027
1.4727323
1.7123007
1.5312957
1.7894002
1.6618143
1.4863153
1.4973022
1.5600226
1.8156904
1.5617079
1.8615366
1.6033822
1.5509375
1.5624925
1.9317671
1.4756992
1.4530495
1.8966473
1.7545124
1.4323877
1.6024472
1.7378969
1.4577188
1.5934256
1.4461414
1.6225196
1.8233896
1.7084295
1.7425425
1.5496382
1.7646773
1.403702
1.5170034
1.6531304
1.7396516
1.6957175
1.6752204
1.5970187
1.4493002
1.5537558
1.8451151
1.4707646
1.747782
1.4676522
1.4570866
1.9036235
1.4618356
1.543524
1.4317975
1.6028311
1.4327644
test_variance_wealth
0.6805886
0.59638464
0.58307934
0.6117813
0.51406056
0.67153615
0.6321358
0.5078308
0.46571776
0.52489257
0.4955878
0.5950517
0.5974179
0.5399654
0.5945043
0.6477185
0.5832766
0.5768213
0.62675065
0.48314622
0.49353147
0.6347391
0.5845919
0.67334896
0.6732234
0.6548528
0.66337085
0.49113917
0.5815192
0.5280356
0.5947893
0.6520796
0.67786664
0.5104049
0.64096975
0.4752261
0.5204398
0.6460211
0.6576783
0.62853074
0.6050939
0.6351129
0.60490507
0.62242275
0.5856978
0.64674777
0.5727014
0.6302954
0.50591445
0.49257532
0.60052884
0.5147691
0.6373433
0.5170989
0.55766076
0.5874451
0.60434496
0.5640374
0.4753759
0.57833534
0.6398579
0.5327333
0.5663507
0.5080477
0.60548365
0.47440454
0.55649865
0.5861729
0.4673039
0.5884643
0.46794447
0.5853385
0.50631535
0.49670172
0.5351451
0.6200942
0.4649127
0.4955647
0.5761303
0.5814826
0.48281255
0.6520897
0.57134086
0.5188921
0.6308903
0.5317277
0.5750908
0.6456417
0.48805955
0.5688396
0.6304902
0.5988891
0.5082539
0.6533867
0.5086825
0.651012
0.5951569
0.50021213
0.600738
0.6033238
0.68366754
0.6407192
0.65550584
0.5132529
0.49480042
0.59628636
0.5818081
0.56486505
0.47599465
0.6406451
0.5939953
0.6007568
0.64983577
0.52472305
0.588866
0.60699296
0.46704736
0.5425763
0.5533443
0.5049583
0.61224246
0.5169909
0.5217834
0.4962595
0.66141826
0.5582398
0.5766128
0.5233924
0.59241956
0.58136475
0.6113634
0.6676427
0.57150805
0.66630393
0.6126989
0.5921831
0.533195
0.5703358
0.66414094
0.6238853
0.60919994
0.5805396
0.4817821
0.48868862
0.63259184
0.46969295
0.66655004
0.65724474
0.61237204
0.64906955
0.62988067
0.5848027
0.51704824
0.52747935
0.4687062
0.6705785
0.66028833
0.5864299
0.6301474
0.5020698
0.54229206
0.48131144
0.64414227
0.61832577
0.6290097
0.5891844
0.54740644
0.6024757
0.6750235
0.5590584
0.5081031
0.5031738
0.4946681
0.57312995
0.6397433
0.5984989
0.50153095
0.57499355
0.6468208
0.5760791
0.6444181
0.5905187
0.4763364
0.60892963
0.5931467
0.48923352
0.49733183
0.5100578
0.61623317
0.5529369
0.54299915
0.6481596
0.6305473
0.57454044
0.4762493
0.47746286
0.58018064
0.6264216
0.6568893
0.6311021
0.56800103
0.5703674
0.63865256
0.5571299
0.6309743
0.6436871
0.54667467
0.6192942
0.51917267
0.5628002
0.63845813
0.63555014
0.60677457
0.5075173
0.6107254
0.49407735
0.592353
0.61406446
0.6088336
0.46544155
0.6494229
0.6592343
0.47447577
0.5323518
0.6644414
0.59226984
0.5345066
0.65511364
0.59522563
0.6568876
0.5856536
0.5046663
0.5497073
0.5368024
0.6180833
0.525309
0.6763817
0.62456894
0.57028013
0.5353206
0.5557632
0.5599647
0.5953515
0.65990734
0.6106787
0.49698702
0.64991176
0.53143066
0.64892966
0.6568462
0.47604972
0.65287113
0.6175433
0.6685845
0.5907135
0.6673064
test_wealth_with_price_abs_mean
0.59722817
0.5667313
0.5613704
0.5731105
0.53136784
0.5933633
0.58023596
0.52939785
0.509625
0.5357096
0.5240467
0.5660074
0.5666407
0.5437423
0.5658131
0.58500504
0.56120646
0.55833435
0.57864875
0.5178557
0.5232238
0.5818586
0.56250626
0.5940349
0.59432644
0.5879242
0.5907024
0.5211492
0.5594815
0.5381586
0.5664282
0.5869682
0.5960055
0.53079826
0.5831708
0.5141079
0.5352926
0.58466095
0.5888718
0.5790421
0.5703044
0.58151495
0.5700961
0.577177
0.5625591
0.5846402
0.5571103
0.57875925
0.52825403
0.5219338
0.56823355
0.5318046
0.5819505
0.53442115
0.55090463
0.5631405
0.56986797
0.5538327
0.5135125
0.5602423
0.58284837
0.5407544
0.5542906
0.5298989
0.56975776
0.5139402
0.55100137
0.56263673
0.51025486
0.56334597
0.50987375
0.5628363
0.52846193
0.5244933
0.54088557
0.5751211
0.5085357
0.52299184
0.55875707
0.5602152
0.5172248
0.5869232
0.5565482
0.534352
0.57947636
0.5399323
0.5586205
0.5843141
0.5196994
0.55549943
0.5790788
0.56778204
0.5290899
0.58733135
0.5294113
0.58718526
0.5656271
0.52601755
0.5674415
0.5697999
0.59754455
0.5830534
0.58843637
0.531474
0.5228345
0.56635815
0.560847
0.55385643
0.5157704
0.58407944
0.56624585
0.5689582
0.5867128
0.5362502
0.5639423
0.57043564
0.5097747
0.54449594
0.54895747
0.52688307
0.57285106
0.5326026
0.5352705
0.5240563
0.5907319
0.5517267
0.5590149
0.5362043
0.5649627
0.5612324
0.5721423
0.5921945
0.55696064
0.5920864
0.5729591
0.56499994
0.53942686
0.5557298
0.5908695
0.5759616
0.57210875
0.56048614
0.5173123
0.52041113
0.58095276
0.5111916
0.5924014
0.58922815
0.572735
0.58593047
0.57896984
0.5619145
0.5334376
0.5382101
0.5101536
0.5940793
0.5904273
0.562663
0.579739
0.52660936
0.5444955
0.51678973
0.58372724
0.57557803
0.5788345
0.5637412
0.5463686
0.56903857
0.5953465
0.55156267
0.5291279
0.52713776
0.52333075
0.5575646
0.5819769
0.56709296
0.5259399
0.55808014
0.58532375
0.55923444
0.5842656
0.5639867
0.5135733
0.5718086
0.5662258
0.5201126
0.5239372
0.53056306
0.57414544
0.5500563
0.54524547
0.5860028
0.57898116
0.5585537
0.5144651
0.51507384
0.5613161
0.5786573
0.58911556
0.5788388
0.55470824
0.5570772
0.5829317
0.5511534
0.57960963
0.5833898
0.5458218
0.57532954
0.53458875
0.552554
0.58177084
0.5798577
0.5696339
0.52897936
0.5716569
0.5224991
0.56470335
0.57395494
0.57145673
0.50944334
0.5864488
0.5900289
0.51380557
0.5406331
0.59115154
0.5651858
0.5409591
0.58665437
0.56697774
0.58848786
0.5619289
0.52822554
0.5473462
0.5425069
0.57366204
0.5368522
0.5949991
0.5764793
0.55651927
0.54189163
0.55059326
0.55192876
0.5665001
0.58957994
0.5718272
0.52473384
0.58702517
0.54006547
0.58615357
0.5887816
0.51350194
0.5875096
0.5753
0.5925602
0.5641906
0.59259945
test_wealth_with_price_variance
0.6805886
0.59638464
0.58307934
0.6117813
0.51406056
0.67153615
0.6321358
0.5078308
0.46571776
0.52489257
0.4955878
0.5950517
0.5974179
0.5399654
0.5945043
0.6477185
0.5832766
0.5768213
0.62675065
0.48314622
0.49353147
0.6347391
0.5845919
0.67334896
0.6732234
0.6548528
0.66337085
0.49113917
0.5815192
0.5280356
0.5947893
0.6520796
0.67786664
0.5104049
0.64096975
0.4752261
0.5204398
0.6460211
0.6576783
0.62853074
0.6050939
0.6351129
0.60490507
0.62242275
0.5856978
0.64674777
0.5727014
0.6302954
0.50591445
0.49257532
0.60052884
0.5147691
0.6373433
0.5170989
0.55766076
0.5874451
0.60434496
0.5640374
0.4753759
0.57833534
0.6398579
0.5327333
0.5663507
0.5080477
0.60548365
0.47440454
0.55649865
0.5861729
0.4673039
0.5884643
0.46794447
0.5853385
0.50631535
0.49670172
0.5351451
0.6200942
0.4649127
0.4955647
0.5761303
0.5814826
0.48281255
0.6520897
0.57134086
0.5188921
0.63089037
0.5317277
0.5750908
0.6456417
0.48805955
0.5688396
0.6304902
0.5988891
0.5082539
0.6533867
0.5086825
0.651012
0.5951569
0.50021213
0.600738
0.6033238
0.68366754
0.6407192
0.65550584
0.5132529
0.49480042
0.59628636
0.5818081
0.56486505
0.47599465
0.6406451
0.5939953
0.6007568
0.64983577
0.52472305
0.588866
0.60699296
0.46704736
0.5425763
0.5533443
0.5049583
0.61224246
0.5169909
0.5217834
0.4962595
0.66141826
0.5582398
0.5766128
0.5233924
0.59241956
0.58136475
0.6113634
0.6676427
0.57150805
0.66630393
0.6126989
0.5921831
0.533195
0.5703358
0.66414094
0.6238853
0.60919994
0.5805396
0.4817821
0.48868862
0.63259184
0.46969295
0.66655004
0.65724474
0.61237204
0.64906955
0.62988067
0.5848027
0.51704824
0.52747935
0.4687062
0.6705785
0.66028833
0.5864299
0.6301474
0.5020698
0.54229206
0.48131144
0.64414227
0.61832577
0.6290097
0.5891844
0.54740644
0.6024757
0.6750235
0.5590584
0.5081031
0.5031738
0.4946681
0.57312995
0.6397433
0.5984989
0.50153095
0.57499355
0.6468208
0.5760791
0.6444181
0.5905187
0.4763364
0.60892963
0.5931467
0.48923352
0.49733183
0.5100578
0.61623317
0.5529369
0.54299915
0.6481596
0.6305473
0.57454044
0.4762493
0.47746286
0.58018064
0.6264216
0.6568893
0.6311021
0.56800103
0.5703674
0.63865256
0.5571299
0.6309743
0.6436871
0.54667467
0.6192942
0.51917267
0.5628002
0.63845813
0.63555014
0.60677457
0.5075173
0.6107254
0.49407735
0.592353
0.61406446
0.6088336
0.46544155
0.6494229
0.6592343
0.47447577
0.5323518
0.6644414
0.59226984
0.5345066
0.65511364
0.59522563
0.6568876
0.5856536
0.5046663
0.5497073
0.5368024
0.6180833
0.525309
0.6763817
0.62456894
0.57028013
0.5353206
0.5557632
0.5599647
0.5953515
0.65990734
0.6106787
0.49698702
0.64991176
0.53143066
0.64892966
0.6568462
0.47604972
0.65287113
0.6175433
0.6685845
0.5907135
0.6673064
price
1.3580573
1.5601585
1.5852578
1.5221138
1.7833006
1.3696525
1.4838929
1.797352
1.9142177
1.752991
1.8224992
1.5605015
1.5585504
1.6987877
1.568968
1.4293754
1.5998483
1.619822
1.4898617
1.8731146
1.8369973
1.4557793
1.5737828
1.3747698
1.3720894
1.3966572
1.3868374
1.8438619
1.5974646
1.7365987
1.5699608
1.4200265
1.354397
1.7776101
1.449056
1.8883297
1.764281
1.425923
1.4002409
1.4735016
1.5330076
1.4618192
1.537578
1.4908336
1.581476
1.4232764
1.6263399
1.4803947
1.7999471
1.8467925
1.5490549
1.7834778
1.4454453
1.7709117
1.656873
1.5785766
1.5344322
1.6476938
1.8929842
1.6067221
1.4569911
1.7246493
1.6356072
1.7898662
1.5302355
1.894015
1.6620817
1.5782409
1.9218364
1.5656226
1.9211373
1.5877957
1.8038601
1.8422005
1.7204174
1.4935713
1.9269989
1.8288337
1.6107533
1.6023326
1.8622036
1.4122455
1.6177946
1.7701455
1.4692266
1.7300335
1.6252389
1.4459678
1.8536165
1.6249909
1.4612303
1.5415182
1.7999103
1.415829
1.795984
1.41453
1.5569237
1.8184311
1.5429318
1.5414284
1.350166
1.4519312
1.4114017
1.7769222
1.8434143
1.5652337
1.5969937
1.6305311
1.8964763
1.4448072
1.5570035
1.535541
1.4072556
1.7551839
1.5757754
1.541139
1.9145703
1.6987056
1.66622
1.8073258
1.5112574
1.7809083
1.7667165
1.8340499
1.3957347
1.6597518
1.6073643
1.7410948
1.5744364
1.5941303
1.5183945
1.3853816
1.6128528
1.3802189
1.5213187
1.5692387
1.7360593
1.6243188
1.3969597
1.4958005
1.5140885
1.5958989
1.8749417
1.8572748
1.4658449
1.9094948
1.3713138
1.4053426
1.5316906
1.437154
1.4780514
1.599301
1.761092
1.7375357
1.9073
1.3691814
1.395032
1.5833411
1.4775734
1.8117346
1.6984639
1.87611
1.4484065
1.5007193
1.4764414
1.569435
1.6906142
1.5379915
1.3554068
1.6574029
1.7961768
1.8107762
1.8378873
1.6146381
1.4519389
1.5498419
1.8214357
1.6169567
1.4417858
1.6126323
1.4389794
1.5663884
1.899563
1.5271488
1.5678916
1.853828
1.833987
1.8048314
1.4987936
1.6697009
1.6978678
1.4373977
1.4760946
1.6132835
1.8937671
1.8826636
1.585751
1.4813648
1.4154272
1.4680645
1.628518
1.6247718
1.4467087
1.6590657
1.4708326
1.4287372
1.6924908
1.4926114
1.7714071
1.6360264
1.4468286
1.4548612
1.5244071
1.7969387
1.5251651
1.8475733
1.5736055
1.5144734
1.5267582
1.921353
1.4306399
1.4028528
1.8864055
1.7332834
1.38301
1.5708809
1.717205
1.4124839
1.5630926
1.3978798
1.5907811
1.8075316
1.6873698
1.721587
1.5113621
1.7486374
1.3498282
1.4753859
1.6254632
1.7193944
1.6698627
1.6500218
1.5651484
1.4011648
1.5190688
1.8318783
1.4246236
1.7276213
1.4229205
1.4078842
1.8897262
1.4146819
1.5045453
1.3797725
1.5729997
1.38156
train_time
0.4064493999999996
0.3390387000000006
0.3743515999999998
0.40075779999999916
0.47249359999999996
0.3280940000000001
0.3121351000000008
0.40489080000000044
0.36962789999999934
0.3291784
0.3215067999999981
0.47601919999999964
0.3294926999999994
0.33635969999999915
0.31882180000000204
0.33546039999999877
0.35867370000000065
0.3277961000000005
0.31183520000000087
0.5149308999999995
0.35502500000000126
0.31775520000000057
0.34930109999999814
0.46638140000000305
0.32858490000000273
0.3499136000000007
0.34974410000000233
0.5505883000000011
0.32209069999999684
0.35117269999999934
0.33175250000000034
0.3630197000000024
0.3314437999999953
0.32830760000000225
0.365875900000006
0.3522194999999968
0.36079019999999673
0.3635678999999996
0.5758003999999985
0.33947609999999884
0.3634515000000036
0.328043000000001
0.3377995000000027
0.3749891999999946
0.3324938999999958
0.3217461000000057
0.3282669000000027
0.34289370000000474
0.3509510000000091
0.33431699999999864
0.33247610000000805
0.34305319999999995
0.32770449999999585
0.3420224999999988
0.34372100000000216
0.33448919999999305
0.36490969999999834
0.3431846999999948
0.32713979999999765
0.33278419999999187
0.32731200000000626
0.3531097000000045
0.35140010000000643
0.350591399999999
0.7208930000000038
0.3456817000000001
0.38522700000000043
0.338369699999987
0.35110330000000545
0.31844629999999086
0.34888660000000016
0.3287258999999949
0.3358510999999993
0.3522244999999913
0.3432569000000001
0.3391348999999906
0.3157065999999986
0.33972539999999185
0.33374890000000335
0.33634010000000103
0.8122462999999982
0.3521441999999979
0.3650245000000041
0.3540893000000125
0.33901480000000106
0.3303606000000059
0.35698379999999474
0.326302400000003
0.35813149999999894
0.32271539999999277
0.3559647999999953
0.35433929999999236
0.32923159999999996
0.4133728999999988
0.4250360999999998
0.4319955999999934
0.4156622999999797
0.44986769999999865
0.32887909999999465
0.3447319999999934
0.3145266999999876
0.34992090000000076
0.36889659999999935
0.320689399999992
0.34074549999999704
0.35024559999999383
0.3458639999999775
0.4684780000000046
0.3410714999999982
0.35111480000000483
0.32949310000000764
0.43533960000002025
0.36108440000000996
0.32394829999998365
0.32707439999998655
0.3149915000000192
0.33353520000000003
0.31560210000000666
0.33405389999998647
0.34808320000001913
0.3356860000000097
0.3222359000000097
1.0298826000000076
0.49246299999998655
0.3318656999999803
0.3880406000000107
0.33601349999997865
0.32593879999998876
0.34220529999998917
0.3537042000000099
0.3547443999999871
0.36508000000000607
0.3181889999999896
0.3253599999999892
0.32894070000000397
0.32585180000000946
0.32170929999998066
0.38519560000000297
0.32494490000001974
0.3621813999999972
0.3966580000000022
0.42561340000000314
0.3418239000000085
0.3279081000000019
0.3378529999999955
0.33094829999998865
0.3390003999999749
0.327381900000006
0.3253896000000225
1.20496159999999
0.3384303999999929
0.31920309999998153
0.33133710000001315
0.32744440000001873
0.3290341999999953
0.33915790000000356
0.32346880000000056
0.31547950000000924
0.3161261000000195
0.34663799999998446
0.3205911999999955
0.3167095999999958
0.3442578000000083
0.3270236999999838
0.33100190000001817
0.34873139999999125
0.3338551999999879
0.3400522999999964
0.33764940000000365
0.33155020000000945
0.33396200000001386
0.33507439999999633
0.3179360000000031
0.3370431000000167
0.33617340000000695
0.34483520000000567
0.3264564999999777
0.3297021999999856
0.32983509999999683
0.3191936000000055
1.3697501999999986
0.3302842999999882
0.3197949000000051
0.3300399000000027
0.3138426000000152
0.30952369999999974
0.33445240000000354
0.3294271999999978
0.32759639999997603
0.35694380000001047
0.31891339999998536
0.32666029999998614
0.4582838000000038
0.3073478999999679
0.3205660999999509
0.34979530000003933
0.3583077999999773
0.3274005000000102
0.33131379999997534
0.31588320000003023
0.3047771000000239
0.3477895999999987
0.3296234000000027
0.337185399999953
0.31779840000001514
0.3284421999999836
0.3442651999999953
0.32737370000000965
0.30920240000000376
0.32273409999999103
0.325751299999979
0.33117260000000215
0.3139239999999859
0.32137439999996786
0.3309831999999915
0.316652500000032
1.609145099999978
0.3190136000000052
0.3289881999999693
0.30546860000004017
0.3082006000000206
0.3223848000000089
0.32198469999997315
0.3107388000000242
0.316824199999985
0.32179489999998623
0.32288370000003397
0.34970570000001544
0.3311056000000008
0.3106577000000357
0.32492220000000316
0.30802010000002156
0.3205940999999939
0.3240292000000409
0.3113817999999924
0.319204300000024
0.328597000000002
0.3276621999999634
0.32568660000004
0.3203394999999887
0.35266880000000356
0.372118300000011
0.3615260000000262
0.34958729999999605
0.34744399999999587
0.3381461000000172
0.33958200000000716
0.3326148000000444
0.3922319999999786
0.32233119999995097
0.3144710000000259
0.32614689999996926
0.3461550000000102
0.412840699999947
0.3353581999999733
0.33384399999999914


