================================================================================
=== continuous-time
train_risk
2.0477805
2.0717566
2.0697684
2.1179152
2.1180215
2.0611663
2.157927
2.1438708
2.1592162
2.0442507
2.0703998
2.1287937
2.087942
2.0176668
2.0917938
2.0720894
2.0936697
2.0910857
2.1138623
2.0989823
2.137333
2.0532768
2.0793197
2.022366
2.0715046
2.168069
2.060827
2.0735621
2.0488322
1.9663696
2.0973754
2.1028318
2.0876749
2.1609647
2.0573108
2.0961769
2.1693141
2.1538568
2.062574
2.08725
2.1144516
2.076592
2.0663419
2.0372539
2.1340942
2.0619729
2.1347063
2.1085167
2.103919
2.1450517
2.0539308
2.0785427
2.0709507
2.109079
2.125979
2.1496933
2.0184844
2.030597
2.064679
2.081943
2.1096773
2.0740006
2.138133
2.120475
2.064257
2.1023414
2.0850298
2.0907888
2.0470147
2.0721793
2.184583
2.102799
2.097488
2.08056
2.145852
2.0671482
2.1330764
2.0983512
2.1239877
2.096831
2.033955
2.0472794
2.1151295
2.144072
2.0462167
2.0865314
2.0696678
2.110596
2.178561
2.1601079
2.0830572
2.101869
2.067295
2.0607667
2.1137917
2.1401048
2.1760638
2.0835347
2.0074835
2.0741339
2.100618
2.0777204
2.0696666
2.0973866
2.0966506
2.08231
2.1065543
2.1825616
2.132127
2.0790265
2.0858042
2.156632
2.0514152
2.1008577
2.022412
2.1048162
2.2322054
2.1068668
2.0876682
2.0489123
2.1688998
2.1272776
2.2290046
2.052374
2.1087399
2.2209852
2.0903444
2.127969
2.042067
2.1296742
2.0352635
2.0858026
2.0479033
2.0573657
2.1038427
2.0914032
2.0744677
2.0738423
2.0921988
2.1495893
2.0716183
2.1644084
2.0924082
2.1476905
2.1281877
2.1059053
2.0520248
2.087634
2.0330906
2.0020492
2.0971491
2.0325835
1.997057
2.077101
2.1052442
2.0871332
2.044812
2.1167386
2.16081
2.0825715
2.0456932
2.099401
2.0651789
2.1164799
2.0856082
2.0034719
2.1118162
2.161501
2.001571
2.1433015
2.1007931
2.054382
2.11131
1.9713851
1.9373121
2.0584865
2.040698
2.102784
2.1045878
2.146043
2.0736077
1.9975933
2.0792093
2.1331346
2.070757
2.0485735
2.114619
2.1703887
2.0567863
2.070783
2.1351933
2.0884426
2.0878506
2.137935
2.2043931
2.1446712
2.0428593
2.1254108
2.0156324
2.1718392
2.110398
2.1400366
2.0881016
2.060687
2.082363
2.0676982
2.1119509
2.0652883
2.014493
2.1202095
2.112663
2.1699224
2.0333593
2.0526206
2.1230052
2.0649617
2.0855367
2.1325192
2.0405543
2.132441
2.0641024
2.0873861
2.146543
2.0793064
1.9866238
2.07712
2.1556876
2.0528438
2.0721745
2.180705
2.1716046
2.1538775
2.1653547
2.0842307
2.1364527
2.1284444
2.0682352
2.169584
2.0520525
2.2038386
2.1121523
2.0707936
2.077479
2.0889502
2.0921547
2.1358504
2.0611057
2.1139102
2.017497
2.1115205
2.0953891
2.1230128
2.1629162
2.1093538
1.9743475
2.0498824
test_risk
2.0483599
2.0595002
2.0685978
2.1083653
2.138603
2.0604346
2.1633477
2.1289918
2.1521235
2.0601912
2.0930946
2.1209388
2.143996
2.0330043
2.0882173
2.0732026
2.073354
2.1113555
2.1412323
2.1006603
2.114398
2.0355282
2.083196
2.0239222
2.0546563
2.1299481
2.03312
2.0767922
2.0441709
2.0019553
2.129663
2.0899293
2.0766351
2.1362038
2.0619838
2.1077929
2.1613266
2.1633537
2.0735917
2.1261618
2.12387
2.106015
2.1280887
2.041614
2.0897875
2.0785983
2.1643565
2.1156979
2.1203833
2.1254346
2.068088
2.0570278
2.046183
2.1073914
2.1194103
2.1673934
2.0444367
2.0629787
2.0750098
2.0971467
2.1004255
2.0862508
2.1351268
2.1176085
2.0498705
2.1158545
2.101586
2.135094
2.051026
2.089063
2.152879
2.127935
2.1015084
2.1253862
2.15913
2.088609
2.1007082
2.103296
2.13613
2.089959
2.086145
2.0705
2.125024
2.139509
2.0537503
2.1010306
2.0585635
2.1324954
2.1179981
2.1379023
2.0947332
2.062588
2.0841668
2.0464516
2.1151168
2.126224
2.1720743
2.0811644
2.0042849
2.0374
2.097562
2.0883493
2.0952566
2.0891147
2.1300337
2.0943623
2.1050406
2.2056925
2.1242785
2.07373
2.0840821
2.124472
2.0419748
2.11639
2.0166018
2.1129901
2.2056627
2.100875
2.115315
2.0395477
2.167512
2.1031697
2.1975634
2.0586236
2.0873272
2.2375894
2.1027067
2.1381123
2.0118365
2.1166017
2.0534127
2.0856154
2.0578346
2.074003
2.0761578
2.0945785
2.0884688
2.0763078
2.0804896
2.153276
2.1035924
2.170192
2.115876
2.1465995
2.1162143
2.1049216
2.0902927
2.094588
2.0677965
2.0228677
2.1127646
2.0675752
2.0410051
2.0754607
2.122316
2.0937824
2.068617
2.0744083
2.148154
2.0848799
2.0366275
2.0877988
2.0636058
2.1198843
2.118184
1.9946461
2.1151068
2.1430748
2.0311234
2.1478894
2.0697632
2.0559685
2.1171517
2.013184
1.963208
2.0710588
2.052564
2.122967
2.0848432
2.1466796
2.0922945
2.0178525
2.0917742
2.1410582
2.1058679
2.082705
2.1009567
2.135956
2.1022248
2.0694094
2.128302
2.1169205
2.0924678
2.1450315
2.1684873
2.1589208
2.046109
2.122828
2.0275621
2.1815083
2.103288
2.1328928
2.0779715
2.1002364
2.0850332
2.0401945
2.0887914
2.0805383
2.0543408
2.129064
2.099655
2.165513
2.0275216
2.0638778
2.1237743
2.064109
2.099646
2.1532452
2.0009594
2.1423926
2.072465
2.1165566
2.1560917
2.0651152
1.9952061
2.082654
2.1238537
2.0733342
2.0634832
2.1610034
2.1555042
2.1518114
2.1439683
2.0975716
2.0998774
2.1215138
2.0697105
2.151261
2.0716534
2.1849253
2.133858
2.0601125
2.1320524
2.0890615
2.0762115
2.1198297
2.0949776
2.1292171
2.057096
2.1046405
2.108295
2.1300013
2.1423008
2.1095335
1.9887997
2.0421746
test_mean_value
0.00039941003
0.0006167608
0.0008560348
-0.00061857526
0.0012290127
-0.0018543882
-0.0020067191
0.0007401894
0.00055797794
0.0010614912
-0.0017978499
0.00066582893
0.0018435274
0.001532989
0.00069607695
0.0018370474
0.00061979535
0.00023499812
0.00037304132
0.0009089351
-0.0016918321
-0.00081299525
3.9080427e-05
0.0018669688
-0.0005884541
0.00045280706
0.0010376842
-0.0003790062
-0.001272001
0.0007509877
-0.0008283367
8.395032e-05
-0.0006202143
-0.0006847075
0.0011592812
-0.0015401513
-0.0014358195
0.000367722
-0.0004971788
0.0019706457
3.4886707e-05
0.0015205912
1.8562729e-05
0.00043341707
0.0008383449
-0.0007643339
-0.00036327724
-2.1388996e-06
8.783916e-06
-6.828992e-06
-0.0014996217
-0.0013053705
-0.00073827466
-0.0010262772
-8.252518e-06
0.0018838116
-0.0007218643
-0.0006111377
7.998598e-05
0.00047396694
0.00037829328
-0.00013544151
-0.00012856173
0.0006346134
0.0005373882
0.00084601133
-0.00045560356
0.00092121476
-0.00041453243
0.00023968137
-0.00041402483
0.00033356986
-0.00084665016
0.00093913835
-0.0003741296
0.0013922162
0.0011481222
-0.001722109
0.0003839104
-0.0006001196
-0.0003208729
1.9648998e-05
0.0021824164
0.00011936469
-0.00037738698
0.0013589499
-0.00052034215
-0.00035711145
-0.00028184446
-0.00011286388
0.00036823296
-0.0012569474
0.0012114363
0.00049289415
-0.00012897782
0.0011884777
-0.00081385596
-0.0012562319
-0.00076019426
-0.0004174877
-0.0006479428
0.00093851145
0.0013207294
0.0010807777
0.0025489884
-0.001686145
-0.00046132613
-0.0007469459
-0.00020037251
0.0010230234
0.0019343165
-0.0012139351
-0.0020097746
-0.0008534809
-0.0006004271
-0.0022517482
0.00050785934
0.00012184785
-0.00027433876
0.00019926068
-0.0005129089
0.0007382949
-0.00074404303
-0.0008725663
-0.0026317697
-0.001843936
-6.8105015e-05
-0.0008532343
0.0012055016
-0.00037677
0.0016329655
0.00010659861
-0.00045991753
8.966167e-05
0.0005676267
-0.00088756625
-0.00041678947
0.00043189726
-0.0014872156
-0.00023071819
-0.0008443682
0.0011674244
0.00085462874
-0.0018266336
0.00049309
0.00081531785
-0.0010522731
0.0010815492
0.00069716194
-0.0024049443
-0.0010395985
0.0009225336
-0.0010254241
-0.001710637
-0.0012555909
-0.0015590102
0.00035110375
-0.0019310546
0.00033047952
-0.0012273763
0.0021964905
-0.0014316248
0.0012153597
-0.0002365326
-0.000913202
-0.00052294135
-0.0010896232
-0.00028383214
-0.00014994493
3.9998024e-05
-9.4766896e-05
-0.00011301553
0.000105074534
-0.00016747347
-0.0012210808
-0.00072592805
-0.00013174744
0.00058141706
-0.00012622392
0.00039391735
0.0012017334
-0.0011815411
-0.0009076478
4.9416944e-06
0.00018134086
0.0023019
0.0004797451
0.0010880512
0.0010146726
0.0012499855
0.00041618664
-0.0011063339
0.00046134958
-0.000114770824
0.00014684981
0.0001917296
-0.0002650182
-0.00094530865
-0.000977363
0.0012328838
-0.00065370207
-0.00018241451
0.0006622472
0.00088603457
-1.5254038e-05
-0.0012349326
-0.0007469589
-0.00032114828
0.0010432047
0.0005382886
-0.0014536346
-0.0017289183
-0.0011170974
0.0009298269
-0.00089814543
0.0003961294
-0.0011368453
0.0016105138
7.097183e-06
-0.00045049356
-0.00097510626
-0.000863614
0.00023137985
0.00062475394
-0.00041860685
0.0011940922
0.0016331965
0.0012302517
0.0032855794
0.00046218123
0.001779321
-0.0005783929
-0.00043796762
0.0003128837
-0.0008883692
0.00033289517
8.976949e-05
0.00035082057
0.0012160399
0.000957567
0.0014873579
-0.0002048219
0.0004457995
0.00026675075
0.0006038862
-0.00042829744
-0.0013863537
-0.0010817316
0.0007683907
-0.0012686589
-0.0005830979
-0.0005179412
0.00083322707
-0.00053370965
0.0005307587
-0.0012327945
test_mean_abs_value
0.40892515
0.41377106
0.41056806
0.4293744
0.41603002
0.40718508
0.43409306
0.43170017
0.41976863
0.42550886
0.41677952
0.42946947
0.42786384
0.41573793
0.43857616
0.4318523
0.41929907
0.41657215
0.44516477
0.41118357
0.41026983
0.4044942
0.4129881
0.39648253
0.3932731
0.43229118
0.42193925
0.42746034
0.41959342
0.40227503
0.41075528
0.41599593
0.43755704
0.4197234
0.39942318
0.42967737
0.42304808
0.42672688
0.41270456
0.418541
0.42712176
0.4328246
0.4338765
0.42965427
0.42097595
0.41980892
0.41954443
0.4222279
0.43285355
0.424589
0.42249265
0.41452664
0.40250012
0.4177447
0.41588777
0.42934737
0.40068197
0.41821235
0.4198198
0.4116801
0.40309405
0.41979054
0.45319
0.41399357
0.43196738
0.43144682
0.40639082
0.4218023
0.4071652
0.3980925
0.4161801
0.42212135
0.43293315
0.40986896
0.41393507
0.43362144
0.39735213
0.39927247
0.4558304
0.40306187
0.42835253
0.40783095
0.43403637
0.40821657
0.41878644
0.43081877
0.39852637
0.4182854
0.42589527
0.42503628
0.41011488
0.40818956
0.41433236
0.40875334
0.40625644
0.41706872
0.44580254
0.4015658
0.39554632
0.41283578
0.42025873
0.4304896
0.4110609
0.41034943
0.42556855
0.43367967
0.4326769
0.43743348
0.42709088
0.41928616
0.4143342
0.4240112
0.40987137
0.41691792
0.39595369
0.4072168
0.45437112
0.42003587
0.43749896
0.3976706
0.42944205
0.42965952
0.42123556
0.40934864
0.42872998
0.4292061
0.41254786
0.41551846
0.40523803
0.41109934
0.41572982
0.4084233
0.39880446
0.40401345
0.41688767
0.4307753
0.43113592
0.39392343
0.4226063
0.42394996
0.40843552
0.4207597
0.40842453
0.41907403
0.4161174
0.40606216
0.40553054
0.4287941
0.44408333
0.39827347
0.40167543
0.3973781
0.41880998
0.41250074
0.40751112
0.4193754
0.4375924
0.39519337
0.42884165
0.4159776
0.41204384
0.41690037
0.41346702
0.4211783
0.41504547
0.41257152
0.42981577
0.42781624
0.40147057
0.44434127
0.40594852
0.39808884
0.4132676
0.40485826
0.38701552
0.4156037
0.4242677
0.41640297
0.4120496
0.41483414
0.41689506
0.39313808
0.43028763
0.4157272
0.41257945
0.4152513
0.4187034
0.41940245
0.42526293
0.39996287
0.4175924
0.4182309
0.43208772
0.4186507
0.4274993
0.42684844
0.40981364
0.43180892
0.4021035
0.4304355
0.41610032
0.4073283
0.4061363
0.4072764
0.4186822
0.4255946
0.41559422
0.41989988
0.42381006
0.4275559
0.42424402
0.45130223
0.4139803
0.4056026
0.44133395
0.43162426
0.43290862
0.41722828
0.40982434
0.42041215
0.40875825
0.43414533
0.42629078
0.43527818
0.4127687
0.41335708
0.4401293
0.41267636
0.42088118
0.4305324
0.44242457
0.4335623
0.42407927
0.4253939
0.3974524
0.40693694
0.4251355
0.45713803
0.4181312
0.4259169
0.42089164
0.40982425
0.40635115
0.41698438
0.4147061
0.40671828
0.42421567
0.43403405
0.40037134
0.4092179
0.41635787
0.41420636
0.42148504
0.43197423
0.4090581
0.41030216
test_variance_value
0.26083168
0.26673225
0.26342908
0.2874613
0.26928622
0.25801483
0.29172912
0.28942072
0.2745415
0.28200603
0.2705839
0.28643632
0.28473237
0.2691539
0.2982598
0.28986186
0.27455336
0.2702574
0.30791935
0.26377824
0.26222172
0.25460455
0.26620716
0.24573943
0.24158193
0.29161838
0.2775231
0.28464666
0.27584538
0.25252995
0.2636035
0.2694347
0.29807717
0.27444708
0.24991515
0.2869069
0.279288
0.28314957
0.26515958
0.2726695
0.28453988
0.29217196
0.29317436
0.28903952
0.2766294
0.2748914
0.2734077
0.27672613
0.29170805
0.2810767
0.27810243
0.26819542
0.252266
0.27138266
0.26910734
0.28726932
0.25055414
0.27169955
0.27388301
0.26430666
0.25358507
0.27455595
0.31812155
0.2675832
0.2901004
0.2892353
0.25670934
0.2769176
0.25914437
0.2469187
0.26962477
0.27702877
0.29017192
0.26228616
0.2683256
0.29332492
0.24640411
0.2487824
0.32302898
0.25322196
0.28718406
0.25901362
0.29236534
0.25997427
0.27265888
0.2884812
0.24769168
0.2726169
0.28190404
0.28172565
0.26203436
0.26047257
0.2677691
0.26117682
0.2565799
0.27112788
0.30785358
0.25192672
0.24440207
0.2658098
0.2756
0.28855723
0.2639226
0.2626235
0.28149104
0.2925232
0.2910426
0.2972808
0.28426215
0.27488843
0.26764217
0.27893806
0.2627422
0.27115148
0.24405885
0.25807333
0.31949762
0.2740792
0.29686823
0.24666068
0.28708884
0.28755334
0.27558222
0.2617995
0.28586662
0.28638455
0.26506972
0.26942837
0.25647232
0.26318243
0.27024052
0.26003397
0.24802308
0.25491244
0.2711074
0.28751078
0.28769904
0.24249527
0.27754635
0.27936494
0.2598188
0.27570587
0.2600911
0.27343473
0.2689906
0.2574147
0.25685933
0.28533474
0.30766582
0.2467087
0.25174698
0.24673402
0.27403978
0.26522997
0.2591903
0.27346662
0.2981476
0.24384272
0.2859802
0.26889363
0.2644244
0.27073953
0.26659796
0.27582425
0.26824206
0.26519528
0.2881644
0.28499407
0.2516904
0.3066444
0.25763667
0.2476742
0.26624686
0.25559816
0.23480731
0.26902512
0.2808753
0.27139872
0.26482674
0.26810685
0.27134725
0.24171662
0.28797358
0.268885
0.26547495
0.26864678
0.27303812
0.2747791
0.2812597
0.24987115
0.2712405
0.27344084
0.29057264
0.27319685
0.28443983
0.28378907
0.26196948
0.2910395
0.25278646
0.2884812
0.2702968
0.25836635
0.25791278
0.25892332
0.27244774
0.2820145
0.2684477
0.27436194
0.27895495
0.28495485
0.2796412
0.314872
0.26723173
0.25724623
0.30176407
0.2896989
0.2926062
0.2718912
0.26271677
0.27514368
0.26126596
0.2939693
0.28286
0.29508862
0.26594815
0.26614404
0.30278486
0.26594326
0.27589074
0.28737307
0.304452
0.2920859
0.27954632
0.28178754
0.24672042
0.25845197
0.2807805
0.32389846
0.2727088
0.28231034
0.27634856
0.26249933
0.25684777
0.2711166
0.26802614
0.25815347
0.2812347
0.2921589
0.25026408
0.2610093
0.2701806
0.26690522
0.27679393
0.28994387
0.2614893
0.2617353
test_mean_costs
0.0
0.0
0.0
0.0
0.0
0.0
0.0
0.0
0.0
0.0
0.0
0.0
0.0
0.0
0.0
0.0
0.0
0.0
0.0
0.0
0.0
0.0
0.0
0.0
0.0
0.0
0.0
0.0
0.0
0.0
0.0
0.0
0.0
0.0
0.0
0.0
0.0
0.0
0.0
0.0
0.0
0.0
0.0
0.0
0.0
0.0
0.0
0.0
0.0
0.0
0.0
0.0
0.0
0.0
0.0
0.0
0.0
0.0
0.0
0.0
0.0
0.0
0.0
0.0
0.0
0.0
0.0
0.0
0.0
0.0
0.0
0.0
0.0
0.0
0.0
0.0
0.0
0.0
0.0
0.0
0.0
0.0
0.0
0.0
0.0
0.0
0.0
0.0
0.0
0.0
0.0
0.0
0.0
0.0
0.0
0.0
0.0
0.0
0.0
0.0
0.0
0.0
0.0
0.0
0.0
0.0
0.0
0.0
0.0
0.0
0.0
0.0
0.0
0.0
0.0
0.0
0.0
0.0
0.0
0.0
0.0
0.0
0.0
0.0
0.0
0.0
0.0
0.0
0.0
0.0
0.0
0.0
0.0
0.0
0.0
0.0
0.0
0.0
0.0
0.0
0.0
0.0
0.0
0.0
0.0
0.0
0.0
0.0
0.0
0.0
0.0
0.0
0.0
0.0
0.0
0.0
0.0
0.0
0.0
0.0
0.0
0.0
0.0
0.0
0.0
0.0
0.0
0.0
0.0
0.0
0.0
0.0
0.0
0.0
0.0
0.0
0.0
0.0
0.0
0.0
0.0
0.0
0.0
0.0
0.0
0.0
0.0
0.0
0.0
0.0
0.0
0.0
0.0
0.0
0.0
0.0
0.0
0.0
0.0
0.0
0.0
0.0
0.0
0.0
0.0
0.0
0.0
0.0
0.0
0.0
0.0
0.0
0.0
0.0
0.0
0.0
0.0
0.0
0.0
0.0
0.0
0.0
0.0
0.0
0.0
0.0
0.0
0.0
0.0
0.0
0.0
0.0
0.0
0.0
0.0
0.0
0.0
0.0
0.0
0.0
0.0
0.0
0.0
0.0
0.0
0.0
0.0
0.0
0.0
0.0
0.0
0.0
0.0
0.0
0.0
0.0
test_mean_abs_costs
0.0
0.0
0.0
0.0
0.0
0.0
0.0
0.0
0.0
0.0
0.0
0.0
0.0
0.0
0.0
0.0
0.0
0.0
0.0
0.0
0.0
0.0
0.0
0.0
0.0
0.0
0.0
0.0
0.0
0.0
0.0
0.0
0.0
0.0
0.0
0.0
0.0
0.0
0.0
0.0
0.0
0.0
0.0
0.0
0.0
0.0
0.0
0.0
0.0
0.0
0.0
0.0
0.0
0.0
0.0
0.0
0.0
0.0
0.0
0.0
0.0
0.0
0.0
0.0
0.0
0.0
0.0
0.0
0.0
0.0
0.0
0.0
0.0
0.0
0.0
0.0
0.0
0.0
0.0
0.0
0.0
0.0
0.0
0.0
0.0
0.0
0.0
0.0
0.0
0.0
0.0
0.0
0.0
0.0
0.0
0.0
0.0
0.0
0.0
0.0
0.0
0.0
0.0
0.0
0.0
0.0
0.0
0.0
0.0
0.0
0.0
0.0
0.0
0.0
0.0
0.0
0.0
0.0
0.0
0.0
0.0
0.0
0.0
0.0
0.0
0.0
0.0
0.0
0.0
0.0
0.0
0.0
0.0
0.0
0.0
0.0
0.0
0.0
0.0
0.0
0.0
0.0
0.0
0.0
0.0
0.0
0.0
0.0
0.0
0.0
0.0
0.0
0.0
0.0
0.0
0.0
0.0
0.0
0.0
0.0
0.0
0.0
0.0
0.0
0.0
0.0
0.0
0.0
0.0
0.0
0.0
0.0
0.0
0.0
0.0
0.0
0.0
0.0
0.0
0.0
0.0
0.0
0.0
0.0
0.0
0.0
0.0
0.0
0.0
0.0
0.0
0.0
0.0
0.0
0.0
0.0
0.0
0.0
0.0
0.0
0.0
0.0
0.0
0.0
0.0
0.0
0.0
0.0
0.0
0.0
0.0
0.0
0.0
0.0
0.0
0.0
0.0
0.0
0.0
0.0
0.0
0.0
0.0
0.0
0.0
0.0
0.0
0.0
0.0
0.0
0.0
0.0
0.0
0.0
0.0
0.0
0.0
0.0
0.0
0.0
0.0
0.0
0.0
0.0
0.0
0.0
0.0
0.0
0.0
0.0
0.0
0.0
0.0
0.0
0.0
0.0
test_variance_costs
0.0
0.0
0.0
0.0
0.0
0.0
0.0
0.0
0.0
0.0
0.0
0.0
0.0
0.0
0.0
0.0
0.0
0.0
0.0
0.0
0.0
0.0
0.0
0.0
0.0
0.0
0.0
0.0
0.0
0.0
0.0
0.0
0.0
0.0
0.0
0.0
0.0
0.0
0.0
0.0
0.0
0.0
0.0
0.0
0.0
0.0
0.0
0.0
0.0
0.0
0.0
0.0
0.0
0.0
0.0
0.0
0.0
0.0
0.0
0.0
0.0
0.0
0.0
0.0
0.0
0.0
0.0
0.0
0.0
0.0
0.0
0.0
0.0
0.0
0.0
0.0
0.0
0.0
0.0
0.0
0.0
0.0
0.0
0.0
0.0
0.0
0.0
0.0
0.0
0.0
0.0
0.0
0.0
0.0
0.0
0.0
0.0
0.0
0.0
0.0
0.0
0.0
0.0
0.0
0.0
0.0
0.0
0.0
0.0
0.0
0.0
0.0
0.0
0.0
0.0
0.0
0.0
0.0
0.0
0.0
0.0
0.0
0.0
0.0
0.0
0.0
0.0
0.0
0.0
0.0
0.0
0.0
0.0
0.0
0.0
0.0
0.0
0.0
0.0
0.0
0.0
0.0
0.0
0.0
0.0
0.0
0.0
0.0
0.0
0.0
0.0
0.0
0.0
0.0
0.0
0.0
0.0
0.0
0.0
0.0
0.0
0.0
0.0
0.0
0.0
0.0
0.0
0.0
0.0
0.0
0.0
0.0
0.0
0.0
0.0
0.0
0.0
0.0
0.0
0.0
0.0
0.0
0.0
0.0
0.0
0.0
0.0
0.0
0.0
0.0
0.0
0.0
0.0
0.0
0.0
0.0
0.0
0.0
0.0
0.0
0.0
0.0
0.0
0.0
0.0
0.0
0.0
0.0
0.0
0.0
0.0
0.0
0.0
0.0
0.0
0.0
0.0
0.0
0.0
0.0
0.0
0.0
0.0
0.0
0.0
0.0
0.0
0.0
0.0
0.0
0.0
0.0
0.0
0.0
0.0
0.0
0.0
0.0
0.0
0.0
0.0
0.0
0.0
0.0
0.0
0.0
0.0
0.0
0.0
0.0
0.0
0.0
0.0
0.0
0.0
0.0
test_mean_wealth
-1.5540729
-1.5636092
-1.5806872
-1.6158297
-1.6632975
-1.5742803
-1.677042
-1.6372918
-1.6751095
-1.5580809
-1.603869
-1.6228603
-1.6563824
-1.5253115
-1.5843606
-1.5672555
-1.5810388
-1.6300269
-1.6422311
-1.6131068
-1.6334819
-1.5444602
-1.5976447
-1.5313709
-1.5748395
-1.6370692
-1.5225797
-1.5798197
-1.5395238
-1.5056084
-1.6573279
-1.601515
-1.5722907
-1.6582948
-1.5793216
-1.6115892
-1.6868503
-1.6782136
-1.5818346
-1.6448437
-1.6324133
-1.6064221
-1.6340752
-1.5309343
-1.6023042
-1.5828439
-1.6901423
-1.6323109
-1.6276379
-1.6418666
-1.5694915
-1.564084
-1.5586768
-1.622303
-1.6366297
-1.680407
-1.5545605
-1.564238
-1.5818688
-1.6125671
-1.6247746
-1.591849
-1.6262248
-1.6362492
-1.539731
-1.6236593
-1.6213559
-1.6535592
-1.5585382
-1.6160802
-1.6773161
-1.6446323
-1.6030546
-1.646885
-1.6857727
-1.5800968
-1.6273738
-1.6308831
-1.6222664
-1.6113714
-1.588796
-1.5815667
-1.6313818
-1.6664271
-1.5577774
-1.6049232
-1.575996
-1.6468922
-1.6303632
-1.6514169
-1.6157602
-1.5730793
-1.5997193
-1.5525774
-1.6398453
-1.6452818
-1.6753136
-1.6027194
-1.5133016
-1.5373931
-1.60707
-1.5861692
-1.6120298
-1.6047783
-1.6411014
-1.5926673
-1.6045341
-1.725932
-1.6318396
-1.5759168
-1.5951132
-1.6382776
-1.5419885
-1.6316091
-1.528532
-1.6402906
-1.7094699
-1.6048408
-1.6159242
-1.5538145
-1.6878867
-1.6044496
-1.7296956
-1.5695037
-1.5883834
-1.7656142
-1.6203592
-1.6600785
-1.5130111
-1.6410699
-1.5568107
-1.6031171
-1.575222
-1.5918528
-1.5854061
-1.5976316
-1.5904071
-1.5991429
-1.5860043
-1.673937
-1.6250346
-1.6978147
-1.6399504
-1.6679963
-1.6347189
-1.6261237
-1.6087704
-1.5895287
-1.551317
-1.5321608
-1.6425222
-1.5875397
-1.5390503
-1.5791698
-1.6465527
-1.6028394
-1.5579165
-1.5995079
-1.6593103
-1.5952235
-1.5369351
-1.5972346
-1.5710089
-1.6336236
-1.6310134
-1.4838413
-1.622355
-1.657638
-1.5397658
-1.650748
-1.5830998
-1.5738212
-1.6366454
-1.5142591
-1.4649649
-1.5808523
-1.5489889
-1.6394159
-1.5960144
-1.6724857
-1.6023089
-1.532859
-1.592848
-1.662292
-1.6226834
-1.594392
-1.6162683
-1.6554362
-1.6106493
-1.5898566
-1.6494879
-1.6308055
-1.5913938
-1.6708503
-1.6885446
-1.6767796
-1.5529131
-1.6274087
-1.5332713
-1.6987331
-1.617806
-1.6618776
-1.5955209
-1.6195793
-1.5924696
-1.5295565
-1.6004242
-1.5854522
-1.5506817
-1.6410725
-1.6033854
-1.6652287
-1.524225
-1.5759577
-1.6206056
-1.558921
-1.6003503
-1.6780049
-1.4976958
-1.6617085
-1.5836431
-1.6174705
-1.6740472
-1.5538263
-1.4875153
-1.5939577
-1.6231906
-1.5842168
-1.5594025
-1.6797427
-1.6614373
-1.6612166
-1.6620504
-1.6067598
-1.6259604
-1.6475805
-1.5725176
-1.6367238
-1.5787115
-1.7086498
-1.6504129
-1.5719883
-1.6590146
-1.5975446
-1.5894238
-1.6418909
-1.5987011
-1.6368972
-1.5731736
-1.6262898
-1.6246034
-1.6499792
-1.662002
-1.6170162
-1.481984
-1.5482162
test_mean_abs_wealth
1.5540729
1.5636101
1.5806875
1.6158297
1.6632975
1.5742803
1.6770443
1.6372918
1.6751102
1.5580834
1.6038694
1.6228604
1.6563824
1.5253115
1.5843631
1.5672561
1.58104
1.6300281
1.642235
1.6131072
1.6334819
1.5444627
1.5976447
1.5313709
1.5748398
1.6370748
1.5225807
1.5798228
1.539527
1.5056088
1.6573279
1.601515
1.5722933
1.6582948
1.5793234
1.611592
1.6868503
1.6782136
1.5818353
1.6448437
1.6324134
1.606423
1.6340752
1.5309348
1.6023042
1.5828457
1.6901423
1.6323111
1.6276394
1.6418667
1.5694916
1.564084
1.5586768
1.6223041
1.6366297
1.680407
1.5545609
1.5642387
1.5818688
1.6125684
1.6247746
1.591849
1.6262249
1.6362492
1.5397437
1.6236598
1.6213559
1.6535592
1.5585382
1.6160802
1.6773161
1.6446323
1.6030558
1.646885
1.685773
1.5800984
1.6273738
1.6308831
1.622273
1.6113714
1.5887988
1.5815668
1.6313841
1.6664273
1.5577809
1.6049249
1.5759982
1.6468922
1.6303632
1.6514169
1.6157606
1.5730801
1.5997224
1.5525814
1.6398453
1.6452823
1.6753166
1.6027194
1.5133016
1.5373995
1.6070774
1.5861714
1.6120303
1.6047783
1.6411035
1.5926673
1.6045353
1.7259328
1.6318396
1.5759175
1.5951136
1.6382784
1.5419903
1.6316091
1.5285321
1.6402906
1.7094706
1.6048442
1.6159251
1.5538145
1.6878867
1.6044508
1.7296956
1.5695037
1.5883859
1.7656142
1.6203592
1.6600785
1.5130116
1.6410699
1.5568116
1.6031194
1.575222
1.5918534
1.5854061
1.5976342
1.5904088
1.5991429
1.586005
1.673937
1.6250346
1.6978147
1.6399504
1.6679963
1.63472
1.6261237
1.6087704
1.5895336
1.5513228
1.5321611
1.6425222
1.5875412
1.5390544
1.5791745
1.6465527
1.602841
1.557919
1.5995079
1.6593118
1.5952252
1.5369366
1.5972363
1.5710089
1.6336236
1.6310146
1.4838507
1.6223556
1.657638
1.5397667
1.650748
1.5831006
1.5738224
1.6366456
1.5142628
1.4649673
1.5808523
1.5489941
1.6394159
1.5960149
1.6724857
1.6023089
1.5328614
1.592849
1.662292
1.6226834
1.594392
1.6162683
1.6554362
1.6106493
1.5898566
1.6494879
1.6308055
1.5913967
1.6708504
1.6885446
1.6767796
1.5529131
1.6274112
1.5332724
1.6987331
1.617806
1.6618776
1.5955209
1.6195793
1.5924699
1.5295649
1.6004242
1.5854536
1.5506967
1.6410725
1.6033854
1.665232
1.5242256
1.5759591
1.6206118
1.5589236
1.6003509
1.6780051
1.4976982
1.6617085
1.5836431
1.6174705
1.6740506
1.5538286
1.4875184
1.5939583
1.6231922
1.5842174
1.5594032
1.6797427
1.6614373
1.6612166
1.6620504
1.6067612
1.6259604
1.6475805
1.5725193
1.6367269
1.5787125
1.7086498
1.6504129
1.5719883
1.6590146
1.5975446
1.589424
1.6418909
1.5987014
1.6369015
1.5731748
1.6262898
1.6246034
1.6499796
1.662002
1.617019
1.4819876
1.5482168
test_variance_wealth
0.056870498
0.057338
0.05542727
0.056473877
0.05298367
0.055104215
0.055156246
0.056523222
0.05348214
0.058420468
0.055788744
0.05713722
0.05550542
0.059597734
0.058866538
0.059096895
0.056484114
0.054620475
0.057775684
0.05556617
0.053896777
0.05599194
0.055179734
0.05649505
0.053841308
0.05639956
0.06016869
0.057477675
0.05866207
0.057478502
0.05243231
0.055473868
0.059302997
0.05390935
0.054662354
0.05707882
0.052724645
0.054499798
0.056007434
0.054027084
0.056307156
0.05779665
0.056623526
0.060599826
0.05572828
0.057106577
0.052668326
0.054812577
0.056317393
0.054817583
0.05752008
0.05639522
0.055473067
0.0549599
0.054432653
0.054929577
0.05563735
0.05762058
0.056548696
0.054434415
0.052883435
0.05621822
0.06000643
0.054167412
0.060483698
0.0565719
0.05369682
0.054316316
0.05618905
0.052584723
0.053084828
0.054540228
0.05758652
0.05337316
0.052231543
0.05985332
0.052647103
0.052182477
0.060801826
0.05349002
0.057545505
0.05562002
0.056566197
0.05257209
0.057137575
0.056885183
0.054434724
0.05464664
0.055789184
0.054919504
0.053852465
0.05585961
0.05497337
0.057084776
0.052762143
0.05422114
0.05703874
0.053690303
0.056254964
0.05816725
0.056061547
0.058234997
0.054766815
0.05458686
0.056167442
0.05809559
0.057720896
0.053808857
0.05610234
0.057098936
0.05567363
0.055108666
0.05760462
0.05487166
0.056170285
0.05275923
0.05722248
0.056847192
0.058497336
0.05524338
0.053793088
0.05735889
0.05149898
0.055685144
0.057841085
0.05254675
0.054191105
0.053863294
0.05739085
0.05303358
0.057339005
0.05472146
0.054746483
0.054462947
0.05603026
0.057577703
0.05783185
0.05342184
0.056598783
0.053913727
0.053650156
0.052139267
0.05310185
0.05344221
0.054299105
0.053408254
0.05415431
0.058925882
0.0613967
0.056243382
0.05202378
0.0537642
0.05818029
0.057044778
0.05291575
0.055950526
0.060309265
0.052854195
0.05575057
0.055401936
0.05760037
0.055882886
0.056620486
0.054778297
0.055164713
0.060448952
0.0566633
0.05508818
0.05622277
0.056814376
0.055102985
0.054528456
0.053929478
0.05761219
0.057647508
0.05609854
0.058594186
0.05444546
0.05563531
0.05273068
0.05602469
0.055372942
0.05767521
0.0533175
0.054430664
0.055742376
0.054802388
0.053898115
0.05638006
0.053951126
0.053917695
0.05529082
0.058142476
0.053081974
0.05410708
0.054420996
0.056411296
0.057062972
0.056790605
0.054332197
0.05471662
0.052108396
0.0545556
0.053844716
0.05633913
0.060423836
0.05536807
0.056712538
0.0590053
0.055643544
0.05722623
0.058151137
0.058944393
0.05558232
0.058624502
0.05935187
0.05789655
0.05275446
0.058920156
0.054009844
0.05569161
0.0575871
0.054061536
0.060362812
0.05935966
0.05551109
0.058386244
0.055876814
0.05880868
0.054186277
0.056445666
0.05538985
0.054134965
0.05599504
0.052920196
0.05235646
0.05781296
0.060728803
0.05658737
0.053163197
0.054553594
0.055703577
0.052516624
0.05609229
0.05571381
0.052978307
0.057184737
0.056584455
0.054597817
0.05345836
0.05496561
0.053899925
0.053968113
0.056631025
0.059065342
0.056745797
test_wealth_with_price_abs_mean
0.1873361
0.18776953
0.18500592
0.18628168
0.18095419
0.18442576
0.1842785
0.18646836
0.18152273
0.18934678
0.18526918
0.18738875
0.18482465
0.19153167
0.1897154
0.19036455
0.18668781
0.18365695
0.18812034
0.18502977
0.18251416
0.18596333
0.1846157
0.18687248
0.18263923
0.18613188
0.19206513
0.18790859
0.18978697
0.18833363
0.18008552
0.1848473
0.19078264
0.18257889
0.18392192
0.18722934
0.18032129
0.1829144
0.18563858
0.18260571
0.18598457
0.18842214
0.18655096
0.19264956
0.18557361
0.18729101
0.18014625
0.18363568
0.1858034
0.1837884
0.18798998
0.1863693
0.18489428
0.18401892
0.18322518
0.18376864
0.18524663
0.1883522
0.18649395
0.18326801
0.1807777
0.1859487
0.19173789
0.18275203
0.1924562
0.18653286
0.18225516
0.18302746
0.18633442
0.18052651
0.18108185
0.18349452
0.18805365
0.18132703
0.17964028
0.19167508
0.18049851
0.17976181
0.19245417
0.18192814
0.18786393
0.18530653
0.18645568
0.18029684
0.18761219
0.18678327
0.18338023
0.18371359
0.18539518
0.18375498
0.18262659
0.18578592
0.18418743
0.18753375
0.18053256
0.18295097
0.1871474
0.18229465
0.18627083
0.18897676
0.18569425
0.18900047
0.18403216
0.18358581
0.18623793
0.1888479
0.18806489
0.1817386
0.18588084
0.18715198
0.18525302
0.18416776
0.18783225
0.18397662
0.18642417
0.18073504
0.18706852
0.18675573
0.189615
0.1846889
0.18187724
0.18767378
0.17845231
0.18520999
0.18842177
0.18020606
0.18276203
0.18242353
0.18780418
0.1811458
0.18780082
0.18381208
0.18408343
0.18346138
0.18592376
0.18810736
0.18843804
0.1818027
0.1865384
0.18230852
0.18223265
0.17950559
0.18122493
0.1815359
0.18296863
0.18161123
0.18292801
0.1901895
0.19356932
0.18640536
0.17951708
0.1826516
0.18901083
0.18727335
0.18077287
0.18568434
0.1920382
0.18101831
0.18501183
0.1846872
0.18813361
0.18538998
0.1868525
0.18373749
0.18436183
0.19254702
0.18656868
0.18421917
0.1862872
0.18665402
0.18435682
0.18382984
0.18258673
0.18827894
0.18875977
0.18604848
0.18959956
0.18311958
0.18498474
0.18061721
0.1857701
0.18532905
0.18805578
0.18174559
0.1831347
0.18541944
0.18384326
0.18228225
0.18633652
0.18271153
0.18255106
0.18446037
0.18908365
0.1810949
0.18272226
0.1832707
0.18650414
0.1873665
0.18713073
0.1830204
0.1835531
0.17974241
0.18340608
0.18221799
0.18621239
0.1919244
0.18501152
0.18678378
0.19033386
0.18502952
0.1874847
0.18850417
0.1904316
0.18518613
0.18937157
0.19099244
0.18811
0.1804294
0.19032109
0.18260069
0.1851111
0.18811159
0.18235557
0.19225492
0.19076057
0.1850668
0.18917637
0.18544309
0.18997566
0.18268754
0.18602304
0.18448874
0.18268697
0.18561606
0.18107945
0.17989814
0.18862413
0.19233222
0.18651432
0.18115883
0.18338834
0.18531314
0.18045801
0.18584396
0.18556118
0.18088666
0.18756853
0.18668088
0.18360592
0.18187578
0.18421288
0.18229191
0.18250662
0.18657145
0.19041154
0.18716563
test_wealth_with_price_variance
0.056870498
0.057338
0.05542727
0.056473877
0.05298367
0.055104215
0.055156246
0.056523222
0.05348214
0.058420468
0.055788744
0.05713722
0.05550542
0.059597734
0.058866538
0.059096895
0.056484114
0.054620475
0.057775684
0.05556617
0.053896777
0.05599194
0.055179734
0.05649505
0.053841308
0.05639956
0.06016869
0.057477675
0.05866207
0.057478502
0.05243231
0.055473868
0.059302997
0.05390935
0.054662354
0.05707882
0.052724645
0.054499798
0.056007434
0.054027084
0.056307156
0.05779665
0.056623526
0.060599826
0.05572828
0.057106577
0.052668326
0.054812577
0.056317393
0.054817583
0.05752008
0.05639522
0.055473067
0.0549599
0.054432653
0.054929577
0.05563735
0.05762058
0.056548696
0.054434415
0.052883435
0.05621822
0.06000643
0.054167412
0.060483698
0.0565719
0.05369682
0.054316316
0.05618905
0.052584723
0.053084828
0.054540228
0.05758652
0.05337316
0.052231543
0.05985332
0.052647103
0.052182477
0.060801826
0.05349002
0.057545505
0.05562002
0.056566197
0.05257209
0.057137575
0.056885183
0.054434724
0.05464664
0.055789184
0.054919504
0.053852465
0.05585961
0.05497337
0.057084776
0.052762143
0.05422114
0.05703874
0.053690303
0.056254964
0.05816725
0.056061547
0.058234997
0.054766815
0.05458686
0.056167442
0.05809559
0.057720896
0.053808857
0.05610234
0.057098936
0.05567363
0.055108666
0.05760462
0.05487166
0.056170285
0.05275923
0.05722248
0.056847192
0.058497336
0.05524338
0.053793088
0.05735889
0.05149898
0.055685144
0.057841085
0.05254675
0.054191105
0.053863294
0.05739085
0.05303358
0.057339005
0.05472146
0.054746483
0.054462947
0.05603026
0.057577703
0.05783185
0.05342184
0.056598783
0.053913727
0.053650156
0.052139267
0.05310185
0.05344221
0.054299105
0.053408254
0.05415431
0.058925882
0.0613967
0.056243382
0.05202378
0.0537642
0.05818029
0.057044778
0.05291575
0.05595053
0.060309265
0.052854195
0.05575057
0.055401936
0.05760037
0.055882886
0.056620486
0.054778297
0.055164713
0.060448952
0.0566633
0.05508818
0.05622277
0.056814376
0.055102985
0.054528456
0.053929478
0.05761219
0.057647508
0.05609854
0.058594186
0.05444546
0.05563531
0.05273068
0.05602469
0.055372942
0.05767521
0.0533175
0.054430664
0.055742376
0.054802388
0.053898115
0.05638006
0.053951126
0.053917695
0.05529082
0.058142476
0.053081974
0.05410708
0.054420996
0.056411296
0.057062972
0.056790605
0.054332197
0.05471662
0.052108396
0.0545556
0.053844716
0.05633913
0.060423836
0.05536807
0.056712538
0.0590053
0.055643544
0.05722623
0.058151137
0.058944393
0.05558232
0.058624502
0.05935187
0.05789655
0.05275446
0.058920156
0.054009844
0.05569161
0.0575871
0.054061536
0.060362812
0.05935966
0.05551109
0.058386244
0.055876814
0.05880868
0.054186277
0.056445666
0.05538985
0.054134965
0.05599504
0.052920196
0.05235646
0.05781296
0.060728803
0.05658737
0.053163197
0.054553594
0.055703577
0.052516624
0.05609229
0.05571381
0.052978307
0.057184737
0.056584455
0.054597817
0.05345836
0.05496561
0.053899925
0.053968113
0.056631025
0.059065342
0.056745797
price
1.5537987
1.563848
1.5806938
1.6160324
1.6635158
1.5743718
1.6767408
1.6372092
1.6748829
1.558835
1.6049943
1.622324
1.6562786
1.5253956
1.5854539
1.5679586
1.5818477
1.6306958
1.6423287
1.6129469
1.6334325
1.5439839
1.5982815
1.5312915
1.5749968
1.6367102
1.5225614
1.5801288
1.5393643
1.5057209
1.6578826
1.6010736
1.5728475
1.6585482
1.5800897
1.6123022
1.6871068
1.6787091
1.5825759
1.6452179
1.6329259
1.6072322
1.6340858
1.531369
1.6023172
1.5830922
1.6898534
1.6325756
1.6279879
1.6421708
1.5690848
1.564867
1.5587015
1.6224369
1.637292
1.6812103
1.5546279
1.5637395
1.5821956
1.6132689
1.6249208
1.5912371
1.6259148
1.6365521
1.5407866
1.6237135
1.6213161
1.653283
1.5582018
1.6158458
1.6778423
1.6444606
1.6030403
1.647284
1.685894
1.5796279
1.6263505
1.6314727
1.6228285
1.6110694
1.5892994
1.5816444
1.6311126
1.6667523
1.5582583
1.6046939
1.5755031
1.6469915
1.6306597
1.6521022
1.6162488
1.57331
1.5996735
1.5524713
1.6407354
1.6455156
1.6744978
1.6023531
1.5134976
1.5369418
1.6077491
1.5862974
1.6126264
1.6045895
1.6408854
1.5930239
1.604571
1.7267052
1.6320025
1.575447
1.5948703
1.6385496
1.541486
1.630837
1.5286206
1.6404753
1.7100112
1.6052809
1.6166548
1.5550313
1.6881857
1.6051985
1.7298243
1.5701941
1.5889378
1.766334
1.6208543
1.6600841
1.5138531
1.6408193
1.5565482
1.6037242
1.5750403
1.5925212
1.5858054
1.597815
1.5910214
1.5985793
1.5867076
1.674061
1.6240983
1.697628
1.6401162
1.6683785
1.63498
1.6261494
1.6087427
1.5901973
1.5512317
1.5322621
1.643629
1.5873536
1.5394263
1.5782025
1.6465304
1.6031415
1.5573678
1.6008956
1.6586506
1.5957131
1.537135
1.5972183
1.5709773
1.6343743
1.6307857
1.4839927
1.6223322
1.6573977
1.5400372
1.650524
1.5821891
1.5735615
1.6369102
1.5145849
1.465265
1.5801423
1.5498217
1.6391987
1.5964183
1.6726961
1.6033427
1.5326239
1.5925732
1.6624113
1.6225216
1.5946004
1.616004
1.6560599
1.6106389
1.589833
1.6498258
1.6316155
1.5917495
1.6710982
1.6900263
1.6766993
1.5525109
1.6274214
1.5333308
1.6987507
1.6177677
1.6625617
1.596336
1.6200392
1.5921303
1.5301474
1.6003693
1.5856109
1.5504832
1.6415484
1.603326
1.6655146
1.5242653
1.5765722
1.620795
1.5594283
1.6001164
1.6776876
1.4980251
1.6619554
1.5839117
1.6175574
1.6753384
1.5539176
1.487643
1.5942228
1.6233006
1.584713
1.5590726
1.6806228
1.6622666
1.661039
1.6623982
1.6069356
1.626487
1.6473433
1.5725731
1.6363488
1.5794516
1.7086155
1.6506463
1.5718327
1.659535
1.5972083
1.5889995
1.6419474
1.5990037
1.6374508
1.5732025
1.6272242
1.6247079
1.6494914
1.6611983
1.6167161
1.482243
1.5482976
train_time
0.5268505999999995
0.34866010000000003
0.3686879999999988
0.3856289000000004
0.5758480000000006
0.35502400000000023
0.3826111000000054
0.38621689999999376
0.28495089999999834
0.2870249000000058
0.346371199999993
0.4263516000000038
0.3010237000000018
0.2948647000000051
0.28640250000000833
0.2852476999999851
0.2784306000000072
0.3807074000000057
0.48081790000000524
0.7084962000000132
0.5823259000000007
0.282224900000017
0.2876746999999966
0.2926885999999911
0.29223619999999073
0.30119679999995697
0.28904239999997117
0.49582459999999173
0.28065929999996797
0.2902859999999805
0.28190649999999096
0.2853913000000148
0.28070100000002185
0.37231680000002143
0.3125026999999818
0.29162930000001097
0.2879077000000052
0.5510058999999501
0.2865899999999897
0.28514189999998507
0.2789343000000031
0.28364530000004606
0.2851534999999785
0.29154449999998633
0.27795240000000376
0.2921432999999638
0.2921294999999873
0.2906124000000432
0.28432670000000826
0.5987744000000248
0.2884616000000051
0.29276870000001054
0.2795771999999488
0.28455570000005537
0.290788799999973
0.29044090000002143
0.2818942999999763
0.2806803000000855
0.3532281000000239
0.29236090000006243
0.29237030000001596
0.28306350000002567
0.29332640000006904
0.6860328000000209
0.29512209999995775
0.28518189999999777
0.2891605999999456
0.4389940999999453
0.36119020000001
0.3073415000000068
0.2992987999999741
0.30895220000002155
0.31077170000003207
0.29854339999997137
0.3770151999999598
0.3104385999999977
0.3045875000000251
0.29883270000004813
0.307796000000053
0.3038027999999713
0.7953579999999647
0.3047586999999794
0.29428550000000087
0.32135040000002846
0.30374380000000656
0.2940393999999742
0.47283440000001065
0.29378399999995963
0.29487249999999676
0.29637640000009924
0.3059433999999328
0.3738469999999552
0.30886950000001434
0.30470200000002023
0.31745919999991656
0.32282309999993686
0.3050249000000349
0.3109416999999439
0.29533440000000155
0.9160158999999339
0.2940697999999884
0.31041400000003705
0.29688999999996213
0.28731500000003507
0.3894948999998178
0.2930930999998509
0.29268070000011903
0.29788570000005166
0.339252100000067
0.28733900000020185
0.31129749999990963
0.29318480000006275
0.30131859999983135
0.28963329999987764
0.2889724000001479
0.2921492999998918
0.31765120000000024
0.31032170000003134
0.31391310000003614
0.3052468000000772
0.3008910000000924
1.0119505000000117
0.2827775999999176
0.2906548000000839
0.2883867000000464
0.288718499999959
0.29983130000005076
0.30248950000009245
0.2911007000000154
0.2962383999999929
0.30948209999996834
0.2974730000000818
0.3148925999998937
0.3514683999999306
0.37097849999986465
0.30440150000003996
0.31923760000017865
0.31961599999999635
0.30825030000005427
0.29941150000013295
0.38224029999992126
0.2993509999998878
0.30177839999987555
0.30202200000007906
0.28886050000005525
0.29525610000018787
0.3364498000000822
0.29955450000011297
1.1550376000000142
0.2911909000001742
0.29153180000002976
0.29177359999994223
0.3845742999999402
0.322038700000121
0.32987580000008165
0.2994069000001218
0.2894781999998486
0.2935370000000148
0.3023193999999876
0.289718799999946
0.29891249999991487
0.2907513000000108
0.3058826000001318
0.293619900000067
0.293487099999993
0.2902619000001323
0.30275619999997616
0.30064870000001065
0.294960299999957
0.2850467999999182
0.2910181999998258
0.2981025999999929
0.2966069999999945
0.29331999999999425
0.29182049999985793
0.2973823000002085
0.30314670000007027
0.7032153000000108
0.6370394000000488
1.3369278000000122
0.29458569999997053
0.295428099999981
0.2858163000000786
0.3003341000001001
0.30603560000008656
0.28907630000003337
0.29218459999992774
0.3058858000001692
0.2937782999999854
0.3018947999999
0.2903567999999268
0.3010567000001174
0.35967230000005657
0.3001856000000771
0.3020653000000948
0.3127225999999155
0.2952720999999201
0.3039229000000887
0.288131999999905
0.3009124000000156
0.31049209999991945
0.2891437999999198
0.29252489999998943
0.32758830000011585
0.31370849999984785
0.30313780000005863
0.30829399999993257
0.2982915000002322
0.29676100000006045
0.3057284999999865
0.29815099999996164
0.30217739999989135
0.293177999999898
0.2982719999999972
0.2954337999999552
1.684505000000172
0.30322520000027
0.29305080000040107
0.29092609999997876
0.29175390000000334
0.29405670000005557
0.29632009999977527
0.30376490000026024
0.38587150000012116
0.2958067000004121
0.2987537999997585
0.29815859999962413
0.28987770000003366
0.2953237000001536
0.29006540000000314
0.29208569999991596
0.30079929999965316
0.30305170000019643
0.2973820000001979
0.2942112000000634
0.2993843999997807
0.2954327000002195
0.29950890000009167
0.3125569000003452
0.29514000000017404
0.3292154999999184
0.3129412000002958
0.33297799999991184
0.44915409999975964
0.3003142000002299
0.30533399999967514
0.2947125999999116
0.30353969999987385
0.29601129999991826
0.31135330000006434
0.3021524999999201
0.3034299999999348
0.32808289999957196
0.37736850000010236
0.3033219000003555
0.3013796000000184


