================================================================================
=== continuous-time
train_risk
2.188705
2.1160476
2.0856144
2.1444383
2.1824832
2.1007514
2.172818
2.1131957
2.181853
2.1338477
2.1378384
2.1393666
2.2230563
2.0684988
2.095277
2.1567051
2.1134093
2.1995437
2.1882818
2.1201556
2.1899683
2.0885313
2.1758368
2.0484045
2.101893
2.1910303
2.0347428
2.1105373
2.0304694
2.0983427
2.2387862
2.1307392
2.1173174
2.1627634
2.115294
2.1824248
2.1784325
2.180679
2.163005
2.2157722
2.193288
2.186042
2.2058687
2.0463305
2.1197772
2.1449184
2.2142148
2.0918343
2.1515238
2.1491857
2.1376398
2.1436574
2.1169295
2.180964
2.1879964
2.209222
2.1267655
2.118612
2.0881095
2.163599
2.145026
2.1226387
2.1866214
2.1499538
2.1058097
2.1519423
2.1500523
2.1444654
2.1126573
2.120001
2.1989076
2.222039
2.1529217
2.1604693
2.1875188
2.107492
2.1784892
2.1531503
2.1637037
2.0932207
2.1559837
2.134096
2.1740558
2.214449
2.107221
2.1671083
2.1138573
2.1733198
2.1877503
2.2365682
2.1575933
2.144317
2.118621
2.0871112
2.1186996
2.2193716
2.2192805
2.1345358
2.0616663
2.124771
2.1419253
2.1135402
2.182687
2.158964
2.2139099
2.1770253
2.1015546
2.2532473
2.169707
2.1258562
2.1193929
2.1514556
2.0650077
2.1423914
2.0729337
2.1786976
2.2594876
2.1891274
2.173319
2.0943623
2.2496755
2.129104
2.2387178
2.1218336
2.1395786
2.2248743
2.1626003
2.202557
2.0768456
2.1591885
2.0846944
2.1986194
2.1297789
2.133385
2.1508965
2.090987
2.1526966
2.1347141
2.1928954
2.1963246
2.1076376
2.224593
2.163399
2.1959753
2.1790392
2.1264272
2.1865797
2.1116533
2.0946772
2.03565
2.1385221
2.1184058
2.0506577
2.1071694
2.1633606
2.1143646
2.0883663
2.1430058
2.2052882
2.0968063
2.1221607
2.1170576
2.0774517
2.147774
2.1950603
2.09038
2.2043407
2.1542792
2.0289412
2.167176
2.1160789
2.1597762
2.2388906
2.0810099
2.057192
2.1362321
2.09488
2.1359801
2.1060212
2.2343872
2.1350608
2.1109886
2.1611822
2.221189
2.150386
2.084242
2.172509
2.1822531
2.1148841
2.1099334
2.2153406
2.18359
2.13051
2.1697035
2.2663987
2.2539873
2.0964775
2.1967165
2.0838623
2.2074525
2.1036177
2.2014115
2.1397529
2.1231043
2.1294594
2.0523086
2.1853743
2.1445107
2.1509671
2.142765
2.1064622
2.2148457
2.0578268
2.1344242
2.2004557
2.1531518
2.0886545
2.1830308
2.0559676
2.1595826
2.1165721
2.1328924
2.2327645
2.1091213
2.0221648
2.1002371
2.101741
2.1020198
2.0594363
2.2032032
2.2130878
2.127913
2.1310334
2.1034994
2.172265
2.1850023
2.0920613
2.159867
2.1294856
2.2221227
2.1981404
2.1429
2.1880481
2.1225653
2.074801
2.1802812
2.1833014
2.1541924
2.1122575
2.1739855
2.121367
2.1541042
2.247998
2.15008
2.0489736
2.0441577
test_risk
2.1732144
2.1221912
2.0920591
2.151522
2.2028317
2.1071942
2.1762712
2.1149197
2.2033107
2.124744
2.1456094
2.1383173
2.2328959
2.0650508
2.106117
2.1165302
2.1140046
2.1829093
2.185129
2.1458604
2.1959624
2.0889559
2.1582391
2.078726
2.1203072
2.1845322
2.0506692
2.1202538
2.064968
2.0668938
2.2222488
2.136608
2.1231678
2.1787019
2.1055162
2.1497853
2.208984
2.1806734
2.1392882
2.216124
2.1501591
2.188728
2.2064385
2.0686154
2.1138017
2.1275907
2.1875656
2.1185994
2.1475518
2.1485326
2.1515965
2.139066
2.1205223
2.178844
2.183891
2.2123852
2.111051
2.1142378
2.1219814
2.1779904
2.1589088
2.1184773
2.1685429
2.1757586
2.1211345
2.1760948
2.1595504
2.163544
2.1305246
2.126877
2.2018025
2.1909316
2.156586
2.1692882
2.195326
2.1059718
2.1880903
2.1700733
2.1406465
2.1164963
2.1412199
2.1626956
2.2169516
2.2430634
2.103909
2.1785073
2.099818
2.1575375
2.165001
2.206604
2.169061
2.1510394
2.1514034
2.0835414
2.129281
2.1967282
2.2103264
2.171495
2.0397677
2.0968966
2.1578774
2.1146169
2.1869104
2.1775827
2.2353961
2.1589668
2.0994651
2.2526875
2.1434402
2.1256297
2.154274
2.165994
2.0909438
2.1483676
2.0782845
2.194444
2.285455
2.164475
2.1881504
2.1090333
2.2337618
2.1181037
2.2613707
2.1104321
2.1372654
2.255004
2.1539352
2.1944711
2.0707233
2.172827
2.0625703
2.1672266
2.118932
2.1380615
2.1309822
2.0996816
2.1395793
2.14761
2.1332216
2.193343
2.123775
2.2225516
2.1710687
2.1924772
2.1873157
2.1765594
2.1750572
2.137468
2.085839
2.038655
2.1701849
2.1385643
2.0744717
2.1330492
2.1432652
2.1206355
2.109694
2.1661353
2.197186
2.1057386
2.1197436
2.1378212
2.1186666
2.1716661
2.1919715
2.0637987
2.1819468
2.1738448
2.1013966
2.1758554
2.1115382
2.1476083
2.1992497
2.0664344
2.060077
2.1115317
2.1048057
2.149122
2.1290224
2.227146
2.1194522
2.095173
2.1605766
2.1944802
2.1839786
2.095718
2.160207
2.1836894
2.1424725
2.1073616
2.1671903
2.1741214
2.1481233
2.214321
2.2490332
2.2448578
2.1091628
2.166653
2.0836747
2.222073
2.1375325
2.2184875
2.1625881
2.1264424
2.1322565
2.0528467
2.1896727
2.1266346
2.1316247
2.146621
2.1254086
2.1942122
2.0850527
2.1240122
2.1972096
2.1283193
2.1147408
2.2147253
2.0686414
2.1667378
2.1208918
2.1407058
2.218489
2.1088078
2.0425937
2.1094222
2.1398728
2.1151202
2.0802293
2.2069151
2.2072423
2.1722646
2.158871
2.1196885
2.194085
2.1790838
2.0849915
2.1739717
2.1366818
2.2176337
2.208229
2.135649
2.1701221
2.1350694
2.09716
2.1828606
2.160845
2.141712
2.1336293
2.1414495
2.1562326
2.1755133
2.2311244
2.164288
2.0634568
2.0587516
test_mean_value
0.00081558025
0.001044294
0.0017264936
0.001106947
-0.000806465
0.0008507916
-0.0013456312
-0.00096394046
0.000608025
-0.00057264214
-0.0014792607
0.00080359716
-0.0010232207
-0.0009897167
0.000467358
0.0009822691
0.00014908923
-0.0016204249
-6.4868356e-05
-0.00016919283
0.0029516337
-0.00094605394
0.0023317183
-0.0033352121
5.6149693e-05
-0.0006917347
0.0007332221
-0.0004528882
0.00039924594
0.00018875263
0.001439856
0.00042335095
0.0009355177
0.0010992638
0.0008568033
-0.0006287114
-0.0017356123
-0.00014915608
-0.0011427684
-0.00035800162
0.00060833554
0.0017168383
0.0013169055
0.00037380998
-0.0029867014
0.00083017914
0.0005153088
-0.0013133257
0.000700809
0.0004400507
0.0005889671
0.00032276672
-0.0020652718
-0.0027810154
9.338143e-05
-0.0004254831
0.00024156761
-0.00036325594
-0.0015598448
-0.00080536254
0.0009957561
-0.0011896819
-0.00043564374
0.0007504898
0.0020107292
0.00042733288
0.0015064161
-9.0212736e-05
0.0002610881
-3.5954563e-05
-0.0019679442
0.0007482348
-0.001727694
0.0001075663
-0.0008917715
5.5759123e-05
0.0012770027
-0.0003673736
0.0023323211
-0.00018623189
0.00021809663
0.0014164767
-0.00032968435
-0.00046703577
0.0015717503
-0.0012273894
0.00041033488
0.00055932737
0.0003925694
-0.00030216936
0.0022574144
0.0008829418
0.00026401842
0.0014892722
-0.000768708
-0.00034550598
-0.0017105691
0.0015045962
0.0015548919
0.0009674443
-0.0001361978
0.0013013144
0.00033383435
0.00019825964
0.0009512875
-0.00011160839
0.0010955234
-0.0014480066
-0.00084332324
-0.00082664035
0.0007570854
0.0027688039
-0.0006322887
0.0006953762
2.395874e-05
0.00039533718
-0.0040118936
0.0023589563
0.0006286436
-0.0012846574
-0.0026048557
0.00030559386
-0.000564743
0.00090530136
-0.001804566
0.00071295194
0.0017344682
0.0003393025
-0.0013753086
-0.00079103425
-0.00026115493
-6.304365e-05
-0.001744526
-0.0007880825
0.0004317954
-0.0013101468
0.000104200466
0.0011715969
0.00029845725
0.0031909232
-0.00032321704
0.0011376359
-0.0010775699
0.0014316894
-0.00068333786
-0.001338805
-0.0006539137
0.0009767809
0.0012994619
-0.00032566534
0.00063069595
0.0010016899
0.000111088055
-0.0016185556
-1.143141e-05
-0.0020674758
-0.0014767551
0.001743616
-0.0027437832
-0.0001997077
0.0009819195
-0.00076327845
-0.00085667765
-0.0009343021
-3.9559927e-05
0.00044068028
-0.00047769147
0.0011586755
-0.00054768944
0.001238937
-0.0009903461
-0.0009802126
-0.0016022626
-0.0005762682
0.00054039387
0.00046162764
-0.0012512562
0.0009565535
4.9316888e-05
-0.0012198325
0.00045184503
0.0008447318
0.0012860383
0.0012209989
0.00084865827
0.0014795727
0.0011458541
-0.0018425285
0.00074564887
-0.00075830554
-0.0009978776
0.00072834524
0.003295665
0.0010886574
-0.00051778514
-0.001383166
-0.0010839691
-0.0013281291
0.0017186677
8.9959154e-05
0.0004032778
-0.00057795754
0.0002940445
0.0002984437
-0.0002054729
0.0010561915
0.0018079402
-0.0019003607
-0.0016753841
0.0002946821
-0.0020151632
1.4156375e-05
-0.0018397142
0.0019755438
-0.0008341897
-0.0018398626
-0.0018901575
0.0009244811
-0.0012503415
-0.00034363885
0.001264089
0.00010689773
0.0016043044
0.0020946471
0.0018719698
0.00078732666
0.0006284052
-0.0013346197
0.00016454203
-2.3936776e-05
0.0006298227
-0.00026930595
-0.00029304353
-0.000868766
-0.002018182
-0.0003259845
-0.0002695044
-0.00016578703
-0.00090235716
0.002390498
0.00028171102
0.0009789406
0.0001117197
0.0018270082
0.0002489234
-0.0015333398
0.0005438095
0.0012551167
0.0014195553
-0.00018878534
-0.00039946538
4.104665e-05
-0.0019288901
-0.00096033915
0.0022467973
0.0006503159
test_mean_abs_value
0.45807183
0.44653147
0.43712538
0.44644824
0.45838222
0.45544952
0.4647987
0.43830818
0.4666345
0.46257055
0.46082625
0.44166055
0.4888249
0.45183685
0.43457362
0.4297238
0.44648546
0.4752537
0.48482987
0.4590557
0.45502767
0.43542096
0.47932914
0.44376266
0.44950733
0.46974573
0.4553876
0.45568347
0.43313363
0.46156916
0.50586057
0.44098768
0.45127648
0.46220297
0.4541128
0.46508676
0.47776353
0.4645872
0.44390526
0.48071638
0.4717414
0.48086953
0.46137652
0.45536667
0.44296452
0.44789168
0.45755595
0.44758394
0.45100194
0.45183143
0.4649416
0.4811057
0.47523993
0.47815874
0.44098172
0.45478022
0.47525665
0.45313773
0.44123548
0.4525405
0.46796146
0.44476253
0.44034573
0.45015463
0.46770185
0.4606491
0.44946307
0.43565208
0.4637277
0.44915596
0.45667303
0.4753013
0.463886
0.44627854
0.45161754
0.4482031
0.47111037
0.48480135
0.47723648
0.4612054
0.4541166
0.46756622
0.503743
0.47414726
0.4418535
0.45740214
0.45094773
0.4638785
0.4785733
0.46905616
0.45142612
0.49636388
0.46175075
0.4432172
0.44515678
0.44315863
0.45858985
0.45812902
0.43780762
0.44692478
0.46132436
0.45798835
0.4643217
0.46806946
0.50228184
0.48173586
0.43557137
0.4532816
0.4503713
0.45083597
0.45742866
0.45698273
0.4739022
0.45167357
0.45000163
0.4742406
0.5090503
0.46315074
0.47050828
0.4457267
0.48246056
0.4499973
0.4600469
0.44931358
0.4530674
0.45522287
0.44471496
0.45861194
0.43961295
0.46587616
0.43005756
0.48389927
0.45265847
0.4622584
0.4633158
0.44857943
0.46953836
0.46967435
0.46541238
0.46683246
0.45942637
0.46317455
0.45675293
0.4649118
0.4581853
0.45348993
0.46986514
0.44979048
0.440724
0.44540346
0.45671105
0.4478846
0.46053755
0.467806
0.4354392
0.45860717
0.4373569
0.48254523
0.45901036
0.430616
0.4662519
0.44395226
0.45434254
0.4600089
0.47316232
0.46689874
0.47611824
0.45783758
0.45156372
0.4665482
0.45510694
0.48585075
0.5166605
0.4792947
0.45988944
0.4474007
0.44494763
0.45583534
0.4683807
0.4725635
0.45347404
0.46238258
0.46132317
0.46466202
0.49011466
0.44591874
0.4523367
0.46293864
0.4363921
0.45523506
0.4562842
0.4491618
0.44280657
0.4531348
0.46495095
0.49599826
0.44414878
0.4527629
0.43457142
0.48574755
0.4469566
0.483764
0.4768788
0.43322602
0.4654213
0.43530414
0.49766114
0.46655038
0.4702434
0.44722906
0.44589037
0.46855438
0.44376454
0.46624294
0.47158226
0.47665548
0.4432109
0.46427256
0.44749305
0.46841025
0.4441829
0.4592342
0.48688766
0.4809776
0.4390323
0.4381109
0.45934075
0.4453821
0.43871218
0.4598737
0.44764447
0.4479324
0.45084992
0.43653676
0.4739196
0.47358748
0.44139677
0.46442422
0.4406773
0.45852914
0.47565195
0.45917353
0.45452246
0.4499104
0.4460189
0.46148816
0.47756582
0.4599574
0.4551559
0.43953997
0.4612263
0.45001453
0.46920916
0.4749125
0.45855147
0.4412709
test_variance_value
0.32731
0.30939323
0.29863846
0.30983937
0.3273485
0.32314727
0.33660948
0.29830295
0.33805582
0.33155972
0.3298128
0.3040354
0.37020773
0.31643397
0.29679778
0.28838727
0.30934078
0.35051516
0.3655508
0.3286555
0.32422245
0.2945441
0.3551566
0.30618984
0.31287092
0.3433853
0.32274982
0.32390803
0.29243198
0.33100402
0.39627877
0.30308196
0.31670395
0.33129272
0.31978044
0.33613247
0.3537402
0.33429307
0.30760473
0.35889626
0.34603977
0.3591103
0.33047703
0.32450658
0.30598155
0.31327474
0.32491025
0.31228563
0.31710103
0.31840044
0.3354261
0.3599959
0.35020995
0.35341477
0.30249408
0.3227312
0.3497601
0.3184293
0.30484375
0.31945467
0.3405197
0.30805406
0.3012301
0.31536883
0.341468
0.329105
0.31389084
0.2968516
0.33438244
0.31507704
0.32286215
0.35083422
0.33538166
0.31024617
0.31642452
0.31363684
0.34359738
0.36502898
0.3526417
0.33181578
0.3214942
0.3396801
0.39400756
0.34725937
0.30478325
0.32686484
0.31690425
0.3330237
0.3578647
0.34301615
0.3174013
0.3819121
0.3323326
0.3055699
0.30836555
0.30636203
0.32631576
0.3263008
0.2992915
0.31195846
0.3320741
0.32576808
0.33435547
0.34022197
0.3870987
0.35937536
0.29561064
0.32038644
0.31769395
0.316359
0.32535028
0.3255532
0.3483008
0.31783834
0.31472102
0.34941465
0.39909163
0.33275568
0.34473473
0.3090301
0.36245927
0.31366062
0.3289899
0.31409016
0.31949368
0.32310262
0.30769897
0.32685173
0.3020826
0.33738342
0.28774926
0.36282578
0.31761107
0.3319017
0.33494708
0.3136311
0.34123638
0.3434857
0.335533
0.3388109
0.3277038
0.3338111
0.32564136
0.33602005
0.32655188
0.31885234
0.34277096
0.31386977
0.30257207
0.30931213
0.32435742
0.3112311
0.33056676
0.34149745
0.29607326
0.32530114
0.2979056
0.35975343
0.32852513
0.28998968
0.33851147
0.3072878
0.3213176
0.3300778
0.34733507
0.3388032
0.35145083
0.32638744
0.31836438
0.3388305
0.322094
0.36493742
0.4108309
0.3542404
0.33034506
0.31159905
0.30599654
0.32395467
0.34062177
0.34810978
0.32068723
0.33106372
0.33202246
0.33587438
0.37121665
0.3095171
0.3183794
0.33242092
0.2974003
0.32231238
0.32324973
0.31492725
0.30611482
0.32032433
0.33510187
0.37867197
0.3076253
0.31844667
0.29570633
0.36552787
0.31129852
0.3623363
0.35167086
0.29191324
0.3368391
0.29539973
0.3795627
0.33814335
0.3429948
0.31103376
0.30875295
0.34035978
0.30635858
0.33817428
0.3458523
0.35313627
0.3066548
0.33545887
0.31305784
0.34022453
0.3067001
0.32858136
0.36734268
0.35892978
0.30060723
0.29938874
0.3293732
0.30900058
0.2999647
0.32788354
0.31216064
0.31188375
0.316369
0.2975591
0.34886435
0.3493787
0.30387878
0.3359307
0.30363765
0.32622442
0.35020366
0.32934317
0.32174745
0.31524667
0.3099839
0.3301237
0.3546431
0.3298615
0.32259324
0.30020174
0.33136395
0.31564808
0.34235355
0.34822205
0.32714802
0.3035273
test_mean_costs
0.0
0.0
0.0
0.0
0.0
0.0
0.0
0.0
0.0
0.0
0.0
0.0
0.0
0.0
0.0
0.0
0.0
0.0
0.0
0.0
0.0
0.0
0.0
0.0
0.0
0.0
0.0
0.0
0.0
0.0
0.0
0.0
0.0
0.0
0.0
0.0
0.0
0.0
0.0
0.0
0.0
0.0
0.0
0.0
0.0
0.0
0.0
0.0
0.0
0.0
0.0
0.0
0.0
0.0
0.0
0.0
0.0
0.0
0.0
0.0
0.0
0.0
0.0
0.0
0.0
0.0
0.0
0.0
0.0
0.0
0.0
0.0
0.0
0.0
0.0
0.0
0.0
0.0
0.0
0.0
0.0
0.0
0.0
0.0
0.0
0.0
0.0
0.0
0.0
0.0
0.0
0.0
0.0
0.0
0.0
0.0
0.0
0.0
0.0
0.0
0.0
0.0
0.0
0.0
0.0
0.0
0.0
0.0
0.0
0.0
0.0
0.0
0.0
0.0
0.0
0.0
0.0
0.0
0.0
0.0
0.0
0.0
0.0
0.0
0.0
0.0
0.0
0.0
0.0
0.0
0.0
0.0
0.0
0.0
0.0
0.0
0.0
0.0
0.0
0.0
0.0
0.0
0.0
0.0
0.0
0.0
0.0
0.0
0.0
0.0
0.0
0.0
0.0
0.0
0.0
0.0
0.0
0.0
0.0
0.0
0.0
0.0
0.0
0.0
0.0
0.0
0.0
0.0
0.0
0.0
0.0
0.0
0.0
0.0
0.0
0.0
0.0
0.0
0.0
0.0
0.0
0.0
0.0
0.0
0.0
0.0
0.0
0.0
0.0
0.0
0.0
0.0
0.0
0.0
0.0
0.0
0.0
0.0
0.0
0.0
0.0
0.0
0.0
0.0
0.0
0.0
0.0
0.0
0.0
0.0
0.0
0.0
0.0
0.0
0.0
0.0
0.0
0.0
0.0
0.0
0.0
0.0
0.0
0.0
0.0
0.0
0.0
0.0
0.0
0.0
0.0
0.0
0.0
0.0
0.0
0.0
0.0
0.0
0.0
0.0
0.0
0.0
0.0
0.0
0.0
0.0
0.0
0.0
0.0
0.0
0.0
0.0
0.0
0.0
0.0
0.0
test_mean_abs_costs
0.0
0.0
0.0
0.0
0.0
0.0
0.0
0.0
0.0
0.0
0.0
0.0
0.0
0.0
0.0
0.0
0.0
0.0
0.0
0.0
0.0
0.0
0.0
0.0
0.0
0.0
0.0
0.0
0.0
0.0
0.0
0.0
0.0
0.0
0.0
0.0
0.0
0.0
0.0
0.0
0.0
0.0
0.0
0.0
0.0
0.0
0.0
0.0
0.0
0.0
0.0
0.0
0.0
0.0
0.0
0.0
0.0
0.0
0.0
0.0
0.0
0.0
0.0
0.0
0.0
0.0
0.0
0.0
0.0
0.0
0.0
0.0
0.0
0.0
0.0
0.0
0.0
0.0
0.0
0.0
0.0
0.0
0.0
0.0
0.0
0.0
0.0
0.0
0.0
0.0
0.0
0.0
0.0
0.0
0.0
0.0
0.0
0.0
0.0
0.0
0.0
0.0
0.0
0.0
0.0
0.0
0.0
0.0
0.0
0.0
0.0
0.0
0.0
0.0
0.0
0.0
0.0
0.0
0.0
0.0
0.0
0.0
0.0
0.0
0.0
0.0
0.0
0.0
0.0
0.0
0.0
0.0
0.0
0.0
0.0
0.0
0.0
0.0
0.0
0.0
0.0
0.0
0.0
0.0
0.0
0.0
0.0
0.0
0.0
0.0
0.0
0.0
0.0
0.0
0.0
0.0
0.0
0.0
0.0
0.0
0.0
0.0
0.0
0.0
0.0
0.0
0.0
0.0
0.0
0.0
0.0
0.0
0.0
0.0
0.0
0.0
0.0
0.0
0.0
0.0
0.0
0.0
0.0
0.0
0.0
0.0
0.0
0.0
0.0
0.0
0.0
0.0
0.0
0.0
0.0
0.0
0.0
0.0
0.0
0.0
0.0
0.0
0.0
0.0
0.0
0.0
0.0
0.0
0.0
0.0
0.0
0.0
0.0
0.0
0.0
0.0
0.0
0.0
0.0
0.0
0.0
0.0
0.0
0.0
0.0
0.0
0.0
0.0
0.0
0.0
0.0
0.0
0.0
0.0
0.0
0.0
0.0
0.0
0.0
0.0
0.0
0.0
0.0
0.0
0.0
0.0
0.0
0.0
0.0
0.0
0.0
0.0
0.0
0.0
0.0
0.0
test_variance_costs
0.0
0.0
0.0
0.0
0.0
0.0
0.0
0.0
0.0
0.0
0.0
0.0
0.0
0.0
0.0
0.0
0.0
0.0
0.0
0.0
0.0
0.0
0.0
0.0
0.0
0.0
0.0
0.0
0.0
0.0
0.0
0.0
0.0
0.0
0.0
0.0
0.0
0.0
0.0
0.0
0.0
0.0
0.0
0.0
0.0
0.0
0.0
0.0
0.0
0.0
0.0
0.0
0.0
0.0
0.0
0.0
0.0
0.0
0.0
0.0
0.0
0.0
0.0
0.0
0.0
0.0
0.0
0.0
0.0
0.0
0.0
0.0
0.0
0.0
0.0
0.0
0.0
0.0
0.0
0.0
0.0
0.0
0.0
0.0
0.0
0.0
0.0
0.0
0.0
0.0
0.0
0.0
0.0
0.0
0.0
0.0
0.0
0.0
0.0
0.0
0.0
0.0
0.0
0.0
0.0
0.0
0.0
0.0
0.0
0.0
0.0
0.0
0.0
0.0
0.0
0.0
0.0
0.0
0.0
0.0
0.0
0.0
0.0
0.0
0.0
0.0
0.0
0.0
0.0
0.0
0.0
0.0
0.0
0.0
0.0
0.0
0.0
0.0
0.0
0.0
0.0
0.0
0.0
0.0
0.0
0.0
0.0
0.0
0.0
0.0
0.0
0.0
0.0
0.0
0.0
0.0
0.0
0.0
0.0
0.0
0.0
0.0
0.0
0.0
0.0
0.0
0.0
0.0
0.0
0.0
0.0
0.0
0.0
0.0
0.0
0.0
0.0
0.0
0.0
0.0
0.0
0.0
0.0
0.0
0.0
0.0
0.0
0.0
0.0
0.0
0.0
0.0
0.0
0.0
0.0
0.0
0.0
0.0
0.0
0.0
0.0
0.0
0.0
0.0
0.0
0.0
0.0
0.0
0.0
0.0
0.0
0.0
0.0
0.0
0.0
0.0
0.0
0.0
0.0
0.0
0.0
0.0
0.0
0.0
0.0
0.0
0.0
0.0
0.0
0.0
0.0
0.0
0.0
0.0
0.0
0.0
0.0
0.0
0.0
0.0
0.0
0.0
0.0
0.0
0.0
0.0
0.0
0.0
0.0
0.0
0.0
0.0
0.0
0.0
0.0
0.0
test_mean_wealth
-1.6392664
-1.5857666
-1.5615983
-1.6269623
-1.681008
-1.5587081
-1.6365277
-1.5837936
-1.6730689
-1.5759968
-1.6095613
-1.6121317
-1.6922889
-1.5115949
-1.5754044
-1.5937556
-1.5739554
-1.6378006
-1.6350415
-1.6087378
-1.6746076
-1.5548953
-1.6041362
-1.5322157
-1.582692
-1.6412723
-1.4872198
-1.5767878
-1.5253162
-1.5039074
-1.6585695
-1.6151879
-1.586473
-1.6469908
-1.5609136
-1.609519
-1.6740025
-1.6455429
-1.6107416
-1.6761984
-1.5966736
-1.6461742
-1.6771696
-1.5150203
-1.5828604
-1.593315
-1.6599557
-1.5846555
-1.6174558
-1.6173058
-1.6079632
-1.5776851
-1.5579231
-1.6287755
-1.670078
-1.692361
-1.5444947
-1.5751547
-1.5924058
-1.6522843
-1.6151557
-1.5848008
-1.6485044
-1.6528695
-1.5576394
-1.643958
-1.6291859
-1.6504755
-1.5764691
-1.5899851
-1.677291
-1.6497928
-1.6155086
-1.6423807
-1.6754602
-1.5661408
-1.6461288
-1.6139911
-1.5864892
-1.5685294
-1.6083102
-1.6226801
-1.6381303
-1.7160132
-1.5655441
-1.6501027
-1.5509197
-1.617618
-1.6076882
-1.678457
-1.6473264
-1.5743464
-1.6087439
-1.540672
-1.6058574
-1.6865089
-1.6909094
-1.6409975
-1.485984
-1.5566224
-1.6145881
-1.5645351
-1.651453
-1.6416638
-1.6843331
-1.5986661
-1.5699459
-1.7434595
-1.6139148
-1.5836827
-1.6197325
-1.6360006
-1.5285825
-1.6177938
-1.5287431
-1.655862
-1.7396835
-1.626162
-1.6557223
-1.566167
-1.6877362
-1.5791576
-1.7480854
-1.5734003
-1.6011848
-1.7480884
-1.6258436
-1.6699963
-1.5307162
-1.6365775
-1.5284296
-1.6049774
-1.5770948
-1.593634
-1.5853356
-1.5634018
-1.5924087
-1.5992676
-1.5864782
-1.6583855
-1.5770617
-1.7024583
-1.6396216
-1.6646591
-1.6602316
-1.6430299
-1.6334151
-1.6035981
-1.5466877
-1.4853123
-1.6339269
-1.6082405
-1.5121324
-1.5822315
-1.6229389
-1.5802691
-1.5810564
-1.6043222
-1.6669807
-1.5816387
-1.5690312
-1.6073294
-1.5801224
-1.6350868
-1.6527396
-1.4961863
-1.6397204
-1.6439972
-1.5565213
-1.6382722
-1.5625833
-1.5898583
-1.6157688
-1.4781173
-1.4875948
-1.5740664
-1.5687598
-1.6180253
-1.5833144
-1.6920972
-1.5745224
-1.5411955
-1.6167411
-1.6616733
-1.6245874
-1.5580056
-1.6339725
-1.6540475
-1.618482
-1.5621259
-1.6389033
-1.6488788
-1.624535
-1.7014225
-1.7234076
-1.7050545
-1.5748703
-1.6384208
-1.5479667
-1.6841795
-1.6071844
-1.6730505
-1.6011164
-1.6061258
-1.5820181
-1.5129206
-1.6233813
-1.57649
-1.5837442
-1.6197894
-1.5919366
-1.6578572
-1.5420297
-1.5761275
-1.6524305
-1.5662373
-1.5733657
-1.6887586
-1.5154978
-1.6152612
-1.5909219
-1.5996178
-1.6654286
-1.5274993
-1.4906148
-1.5810742
-1.6025885
-1.5816234
-1.5391306
-1.6817127
-1.6947795
-1.6529568
-1.6308306
-1.5954868
-1.6516798
-1.6347418
-1.545588
-1.6409
-1.6121004
-1.697491
-1.6706864
-1.5930787
-1.6417608
-1.5982134
-1.5560906
-1.6396731
-1.6021975
-1.5994002
-1.5966525
-1.6201532
-1.607754
-1.6554205
-1.7047585
-1.6111714
-1.5010914
-1.5134685
test_mean_abs_wealth
1.6392733
1.5857708
1.5615985
1.6269633
1.6810105
1.5587138
1.6365308
1.5837947
1.6730696
1.5760069
1.6095648
1.6121321
1.6922907
1.5116112
1.5754093
1.5937567
1.5739561
1.6378045
1.6350468
1.6087447
1.6746076
1.5548978
1.6041439
1.5322253
1.5826952
1.6412755
1.4872414
1.5767881
1.5253214
1.5039201
1.658577
1.615188
1.586473
1.6469915
1.5609186
1.6095216
1.6740102
1.6455514
1.610742
1.6761997
1.5966817
1.646176
1.6771696
1.515036
1.5828604
1.5933162
1.6599566
1.5846592
1.6174592
1.6173065
1.6079665
1.5776968
1.5579417
1.6287811
1.670078
1.692361
1.5445254
1.5751604
1.5924062
1.6522859
1.6151578
1.5848067
1.648506
1.6528705
1.5576512
1.6439601
1.6291888
1.6504755
1.5764729
1.5899895
1.6772958
1.6497942
1.6155121
1.6423851
1.6754605
1.5661436
1.6461399
1.6139948
1.5864964
1.5685328
1.6083106
1.6226801
1.638148
1.7160132
1.5655463
1.6501036
1.5509235
1.6176237
1.6077011
1.6784571
1.6473283
1.5743711
1.6087495
1.5406743
1.6058574
1.6865094
1.6909117
1.6409994
1.4859929
1.5566261
1.6145904
1.5645527
1.6514581
1.6416649
1.6843398
1.59868
1.5699466
1.7434595
1.6139172
1.5836887
1.6197419
1.6360012
1.5285958
1.6177998
1.5287514
1.6558725
1.7396904
1.626164
1.6557294
1.5661722
1.6877414
1.5791609
1.7480878
1.573401
1.6011848
1.7480884
1.6258436
1.6699963
1.530725
1.6365821
1.5284349
1.6049887
1.5770965
1.5936356
1.5853406
1.5634028
1.5924207
1.5992721
1.5864873
1.6583872
1.5770671
1.7024585
1.6396272
1.6646614
1.6602328
1.6430346
1.6334226
1.6036054
1.5466961
1.4853215
1.6339271
1.6082405
1.512173
1.5822513
1.6229389
1.5802729
1.5810579
1.6043276
1.666982
1.58164
1.5690398
1.6073302
1.5801309
1.6350913
1.6527448
1.4962213
1.6397231
1.6439983
1.556532
1.6382821
1.5625852
1.589872
1.6158116
1.4781525
1.4876131
1.5740676
1.5687623
1.6180264
1.583319
1.6920974
1.5745252
1.5412064
1.6167495
1.6616733
1.6245981
1.558007
1.6339735
1.6540517
1.6184838
1.5621306
1.6389049
1.6488822
1.6245358
1.7014225
1.7234081
1.7050571
1.5748731
1.638422
1.5479716
1.6842037
1.6071852
1.6730546
1.601124
1.6061279
1.5820334
1.5129234
1.6233909
1.5764946
1.5837606
1.6197906
1.5919385
1.657862
1.5420454
1.5761334
1.6524427
1.5662396
1.5733669
1.6887586
1.5155094
1.6152631
1.5909238
1.5996182
1.665432
1.527517
1.4906231
1.5810742
1.6025926
1.5816245
1.539146
1.6817127
1.6947795
1.6529591
1.6308337
1.5954874
1.6516808
1.634744
1.5455961
1.6409016
1.6121038
1.697491
1.670692
1.5930812
1.6417639
1.5982194
1.5560929
1.6396744
1.6022003
1.5994016
1.5966567
1.6201546
1.6077572
1.6554254
1.7047594
1.6111848
1.5011052
1.5134789
test_variance_wealth
0.06565114
0.06689507
0.06587168
0.06452626
0.06312969
0.0690503
0.06796748
0.06526975
0.065622486
0.069033735
0.06649801
0.06443638
0.06805938
0.07006618
0.06535147
0.06394221
0.06760139
0.068127714
0.070037596
0.06707593
0.0632154
0.06623218
0.07054085
0.06879988
0.0668954
0.0683998
0.07248218
0.06787063
0.06693877
0.07252707
0.07336822
0.0636493
0.06667859
0.065882586
0.06830885
0.06753127
0.06674115
0.066353895
0.064794734
0.066935115
0.070227414
0.06746791
0.06506289
0.07054801
0.0659166
0.06602108
0.064737245
0.06589423
0.06529961
0.06613998
0.06775677
0.07236953
0.07255312
0.068830594
0.061742026
0.0631578
0.07271304
0.06770785
0.06494994
0.06413016
0.06858458
0.06618765
0.062486097
0.064323075
0.071925305
0.065821156
0.06470847
0.06179944
0.07015781
0.0668663
0.06387114
0.06733288
0.06800961
0.064410895
0.06310956
0.06716556
0.068022214
0.0710817
0.07048556
0.069543414
0.06641831
0.06737367
0.07568958
0.064784326
0.067101315
0.065023
0.068846025
0.067309216
0.071507506
0.06536847
0.06406494
0.0746305
0.067728855
0.067961164
0.06457747
0.061178252
0.06304333
0.06512983
0.07061475
0.0678565
0.06782621
0.070153214
0.06607239
0.06632444
0.069874555
0.07151309
0.06559912
0.06037608
0.06502636
0.067350864
0.066742234
0.06495341
0.07343618
0.06558979
0.06945308
0.06715378
0.06891503
0.0671184
0.06623193
0.06765773
0.06859139
0.06724996
0.060998637
0.06710485
0.06642983
0.060154464
0.064948626
0.063984975
0.067960806
0.06669199
0.06649408
0.07260727
0.06828005
0.06829428
0.069045044
0.06679812
0.069502026
0.06957606
0.06953013
0.06641303
0.06838198
0.06330967
0.06594602
0.0650128
0.06455158
0.06578917
0.06749815
0.06645563
0.06732595
0.07076141
0.06606672
0.06538191
0.07231737
0.0693799
0.062971
0.06757008
0.06480605
0.07200035
0.06455923
0.06473196
0.06981572
0.0652729
0.06741735
0.06662915
0.067703925
0.07360091
0.06777001
0.06497379
0.06859738
0.067134984
0.06916823
0.071493864
0.0775222
0.07847014
0.07470637
0.06677463
0.066586256
0.065730676
0.06885437
0.065675996
0.06830138
0.07164676
0.06809701
0.06548988
0.07156675
0.067379504
0.06461084
0.06516614
0.06378658
0.06851151
0.064700656
0.064218365
0.063882396
0.061957408
0.06458513
0.06748282
0.06639364
0.06472575
0.066318996
0.066705115
0.06521275
0.0681211
0.07224836
0.063361585
0.06988636
0.06775126
0.07352745
0.069545105
0.06931249
0.06484105
0.06640838
0.06646488
0.06814746
0.0697964
0.06814224
0.07251426
0.0670197
0.064616024
0.06989456
0.070328385
0.06537234
0.06716407
0.07085544
0.077603444
0.0702961
0.06505259
0.06695095
0.066275984
0.06763406
0.06468485
0.06137483
0.063099995
0.06463561
0.064168155
0.06790925
0.06841501
0.06716954
0.06595458
0.063952565
0.06326692
0.067003004
0.067666784
0.064875156
0.06669817
0.06752999
0.06863219
0.07142308
0.06798038
0.06695873
0.06383704
0.068871945
0.063537404
0.06415943
0.07011579
0.072610766
0.0690894
test_wealth_with_price_abs_mean
0.20022579
0.2025196
0.20142218
0.19945624
0.19699802
0.20578468
0.20420463
0.2003799
0.20070979
0.20546547
0.2018724
0.1991936
0.20392264
0.20691398
0.20047244
0.19853804
0.20366786
0.2036734
0.20664576
0.20252176
0.19714113
0.2019357
0.20716868
0.20525649
0.20259292
0.20439234
0.21010682
0.2037769
0.20286402
0.21024139
0.21131608
0.19817469
0.2023152
0.20113595
0.20448929
0.20339167
0.20203376
0.20149662
0.19973527
0.20208341
0.2069958
0.20290065
0.199613
0.20736277
0.20162007
0.20129256
0.19935045
0.20120236
0.20019297
0.20153242
0.2037063
0.20971474
0.21005963
0.20445812
0.1952453
0.19720022
0.21022253
0.20347235
0.19959664
0.1982758
0.20481168
0.2015637
0.19607358
0.1987785
0.2090253
0.20139855
0.1992733
0.19529928
0.20677195
0.2023209
0.19817881
0.20252411
0.20415498
0.198904
0.19719864
0.20309365
0.20381813
0.20770888
0.20730059
0.20620786
0.20188577
0.2031564
0.21427165
0.1990202
0.20291492
0.19977868
0.20519707
0.2028961
0.20877284
0.2002242
0.1986465
0.21196194
0.20310879
0.20402087
0.19931868
0.1944047
0.19696504
0.1998444
0.20783463
0.20412593
0.20374349
0.2070834
0.20113057
0.20171921
0.20632525
0.20842259
0.20097576
0.19253643
0.19974586
0.20283948
0.2022024
0.1997243
0.21173005
0.20046303
0.20604716
0.20256306
0.20472524
0.20291786
0.20150423
0.2035754
0.20433931
0.2031186
0.1934666
0.20309469
0.20198575
0.1924412
0.19983004
0.19813465
0.20411992
0.20194656
0.20228978
0.21010752
0.20451285
0.2043213
0.20547375
0.20244887
0.20604983
0.20614801
0.20602609
0.2014314
0.20427114
0.19731107
0.20111269
0.19941556
0.19916648
0.20084873
0.20292597
0.20218414
0.20317395
0.20821244
0.20074515
0.20022522
0.20943275
0.20574209
0.1971591
0.20330614
0.19971004
0.20940049
0.19893757
0.19986072
0.20608722
0.20042817
0.20336391
0.20212674
0.20368038
0.21133041
0.20361862
0.19953412
0.20491606
0.20256451
0.2058244
0.20863691
0.21623777
0.21809
0.21300912
0.2025481
0.20221648
0.20087905
0.2050124
0.2001753
0.20450057
0.20917767
0.20383643
0.20009027
0.20864317
0.20322113
0.19898239
0.20001723
0.1979751
0.20464168
0.19938596
0.19879626
0.1982964
0.19542906
0.19915229
0.2029724
0.20207627
0.1995023
0.20189664
0.20204704
0.20009817
0.20367649
0.2097671
0.19777569
0.20664193
0.20401916
0.21099032
0.20618457
0.20540169
0.19977827
0.20220074
0.20178035
0.20423844
0.20673941
0.20364998
0.20989253
0.20257552
0.19952995
0.20674424
0.20750509
0.20054676
0.20290315
0.20800784
0.21726781
0.2073563
0.20001984
0.20256832
0.20195085
0.2037982
0.19916557
0.194333
0.19713768
0.19942558
0.19889273
0.20391867
0.20431384
0.20303638
0.20089602
0.19862045
0.19723894
0.20263219
0.20335743
0.19966076
0.20242888
0.20357296
0.20532678
0.20881145
0.20412889
0.2023783
0.19826871
0.20506409
0.19769308
0.19834109
0.20661
0.21050382
0.20594107
test_wealth_with_price_variance
0.06565114
0.06689507
0.06587168
0.06452626
0.06312969
0.0690503
0.06796748
0.06526975
0.065622486
0.069033735
0.06649801
0.06443638
0.06805938
0.07006618
0.06535147
0.06394221
0.06760139
0.068127714
0.070037596
0.06707593
0.0632154
0.06623218
0.07054085
0.06879988
0.0668954
0.0683998
0.07248218
0.06787063
0.06693877
0.07252707
0.07336822
0.0636493
0.06667859
0.065882586
0.06830885
0.06753127
0.06674115
0.066353895
0.064794734
0.066935115
0.070227414
0.06746791
0.06506289
0.07054801
0.0659166
0.06602108
0.064737245
0.06589423
0.06529961
0.06613998
0.06775677
0.07236953
0.07255312
0.068830594
0.061742026
0.0631578
0.07271304
0.06770785
0.06494994
0.06413016
0.06858458
0.06618765
0.062486097
0.064323075
0.071925305
0.065821156
0.06470847
0.06179944
0.07015781
0.0668663
0.06387114
0.067332886
0.06800961
0.064410895
0.06310956
0.06716556
0.068022214
0.0710817
0.07048556
0.069543414
0.06641831
0.06737367
0.07568958
0.064784326
0.067101315
0.065023
0.068846025
0.067309216
0.071507506
0.06536847
0.06406494
0.0746305
0.067728855
0.067961164
0.06457747
0.061178252
0.06304333
0.06512983
0.07061475
0.0678565
0.06782621
0.070153214
0.06607239
0.06632444
0.069874555
0.07151309
0.06559912
0.06037608
0.06502636
0.067350864
0.066742234
0.06495341
0.07343618
0.06558979
0.06945308
0.06715378
0.06891503
0.0671184
0.06623193
0.06765773
0.06859139
0.06724996
0.060998637
0.06710485
0.06642983
0.060154464
0.064948626
0.063984975
0.067960806
0.06669199
0.06649408
0.07260727
0.06828005
0.06829428
0.069045044
0.06679812
0.069502026
0.06957606
0.06953013
0.06641303
0.06838198
0.06330967
0.06594602
0.0650128
0.06455158
0.06578917
0.06749815
0.06645563
0.06732595
0.07076141
0.06606672
0.06538191
0.07231737
0.0693799
0.062971
0.06757008
0.06480605
0.07200035
0.06455923
0.06473196
0.06981572
0.0652729
0.06741735
0.06662915
0.067703925
0.07360091
0.06777001
0.06497379
0.06859738
0.067134984
0.06916823
0.071493864
0.0775222
0.07847014
0.07470637
0.06677463
0.066586256
0.065730676
0.06885437
0.065675996
0.06830138
0.07164676
0.06809701
0.06548988
0.07156675
0.067379504
0.06461084
0.06516614
0.06378658
0.06851151
0.064700656
0.064218365
0.063882396
0.061957408
0.06458513
0.06748282
0.06639364
0.06472575
0.066318996
0.066705115
0.06521275
0.0681211
0.07224836
0.063361585
0.06988636
0.06775126
0.07352745
0.069545105
0.06931249
0.06484105
0.06640838
0.06646488
0.06814746
0.0697964
0.06814224
0.07251426
0.0670197
0.064616024
0.06989456
0.070328385
0.06537234
0.06716407
0.07085544
0.077603444
0.0702961
0.06505259
0.06695095
0.066275984
0.06763406
0.06468485
0.06137483
0.063099995
0.06463561
0.064168155
0.06790925
0.06841501
0.06716954
0.06595458
0.063952565
0.06326692
0.067003004
0.067666784
0.064875156
0.06669817
0.06752999
0.06863219
0.07142308
0.06798038
0.06695873
0.06383704
0.068871945
0.063537404
0.06415943
0.07011579
0.072610766
0.0690894
price
1.6396841
1.5852025
1.5616561
1.6276262
1.6810077
1.5578917
1.6367799
1.583625
1.6729989
1.5767609
1.6093798
1.6110739
1.6922926
1.5125223
1.5752339
1.5939755
1.5736004
1.6378262
1.6354941
1.6086674
1.6739533
1.5548676
1.6045426
1.5326037
1.5824748
1.6418718
1.4878827
1.5775707
1.526068
1.5047915
1.6591897
1.6150327
1.5871116
1.6475093
1.5605247
1.6093547
1.6751555
1.6461753
1.6112905
1.6757085
1.5968138
1.6466241
1.6775506
1.5152819
1.5832292
1.5933279
1.6596205
1.5848565
1.6174473
1.618241
1.6070552
1.5774316
1.5585579
1.6289554
1.669533
1.6919636
1.5448127
1.5748404
1.5916067
1.652825
1.6150723
1.5847454
1.6481141
1.6536773
1.557596
1.6442301
1.6311448
1.6500294
1.5756633
1.5912548
1.6776888
1.6502852
1.6159106
1.6433662
1.6756887
1.5663822
1.64657
1.6150498
1.5860841
1.5692263
1.6086993
1.6222804
1.6383356
1.716029
1.565246
1.6516657
1.5515528
1.618226
1.6080921
1.678632
1.6474897
1.5742806
1.6091127
1.5407333
1.606168
1.685452
1.6916922
1.6412752
1.4859058
1.5566845
1.6147542
1.564875
1.6517767
1.6416594
1.6849276
1.5990807
1.5703837
1.7444133
1.6136725
1.5832773
1.6196828
1.6362377
1.5286232
1.6170698
1.5284759
1.6565661
1.7402114
1.6258315
1.6562423
1.5666227
1.6877186
1.5788584
1.7476102
1.573727
1.6021079
1.7484182
1.6252002
1.6695784
1.5316458
1.6372347
1.528984
1.6052204
1.5781366
1.5937937
1.5866361
1.5634013
1.593337
1.5987618
1.587634
1.6575631
1.5770078
1.7028738
1.6397668
1.66471
1.6606307
1.643018
1.6327454
1.6046342
1.5471737
1.4860586
1.6338042
1.6082047
1.5122207
1.5820583
1.6229013
1.5811093
1.581667
1.6049122
1.6669936
1.582066
1.5689183
1.6072843
1.5805324
1.6359591
1.6529465
1.4968965
1.6402844
1.6441401
1.5568504
1.6382068
1.5616115
1.5913494
1.6160086
1.4786862
1.487618
1.5734066
1.5683527
1.6183784
1.5824277
1.6928495
1.5755045
1.5409509
1.6172093
1.6608906
1.6246408
1.5580295
1.6339669
1.6537532
1.6189233
1.562544
1.6387557
1.6489263
1.625018
1.7017883
1.7236834
1.7050946
1.5746281
1.6381083
1.5479367
1.6841741
1.6071991
1.6730748
1.602031
1.607061
1.58267
1.5120841
1.6230843
1.5772643
1.5842103
1.6198615
1.5922203
1.6579226
1.542083
1.5757155
1.652227
1.5664626
1.5738202
1.689221
1.51584
1.6154195
1.5903889
1.5997267
1.6658888
1.5278652
1.4899122
1.5810126
1.6034473
1.5824298
1.5389285
1.6827295
1.6947931
1.6527547
1.6306447
1.5962856
1.6511596
1.6344708
1.5461698
1.6406776
1.6124289
1.6978757
1.6714841
1.593141
1.641702
1.5982877
1.5563124
1.6397228
1.6020719
1.6006067
1.59674
1.6205143
1.6078757
1.6550465
1.7053251
1.6130767
1.5009779
1.5132838
train_time
0.3579271999999989
0.4357253000000014
0.32151919999999734
0.36921809999999766
1.6298413999999966
0.35435520000000054
0.3132515000000069
0.32161980000000767
0.3293317999999914
0.30528700000000697
0.3211517000000015
1.0685742000000005
0.31056040000001417
0.31300349999997934
0.31191309999999817
0.3233099999999922
0.3220880000000079
0.36130119999998556
0.5094659999999749
0.31586469999999167
0.31118209999999635
0.33869629999998097
0.30200229999999806
0.31602399999999875
0.3193683000000078
0.38285610000002634
0.32105329999996
0.3136449000000425
0.32986660000000256
0.33868470000004436
0.31838339999995924
0.3263185000000135
0.34250810000003185
0.31919379999999364
0.3135444999999777
0.40161560000001373
0.326357900000005
0.5727957000000288
0.3319411999999602
0.3797566999999731
0.31114829999995663
0.3057083000000489
0.34371319999996786
0.30927520000000186
0.32462359999999535
0.31079959999999573
0.3035004999999842
0.3278832000000307
0.2967163999999798
0.6235707999999818
0.3349446999999941
0.31971099999998387
0.29407469999989644
0.316675200000077
0.3230710000000272
0.3225913999999648
0.3223679999999831
0.43105579999996735
0.31209769999998116
0.32948019999992084
0.32919089999995776
0.31033130000002984
0.3043842999999242
0.7165954000000738
0.32187120000003233
0.326513900000009
0.29975369999999657
0.2995991000000231
0.4271470999999565
0.3066767999999911
0.3220116999999618
0.32278949999999895
0.30845030000000406
0.31458199999997305
0.2948326000000634
0.32521409999992557
0.300239999999917
0.31901620000007824
0.3309799999999541
0.8012367999999697
0.3692324999999528
0.3164828999999827
0.31415739999999914
0.30744979999997213
0.31580910000002405
0.325321899999949
0.30696230000000924
0.31103780000000825
0.30569390000005114
0.29325249999999414
0.33701439999993
0.30177370000001247
0.2937004000000343
0.31772209999996903
0.32151859999999033
0.29325280000000475
0.2976303000000371
0.30262549999997646
0.8931780000000344
0.30874899999992067
0.31758949999994
0.3887771000000839
0.3237953000000289
0.3043096000000105
0.3071077999999261
0.3043179000000009
0.3108076000000892
0.31121280000002116
0.29078370000001996
0.4647828000001937
0.30684740000015154
0.3059527000000344
0.3025093999999626
0.31628569999998035
0.3236022999999477
0.32354880000002595
0.3197431000000961
0.311243400000194
0.3182956999999078
0.3225108999999975
1.0489165000001321
0.315968200000043
0.3054186000001664
0.2938984999998411
0.3299645000001874
0.33405979999997726
0.2982440000000679
0.3027027000000544
0.297833300000093
0.3179214999997839
0.31341969999994035
0.3012847999998485
0.30145859999993263
0.29872999999997774
0.513562200000024
0.31171729999982745
0.3120962000000418
0.31942640000011124
0.3262004999999135
0.3039576000001034
0.31540789999985464
0.3112845999999081
0.31098110000016277
0.3225457999999435
0.3180065999999897
0.3156079000000318
1.1731161000000156
0.3010128999999324
0.3152287000000342
0.31205309999995734
0.317259599999943
0.3145617999998649
0.32023819999994885
0.3149856
0.30755870000007235
0.3042013000001589
0.3050596000000496
0.3142531000000872
0.29344960000003084
0.31021599999985483
0.3044432000001507
0.31992850000006
0.32874839999999494
0.3142981000000873
0.2915481
0.3141889999999421
0.3532024999999521
0.3035674000000199
0.3070357999999942
0.29715489999989586
0.29215769999996155
0.35919239999998354
0.3169236999999612
0.29406570000014653
0.3241918999999598
0.2974758999998812
0.30998699999986457
1.4210503000001609
0.3145079999999325
0.3102033999998639
0.30074630000012803
0.3034683999999288
0.3106420000001435
0.30726670000012746
0.3134927000000971
0.28990700000008474
0.29372200000011617
0.3068754999999328
0.2890946999998505
0.31213590000015756
0.30762030000005325
0.3235058000000208
0.3016552999999931
0.3034256999999343
0.3225176000000829
0.31228009999995265
0.3093273000001773
0.2932227999999668
0.3010687999999391
0.2999758999999358
0.3084042000000409
0.3757335000000239
0.3099534999998923
0.3208173999998962
0.31466120000004594
0.2994937000000846
0.33263899999997193
0.281410600000072
0.31178590000013173
0.3004686000001584
0.28764890000002197
0.30063769999992473
0.31037069999979394
0.3038004000000001
1.5650805999998738
0.296663800000033
0.3206840000000284
0.3217834000001858
0.40069220000032146
0.29885339999964344
0.3145328000000518
0.3223394999999982
0.32212099999969723
0.3047550000001138
0.320940900000096
0.31588779999992767
0.3250690000004397
0.3240483999998105
0.29430420000016966
0.31128149999995003
0.3087703999999576
0.30630029999974795
0.31309220000002824
0.31866130000025805
0.40305860000034954
0.3198314000001119
0.3247180000003027
0.30062539999971705
0.29101519999994707
0.2866687999999158
0.3017437999997128
0.31837180000002263
0.30669959999977436
0.3009126000001743
0.29204340000023876
0.2942846000000827
0.30178010000008726
0.3017872999998872
0.3241892999999436
0.30880160000015167
0.30857160000005024
0.2960830000001806
0.30914539999957924
0.30645289999984016
0.29481940000005125
0.3018134000003556


