================================================================================
=== continuous-time
train_risk
2.186972
2.0971358
2.0323741
2.1077943
2.1020627
2.004903
2.121487
2.091756
2.1390429
2.0317643
2.0578916
2.1049027
2.1167362
2.0235078
2.0573106
2.0510716
2.1108484
2.0753314
2.0942369
2.0753129
2.0669577
2.0205822
2.0859458
2.0100355
2.0466404
2.111668
1.9868891
2.1014197
2.0813553
2.0149744
2.0966146
2.109861
2.048893
2.0792775
2.0367935
2.0684562
2.174889
2.1066167
2.046734
2.1017752
2.0926087
2.0738986
2.1126153
2.019213
2.04358
2.0572546
2.0923395
2.081359
2.0881798
2.0754147
2.0418413
2.0903773
2.013986
2.0831296
2.123315
2.1550117
2.020313
2.0357757
2.051672
2.0802598
2.0590777
2.0940516
2.0771966
2.1093183
2.0167537
2.0792482
2.0907407
2.1265678
2.0509806
2.0718439
2.1511369
2.0881693
2.088299
2.0819538
2.1675704
2.091703
2.1038382
2.1215558
2.104091
2.0650496
2.0272903
2.0519564
2.1046913
2.0937746
2.0382612
2.060491
2.0667326
2.087849
2.0808456
2.0978298
2.0889
2.0350535
2.0745854
2.0568645
2.08324
2.1173682
2.1590483
2.110973
1.9600483
2.0195754
2.0756395
2.036807
2.089519
2.0471385
2.0869343
2.0072749
2.0765517
2.171916
2.1295624
2.0452583
2.0578065
2.0851746
1.9816084
2.0870736
2.030349
2.11868
2.1631439
2.0645397
2.1183374
2.0096576
2.1319327
2.0342188
2.210076
2.0457828
2.0746434
2.2360635
2.0950692
2.1032133
2.0143683
2.1552696
2.047943
2.0598235
2.054106
2.0487406
2.0680046
2.055839
2.0639887
2.0918894
2.0223885
2.1249542
2.0813303
2.135123
2.1462991
2.158589
2.1180868
2.0873883
2.0775318
2.0169978
1.9991839
1.9988072
2.114613
2.0564542
2.0027966
2.0506728
2.0472963
2.0813215
2.0101988
2.0651016
2.1228974
2.0804656
1.9973751
2.0361862
2.0464113
2.1044476
2.1177282
1.9780648
2.1535711
2.1402752
2.0075388
2.1139417
2.0052526
2.0017884
2.1212754
1.996231
1.9288149
2.0404074
2.0194597
2.131141
2.0264714
2.1430836
2.0505404
1.9724083
2.0435333
2.1627238
2.093825
2.0733166
2.1120038
2.1310728
2.0925553
2.0590937
2.1259854
2.105102
2.066894
2.1213214
2.146178
2.1275353
2.0423057
2.0941734
2.0101197
2.1487358
2.0649374
2.1780295
2.040137
2.0727665
2.097709
2.0066707
2.0660872
2.048216
2.0258064
2.1041968
2.077335
2.1098797
1.9636228
2.0691648
2.065837
2.0152867
2.076073
2.0976162
1.9872396
2.1312056
2.0830903
2.0916374
2.1231155
2.0309951
1.9607834
2.0252056
2.07955
2.0484614
2.0455918
2.1342196
2.1555243
2.074142
2.1197975
2.0188134
2.0583136
2.1218975
2.042501
2.118433
2.0340612
2.1606722
2.1576273
2.0772836
2.0969331
2.0386631
2.062416
2.0627687
2.0696454
2.113009
2.083787
2.1010642
2.090584
2.1050403
2.1523216
2.1419492
2.0017152
2.0176458
test_risk
2.1669378
2.0679362
2.052414
2.1026587
2.1184864
2.0348701
2.133885
2.094361
2.1398926
2.0478723
2.0651963
2.06867
2.107822
2.0228853
2.045327
2.0545046
2.0685918
2.0886006
2.088565
2.072315
2.0855448
2.0246253
2.1059942
2.0024452
2.0309844
2.113963
1.9983203
2.0478652
2.038493
1.990792
2.101535
2.0909324
2.054079
2.0959463
2.062514
2.0793047
2.1620274
2.1224189
2.074889
2.1096518
2.0962133
2.0697455
2.109977
2.0241427
2.0676486
2.0756533
2.1273894
2.104821
2.1129212
2.0943096
2.03674
2.0539944
2.0293562
2.0748553
2.1034467
2.1528618
2.0379498
2.0425305
2.0379386
2.0764012
2.089735
2.0756035
2.0887873
2.0913773
2.0209534
2.077387
2.0972433
2.1110947
2.057526
2.0689604
2.136671
2.0879583
2.0822783
2.1035979
2.1533554
2.0596178
2.1069968
2.1222763
2.0880613
2.0713224
2.048081
2.046535
2.098294
2.1175342
2.027087
2.0651703
2.0557044
2.1159341
2.093214
2.0989294
2.0878668
2.034788
2.0805173
2.0608187
2.09183
2.1064186
2.1188416
2.0798924
1.9802748
2.0211885
2.079085
2.0798502
2.0824049
2.0628512
2.0968976
2.0625377
2.0802243
2.1626587
2.0964754
2.0455976
2.0510566
2.0989134
2.0151331
2.1025095
1.9956083
2.0982027
2.1582751
2.0656369
2.110506
2.0349255
2.1413164
2.0640874
2.1810083
2.046074
2.0409918
2.2315128
2.098739
2.1131904
2.0220153
2.1283398
2.0450642
2.0616298
2.0505657
2.093262
2.072089
2.0669792
2.061989
2.0872908
2.0328894
2.1483688
2.1077352
2.1497269
2.1200004
2.1521916
2.1027453
2.0717714
2.0646682
2.0521016
2.0200324
2.0111473
2.115638
2.0508795
2.0238063
2.0634127
2.09867
2.0775044
2.019104
2.0703278
2.1420596
2.075519
2.012762
2.0792294
2.0696235
2.090146
2.120051
1.9704492
2.102552
2.128613
2.0270777
2.1159806
2.0318048
2.0394056
2.108002
1.9938935
1.9556782
2.052912
2.014223
2.122755
2.066924
2.1474092
2.060575
2.007703
2.0527656
2.1389961
2.1065245
2.066155
2.0783834
2.125067
2.0865014
2.061551
2.1272056
2.10499
2.0547805
2.1242237
2.144432
2.142034
2.041348
2.1086073
2.0352542
2.176452
2.0627515
2.1417747
2.0739074
2.076606
2.092439
2.0160468
2.0850422
2.0442572
2.0274167
2.099468
2.0739515
2.1357894
1.9873252
2.0611188
2.0775833
2.0242465
2.078764
2.1188393
1.9681824
2.120545
2.0513148
2.0912242
2.1401954
2.0250397
1.9634863
2.0496008
2.086315
2.0536132
2.0493777
2.1476417
2.1516805
2.1057394
2.1285126
2.055438
2.076653
2.1221533
2.0398552
2.1118164
2.0450082
2.170509
2.1424713
2.0432992
2.102914
2.0773852
2.0453727
2.0857956
2.085729
2.0986376
2.0593348
2.0927253
2.1097806
2.1252081
2.1354346
2.096967
1.9975746
2.0281525
test_mean_value
0.0013093615
-0.00046036823
-0.00086917856
-2.2075026e-05
0.0007114539
-0.0019239112
0.00070078723
-0.003037528
0.0010676793
0.0005788281
0.0010840432
-0.00054136856
-0.00079498795
0.00089161436
-0.00038403593
0.0015379783
0.00032204675
0.00012336893
0.0013971512
-0.00089099724
-0.00078807847
-0.0010753752
-0.0013149187
-0.0010374549
-0.00089670625
-0.0007927041
-0.0007985014
0.0006927221
-0.0001931195
7.8056175e-05
0.0003096455
-0.0003902682
-0.00019885317
-0.00017914148
-0.0007929402
-0.0008146157
-0.0011441754
-0.0003696789
0.0013039211
0.0008195306
-0.001141326
0.00075405993
-0.0011851224
-1.0644207e-05
-0.00068479945
-0.00080453337
0.00088218926
-0.0005816008
-0.0010987435
0.0005823778
-0.00059807085
-0.00021400687
-0.0009309928
0.00094650214
0.0016815097
-0.001632427
0.001297582
-0.0015380951
-0.0014918745
0.00056715135
0.0006532257
-0.0010938827
-0.00032462203
0.00015308619
-0.00079072826
0.0007828555
-0.0007076042
0.00056292803
-0.00047395044
-0.0013053222
-0.00067639764
0.0004672364
0.00058808754
0.00023268569
-0.00086897705
-0.00176313
-0.0018366332
-0.0006580552
-0.00050701643
-0.00080858544
0.0020688642
-0.0013310299
-0.0016911268
-0.00027171278
0.0024983587
-0.00080637744
-0.00012007947
-0.0010339515
-1.2748816e-05
-0.00018292078
0.0009227728
0.0012430137
0.0009685029
0.0013982255
0.00043241365
-0.0009973773
-0.0005440745
0.00095024967
-0.0007216219
-0.0010502745
-0.001759635
-0.0007368329
-0.0020596432
0.00058957946
-0.00015354998
-8.8541354e-05
-8.020965e-07
-1.869177e-05
0.0005814042
-0.0004193812
-0.00060768664
-0.0004701123
0.001195281
-0.002285768
0.00028648486
-0.001935555
0.001084302
0.0002298507
0.00018979023
0.0016096252
0.00012993948
0.00031589565
0.0010465631
0.00030664908
0.00013963424
-0.0007234753
0.0003094703
0.00023257032
0.00070809596
-0.0010779083
0.0010005693
0.00022710398
0.0016856961
0.0017502798
-0.0006561403
-0.00016049689
-0.0005262446
0.00057651126
-0.00023532077
-0.0003691128
-0.0010672369
-0.00054887775
0.0005992337
0.0003562743
0.00040504598
0.00020445323
0.0015899097
7.1346796e-05
-0.00055348035
-0.0019121611
-0.00095657405
0.00097085396
-9.790785e-05
0.0014662207
0.0005124061
-0.0004726931
-0.00028155048
-0.00024075981
-0.0012167593
-0.0002679878
0.00038047775
-0.00113199
-0.0006860375
-0.00018664144
0.0013306323
0.0005043682
-0.0013741028
0.0011718457
-9.0719506e-05
-0.00045405678
-0.0012001537
-0.001513882
-0.00064912025
-0.0002156925
0.00043486588
0.00093484
0.0015165033
-0.00025475724
-0.00068716815
0.0013418387
-0.00033530316
0.0004750378
-0.0009236292
0.00019282544
0.00027630813
-7.4652326e-06
-0.0043760254
-0.00049248687
-0.0015820921
-0.0012659311
-0.0005463445
0.00021821373
0.00046493602
0.0017213528
1.7716502e-05
0.000576218
0.0013896424
-0.00072555285
0.0007613101
-0.0017083853
-0.00042793932
-0.0011758178
0.0022990056
-0.00050144584
0.0005087737
0.00027240388
0.00039025873
0.00033513037
0.00021543282
-0.00016457983
0.00028518392
-2.0802868e-06
-0.0017912962
-0.00037900123
-3.813314e-05
0.0006645153
-0.00079294504
-0.0005431651
-0.0014131727
-0.00055012776
0.0004825205
0.0004460212
-0.0020527362
-7.024675e-05
-0.00024251762
0.00065921014
-0.00042253998
-0.0007698973
-0.00082526763
-0.00069211837
0.0012008256
-0.00034074037
-0.0007893999
-0.00025726113
0.0012061181
-1.04029905e-05
-0.0005180002
-0.0012660235
0.0011160288
-0.00140226
0.00016187152
-0.0007600721
-0.00011934922
0.0019383233
-5.3926866e-05
0.00070613035
-0.000227872
0.00089086685
0.00018513009
0.0011015927
-0.0009305342
2.206556e-05
-0.00072049146
0.002005344
-0.00047904492
-0.00064810447
test_mean_abs_value
0.41489348
0.4046366
0.40429208
0.42369518
0.41642377
0.38883996
0.42380306
0.40117484
0.41002524
0.40251628
0.38486996
0.38737825
0.3944772
0.39954278
0.39550197
0.39129984
0.40297845
0.41503236
0.40408525
0.39891464
0.4057725
0.38908926
0.43151656
0.38572535
0.38652354
0.39440033
0.40457615
0.39331666
0.4075712
0.3796834
0.39591897
0.4177281
0.3993011
0.38857454
0.39792284
0.39703482
0.4121127
0.3909036
0.40455258
0.41723606
0.38873142
0.3941698
0.40206078
0.38863415
0.39428347
0.4134216
0.40438905
0.40895626
0.4273364
0.3941379
0.3955786
0.39684546
0.39714834
0.38896886
0.38863626
0.41184705
0.3862665
0.40614393
0.39552912
0.40043598
0.39135328
0.39445728
0.39325187
0.40226543
0.38841048
0.39724445
0.41682422
0.4007981
0.4081972
0.3981415
0.410629
0.38971022
0.40086305
0.4052498
0.4202404
0.4103025
0.40707755
0.41558316
0.41089538
0.4048562
0.39648136
0.40193653
0.40672657
0.3938158
0.38666117
0.40327203
0.40926325
0.41328406
0.40262032
0.4057195
0.39426273
0.38086256
0.40576258
0.4121769
0.39681077
0.40715158
0.40346885
0.38526332
0.38089392
0.3910464
0.41135356
0.41232377
0.4128935
0.4038322
0.401521
0.41009223
0.3971899
0.42481446
0.39673325
0.38596863
0.39224756
0.41324368
0.40131822
0.42298356
0.39466065
0.41971913
0.40533248
0.41227803
0.4196624
0.4125712
0.40891066
0.39907396
0.43507844
0.39214596
0.39352703
0.431264
0.40135968
0.39740735
0.39705205
0.40602982
0.39780495
0.3809931
0.39258206
0.41433415
0.4079729
0.4033876
0.41033068
0.4030238
0.38425344
0.42333394
0.39819548
0.40680978
0.40177447
0.4311585
0.4055276
0.39307514
0.3943103
0.3946172
0.3848793
0.39736074
0.41173166
0.39869195
0.3890794
0.40127218
0.39655325
0.39560804
0.39091113
0.39997658
0.4228336
0.4000974
0.39859542
0.39264625
0.40711063
0.40862685
0.41736394
0.39740962
0.41897285
0.40586576
0.39004576
0.41630873
0.3840408
0.4006535
0.40277535
0.38300866
0.39369547
0.40754807
0.39089704
0.41197208
0.41215593
0.41229385
0.3985603
0.39316455
0.38435498
0.419633
0.4161121
0.40639028
0.41554523
0.41861835
0.40642935
0.39216202
0.39915666
0.3989464
0.40385875
0.41633353
0.40532064
0.41956094
0.39987385
0.40933025
0.4000002
0.4284901
0.39371303
0.41171676
0.4036886
0.40616444
0.4158907
0.40857917
0.40744928
0.3806222
0.38789955
0.3953255
0.3892042
0.40088192
0.3807046
0.41085187
0.39507404
0.39293453
0.41229293
0.406287
0.38560596
0.41338906
0.4119305
0.41371065
0.40483525
0.40589932
0.37952843
0.3911526
0.39233753
0.39267662
0.40221477
0.43122774
0.43105498
0.39262423
0.3955799
0.38677907
0.39301017
0.42756623
0.4086324
0.41317922
0.40498614
0.4186738
0.42389393
0.3935462
0.40726897
0.40348727
0.39536348
0.4013498
0.39759398
0.41961446
0.387302
0.41332126
0.40175065
0.41608983
0.41347867
0.39606103
0.39662808
0.42082444
test_variance_value
0.26766157
0.25566626
0.25524592
0.28013578
0.27060777
0.23631458
0.2790833
0.25158373
0.2616459
0.2529725
0.23080263
0.23454617
0.24267153
0.24806206
0.2444369
0.23892058
0.2532344
0.26797262
0.2546381
0.24867246
0.2569881
0.23658013
0.28867412
0.23260665
0.23287842
0.24294454
0.25451002
0.24185085
0.25900733
0.22576441
0.24394919
0.27150598
0.24895455
0.23545375
0.24757555
0.24628495
0.2642832
0.23847963
0.25467378
0.27046442
0.23634395
0.24302173
0.25173968
0.23610987
0.24288654
0.26624876
0.25486895
0.26015958
0.2827537
0.24253042
0.24455346
0.2463495
0.24633706
0.23553322
0.23566936
0.26348382
0.23322403
0.2572439
0.24406356
0.24988164
0.23842447
0.2427068
0.24202009
0.25180689
0.23554623
0.2460748
0.27060488
0.25070363
0.2592384
0.24738638
0.26273882
0.23739815
0.2507837
0.25608885
0.27420205
0.2626681
0.25857213
0.26802814
0.26293314
0.25549787
0.24557453
0.25210744
0.25813374
0.24206491
0.233754
0.25361523
0.26141903
0.26658908
0.25214818
0.25648782
0.24250785
0.22659343
0.2568442
0.2644903
0.24573146
0.25777876
0.2534398
0.23168206
0.2268994
0.23874122
0.26369494
0.2642651
0.26509473
0.2538103
0.25161856
0.26265246
0.24627158
0.2821019
0.2447153
0.23227592
0.24093556
0.26608643
0.2509726
0.27838212
0.24346356
0.27463022
0.2561478
0.26430377
0.27461812
0.26447695
0.2601588
0.24793348
0.2938681
0.23982319
0.24165672
0.2881988
0.25119686
0.24666357
0.24613345
0.25638235
0.24667469
0.2270516
0.24082966
0.26733348
0.25944144
0.25363076
0.26183555
0.2532589
0.23101716
0.27889663
0.24710362
0.25857788
0.25202543
0.2886429
0.25586697
0.24139032
0.24278189
0.24331206
0.23114792
0.24649838
0.26317972
0.2487335
0.23636523
0.25062594
0.24537376
0.24425696
0.23828897
0.2491034
0.27719307
0.24979234
0.24809779
0.24033822
0.25762177
0.26139343
0.27078837
0.2463959
0.2722175
0.25672328
0.23702897
0.26953563
0.23070547
0.25099748
0.25311425
0.22873142
0.24124217
0.2590256
0.23897558
0.26363826
0.2647685
0.2643843
0.24769327
0.24135281
0.23082803
0.2743587
0.2695207
0.25702915
0.26792145
0.27397534
0.25726518
0.24013962
0.24762495
0.2477955
0.2540533
0.26925474
0.25636277
0.2740754
0.24996302
0.2616681
0.24950533
0.28488094
0.24196537
0.26394492
0.25337127
0.25657603
0.2692785
0.26025844
0.25872207
0.22604878
0.23483282
0.24433123
0.236652
0.25028932
0.22686167
0.2626214
0.24295563
0.24144676
0.26430696
0.25634623
0.23186737
0.26666817
0.26564467
0.266509
0.2552705
0.2563716
0.22520371
0.23892544
0.24069092
0.240921
0.2519401
0.28843632
0.28852108
0.24086134
0.2443328
0.23392256
0.2413702
0.28448498
0.2595082
0.2659016
0.2553076
0.2730244
0.27844748
0.24159391
0.25771308
0.25444233
0.24357362
0.2510543
0.24655794
0.2726716
0.23497036
0.26701707
0.25158322
0.26942447
0.2657292
0.24501014
0.24549903
0.275591
test_mean_costs
0.0
0.0
0.0
0.0
0.0
0.0
0.0
0.0
0.0
0.0
0.0
0.0
0.0
0.0
0.0
0.0
0.0
0.0
0.0
0.0
0.0
0.0
0.0
0.0
0.0
0.0
0.0
0.0
0.0
0.0
0.0
0.0
0.0
0.0
0.0
0.0
0.0
0.0
0.0
0.0
0.0
0.0
0.0
0.0
0.0
0.0
0.0
0.0
0.0
0.0
0.0
0.0
0.0
0.0
0.0
0.0
0.0
0.0
0.0
0.0
0.0
0.0
0.0
0.0
0.0
0.0
0.0
0.0
0.0
0.0
0.0
0.0
0.0
0.0
0.0
0.0
0.0
0.0
0.0
0.0
0.0
0.0
0.0
0.0
0.0
0.0
0.0
0.0
0.0
0.0
0.0
0.0
0.0
0.0
0.0
0.0
0.0
0.0
0.0
0.0
0.0
0.0
0.0
0.0
0.0
0.0
0.0
0.0
0.0
0.0
0.0
0.0
0.0
0.0
0.0
0.0
0.0
0.0
0.0
0.0
0.0
0.0
0.0
0.0
0.0
0.0
0.0
0.0
0.0
0.0
0.0
0.0
0.0
0.0
0.0
0.0
0.0
0.0
0.0
0.0
0.0
0.0
0.0
0.0
0.0
0.0
0.0
0.0
0.0
0.0
0.0
0.0
0.0
0.0
0.0
0.0
0.0
0.0
0.0
0.0
0.0
0.0
0.0
0.0
0.0
0.0
0.0
0.0
0.0
0.0
0.0
0.0
0.0
0.0
0.0
0.0
0.0
0.0
0.0
0.0
0.0
0.0
0.0
0.0
0.0
0.0
0.0
0.0
0.0
0.0
0.0
0.0
0.0
0.0
0.0
0.0
0.0
0.0
0.0
0.0
0.0
0.0
0.0
0.0
0.0
0.0
0.0
0.0
0.0
0.0
0.0
0.0
0.0
0.0
0.0
0.0
0.0
0.0
0.0
0.0
0.0
0.0
0.0
0.0
0.0
0.0
0.0
0.0
0.0
0.0
0.0
0.0
0.0
0.0
0.0
0.0
0.0
0.0
0.0
0.0
0.0
0.0
0.0
0.0
0.0
0.0
0.0
0.0
0.0
0.0
0.0
0.0
0.0
0.0
0.0
0.0
test_mean_abs_costs
0.0
0.0
0.0
0.0
0.0
0.0
0.0
0.0
0.0
0.0
0.0
0.0
0.0
0.0
0.0
0.0
0.0
0.0
0.0
0.0
0.0
0.0
0.0
0.0
0.0
0.0
0.0
0.0
0.0
0.0
0.0
0.0
0.0
0.0
0.0
0.0
0.0
0.0
0.0
0.0
0.0
0.0
0.0
0.0
0.0
0.0
0.0
0.0
0.0
0.0
0.0
0.0
0.0
0.0
0.0
0.0
0.0
0.0
0.0
0.0
0.0
0.0
0.0
0.0
0.0
0.0
0.0
0.0
0.0
0.0
0.0
0.0
0.0
0.0
0.0
0.0
0.0
0.0
0.0
0.0
0.0
0.0
0.0
0.0
0.0
0.0
0.0
0.0
0.0
0.0
0.0
0.0
0.0
0.0
0.0
0.0
0.0
0.0
0.0
0.0
0.0
0.0
0.0
0.0
0.0
0.0
0.0
0.0
0.0
0.0
0.0
0.0
0.0
0.0
0.0
0.0
0.0
0.0
0.0
0.0
0.0
0.0
0.0
0.0
0.0
0.0
0.0
0.0
0.0
0.0
0.0
0.0
0.0
0.0
0.0
0.0
0.0
0.0
0.0
0.0
0.0
0.0
0.0
0.0
0.0
0.0
0.0
0.0
0.0
0.0
0.0
0.0
0.0
0.0
0.0
0.0
0.0
0.0
0.0
0.0
0.0
0.0
0.0
0.0
0.0
0.0
0.0
0.0
0.0
0.0
0.0
0.0
0.0
0.0
0.0
0.0
0.0
0.0
0.0
0.0
0.0
0.0
0.0
0.0
0.0
0.0
0.0
0.0
0.0
0.0
0.0
0.0
0.0
0.0
0.0
0.0
0.0
0.0
0.0
0.0
0.0
0.0
0.0
0.0
0.0
0.0
0.0
0.0
0.0
0.0
0.0
0.0
0.0
0.0
0.0
0.0
0.0
0.0
0.0
0.0
0.0
0.0
0.0
0.0
0.0
0.0
0.0
0.0
0.0
0.0
0.0
0.0
0.0
0.0
0.0
0.0
0.0
0.0
0.0
0.0
0.0
0.0
0.0
0.0
0.0
0.0
0.0
0.0
0.0
0.0
0.0
0.0
0.0
0.0
0.0
0.0
test_variance_costs
0.0
0.0
0.0
0.0
0.0
0.0
0.0
0.0
0.0
0.0
0.0
0.0
0.0
0.0
0.0
0.0
0.0
0.0
0.0
0.0
0.0
0.0
0.0
0.0
0.0
0.0
0.0
0.0
0.0
0.0
0.0
0.0
0.0
0.0
0.0
0.0
0.0
0.0
0.0
0.0
0.0
0.0
0.0
0.0
0.0
0.0
0.0
0.0
0.0
0.0
0.0
0.0
0.0
0.0
0.0
0.0
0.0
0.0
0.0
0.0
0.0
0.0
0.0
0.0
0.0
0.0
0.0
0.0
0.0
0.0
0.0
0.0
0.0
0.0
0.0
0.0
0.0
0.0
0.0
0.0
0.0
0.0
0.0
0.0
0.0
0.0
0.0
0.0
0.0
0.0
0.0
0.0
0.0
0.0
0.0
0.0
0.0
0.0
0.0
0.0
0.0
0.0
0.0
0.0
0.0
0.0
0.0
0.0
0.0
0.0
0.0
0.0
0.0
0.0
0.0
0.0
0.0
0.0
0.0
0.0
0.0
0.0
0.0
0.0
0.0
0.0
0.0
0.0
0.0
0.0
0.0
0.0
0.0
0.0
0.0
0.0
0.0
0.0
0.0
0.0
0.0
0.0
0.0
0.0
0.0
0.0
0.0
0.0
0.0
0.0
0.0
0.0
0.0
0.0
0.0
0.0
0.0
0.0
0.0
0.0
0.0
0.0
0.0
0.0
0.0
0.0
0.0
0.0
0.0
0.0
0.0
0.0
0.0
0.0
0.0
0.0
0.0
0.0
0.0
0.0
0.0
0.0
0.0
0.0
0.0
0.0
0.0
0.0
0.0
0.0
0.0
0.0
0.0
0.0
0.0
0.0
0.0
0.0
0.0
0.0
0.0
0.0
0.0
0.0
0.0
0.0
0.0
0.0
0.0
0.0
0.0
0.0
0.0
0.0
0.0
0.0
0.0
0.0
0.0
0.0
0.0
0.0
0.0
0.0
0.0
0.0
0.0
0.0
0.0
0.0
0.0
0.0
0.0
0.0
0.0
0.0
0.0
0.0
0.0
0.0
0.0
0.0
0.0
0.0
0.0
0.0
0.0
0.0
0.0
0.0
0.0
0.0
0.0
0.0
0.0
0.0
test_mean_wealth
-1.7065663
-1.5911982
-1.5781133
-1.624102
-1.6455553
-1.5656812
-1.6593702
-1.6286856
-1.6806048
-1.5679458
-1.6052161
-1.6052746
-1.6536105
-1.5404675
-1.5714395
-1.587286
-1.5976765
-1.6090778
-1.6223943
-1.5983456
-1.6177136
-1.5553821
-1.6190865
-1.5306381
-1.5645233
-1.6583772
-1.5129353
-1.5796274
-1.5543482
-1.5205876
-1.6446686
-1.617402
-1.5836542
-1.6447626
-1.5932524
-1.61476
-1.7027153
-1.6710079
-1.6047978
-1.6352401
-1.6384307
-1.6039346
-1.6490314
-1.5542876
-1.6058592
-1.593388
-1.667095
-1.6370584
-1.6322491
-1.633997
-1.5614866
-1.5855695
-1.5519474
-1.6167568
-1.6495844
-1.6925803
-1.572628
-1.5646899
-1.5655633
-1.6129837
-1.6349043
-1.6140869
-1.6301073
-1.6258925
-1.5512202
-1.6125133
-1.6218942
-1.6534175
-1.5693434
-1.6019439
-1.6700146
-1.6302689
-1.6145164
-1.6370336
-1.6866493
-1.5811522
-1.6415545
-1.6506003
-1.617327
-1.6014068
-1.575291
-1.5709126
-1.6283342
-1.659159
-1.5595677
-1.5930055
-1.5768778
-1.6443552
-1.6248728
-1.6288638
-1.6310575
-1.5740108
-1.6128911
-1.5796777
-1.6290692
-1.6436849
-1.6575365
-1.6224431
-1.5062183
-1.5493183
-1.6051784
-1.6042548
-1.602815
-1.5901463
-1.6325039
-1.5796028
-1.6150569
-1.6983742
-1.6381114
-1.5810665
-1.5854884
-1.6236324
-1.5338063
-1.6213214
-1.5149546
-1.6226276
-1.7051766
-1.589367
-1.6351231
-1.5419005
-1.6828701
-1.5949446
-1.7075495
-1.5821073
-1.5704095
-1.7754043
-1.6343515
-1.6552309
-1.5422796
-1.6632934
-1.5700586
-1.601461
-1.5837929
-1.6140478
-1.5978068
-1.5972408
-1.5836724
-1.619386
-1.5683693
-1.677012
-1.6464906
-1.691252
-1.6596729
-1.6785965
-1.6393627
-1.6054242
-1.5964222
-1.580809
-1.5528704
-1.5314883
-1.6459751
-1.5790929
-1.5540165
-1.5923339
-1.6395334
-1.6120889
-1.5444484
-1.6065303
-1.6687912
-1.6072443
-1.5312234
-1.6188332
-1.5923187
-1.6177832
-1.648109
-1.4834782
-1.6281908
-1.6662374
-1.5576055
-1.6484604
-1.5675819
-1.5580115
-1.6444895
-1.5217135
-1.463346
-1.573046
-1.5409695
-1.658134
-1.5870501
-1.6848074
-1.5894275
-1.5297105
-1.5876006
-1.6694673
-1.6313235
-1.5942359
-1.5968086
-1.6551638
-1.6198856
-1.5993155
-1.6697932
-1.6451224
-1.5816611
-1.6570898
-1.6878437
-1.6747181
-1.5666891
-1.6401138
-1.5560305
-1.7113241
-1.6015364
-1.6820084
-1.6040077
-1.6010102
-1.6107429
-1.5304904
-1.613297
-1.584496
-1.5574316
-1.6427882
-1.6124859
-1.6803578
-1.5156698
-1.5855517
-1.6158947
-1.5497243
-1.6063896
-1.6598401
-1.487409
-1.6508216
-1.5694757
-1.6180298
-1.6843357
-1.5423226
-1.4871913
-1.5829656
-1.6253917
-1.5900915
-1.5737771
-1.6712544
-1.6787428
-1.650252
-1.6739613
-1.5945094
-1.6121553
-1.6405727
-1.5567795
-1.6425939
-1.5686216
-1.7065121
-1.6688814
-1.5746537
-1.6364385
-1.6044096
-1.5731841
-1.6206423
-1.6195043
-1.619561
-1.5959944
-1.6170914
-1.6467286
-1.65017
-1.6702478
-1.6374595
-1.514654
-1.5354393
test_mean_abs_wealth
1.7065663
1.5911983
1.5781138
1.6241026
1.6455554
1.5656822
1.6593729
1.6286856
1.6806048
1.5679458
1.6052164
1.6052746
1.6536105
1.5404675
1.5714395
1.587286
1.5976765
1.609078
1.6223947
1.5983456
1.6177136
1.5553821
1.6190865
1.5306381
1.5645233
1.6583772
1.5129353
1.5796274
1.5543531
1.5205876
1.6446686
1.6174024
1.5836542
1.6447626
1.5932524
1.61476
1.7027153
1.6710079
1.6047978
1.6352401
1.6384307
1.6039346
1.6490314
1.5542876
1.6058592
1.5933889
1.667095
1.6370584
1.6322491
1.633997
1.5614871
1.5855695
1.5519491
1.6167591
1.6495844
1.6925803
1.5726292
1.5646899
1.5655638
1.6129841
1.6349043
1.6140869
1.6301073
1.6258925
1.5512202
1.6125133
1.6218942
1.6534175
1.5693434
1.601944
1.6700146
1.6302689
1.6145164
1.6370354
1.6866493
1.5811523
1.6415561
1.6506003
1.617327
1.6014142
1.575291
1.5709126
1.6283342
1.659159
1.5595677
1.5930055
1.5768778
1.6443552
1.6248728
1.6288645
1.6310575
1.5740119
1.6128918
1.5796796
1.6290692
1.6436849
1.6575365
1.6224431
1.5062194
1.5493183
1.6051784
1.6042548
1.6028166
1.5901463
1.6325039
1.5796051
1.6150569
1.6983742
1.6381114
1.5810665
1.5854884
1.6236324
1.533807
1.6213216
1.5149571
1.6226279
1.7051766
1.5893689
1.6351267
1.5419005
1.6828701
1.5949446
1.7075515
1.5821073
1.5704095
1.7754043
1.6343532
1.6552309
1.5422797
1.6632934
1.5700586
1.601461
1.583793
1.6140481
1.5978073
1.5972408
1.5836736
1.619386
1.5683693
1.6770129
1.6464906
1.691252
1.6596729
1.6786004
1.6393627
1.6054242
1.5964229
1.580809
1.5528704
1.5314893
1.6459751
1.5790929
1.5540165
1.5923363
1.6395334
1.6120889
1.5444484
1.6065329
1.6687912
1.6072443
1.5312234
1.6188334
1.5923187
1.617784
1.648109
1.48348
1.6281911
1.6662374
1.5576055
1.6484604
1.5675819
1.5580131
1.6444895
1.5217137
1.4633485
1.5730468
1.5409695
1.6581355
1.5870553
1.684808
1.5894275
1.5297105
1.5876006
1.6694673
1.6313235
1.5942363
1.596812
1.6551638
1.6198856
1.5993155
1.6697932
1.6451224
1.5816611
1.6570898
1.6878437
1.6747181
1.566691
1.6401138
1.5560305
1.7113241
1.6015376
1.6820084
1.6040077
1.6010114
1.6107429
1.5304912
1.613297
1.584496
1.5574316
1.6427882
1.612487
1.6803578
1.5156698
1.5855554
1.6158947
1.5497243
1.6063901
1.6598401
1.4874114
1.6508225
1.5694764
1.6180298
1.684336
1.5423259
1.4871918
1.5829656
1.6253917
1.5900915
1.5737771
1.6712544
1.6787428
1.650252
1.6739613
1.5945094
1.6121576
1.6405735
1.5567855
1.6425939
1.5686222
1.7065121
1.6688814
1.5746537
1.6364392
1.6044096
1.5731841
1.6206423
1.6195043
1.619561
1.5959944
1.617092
1.6467286
1.6501704
1.6702478
1.6374595
1.5146577
1.535449
test_variance_wealth
0.049614333
0.05263455
0.05224586
0.053557146
0.05207635
0.051605564
0.052727487
0.05068227
0.049526487
0.05342754
0.04975201
0.049883276
0.048643835
0.054174352
0.051997725
0.05103474
0.051561493
0.053295784
0.05083307
0.052108265
0.05123784
0.051732354
0.05486278
0.051936883
0.050972816
0.04871079
0.055248674
0.051286336
0.054550834
0.05168059
0.04910942
0.052495494
0.05166595
0.048042238
0.0515338
0.05038507
0.04915734
0.047892682
0.051736824
0.052493423
0.048968486
0.05058832
0.04976126
0.05154954
0.050040685
0.053683735
0.049564917
0.05114435
0.053836204
0.049458727
0.052298937
0.0515626
0.052950237
0.049281158
0.04859129
0.049591582
0.05066853
0.053275894
0.051903855
0.050437786
0.04863688
0.05010588
0.049663726
0.05035139
0.05152946
0.050778367
0.05285889
0.049359042
0.054814238
0.05118965
0.050317585
0.04909232
0.05105193
0.050759923
0.0511889
0.05349186
0.050946593
0.051682517
0.051808693
0.05151884
0.051908705
0.052923873
0.051593266
0.049261663
0.05107698
0.051866338
0.053276155
0.052020997
0.051086877
0.05174519
0.04902074
0.050040044
0.051066037
0.05367604
0.04995534
0.050437856
0.04978724
0.048995383
0.052579153
0.052083995
0.052754186
0.05254754
0.053754766
0.051966283
0.050390672
0.05395538
0.050537135
0.05089779
0.049408343
0.050501127
0.050913926
0.05262708
0.054016434
0.053582896
0.053782992
0.053275704
0.048259947
0.053243287
0.052897017
0.05632484
0.04929896
0.051445007
0.052679602
0.050616346
0.051937044
0.048864923
0.050431278
0.04913935
0.053074576
0.05070866
0.05257452
0.04922931
0.051035117
0.05306935
0.052315608
0.05149741
0.053316966
0.051180817
0.050532248
0.051898424
0.049677875
0.049376313
0.049836732
0.052145496
0.05054484
0.050770603
0.051274635
0.051516753
0.05126053
0.053944662
0.05114994
0.052108828
0.051564235
0.051823862
0.04939664
0.050474647
0.052449662
0.050668336
0.05214921
0.051107854
0.053828623
0.04984409
0.052924007
0.05179894
0.052157804
0.055239756
0.05250246
0.0497769
0.051406495
0.051243998
0.050749294
0.053455584
0.05015605
0.05190388
0.05585732
0.053180907
0.052302796
0.05036439
0.053692374
0.050040796
0.05173843
0.053214394
0.050388757
0.05151873
0.05239547
0.05199356
0.05388221
0.051770348
0.050991755
0.050167397
0.049057513
0.049528033
0.052521504
0.051266354
0.04865575
0.05114822
0.052501593
0.05132476
0.053231545
0.05043169
0.05028416
0.04949394
0.05155673
0.052298002
0.053480186
0.054584425
0.051973607
0.0497063
0.051339023
0.048943732
0.04971786
0.048899338
0.051930692
0.05290381
0.05047953
0.052201718
0.052304447
0.049589213
0.053969786
0.051463664
0.053743333
0.052628536
0.048711102
0.05403637
0.05299586
0.05067114
0.049578644
0.050295528
0.05240644
0.052757587
0.052426532
0.04875426
0.048465714
0.04956072
0.050426446
0.053556982
0.053809572
0.05109048
0.05286921
0.05018598
0.051858597
0.05132048
0.05109574
0.05202562
0.051902853
0.05065046
0.05066041
0.053335372
0.049975492
0.052477892
0.050026365
0.052402258
0.050783876
0.04936567
0.05390117
0.056446243
test_wealth_with_price_abs_mean
0.17526005
0.1801258
0.17939399
0.18154529
0.17896079
0.17848442
0.18015799
0.17683256
0.17506047
0.1814809
0.17554437
0.17563201
0.17358816
0.1825182
0.1790934
0.17764963
0.17829621
0.18088174
0.17736402
0.17934184
0.17788944
0.17912641
0.18339111
0.17932163
0.17761928
0.17375866
0.18463223
0.17797069
0.18312304
0.17882168
0.1743335
0.17984964
0.17845063
0.17284422
0.17842348
0.17644578
0.17423613
0.172188
0.17900485
0.17959826
0.17419112
0.17674465
0.17536683
0.17839772
0.17589584
0.18161158
0.17506808
0.1776697
0.1817791
0.17505129
0.17960538
0.17868325
0.18065763
0.1748949
0.17370956
0.17499942
0.17713377
0.18123408
0.1791481
0.17663635
0.17358749
0.17616299
0.17535184
0.17639065
0.17847823
0.1771454
0.18041578
0.17475115
0.1832772
0.17791118
0.17602994
0.17444682
0.17748076
0.17701235
0.17785892
0.18151107
0.17735879
0.17832412
0.1788488
0.17816973
0.17915888
0.18083116
0.17829767
0.17469367
0.17790534
0.17885253
0.18108551
0.17908806
0.17756031
0.17889957
0.1743094
0.1761713
0.17739634
0.1817647
0.17572047
0.17654298
0.17533949
0.17436296
0.18041493
0.17942329
0.1805574
0.18005224
0.18185525
0.17909108
0.17640251
0.18199228
0.17662264
0.17736559
0.17475714
0.17676538
0.17749467
0.1802482
0.18238476
0.18143217
0.18221766
0.18106255
0.17279772
0.18108585
0.1804472
0.18591788
0.17466666
0.17831364
0.18014893
0.17706846
0.17919925
0.17372583
0.1764156
0.17445484
0.18099242
0.17692976
0.18014038
0.17470941
0.17752515
0.1805747
0.17951442
0.17835131
0.18128633
0.17778082
0.1770699
0.17875205
0.17533405
0.17474997
0.17551121
0.17901304
0.17659903
0.17719856
0.17797637
0.17846616
0.1782531
0.18233107
0.17765716
0.1793177
0.17873985
0.17886983
0.17488971
0.17668037
0.18005264
0.17704599
0.17931336
0.17768209
0.18202451
0.1758237
0.1805833
0.17859678
0.1794706
0.18445924
0.17988274
0.17538409
0.17842114
0.17784211
0.17731255
0.18133466
0.17603101
0.17925821
0.18538474
0.1809747
0.17994905
0.17644948
0.18171592
0.1757689
0.17873241
0.1813096
0.17664139
0.17810096
0.17949814
0.17926128
0.18187785
0.1787715
0.1775021
0.17628498
0.17427123
0.174788
0.18005788
0.17780355
0.173602
0.17748101
0.18001883
0.1780377
0.1811956
0.1763383
0.17658193
0.17475975
0.17828543
0.17936182
0.18136933
0.18317582
0.17924319
0.17563373
0.17821087
0.17428018
0.17535275
0.17391755
0.17922366
0.18073796
0.17676862
0.17956671
0.17960991
0.17526484
0.18264224
0.17801964
0.1818053
0.18030143
0.17366186
0.1823982
0.18110934
0.17716955
0.17488213
0.17641167
0.17982982
0.17996359
0.17943375
0.17392007
0.17325447
0.175243
0.17645638
0.18131724
0.18203641
0.17734316
0.18041334
0.17564927
0.17876582
0.17801075
0.17756397
0.17918967
0.17912003
0.17700666
0.17694625
0.18100053
0.17594343
0.17989765
0.17591414
0.17971529
0.17721729
0.17486611
0.18230875
0.18618047
test_wealth_with_price_variance
0.049614333
0.05263455
0.05224586
0.053557146
0.05207635
0.051605564
0.052727487
0.05068227
0.049526487
0.05342754
0.04975201
0.049883276
0.048643835
0.054174352
0.051997725
0.05103474
0.051561493
0.053295784
0.05083307
0.052108265
0.05123784
0.051732354
0.05486278
0.051936883
0.050972816
0.04871079
0.055248674
0.051286336
0.054550834
0.05168059
0.04910942
0.052495494
0.05166595
0.048042238
0.0515338
0.05038507
0.04915734
0.047892682
0.051736824
0.052493423
0.048968486
0.05058832
0.04976126
0.05154954
0.050040685
0.053683735
0.049564917
0.05114435
0.053836204
0.049458727
0.052298937
0.0515626
0.052950237
0.049281158
0.04859129
0.049591582
0.05066853
0.053275894
0.051903855
0.050437786
0.04863688
0.05010588
0.049663726
0.05035139
0.05152946
0.050778367
0.05285889
0.049359042
0.054814238
0.05118965
0.050317585
0.04909232
0.05105193
0.050759923
0.0511889
0.05349186
0.050946593
0.051682517
0.051808693
0.05151884
0.051908705
0.052923873
0.051593266
0.049261663
0.05107698
0.051866338
0.053276155
0.052020997
0.051086877
0.05174519
0.04902074
0.050040044
0.051066037
0.05367604
0.04995534
0.050437856
0.04978724
0.048995383
0.052579153
0.052083995
0.052754186
0.05254754
0.053754766
0.051966283
0.050390672
0.05395538
0.050537135
0.05089779
0.049408343
0.050501127
0.050913926
0.05262708
0.054016434
0.053582896
0.053782992
0.053275704
0.048259947
0.053243287
0.052897017
0.05632484
0.04929896
0.051445007
0.052679602
0.050616346
0.051937044
0.048864923
0.050431278
0.04913935
0.053074576
0.05070866
0.05257452
0.04922931
0.051035117
0.05306935
0.052315608
0.05149741
0.053316966
0.051180817
0.050532248
0.051898424
0.049677875
0.049376313
0.049836732
0.052145496
0.05054484
0.050770603
0.051274635
0.051516753
0.05126053
0.053944662
0.05114994
0.052108828
0.051564235
0.051823862
0.04939664
0.050474647
0.052449662
0.050668336
0.05214921
0.051107854
0.053828623
0.04984409
0.052924007
0.05179894
0.052157804
0.055239756
0.05250246
0.0497769
0.051406495
0.051243998
0.050749294
0.053455584
0.05015605
0.05190388
0.05585732
0.053180907
0.052302796
0.05036439
0.053692374
0.050040796
0.05173843
0.053214394
0.050388757
0.05151873
0.05239547
0.05199356
0.05388221
0.051770348
0.050991755
0.050167397
0.049057513
0.049528033
0.052521504
0.051266354
0.04865575
0.05114822
0.052501593
0.05132476
0.053231545
0.05043169
0.05028416
0.04949394
0.05155673
0.052298002
0.053480186
0.054584425
0.051973607
0.0497063
0.051339023
0.048943732
0.04971786
0.048899338
0.051930692
0.05290381
0.05047953
0.052201718
0.052304447
0.049589213
0.053969786
0.051463664
0.053743333
0.052628536
0.048711102
0.05403637
0.05299586
0.05067114
0.049578644
0.050295528
0.05240644
0.052757587
0.052426532
0.04875426
0.048465714
0.04956072
0.050426446
0.053556982
0.053809572
0.05109048
0.05286921
0.05018598
0.051858597
0.05132048
0.05109574
0.05202562
0.051902853
0.05065046
0.05066041
0.053335372
0.049975492
0.052477892
0.050026365
0.052402258
0.050783876
0.04936567
0.05390117
0.056446243
price
1.7060922
1.5918562
1.5793855
1.6235323
1.644916
1.5654628
1.6596398
1.6281804
1.6808803
1.5686849
1.6055143
1.6054438
1.6532353
1.5401785
1.5721115
1.5882398
1.5975529
1.6091682
1.6223569
1.5987115
1.6185628
1.5555427
1.6186502
1.530598
1.5650918
1.6579826
1.5133864
1.5802407
1.5541523
1.5208857
1.6451206
1.6176665
1.5843978
1.6439683
1.5933737
1.6147864
1.7031893
1.6709797
1.6047151
1.6358922
1.6384789
1.6040993
1.6493771
1.5548934
1.6059163
1.5936006
1.6678069
1.6365999
1.6326175
1.6335343
1.560948
1.5855113
1.5521148
1.6164917
1.6497266
1.6921413
1.5733893
1.5646074
1.5657754
1.6136129
1.6356012
1.6146405
1.6296612
1.6258663
1.5512608
1.6119543
1.6217904
1.6532118
1.5697696
1.6022747
1.6690623
1.6300868
1.6146702
1.637219
1.6868796
1.5812384
1.6418934
1.6510013
1.6178116
1.6018653
1.5756762
1.572069
1.6283681
1.6590765
1.5596472
1.5932642
1.577998
1.6442835
1.6253399
1.6289798
1.630959
1.5737936
1.6126175
1.5800468
1.6290597
1.6449009
1.6577691
1.6226023
1.5064832
1.5483948
1.605993
1.6037924
1.6029176
1.5905403
1.6331606
1.5801347
1.614644
1.698889
1.6387241
1.58145
1.5862745
1.623555
1.534129
1.6214372
1.5155457
1.623156
1.704833
1.5893369
1.6351068
1.542171
1.6831348
1.5947053
1.7071178
1.5825051
1.5718404
1.7759007
1.6345301
1.6548736
1.5425849
1.6628307
1.570053
1.6018958
1.5841413
1.6138372
1.598573
1.5973496
1.5830923
1.61975
1.5688789
1.6769823
1.6471907
1.6912712
1.6604028
1.6791155
1.6395504
1.6058238
1.5970918
1.5808612
1.5530844
1.5316123
1.6460896
1.5781391
1.5538051
1.5922326
1.6403509
1.6119254
1.5450841
1.606993
1.6693717
1.6071945
1.5316877
1.6185501
1.5924376
1.6180657
1.6476508
1.4839824
1.6280693
1.6657983
1.5570332
1.649178
1.5683849
1.5580542
1.6445549
1.5222955
1.4632245
1.5728506
1.5409213
1.6578462
1.5879225
1.6853017
1.5895113
1.529208
1.5877112
1.6696101
1.6318864
1.5946295
1.5966884
1.6556113
1.6194775
1.5995003
1.6699665
1.6464053
1.5820131
1.6570854
1.6878924
1.6748776
1.56648
1.6411204
1.5560223
1.7120655
1.6012337
1.6816434
1.6034467
1.6013739
1.6107974
1.5304515
1.6132059
1.5855557
1.5577648
1.6427836
1.612345
1.6801425
1.515816
1.5857309
1.6152489
1.5502121
1.6061193
1.6591332
1.4875777
1.6512101
1.5692687
1.6191424
1.6845042
1.5419958
1.4875078
1.5834947
1.6257548
1.5910398
1.5737352
1.6701264
1.6789949
1.649996
1.6743838
1.595149
1.6118068
1.6407235
1.55652
1.6431159
1.5682404
1.7071598
1.6690933
1.5752994
1.6365728
1.6043358
1.5727792
1.620768
1.6200768
1.6200523
1.595863
1.6167927
1.6464635
1.6495956
1.6704322
1.6380562
1.5140902
1.5342505
train_time
0.4786906000000011
0.43472079999999735
0.4609131000000062
0.3030352999999977
0.416992300000004
0.287056800000002
0.28618549999998777
0.32355800000000556
0.29081709999999816
0.2970150000000018
0.30707149999999217
0.4331813000000011
0.28680330000000254
0.2975449999999853
0.30077099999999746
0.2994209999999953
0.30285330000000954
0.29476629999999204
0.47895489999999086
0.3095963000000097
0.2960417000000177
0.29216890000000717
0.2956715999999915
0.35811029999996435
0.29013450000002194
0.2883825999999772
0.3104739000000336
0.5202951999999641
0.30801550000001043
0.2881190999999603
0.30107000000003836
0.29830200000003515
0.30232890000002044
0.3013242000000105
0.2957858999999985
0.32052550000003066
0.2961235000000215
0.32174600000001874
0.5650132000000099
0.28894609999997556
0.28458410000001777
0.2971078999999577
0.3009050000000002
0.2989842000000067
0.2922194000000218
0.30043569999998
0.30102529999999206
0.2998900999999705
0.29872230000000854
0.30522079999991547
0.6141360999999961
0.3418162000000393
0.2912774000000127
0.30048360000000685
0.3026698999999553
0.3032798000000412
0.29424519999997756
0.30302580000000034
0.303439600000047
0.29967489999989994
0.29473479999990104
0.3328642999999829
0.3300868000000037
0.7369029000000182
1.4308886999999686
0.3035221999999749
0.2963367999999491
0.30014040000003206
0.3015600999999606
0.31012669999995524
0.3008581999999933
0.31588639999995394
0.2990831000000753
0.29981199999997443
0.2961502999999084
0.29617670000004637
0.2962673999999197
0.30221400000004905
0.3218030999998973
0.3119512000000668
0.307134499999961
0.7951891999999816
0.29790989999992235
0.3155663000000004
0.319038300000102
0.29599719999998797
0.2962122999999792
0.30175050000002557
0.30671369999993203
0.3532697000000553
0.30245450000006713
0.2969844999997804
0.29789740000001075
0.29670899999996436
0.29139280000003964
0.2880075000000488
0.29279990000009093
0.3058299000001625
0.3038814999999886
0.30747100000007777
0.30236600000012004
0.8896588000000065
0.29067719999989095
0.3427235000001474
0.2909609000000728
0.36742099999992206
0.28778319999992164
0.3008143000001837
0.299189399999932
0.29809290000002875
0.30043780000005427
0.29773070000010193
0.3105977999998686
0.29623900000001413
0.31376879999993434
0.322356500000069
0.3061079999999947
0.3099388999999064
0.30458900000007816
0.3004273000001376
0.3094900000000962
0.2990657000000283
0.32393499999989217
1.0403066999999737
0.29836649999992915
0.29860340000004726
0.29964459999996507
0.30734690000008413
0.3541312999998354
0.2984414000000015
0.29385640000009516
0.3037131999999474
0.3625076999999237
0.30944739999995363
0.2948391999998421
0.29601789999992434
0.3761629000000539
0.3043075000000499
0.31197769999994307
0.29587500000002365
0.3066701000000194
0.29584209999984523
0.30529310000019905
0.305450300000075
0.2948413999999957
0.30576799999994364
0.3070099999999911
0.29869159999998374
0.307956699999977
0.307698500000015
1.2128692000001138
0.30684150000001864
0.33025369999995746
0.29876339999987067
0.2989972000000307
0.3051947999999811
0.30499379999992016
0.3135653000001639
0.30366830000002665
0.30999930000007225
0.29931779999992614
0.3140416000001096
0.30736019999994824
0.3294722000000547
0.3099228999999468
0.3206222000001162
0.3038939999999002
0.36408590000019103
0.3947848000000249
0.31874179999999797
0.2933342999999695
0.30699470000013207
0.34416299999998046
0.4058018999999149
0.31387580000000526
0.32316660000014963
0.29327310000007856
0.346317499999941
0.33734019999997145
0.34166159999995216
0.3037742999999864
0.29869200000030105
1.3732246999998097
0.33216630000015357
0.40900220000003173
0.2948324000003595
0.3189415000001645
0.33401580000008835
0.31157290000010107
0.31724819999999454
0.31558350000022983
0.31806460000007064
0.3314390000000458
0.34413919999997233
0.3098826000000372
0.29072809999979654
0.308965299999727
0.3091623999998774
0.31237300000020696
0.34547269999984564
0.36367180000024746
0.3605622999998559
0.4330383999999867
0.337094800000159
0.3112304999999651
0.3345914999999877
0.300695800000085
0.3063249000001633
0.3603997000000163
0.37701719999995476
0.30009530000006635
0.3007975999998962
0.3101539000003868
0.30151770000020406
0.33756929999981367
0.30515890000015133
0.30880200000001423
0.30552140000008876
0.33332500000005894
1.6141599000002316
0.29845990000012534
0.32025590000012016
0.29443700000001627
0.29978890000029423
0.30050630000005185
0.29959720000033485
0.36747539999987566
0.33617320000030304
0.6656072999999196
0.3012994000000617
0.2928852999998526
0.3037710999997216
0.4221256999999241
0.2906708999998955
0.29766570000037973
0.3584230999999818
0.32220639999968625
0.3049730000002455
0.30468569999993633
0.3134660000000622
0.30461830000012924
0.3019312000001264
0.3083622999997715
0.31515570000010484
0.30726229999982024
0.31247339999981705
0.3090087999999014
0.31069890000026135
0.3148071999999047
0.3064638000000741
0.3005220999998528
0.30602200000021185
0.30030530000021827
0.3027357999999367
0.30153219999965586
0.3080112999996345


