================================================================================
=== continuous-time
train_risk
2.1291313
2.1039937
2.105526
2.091535
2.134614
2.1281295
2.1649475
2.1050005
2.1318567
2.053936
2.106583
2.1348972
2.1670756
2.0367217
2.0880947
2.0512435
2.105544
2.1797836
2.2074494
2.082772
2.194228
2.0427697
2.1050584
2.0264452
2.114634
2.1597745
2.0260642
2.114749
2.046357
2.0457916
2.1908906
2.1178675
2.0907092
2.1556203
2.069672
2.0882928
2.1725807
2.1804364
2.1033845
2.2257576
2.1310983
2.144259
2.18554
2.03231
2.1077173
2.0826352
2.1880307
2.1307707
2.1611345
2.1617823
2.0944057
2.1049845
2.050735
2.1228762
2.152112
2.1983109
2.0842886
2.0995517
2.0507534
2.1714606
2.136913
2.0885859
2.1415997
2.086743
2.0579054
2.1280594
2.093736
2.196595
2.080971
2.1332853
2.168134
2.1378965
2.155693
2.1505294
2.1787653
2.0741699
2.1470618
2.1302972
2.1169753
2.141707
2.091766
2.1007445
2.150332
2.1753166
2.0876527
2.1740665
2.0913258
2.1624177
2.128288
2.1966736
2.1188226
2.1121747
2.1660202
2.06771
2.1447105
2.1245
2.1841822
2.1274576
2.0276182
2.0685303
2.1041555
2.066995
2.1497843
2.0783129
2.1372693
2.110066
2.0937786
2.2315621
2.0872576
2.085423
2.107095
2.1367462
2.0514073
2.1207392
2.0715885
2.150235
2.1948366
2.1426246
2.1079695
2.065138
2.2142699
2.0796485
2.2598984
2.132246
2.1151633
2.2392795
2.1248088
2.234564
2.0371718
2.1255677
2.0811098
2.1162694
2.1228004
2.099579
2.0620918
2.1013656
2.0926907
2.078611
2.0546336
2.1403966
2.153631
2.1583295
2.1414645
2.153187
2.137215
2.156625
2.0961185
2.150152
2.0861764
2.034741
2.111907
2.0996206
2.0286713
2.1180859
2.1672356
2.0959048
2.1201093
2.1260333
2.1490996
2.1179376
2.0666773
2.104079
2.1254945
2.1314409
2.2020721
2.0120118
2.136563
2.1716976
2.102938
2.140631
2.1378899
2.0892162
2.1563237
2.0411737
2.000656
2.1075556
2.0784354
2.107816
2.1178184
2.1644475
2.1192846
1.9893434
2.1234238
2.1693702
2.117391
2.0841045
2.176118
2.1317081
2.1125958
2.1020825
2.1726778
2.1395578
2.1102705
2.2039688
2.2085407
2.21233
2.1278772
2.1101346
2.0338252
2.1671255
2.0687873
2.168388
2.0800436
2.1762443
2.115819
2.0688677
2.1635838
2.086734
2.0829334
2.1443748
2.1027277
2.1717768
2.0811203
2.1370568
2.182203
2.0626757
2.0598505
2.1440709
2.0476604
2.1307456
2.0986807
2.1606135
2.1553104
2.0351565
2.0101416
2.1172569
2.0971532
2.1048875
2.0376604
2.20626
2.1690297
2.1129284
2.1649642
2.0975435
2.1544983
2.1452394
2.1157157
2.1672373
2.0660477
2.2075372
2.1460454
2.1141965
2.154655
2.1113987
2.0823045
2.1197689
2.0980215
2.1104317
2.1125085
2.1781683
2.1611192
2.1548364
2.1557686
2.1307096
2.014217
2.0795407
test_risk
2.1445134
2.0879405
2.0969455
2.1178544
2.166323
2.103522
2.171478
2.1196163
2.1648235
2.0905612
2.1237702
2.1147585
2.1922655
2.0656633
2.1085396
2.093623
2.097995
2.1581104
2.1636899
2.0981383
2.157352
2.0618877
2.1053567
2.041152
2.1051712
2.131632
2.0337687
2.1040998
2.0592208
2.0349078
2.1761982
2.1191943
2.083676
2.1670508
2.0840547
2.1031077
2.1743805
2.1577947
2.1042123
2.193304
2.139822
2.1327152
2.184867
2.0532997
2.1118474
2.099269
2.1800122
2.118722
2.1255212
2.1524146
2.1008556
2.079357
2.0596542
2.1138806
2.1597698
2.1845582
2.0964494
2.1030924
2.102174
2.1380103
2.1135209
2.1103227
2.1387131
2.134495
2.0666409
2.1392734
2.1201603
2.1846685
2.0917268
2.1054342
2.1663043
2.1511931
2.133737
2.1675353
2.1850607
2.0926201
2.1487565
2.1534657
2.1123536
2.1208496
2.1019607
2.1025722
2.159282
2.192442
2.0857494
2.1447327
2.1061404
2.1403139
2.1412494
2.170248
2.1321871
2.0960283
2.139586
2.078844
2.1312468
2.1562426
2.1872578
2.1461163
2.0375242
2.064369
2.1191797
2.0707662
2.1399353
2.1306968
2.1562586
2.1038349
2.081679
2.2493968
2.1297224
2.1071222
2.1093082
2.1327295
2.0588236
2.1544952
2.0764754
2.154087
2.2265174
2.123381
2.122316
2.0778537
2.2072585
2.0835338
2.224331
2.091678
2.090341
2.2546008
2.1128197
2.1996436
2.0521123
2.1537807
2.0701542
2.1303844
2.1034315
2.105876
2.0750446
2.0945592
2.0892236
2.090638
2.0902636
2.1536832
2.1140442
2.1826131
2.1465492
2.1618438
2.1545424
2.1347444
2.1223586
2.1115234
2.0536413
2.047137
2.1297436
2.1059506
2.0373414
2.0961735
2.1798747
2.0861423
2.0837524
2.127327
2.1732304
2.112936
2.0569372
2.1113164
2.090502
2.1453407
2.1780157
2.0088608
2.1418412
2.167998
2.0823724
2.142304
2.1100452
2.0947146
2.1456034
2.0422046
1.9997896
2.1142385
2.0921814
2.1368198
2.0864737
2.1755857
2.0865262
2.0387695
2.135367
2.1555154
2.1133306
2.0974565
2.1482499
2.1541932
2.1351922
2.075298
2.1775136
2.1434383
2.1220603
2.2045174
2.2210178
2.1880195
2.1144545
2.1345322
2.050013
2.1956682
2.102142
2.1653342
2.0904512
2.136164
2.1071253
2.052355
2.1400282
2.090188
2.0888646
2.1544342
2.1270788
2.1635911
2.0560236
2.0920174
2.1472847
2.0721812
2.1133108
2.166935
2.0344706
2.1387608
2.0925422
2.1267948
2.175489
2.040802
2.0249023
2.107296
2.111175
2.088118
2.0658605
2.183881
2.1848743
2.153113
2.1534622
2.1050248
2.1552756
2.1380687
2.0719094
2.161451
2.0951614
2.1924763
2.156687
2.101231
2.1526163
2.0994377
2.080859
2.1277442
2.090229
2.130917
2.0916097
2.1586013
2.1447444
2.1619432
2.1868627
2.133105
2.0123584
2.075036
test_mean_value
0.0022239722
0.00027569474
-0.0004010214
-4.160717e-05
0.0015643149
-0.00030024917
-4.9372666e-05
-0.00095231866
0.0013389116
-0.0019238266
1.780774e-05
-0.0021583254
0.0011727023
0.00070465414
-0.0010253752
0.0009107596
-0.0008799125
-3.503207e-05
-0.00055793603
-0.0013609997
0.00057857175
0.0011857351
-0.0007756461
0.0005273005
0.0027748519
-0.0009081084
-0.00018496098
-0.0009856481
0.00037838498
-0.00010804969
-0.0017289884
0.0009397559
0.00033544024
-0.0015046461
-2.556065e-06
0.0006924575
-0.00014120052
-0.00027852706
0.00094862893
0.0011714277
0.00039427195
-0.0005676634
0.00094780134
9.187844e-05
0.0016704182
-0.00069881685
4.550811e-05
0.00015043492
0.000620459
-8.332526e-06
0.0008872445
-0.0007019228
0.0012189065
0.00071277685
0.00012048403
-0.00029207068
-0.00022519518
-0.00012666403
7.914886e-06
0.00032399644
0.0005630461
-0.0012832312
-0.0010840547
-0.00015091122
0.001682669
0.0027004664
0.0015326401
0.0016510148
0.0011774955
-0.00035554744
0.000311306
0.00080561545
0.0014546775
0.00053391454
0.0010681198
0.0002061412
-0.0016074661
-0.00053461257
0.0007841287
-0.0005184883
-0.0011726593
0.0012535321
-0.0013599969
0.00022575074
-0.0002979833
0.00025900127
-0.0011785289
-0.000188535
-0.0013555579
-0.0016577522
0.0011483334
0.0018350547
0.000508501
-0.0006553349
-0.0025550146
0.0018468924
0.00043955643
0.00075080205
0.00057302765
0.0008446595
-0.00034461342
-0.00035235845
-0.0012193315
-0.0005772771
0.00028983635
0.000667343
-0.00062088703
0.0010742642
-0.00032080658
0.0011466827
-0.001068883
0.00044072204
0.0006054218
0.0013309064
-0.0017996677
-0.001119787
-0.0015248591
-0.0007821042
3.5209527e-05
-0.00036507758
-0.00036092266
-9.969902e-05
0.0002553947
0.00066982216
-0.0026130897
0.00096228876
0.0018201983
0.00010896342
-0.00056305423
-1.9129408e-05
-0.00013678295
-0.0006052029
0.00032460035
-0.0004740401
0.00012288186
-0.00011369374
-0.00068367133
0.0016084203
0.0005284477
0.00065696804
0.00097053417
0.0008296139
0.0020299256
0.00012211336
0.0010357883
-0.00026474547
0.00025914272
0.0014966609
0.0012823713
-0.0007037372
0.0011648382
-0.0012090118
0.00021384282
-0.000564119
-0.00093294744
0.00082337303
-0.00024685482
-0.00043041643
0.00014025313
-0.0021435402
-0.0015049947
0.0014377882
9.140051e-05
0.0015766661
0.001030435
-0.0016469104
-0.00039984402
0.00017165682
0.00059658464
-0.0020200305
-0.0032958526
0.000111826164
0.0015035258
0.0007326698
0.00018061977
-0.0010408943
0.0019371326
-0.0013722525
0.0014435186
4.5279725e-05
0.00010322537
-0.001217698
-0.00063203124
-0.00042662187
-0.00085281464
-0.00070291676
9.172231e-05
-0.00042948395
0.0010194659
-0.0010610579
-7.090317e-05
-6.149192e-05
0.00048067223
0.0029621064
-0.001528097
-0.00083645154
-0.00035788148
-0.0008398694
0.0014251623
0.00083022995
0.0009256941
0.00054156134
-0.00074438896
7.48683e-05
0.0030677267
0.000507007
-0.00053937535
0.0014793469
0.00049293437
0.0003793965
-0.0012482477
-0.0007679255
0.00010945852
-0.0003893287
-0.0006691024
9.471195e-06
0.0012361212
0.00022982257
-0.0023351398
0.00020658787
-0.00035071585
-0.001228397
0.00018842446
0.000482302
-0.00070019974
0.0019247419
0.0009221457
-0.0005034408
0.0016902897
0.00093197403
0.00091198523
-0.0006590857
-0.00029129142
0.0017227551
0.00096160104
-0.0014851285
8.9790345e-05
0.0006279562
0.0013048401
-0.00053337135
0.0010847407
0.0009713076
-0.0007555572
0.00012120711
-0.0012595615
0.0012470245
-0.0010516242
-0.00073281047
0.0014006112
-0.00055703986
0.0013419314
-0.0013191272
0.0007843949
-0.00076710025
0.0001107474
-0.002526179
test_mean_abs_value
0.4494826
0.43908322
0.43667626
0.43514147
0.4317873
0.434556
0.45066515
0.4290841
0.4474917
0.44621056
0.42119062
0.4307715
0.4520983
0.44216144
0.45150995
0.43136773
0.43335322
0.4437617
0.45991483
0.4292506
0.44051996
0.43054494
0.43669838
0.4071295
0.44058502
0.4448858
0.40977705
0.43210256
0.4080045
0.43156788
0.4529767
0.42293358
0.4154749
0.447138
0.43511543
0.42403135
0.44147727
0.42472154
0.43251473
0.47494075
0.44726646
0.42669588
0.47348896
0.41897115
0.43538955
0.4356183
0.44385758
0.43200493
0.4410118
0.45080107
0.4390938
0.42006764
0.41472355
0.4206429
0.432175
0.44178036
0.44654974
0.44930178
0.43659016
0.4408978
0.43306366
0.42659095
0.43287733
0.42673478
0.43907648
0.42857715
0.41848332
0.46750388
0.44203967
0.42731053
0.43318358
0.4291324
0.44506955
0.43757465
0.45268372
0.4324347
0.42733693
0.44549266
0.43859285
0.44859597
0.42906874
0.422159
0.44472033
0.4534857
0.43105203
0.4489122
0.44495246
0.4370514
0.44767508
0.44275537
0.4378734
0.42544058
0.4538658
0.45006505
0.43954957
0.42725766
0.42627132
0.45403442
0.42344922
0.4246638
0.42724353
0.42394865
0.44052023
0.43939435
0.4261085
0.44577903
0.4168218
0.4558449
0.43946543
0.45265588
0.42294776
0.44310856
0.42310557
0.4459406
0.44663042
0.4407912
0.45915303
0.43507966
0.40882072
0.43270215
0.46265495
0.4099358
0.45864195
0.42430836
0.42235473
0.4615095
0.42553663
0.4572052
0.44463727
0.42397454
0.43280196
0.43331572
0.42544135
0.43998492
0.41645455
0.42689306
0.43143052
0.4163132
0.42046073
0.42942092
0.43514442
0.44775304
0.45401737
0.42807585
0.44864735
0.44583735
0.4226041
0.4461438
0.4198694
0.42545283
0.417749
0.42284966
0.41965768
0.4325575
0.48015383
0.42197496
0.4342668
0.44893464
0.4475037
0.4263654
0.40404525
0.42692086
0.44620833
0.4208768
0.4624284
0.41262126
0.45278
0.44955805
0.45269582
0.4362211
0.4596853
0.4281436
0.4372824
0.43183872
0.41228837
0.4476049
0.45297334
0.44232103
0.43260515
0.4410937
0.43097687
0.4025703
0.4543523
0.44506213
0.43169305
0.42465147
0.44827208
0.43646428
0.4404705
0.41642213
0.4525494
0.44738
0.44995484
0.45251253
0.4597088
0.44808775
0.46145797
0.45300993
0.41928735
0.44300994
0.42295873
0.44110206
0.42049086
0.4285244
0.46495643
0.4215287
0.44852236
0.43604416
0.44046426
0.451498
0.4327722
0.4455812
0.4358331
0.4267035
0.43996173
0.42940155
0.45219684
0.44126824
0.42618397
0.4257184
0.43049172
0.43784624
0.43183085
0.41154173
0.43218344
0.4368721
0.4348067
0.4278071
0.43775705
0.4381917
0.4476844
0.4403529
0.43317053
0.43627092
0.438146
0.43317252
0.42483053
0.44514477
0.41669607
0.44757447
0.44737932
0.42925695
0.4474243
0.4298629
0.4336339
0.435396
0.424931
0.4306671
0.4280259
0.46204433
0.47130516
0.44001544
0.45245478
0.43994823
0.41958076
0.44215652
test_variance_value
0.31429568
0.30125487
0.29807934
0.29395312
0.29154676
0.29404476
0.31504852
0.28772962
0.31129947
0.30800378
0.27731016
0.28973994
0.3186232
0.3030312
0.3159227
0.29036874
0.29345813
0.30656904
0.32618612
0.28627422
0.30220142
0.28864312
0.29690513
0.2592274
0.30162218
0.30766618
0.26232558
0.29017708
0.25945395
0.29011428
0.31882682
0.2807966
0.26966962
0.3113134
0.29497126
0.2804807
0.30268723
0.28133944
0.29063347
0.34779778
0.31061718
0.28389022
0.34730116
0.2741135
0.29508346
0.29576677
0.30576676
0.29094127
0.30246958
0.31638417
0.29970258
0.27610463
0.26797408
0.27523848
0.29113156
0.30245563
0.31150228
0.31368014
0.29650167
0.30205834
0.29218584
0.2843384
0.29140323
0.28370878
0.29919955
0.286878
0.2741074
0.33734858
0.3033386
0.284843
0.2918013
0.2870716
0.30834314
0.29724315
0.31875038
0.29136148
0.2854109
0.30777863
0.29922923
0.31243077
0.28684792
0.27766228
0.30824164
0.3195292
0.29032573
0.31400245
0.3076683
0.29775482
0.3116859
0.30468482
0.29864633
0.28246272
0.31960657
0.31409743
0.30069885
0.2844462
0.28276289
0.32260022
0.27986777
0.28129008
0.2840479
0.28050375
0.3024439
0.30058318
0.28355792
0.30731237
0.26991156
0.3229055
0.2995894
0.31887272
0.27910158
0.30575436
0.2790417
0.30931637
0.31186575
0.30240446
0.3263106
0.29420596
0.2612085
0.2911126
0.33178642
0.2622416
0.32573408
0.2812603
0.27754328
0.32959053
0.28310657
0.3240573
0.3069332
0.28001702
0.292228
0.29315165
0.2813923
0.30043817
0.271761
0.2843261
0.2903451
0.27048424
0.27563304
0.28753057
0.29557344
0.31104335
0.3209785
0.28621745
0.31352955
0.3084735
0.27841532
0.30902043
0.27502498
0.28264564
0.27212167
0.27919874
0.27601606
0.29324105
0.357297
0.278752
0.29352137
0.3141456
0.31159192
0.28254756
0.2541265
0.2837792
0.3096853
0.27607065
0.33339494
0.26577544
0.3195315
0.31332365
0.31814888
0.2959131
0.32909116
0.2852805
0.29695615
0.28973278
0.2657723
0.31144863
0.31871516
0.30636105
0.29101735
0.30246755
0.2889292
0.25293002
0.31990138
0.30807504
0.29043123
0.28124282
0.3127856
0.29616702
0.30163705
0.26994696
0.31842405
0.31094864
0.3140405
0.31937903
0.327793
0.31156227
0.3302323
0.31976077
0.27479514
0.3053979
0.27947482
0.30305812
0.27591026
0.28711444
0.33500427
0.2770478
0.31235027
0.2973543
0.3020223
0.31837457
0.29174665
0.30869198
0.29515025
0.28288344
0.3000958
0.28763446
0.31713492
0.30340767
0.28296974
0.28228527
0.28883424
0.29825625
0.29151136
0.26387867
0.29070395
0.29633507
0.2950679
0.28549886
0.29932463
0.2991199
0.31110138
0.30081052
0.2926191
0.2978889
0.29777896
0.29245007
0.28192848
0.30914655
0.27104652
0.3107708
0.3113314
0.28683746
0.31086528
0.2875094
0.29228616
0.29500568
0.28130454
0.2880108
0.2857874
0.33217332
0.3432831
0.30128476
0.31788692
0.3006039
0.27405265
0.30559722
test_mean_costs
0.0
0.0
0.0
0.0
0.0
0.0
0.0
0.0
0.0
0.0
0.0
0.0
0.0
0.0
0.0
0.0
0.0
0.0
0.0
0.0
0.0
0.0
0.0
0.0
0.0
0.0
0.0
0.0
0.0
0.0
0.0
0.0
0.0
0.0
0.0
0.0
0.0
0.0
0.0
0.0
0.0
0.0
0.0
0.0
0.0
0.0
0.0
0.0
0.0
0.0
0.0
0.0
0.0
0.0
0.0
0.0
0.0
0.0
0.0
0.0
0.0
0.0
0.0
0.0
0.0
0.0
0.0
0.0
0.0
0.0
0.0
0.0
0.0
0.0
0.0
0.0
0.0
0.0
0.0
0.0
0.0
0.0
0.0
0.0
0.0
0.0
0.0
0.0
0.0
0.0
0.0
0.0
0.0
0.0
0.0
0.0
0.0
0.0
0.0
0.0
0.0
0.0
0.0
0.0
0.0
0.0
0.0
0.0
0.0
0.0
0.0
0.0
0.0
0.0
0.0
0.0
0.0
0.0
0.0
0.0
0.0
0.0
0.0
0.0
0.0
0.0
0.0
0.0
0.0
0.0
0.0
0.0
0.0
0.0
0.0
0.0
0.0
0.0
0.0
0.0
0.0
0.0
0.0
0.0
0.0
0.0
0.0
0.0
0.0
0.0
0.0
0.0
0.0
0.0
0.0
0.0
0.0
0.0
0.0
0.0
0.0
0.0
0.0
0.0
0.0
0.0
0.0
0.0
0.0
0.0
0.0
0.0
0.0
0.0
0.0
0.0
0.0
0.0
0.0
0.0
0.0
0.0
0.0
0.0
0.0
0.0
0.0
0.0
0.0
0.0
0.0
0.0
0.0
0.0
0.0
0.0
0.0
0.0
0.0
0.0
0.0
0.0
0.0
0.0
0.0
0.0
0.0
0.0
0.0
0.0
0.0
0.0
0.0
0.0
0.0
0.0
0.0
0.0
0.0
0.0
0.0
0.0
0.0
0.0
0.0
0.0
0.0
0.0
0.0
0.0
0.0
0.0
0.0
0.0
0.0
0.0
0.0
0.0
0.0
0.0
0.0
0.0
0.0
0.0
0.0
0.0
0.0
0.0
0.0
0.0
0.0
0.0
0.0
0.0
0.0
0.0
test_mean_abs_costs
0.0
0.0
0.0
0.0
0.0
0.0
0.0
0.0
0.0
0.0
0.0
0.0
0.0
0.0
0.0
0.0
0.0
0.0
0.0
0.0
0.0
0.0
0.0
0.0
0.0
0.0
0.0
0.0
0.0
0.0
0.0
0.0
0.0
0.0
0.0
0.0
0.0
0.0
0.0
0.0
0.0
0.0
0.0
0.0
0.0
0.0
0.0
0.0
0.0
0.0
0.0
0.0
0.0
0.0
0.0
0.0
0.0
0.0
0.0
0.0
0.0
0.0
0.0
0.0
0.0
0.0
0.0
0.0
0.0
0.0
0.0
0.0
0.0
0.0
0.0
0.0
0.0
0.0
0.0
0.0
0.0
0.0
0.0
0.0
0.0
0.0
0.0
0.0
0.0
0.0
0.0
0.0
0.0
0.0
0.0
0.0
0.0
0.0
0.0
0.0
0.0
0.0
0.0
0.0
0.0
0.0
0.0
0.0
0.0
0.0
0.0
0.0
0.0
0.0
0.0
0.0
0.0
0.0
0.0
0.0
0.0
0.0
0.0
0.0
0.0
0.0
0.0
0.0
0.0
0.0
0.0
0.0
0.0
0.0
0.0
0.0
0.0
0.0
0.0
0.0
0.0
0.0
0.0
0.0
0.0
0.0
0.0
0.0
0.0
0.0
0.0
0.0
0.0
0.0
0.0
0.0
0.0
0.0
0.0
0.0
0.0
0.0
0.0
0.0
0.0
0.0
0.0
0.0
0.0
0.0
0.0
0.0
0.0
0.0
0.0
0.0
0.0
0.0
0.0
0.0
0.0
0.0
0.0
0.0
0.0
0.0
0.0
0.0
0.0
0.0
0.0
0.0
0.0
0.0
0.0
0.0
0.0
0.0
0.0
0.0
0.0
0.0
0.0
0.0
0.0
0.0
0.0
0.0
0.0
0.0
0.0
0.0
0.0
0.0
0.0
0.0
0.0
0.0
0.0
0.0
0.0
0.0
0.0
0.0
0.0
0.0
0.0
0.0
0.0
0.0
0.0
0.0
0.0
0.0
0.0
0.0
0.0
0.0
0.0
0.0
0.0
0.0
0.0
0.0
0.0
0.0
0.0
0.0
0.0
0.0
0.0
0.0
0.0
0.0
0.0
0.0
test_variance_costs
0.0
0.0
0.0
0.0
0.0
0.0
0.0
0.0
0.0
0.0
0.0
0.0
0.0
0.0
0.0
0.0
0.0
0.0
0.0
0.0
0.0
0.0
0.0
0.0
0.0
0.0
0.0
0.0
0.0
0.0
0.0
0.0
0.0
0.0
0.0
0.0
0.0
0.0
0.0
0.0
0.0
0.0
0.0
0.0
0.0
0.0
0.0
0.0
0.0
0.0
0.0
0.0
0.0
0.0
0.0
0.0
0.0
0.0
0.0
0.0
0.0
0.0
0.0
0.0
0.0
0.0
0.0
0.0
0.0
0.0
0.0
0.0
0.0
0.0
0.0
0.0
0.0
0.0
0.0
0.0
0.0
0.0
0.0
0.0
0.0
0.0
0.0
0.0
0.0
0.0
0.0
0.0
0.0
0.0
0.0
0.0
0.0
0.0
0.0
0.0
0.0
0.0
0.0
0.0
0.0
0.0
0.0
0.0
0.0
0.0
0.0
0.0
0.0
0.0
0.0
0.0
0.0
0.0
0.0
0.0
0.0
0.0
0.0
0.0
0.0
0.0
0.0
0.0
0.0
0.0
0.0
0.0
0.0
0.0
0.0
0.0
0.0
0.0
0.0
0.0
0.0
0.0
0.0
0.0
0.0
0.0
0.0
0.0
0.0
0.0
0.0
0.0
0.0
0.0
0.0
0.0
0.0
0.0
0.0
0.0
0.0
0.0
0.0
0.0
0.0
0.0
0.0
0.0
0.0
0.0
0.0
0.0
0.0
0.0
0.0
0.0
0.0
0.0
0.0
0.0
0.0
0.0
0.0
0.0
0.0
0.0
0.0
0.0
0.0
0.0
0.0
0.0
0.0
0.0
0.0
0.0
0.0
0.0
0.0
0.0
0.0
0.0
0.0
0.0
0.0
0.0
0.0
0.0
0.0
0.0
0.0
0.0
0.0
0.0
0.0
0.0
0.0
0.0
0.0
0.0
0.0
0.0
0.0
0.0
0.0
0.0
0.0
0.0
0.0
0.0
0.0
0.0
0.0
0.0
0.0
0.0
0.0
0.0
0.0
0.0
0.0
0.0
0.0
0.0
0.0
0.0
0.0
0.0
0.0
0.0
0.0
0.0
0.0
0.0
0.0
0.0
test_mean_wealth
-1.6249336
-1.5684525
-1.5815367
-1.6070465
-1.673634
-1.5878438
-1.6595417
-1.6146044
-1.6537514
-1.5621974
-1.6277856
-1.6090782
-1.6848403
-1.5347407
-1.5863926
-1.580405
-1.5823398
-1.6491348
-1.6459867
-1.5870605
-1.6540639
-1.5411155
-1.5949192
-1.5293171
-1.5850571
-1.6167057
-1.518285
-1.5928899
-1.5540917
-1.504633
-1.6589023
-1.6189917
-1.5803267
-1.6583455
-1.5649049
-1.5986528
-1.6768847
-1.665149
-1.593618
-1.6686646
-1.6229831
-1.6297472
-1.6482952
-1.5361347
-1.6011019
-1.5853537
-1.6791812
-1.6078193
-1.6131396
-1.6364969
-1.5863266
-1.5706772
-1.5503792
-1.6101322
-1.6618731
-1.6842679
-1.5673125
-1.5745882
-1.5855721
-1.6271154
-1.6055537
-1.5986954
-1.6363487
-1.6319706
-1.5397538
-1.6347678
-1.6226584
-1.6659397
-1.5628207
-1.5999618
-1.6683713
-1.6525413
-1.6235871
-1.6691896
-1.6771635
-1.578685
-1.6514795
-1.6360137
-1.5974488
-1.5953767
-1.592034
-1.5999522
-1.6466441
-1.6825573
-1.5716168
-1.6275682
-1.5847723
-1.6329184
-1.6228158
-1.6618828
-1.6252447
-1.5847988
-1.6180371
-1.5475091
-1.620502
-1.6616715
-1.7006385
-1.6202713
-1.5169262
-1.5509108
-1.6185766
-1.5553524
-1.6353539
-1.6186867
-1.661876
-1.5784252
-1.5799
-1.7511244
-1.6196291
-1.5745201
-1.6080801
-1.6252762
-1.5433766
-1.6299341
-1.5403155
-1.6497439
-1.7220536
-1.6124148
-1.6332011
-1.5575447
-1.696497
-1.5856807
-1.717993
-1.5849949
-1.5847824
-1.7618568
-1.604828
-1.6847684
-1.5178628
-1.6586131
-1.550808
-1.6211218
-1.5940088
-1.5883678
-1.5693536
-1.5862135
-1.5765777
-1.5895153
-1.5873779
-1.655535
-1.5991997
-1.6817386
-1.6222721
-1.6696987
-1.6433645
-1.6224225
-1.626478
-1.5874956
-1.5388781
-1.524692
-1.635787
-1.6016932
-1.515615
-1.5751878
-1.634992
-1.5772747
-1.5644587
-1.6070566
-1.6646067
-1.6089984
-1.5542995
-1.6040348
-1.5623109
-1.6554462
-1.6555429
-1.4871501
-1.6185862
-1.6600617
-1.5507325
-1.6408843
-1.5831789
-1.5848821
-1.6315919
-1.5102111
-1.4754411
-1.5914736
-1.5613844
-1.6221892
-1.5723852
-1.6736629
-1.573103
-1.5360698
-1.6052014
-1.6497008
-1.6029812
-1.5900638
-1.6377869
-1.6526548
-1.6186861
-1.5707784
-1.6638393
-1.6344516
-1.6012079
-1.6976345
-1.7150139
-1.6839024
-1.5687771
-1.6128536
-1.5343821
-1.6963687
-1.5984206
-1.6612964
-1.5828015
-1.6344335
-1.5617843
-1.5409653
-1.621101
-1.5670218
-1.563633
-1.6398082
-1.6209145
-1.6550379
-1.5313414
-1.581497
-1.639988
-1.5548116
-1.582651
-1.6638552
-1.5110857
-1.6394477
-1.5771731
-1.6193676
-1.6810305
-1.5315869
-1.494004
-1.5972414
-1.5977896
-1.5794642
-1.5378059
-1.6838601
-1.6840057
-1.6499805
-1.6471092
-1.5899377
-1.651326
-1.6381363
-1.5606391
-1.6523347
-1.5923374
-1.6903677
-1.6457442
-1.5916306
-1.6362048
-1.5873117
-1.5598719
-1.6183653
-1.5801487
-1.6206943
-1.5802096
-1.6354651
-1.613396
-1.6582468
-1.67802
-1.6217922
-1.4892966
-1.5429949
test_mean_abs_wealth
1.6249374
1.5684545
1.5815398
1.6070509
1.673634
1.5878487
1.6595422
1.6146053
1.6537573
1.562201
1.6277856
1.6090782
1.684842
1.5347422
1.586399
1.580405
1.582343
1.6491361
1.6459867
1.5870605
1.6540639
1.5411277
1.5949204
1.5293183
1.5850602
1.6167064
1.5182854
1.5928899
1.5540917
1.5046355
1.6589023
1.6189917
1.5803267
1.6583455
1.5649071
1.5986528
1.6768847
1.665149
1.593618
1.6686798
1.6229894
1.6297472
1.648298
1.5361366
1.6011022
1.585354
1.6791817
1.6078193
1.613141
1.6364973
1.5863289
1.5706772
1.5503808
1.610135
1.6618732
1.6842688
1.5673143
1.574589
1.5855745
1.6271162
1.6055537
1.5986972
1.6363487
1.6319723
1.5397565
1.6347685
1.6226584
1.6659455
1.56283
1.5999618
1.6683713
1.6525413
1.6235877
1.6691896
1.6771655
1.5786883
1.6514795
1.6360148
1.5974488
1.5953844
1.5920355
1.5999527
1.6466483
1.6825597
1.5716197
1.6275687
1.5847733
1.6329184
1.6228181
1.6618828
1.6252453
1.584802
1.6180371
1.5475147
1.620502
1.6616715
1.7006385
1.6202713
1.5169338
1.5509118
1.6185766
1.5553552
1.6353552
1.6186888
1.661876
1.5784271
1.5799
1.7511244
1.6196302
1.5745233
1.6080824
1.6252762
1.5433772
1.6299347
1.5403169
1.6497447
1.7220536
1.6124148
1.6332011
1.5575451
1.6964982
1.5856819
1.717993
1.5849966
1.5847857
1.7618568
1.604828
1.6847701
1.5178682
1.6586145
1.550808
1.6211219
1.5940096
1.588373
1.5693536
1.5862151
1.5765784
1.5895153
1.5873793
1.655535
1.5992035
1.6817387
1.6222724
1.6696987
1.6433725
1.6224272
1.626478
1.5874977
1.5388784
1.5246942
1.635787
1.6016932
1.5156175
1.5751888
1.6350002
1.5772747
1.5644587
1.6070597
1.6646074
1.608999
1.5542998
1.6040372
1.5623112
1.6554462
1.6555519
1.4871516
1.6185936
1.6600617
1.5507387
1.6408843
1.5831947
1.5848856
1.631593
1.5102262
1.4754443
1.5914775
1.5613916
1.6221904
1.5723855
1.6736629
1.5731032
1.5360698
1.6052071
1.6497023
1.6029854
1.5900639
1.6377883
1.65266
1.6186866
1.5707796
1.6638393
1.634452
1.6012089
1.6976345
1.7150139
1.6839024
1.568785
1.612854
1.5343863
1.6963687
1.5984206
1.6613021
1.5828025
1.6344342
1.5617976
1.5409681
1.6211011
1.567025
1.5636362
1.6398108
1.6209145
1.6550385
1.5313483
1.5815041
1.639988
1.5548184
1.5826519
1.6638552
1.5110871
1.6394508
1.5771738
1.6193695
1.6810305
1.5315912
1.494005
1.5972478
1.5977929
1.5794669
1.537806
1.6838601
1.6840057
1.6499805
1.6471092
1.5899408
1.651326
1.6381365
1.5606405
1.6523347
1.5923448
1.6903677
1.6457442
1.5916356
1.6362083
1.5873146
1.559872
1.6183653
1.5801495
1.6206955
1.5802096
1.6354655
1.6134102
1.6582478
1.6780206
1.6217922
1.4892997
1.5430002
test_variance_wealth
0.06240752
0.06247779
0.06168125
0.060434315
0.057173073
0.061263356
0.061281823
0.05959715
0.06126501
0.06406153
0.05773814
0.059422158
0.059948854
0.06505366
0.06322492
0.06099901
0.0613137
0.060127486
0.06270695
0.060746294
0.059226476
0.06303404
0.060770538
0.060705207
0.06237403
0.061735533
0.061248105
0.060405534
0.059656285
0.06458124
0.06213895
0.058473714
0.058845535
0.059851315
0.062395643
0.05972927
0.05824579
0.056686368
0.060408622
0.06421262
0.061790355
0.05887448
0.06622135
0.061561793
0.060849227
0.061308034
0.05876321
0.06104334
0.06079298
0.06205129
0.06189979
0.05996917
0.060412835
0.05917904
0.05782098
0.057917193
0.06438876
0.06422606
0.061518315
0.06064222
0.06024768
0.06074498
0.059203528
0.058976322
0.064183936
0.05900491
0.05794052
0.06269307
0.06394527
0.059565373
0.058124203
0.057741158
0.06088812
0.058183268
0.06016655
0.06140308
0.057565056
0.061490014
0.06162095
0.064162396
0.060604673
0.059125926
0.061070964
0.0604151
0.061308313
0.061158754
0.06311153
0.059934653
0.061833635
0.05953882
0.060031585
0.060154162
0.06274601
0.06461627
0.060617764
0.057283685
0.05554334
0.06357329
0.06292153
0.061297532
0.058672123
0.061487935
0.059365813
0.06089634
0.05704291
0.0635381
0.058976203
0.05738944
0.060469724
0.06504058
0.058579452
0.060074806
0.06155918
0.06319244
0.0655188
0.059562236
0.05919218
0.0602188
0.05610166
0.06273918
0.06014584
0.058061868
0.059894167
0.059851784
0.05957634
0.05722788
0.059678353
0.06062743
0.06598415
0.057059873
0.06250757
0.060383864
0.06031078
0.062409732
0.059208006
0.060090803
0.061417393
0.058901206
0.059496984
0.057802107
0.06148714
0.05845634
0.06300692
0.05694677
0.060717337
0.061355416
0.05779056
0.06365917
0.06174331
0.06297385
0.057130743
0.05938336
0.06281353
0.06266391
0.06836815
0.06024574
0.0626685
0.0629839
0.059964236
0.05909711
0.059030816
0.059877742
0.06388457
0.056455195
0.06323981
0.06301994
0.06299861
0.060288135
0.06546389
0.058445495
0.064522706
0.06035827
0.06100957
0.06525598
0.06369396
0.06319071
0.06523766
0.061179757
0.061605513
0.058452126
0.06152359
0.05910788
0.06443944
0.059670664
0.060373127
0.060084693
0.060583573
0.05889296
0.061719857
0.059625473
0.060855433
0.060801964
0.06281066
0.059682198
0.059897635
0.0592003
0.06848951
0.0628751
0.062087543
0.057884242
0.0590032
0.058974333
0.060273867
0.058687557
0.06754969
0.061171528
0.06201121
0.063131645
0.06383496
0.06164928
0.059789248
0.05988251
0.06396481
0.06057779
0.060025383
0.062200435
0.06443233
0.059015643
0.06345509
0.058009814
0.061184864
0.06014729
0.05687547
0.060583655
0.064955235
0.060596306
0.061115105
0.06059348
0.06434817
0.057835463
0.05887926
0.059036154
0.059319306
0.06122419
0.05945337
0.058584258
0.061041255
0.060177658
0.05920447
0.05873025
0.060595375
0.060494475
0.06133032
0.0610509
0.06301332
0.060485467
0.060407903
0.060323402
0.06062385
0.06313343
0.06543344
0.05916108
0.060204625
0.060821887
0.06344162
0.06552813
test_wealth_with_price_abs_mean
0.19556946
0.19582228
0.19465464
0.19252066
0.18794276
0.19402868
0.19403784
0.1915368
0.19395809
0.1980397
0.18898658
0.19133684
0.19171144
0.1994219
0.1966291
0.1937305
0.19395581
0.1919922
0.19621538
0.19354618
0.19091852
0.19679397
0.19324233
0.19343291
0.19543317
0.19482018
0.19424881
0.19277045
0.19186269
0.1988515
0.19511808
0.18990453
0.1904896
0.1916267
0.19555336
0.19200964
0.1893881
0.18703288
0.19279225
0.19797394
0.19471975
0.1902951
0.20083608
0.19434918
0.19350202
0.19423543
0.19015963
0.19396654
0.19327395
0.19511874
0.19477825
0.1920586
0.19283803
0.19089465
0.1886727
0.18872845
0.19848333
0.19827747
0.19433296
0.19294322
0.19248475
0.19313523
0.19093998
0.19076028
0.19833276
0.19056353
0.18943112
0.19585001
0.19769771
0.19141214
0.18938
0.18871026
0.1933996
0.18926108
0.19236596
0.19434088
0.18846531
0.19409432
0.19469145
0.19806589
0.19313984
0.19113326
0.19354418
0.19255888
0.1940716
0.19353074
0.19676544
0.19211213
0.19456771
0.19131598
0.19217077
0.1922281
0.19601673
0.19856553
0.19303957
0.18801543
0.1853403
0.19697295
0.19678226
0.19400583
0.19015731
0.19415443
0.19113967
0.193474
0.18768738
0.19734259
0.19082516
0.18773681
0.19255643
0.19912396
0.19034143
0.19205368
0.19459884
0.1965071
0.2000952
0.19142558
0.19068114
0.1922177
0.186512
0.19634964
0.19188736
0.18960829
0.19152673
0.19198109
0.19181494
0.18762209
0.1916995
0.19234619
0.20088296
0.18772265
0.19603373
0.19260332
0.19273306
0.19569251
0.19131124
0.19246913
0.19418585
0.19092149
0.19176748
0.18866514
0.19421099
0.18957587
0.19613959
0.18749483
0.19288549
0.19437286
0.18905167
0.19730385
0.19516322
0.1966486
0.18815903
0.19145176
0.19650905
0.19615841
0.20374858
0.19263904
0.19653653
0.19642803
0.19196293
0.19094159
0.19101998
0.19204377
0.19795969
0.18681657
0.19642028
0.19693476
0.19629396
0.19233069
0.19990353
0.18986097
0.1984292
0.19269392
0.1933602
0.19981377
0.19785328
0.19646621
0.1997011
0.19370033
0.19476086
0.18957344
0.19445483
0.1913473
0.19821283
0.19153252
0.19257258
0.19240533
0.19278973
0.19042009
0.19492579
0.19195682
0.19313668
0.19353044
0.19608139
0.19140473
0.19192904
0.1907795
0.20463125
0.1963352
0.19532089
0.18881509
0.19075218
0.19028144
0.19258986
0.19020201
0.2025209
0.1943445
0.19475152
0.19656351
0.1978992
0.19441752
0.19182768
0.19189034
0.19799243
0.19304615
0.19253989
0.19546165
0.19838451
0.19031678
0.19745436
0.18910185
0.1939138
0.19231728
0.18736716
0.1934327
0.19961119
0.19288385
0.19386065
0.1932655
0.19850305
0.1885075
0.1902198
0.19051282
0.19113101
0.19379726
0.19130349
0.18985775
0.1942024
0.19216146
0.19100401
0.19019346
0.19283594
0.19311878
0.19370885
0.19354871
0.19664514
0.19296663
0.19268833
0.19275917
0.19311918
0.19628814
0.19992737
0.19075698
0.19206604
0.19309728
0.19748072
0.2002187
test_wealth_with_price_variance
0.06240752
0.06247779
0.06168125
0.060434315
0.057173073
0.061263356
0.061281823
0.05959715
0.06126501
0.06406153
0.05773814
0.059422158
0.059948854
0.06505366
0.06322492
0.06099901
0.0613137
0.060127486
0.06270695
0.060746294
0.059226476
0.06303404
0.060770538
0.060705207
0.06237403
0.061735533
0.061248105
0.060405534
0.059656285
0.06458124
0.06213895
0.058473714
0.058845535
0.059851315
0.062395643
0.05972927
0.05824579
0.056686368
0.060408622
0.06421262
0.061790355
0.05887448
0.06622135
0.061561793
0.060849227
0.061308034
0.05876321
0.06104334
0.06079298
0.06205129
0.06189979
0.05996917
0.060412835
0.05917904
0.05782098
0.057917193
0.06438876
0.06422606
0.061518315
0.06064222
0.06024768
0.06074498
0.059203528
0.058976322
0.064183936
0.05900491
0.05794052
0.06269307
0.06394527
0.059565373
0.058124203
0.057741158
0.06088812
0.058183268
0.06016655
0.06140308
0.057565056
0.061490014
0.06162095
0.064162396
0.060604673
0.059125926
0.061070964
0.0604151
0.061308313
0.061158754
0.06311153
0.059934653
0.061833635
0.05953882
0.060031585
0.060154162
0.06274601
0.06461627
0.060617764
0.057283685
0.05554334
0.06357329
0.06292153
0.061297532
0.058672123
0.061487935
0.059365813
0.06089634
0.05704291
0.0635381
0.058976203
0.05738944
0.060469724
0.06504058
0.058579452
0.060074806
0.06155918
0.06319244
0.0655188
0.059562236
0.05919218
0.0602188
0.05610166
0.06273918
0.06014584
0.058061868
0.059894167
0.059851784
0.05957634
0.05722788
0.059678353
0.06062743
0.06598415
0.057059873
0.06250757
0.060383864
0.06031078
0.062409732
0.059208006
0.060090803
0.061417393
0.058901206
0.059496984
0.057802107
0.06148714
0.05845634
0.06300692
0.05694677
0.060717337
0.061355416
0.05779056
0.06365917
0.06174331
0.06297385
0.057130743
0.05938336
0.06281353
0.06266391
0.06836815
0.06024574
0.0626685
0.0629839
0.059964236
0.05909711
0.059030816
0.059877742
0.06388457
0.056455195
0.06323981
0.06301994
0.06299861
0.060288135
0.06546389
0.058445495
0.064522706
0.06035827
0.06100957
0.06525598
0.06369396
0.06319071
0.06523766
0.061179757
0.061605513
0.058452126
0.06152359
0.05910788
0.06443944
0.059670664
0.060373127
0.060084693
0.060583573
0.05889296
0.061719857
0.059625473
0.060855433
0.060801964
0.06281066
0.059682198
0.059897635
0.0592003
0.06848951
0.0628751
0.062087543
0.057884242
0.0590032
0.058974333
0.060273867
0.058687557
0.06754969
0.061171528
0.06201121
0.063131645
0.06383496
0.06164928
0.059789248
0.05988251
0.06396481
0.06057779
0.060025383
0.062200435
0.06443233
0.059015643
0.06345509
0.058009814
0.061184864
0.06014729
0.05687547
0.060583655
0.064955235
0.060596306
0.061115105
0.06059348
0.06434817
0.057835463
0.05887926
0.059036154
0.059319306
0.06122419
0.05945337
0.058584258
0.061041255
0.060177658
0.05920447
0.05873025
0.060595375
0.060494475
0.06133032
0.0610509
0.06301332
0.060485467
0.060407903
0.060323402
0.06062385
0.06313343
0.06543344
0.05916108
0.060204625
0.060821887
0.06344162
0.06552813
price
1.625008
1.5681188
1.5822271
1.6069336
1.6736312
1.5887185
1.6594507
1.6149455
1.6545422
1.5623096
1.6272701
1.6092256
1.6842371
1.5355028
1.5866765
1.5802283
1.581919
1.6496739
1.6461728
1.5874246
1.6539547
1.5415874
1.5957347
1.5291774
1.5856347
1.6170901
1.5188315
1.5937206
1.5547805
1.5040914
1.6588521
1.6193826
1.5809718
1.6579727
1.5645093
1.5981534
1.6770521
1.6656723
1.5937132
1.6689665
1.6232115
1.6299832
1.6483489
1.5354851
1.6008893
1.5852813
1.6793629
1.6077552
1.6131619
1.6369957
1.5863602
1.5700083
1.5505757
1.6099594
1.6621529
1.6843395
1.566604
1.5748525
1.5853165
1.6268923
1.6054925
1.5985445
1.6372831
1.6317769
1.5396584
1.6347858
1.6216081
1.6666588
1.5628868
1.6006271
1.6680437
1.6524134
1.6235328
1.6693664
1.6765456
1.579493
1.6513951
1.6361738
1.597766
1.5961434
1.5924966
1.5990717
1.647867
1.6830555
1.5716051
1.6278118
1.5854529
1.6328751
1.6224763
1.6615616
1.6255696
1.5850046
1.6186582
1.5480782
1.6195409
1.6613822
1.7010846
1.619609
1.5168358
1.5514169
1.6188114
1.5560106
1.6357584
1.6194518
1.6626844
1.5778314
1.5800571
1.7523384
1.6193967
1.5741906
1.6086477
1.6256999
1.5435483
1.6301
1.5403084
1.6496866
1.7214622
1.6115922
1.6337157
1.5580735
1.6964793
1.5860387
1.7182469
1.585268
1.5854175
1.7615494
1.6059309
1.6843143
1.519005
1.6590719
1.5501785
1.6218677
1.5940838
1.5885243
1.5699579
1.5858691
1.576347
1.5893779
1.5874964
1.6555551
1.6004064
1.6818155
1.6223179
1.6702436
1.6432445
1.621853
1.6267498
1.5875964
1.5396309
1.5254238
1.6366898
1.602424
1.5156978
1.5744902
1.635923
1.5774513
1.5644085
1.606591
1.6654031
1.6086836
1.5539851
1.6045464
1.5616128
1.655954
1.6556782
1.4870945
1.6184807
1.6601464
1.5515434
1.6403617
1.5831301
1.5859131
1.6316907
1.5096889
1.4758729
1.5906581
1.5620755
1.6228583
1.5727572
1.6733155
1.5741916
1.5363736
1.6056262
1.650876
1.6034073
1.5896741
1.6375804
1.6528782
1.6188686
1.5698097
1.6642987
1.6350113
1.6014587
1.6974978
1.7155603
1.6847429
1.5686879
1.6130117
1.5339559
1.6967554
1.5979655
1.6617479
1.583353
1.634912
1.5615658
1.5412256
1.6218094
1.5667416
1.5640724
1.6402755
1.6219498
1.6548755
1.5317311
1.5817282
1.6390885
1.554241
1.582161
1.664292
1.5106391
1.6402467
1.578053
1.6189278
1.6816773
1.5326095
1.4945135
1.5973461
1.5974237
1.5794094
1.5375835
1.6838825
1.6841198
1.649989
1.6466075
1.5903593
1.6517531
1.6379813
1.5605251
1.6518989
1.5919293
1.6903541
1.6453475
1.5918789
1.6372595
1.5881236
1.5596108
1.6190717
1.5807767
1.6215692
1.5799745
1.6357465
1.6132387
1.6580238
1.6782566
1.6220145
1.4897497
1.5433654
train_time
0.4787870999999999
0.6339671999994607
0.2776776999999129
0.27134380000006786
0.3973552999996173
0.2772694000004776
0.2759832000001552
0.278838000000178
0.2847903000001679
0.28011309999965306
0.2795980999999301
0.4253753000002689
0.2709385999996812
0.2855117999997674
0.27466290000029403
0.28385809999963385
0.28276349999941885
0.28073869999934686
0.5818907000002582
0.2813303000002634
0.2873031999997693
0.2934330999996746
0.2815664999998262
0.2938758999998754
0.2794402999998056
0.2846004000002722
0.2829117999999653
0.5118949999996403
0.28526870000041527
0.2903966000003493
0.28394120000029943
0.28899790000014036
0.2841338000007454
0.305424099999982
0.27748759999940376
0.30234699999982695
0.28757670000049984
0.29446790000019973
0.536823600000389
0.2875932999995712
0.281887099999949
0.3040259999997943
0.2793934999999692
0.2992020000001503
0.2845876999999746
0.2841662000000724
0.2951057000000219
0.28817869999966206
0.2900332999997772
0.30103739999958634
0.6197124999998778
0.2873270000000048
0.2923683999997593
0.28891139999996085
0.29899010000008275
0.28266680000069755
0.2900162999994791
0.28196200000002136
0.29436380000061035
0.2890259000005244
0.28987529999994877
0.29129199999988487
0.2979218000000401
0.29097189999993134
0.7031299999998737
0.2904441999999108
0.3024979000001622
0.2997981999997137
0.2858256999998048
0.2963635999994949
0.283729100000528
0.30611769999995886
0.29726060000029975
0.28266660000008414
0.2965110999994067
0.3016152999998667
0.29746499999964726
0.2946319000002404
0.3022337000002153
0.28301230000033684
0.31897879999996803
0.8293443000002299
0.4039929000000484
0.29195770000023913
0.3011924000002182
0.2907041999997091
0.2925392999995893
0.28911580000021786
0.2906047000005856
0.3099170999994385
0.3090469999997367
0.28966480000053707
0.28649399999994785
0.291900700000042
0.29496430000017426
0.2869505999997273
0.2920969000006153
0.2982406999999512
0.3022034999994503
0.2876129000005676
0.2874977999999828
0.8892507999998998
0.29944500000055996
0.29329859999961627
0.29373390000000654
0.29690779999964434
0.27931509999962145
0.2891490000001795
0.29164420000051905
0.2898992000000362
0.30398170000080427
0.29169659999934083
0.285874999999578
0.2938540999994075
0.37107000000014523
0.30616939999981696
0.2910238999993453
0.3264654000004157
0.2900583999999071
0.2859748999999283
0.32590869999967254
0.30362549999972543
0.2994484000000739
1.0120672000002742
0.29145169999992504
0.2895892000005915
0.29925399999956426
0.2959126000005199
0.29777089999970485
0.2851942000006602
0.303100799999811
0.30325730000004114
0.2950009999995018
0.30627410000033706
0.29768609999973705
0.2960114999996222
0.28907280000021274
0.28906740000002173
0.2999091000001499
0.28803919999973004
0.3082920999995622
0.29562970000006317
0.30156689999967057
0.29197019999992335
0.2919961000006879
0.28983250000055705
0.3645715000002383
0.3056421000001137
0.30280709999988176
0.2962545999998838
1.1878121999998257
0.307382900000448
0.29712130000007164
0.30267599999933736
0.2987900999996782
0.2903284000003623
0.2965264999993451
0.29537489999984246
0.2933044000001246
0.3010251000005155
0.29790520000005927
0.2912974999999278
0.30944649999946705
0.29572170000028564
0.2957903999995324
0.30406979999952455
0.29334949999974924
0.31226650000007794
0.30403109999951994
0.30200890000014624
0.2978858999995282
0.2919851999995444
0.2955840000004173
0.2964236999996501
0.28522549999979674
0.30640459999995073
0.29270809999979974
0.28572189999977127
0.3701246999999057
0.2995963999992455
0.30134429999998247
0.29100169999946957
1.3559583999995084
0.3010980999997628
0.28406230000018695
0.2960966999999073
0.29835710000043036
0.2969152000005124
0.2937271000000692
0.28932410000015807
0.2991050999999061
0.30937510000057955
0.3071673999993436
0.2824313000000984
0.3000256999994235
0.29631220000010217
0.2904118999995262
0.29719679999925575
0.292298700000174
0.2982556000006298
0.2925686999997197
0.30102480000005016
0.30545530000017607
0.2966344999995272
0.3068975000005594
0.29033290000006673
0.2985929999995278
0.29181989999960933
0.2968025000000125
0.3036621000001105
0.2982342000004792
0.30760279999958584
0.3056594999998197
0.3009481999997661
0.28414950000023964
0.3050118000001021
0.28933990000041376
0.28584419999970123
1.5958707999998296
0.29443350000019564
0.2931891000007454
0.30429329999969923
0.2949743999997736
0.2892910999999003
0.2920860999993238
0.2920547000003353
0.2999369999997725
0.29360730000007607
0.2915610000000015
0.3048230999993393
0.2953390999991825
0.300028999999995
0.28682709999975486
0.28883329999916896
0.29500129999996716
0.28840409999975236
0.30888320000030944
0.2974138999998104
0.28644830000030197
0.3171061000002737
0.2945663999998942
0.3291324000001623
0.30742709999958606
0.2978639999992083
0.3065571999995882
0.29743820000021515
0.2905276999999842
0.31052790000012465
0.2953244000000268
0.3063609999999244
0.30723589999979595
0.29560769999989134
0.29124809999939316
0.29712000000017724
0.30212290000054054
0.29921749999994063


