================================================================================
=== continuous-time
train_risk
2.1596055
2.269132
2.1765497
2.2216966
2.2733717
2.2262938
2.3604476
2.256028
2.2815988
2.2511532
2.2815955
2.2947397
2.3579824
2.2594433
2.2386718
2.2572546
2.2032523
2.2531111
2.238767
2.3037324
2.3265424
2.2191355
2.2319834
2.191743
2.2557561
2.3054717
2.2372396
2.2594922
2.1632855
2.1623144
2.2813535
2.238663
2.278785
2.2395792
2.2033198
2.21981
2.3089628
2.3525534
2.2753775
2.3383772
2.2161074
2.2443006
2.3015187
2.1623182
2.2442834
2.2135181
2.2703178
2.2496538
2.2144988
2.3080778
2.2715442
2.1799636
2.180965
2.334905
2.3870676
2.2917588
2.204912
2.2240777
2.200232
2.3739903
2.2810767
2.1832323
2.2610362
2.2794254
2.1417336
2.3115342
2.4197545
2.2757583
2.3001873
2.2809486
2.3779
2.2587578
2.2586634
2.3767269
2.2396107
2.2792068
2.3282099
2.2735536
2.263625
2.294162
2.2308855
2.2383494
2.3549905
2.3131766
2.2481973
2.257003
2.1411152
2.2135768
2.2817013
2.3421707
2.303272
2.1266387
2.206158
2.186906
2.27591
2.3766901
2.3582044
2.2252078
2.1820414
2.2464721
2.2176826
2.2881675
2.2732565
2.3135474
2.3815274
2.196043
2.3238869
2.325292
2.2352762
2.1402106
2.278892
2.2361276
2.1197522
2.2518258
2.1639214
2.2809253
2.3771548
2.307325
2.2737691
2.281422
2.3393264
2.2528079
2.3996384
2.2965412
2.2018728
2.38569
2.3015757
2.2790394
2.2057974
2.2993178
2.1678977
2.2297761
2.2748454
2.2331326
2.1209373
2.2743607
2.2605038
2.267827
2.2769268
2.2774708
2.24014
2.283405
2.264566
2.3423254
2.3425252
2.3306062
2.2908235
2.2490144
2.281714
2.183731
2.329379
2.2576313
2.1533587
2.2439384
2.1727288
2.149715
2.2502427
2.217793
2.2072759
2.2446642
2.2893913
2.2649481
2.1519418
2.320293
2.2891855
2.0853941
2.2794836
2.1910462
2.1471167
2.2533007
2.3009548
2.2598333
2.256227
2.124165
2.1819444
2.310333
2.234311
2.3677406
2.2844465
2.2737398
2.3261645
2.203553
2.2901618
2.2986426
2.3199134
2.248244
2.280708
2.316957
2.3523085
2.1975396
2.337275
2.2844841
2.2738519
2.2724473
2.4967113
2.3810022
2.1990666
2.282752
2.1912596
2.253087
2.293947
2.2660794
2.1818762
2.1996882
2.2806103
2.200972
2.286124
2.2916393
2.223825
2.2485664
2.224868
2.2911828
2.2011442
2.1288142
2.3032281
2.2184908
2.1309996
2.287624
2.1981168
2.2727115
2.2063699
2.3781934
2.3071897
2.2161257
2.0715036
2.2581375
2.289904
2.2166011
2.2788525
2.3758972
2.3011122
2.2913642
2.2548444
2.2556195
2.3226144
2.2649848
2.235704
2.2187216
2.2354093
2.3045917
2.275503
2.2024326
2.2445543
2.220839
2.2587454
2.2593236
2.2750463
2.3096912
2.2248766
2.2655888
2.2543874
2.3010228
2.324257
2.2318132
2.1675239
2.1041033
test_risk
2.1863596
2.2658496
2.222753
2.2413669
2.2868986
2.224391
2.3665612
2.2541358
2.3069432
2.2512693
2.265811
2.3070283
2.4044704
2.2456937
2.2394407
2.2811007
2.237624
2.263072
2.2513175
2.2635345
2.3525229
2.2116892
2.21439
2.181745
2.2637284
2.303858
2.2111402
2.2816296
2.2232
2.1713564
2.298025
2.2003934
2.3038895
2.2586756
2.2425196
2.2543097
2.3094893
2.2783747
2.3136923
2.3040917
2.2443333
2.271239
2.293586
2.1653323
2.2431653
2.217411
2.2508798
2.2455409
2.2396634
2.2905762
2.253912
2.2178884
2.211536
2.3097181
2.3357043
2.2955396
2.207705
2.2464113
2.2251403
2.359907
2.2789023
2.195257
2.2231162
2.3029263
2.1617913
2.2797608
2.4000318
2.2832835
2.3027925
2.263589
2.3873107
2.2854955
2.2504275
2.3595076
2.2982304
2.278803
2.2733862
2.2838018
2.2480795
2.2690172
2.2664046
2.2303803
2.3839705
2.329571
2.264348
2.2825267
2.1802053
2.2288258
2.2733266
2.3602014
2.2784393
2.1728292
2.2454493
2.2084715
2.273565
2.3538978
2.3588278
2.2332392
2.1606402
2.2446098
2.2331984
2.2902522
2.2870905
2.3096697
2.3584113
2.2079506
2.2864919
2.366593
2.2710152
2.1887467
2.285747
2.23437
2.1168654
2.256557
2.210178
2.3292801
2.3526084
2.311092
2.3146827
2.2591593
2.3267343
2.2353382
2.4036732
2.288515
2.2038248
2.393229
2.2341096
2.2986841
2.1826038
2.3127842
2.1573396
2.2527797
2.241881
2.2583697
2.1778235
2.2485356
2.218435
2.2805371
2.2581074
2.2470274
2.2416303
2.3008397
2.2509606
2.3699274
2.3178172
2.3236988
2.2659252
2.243273
2.2287154
2.1576529
2.3089163
2.2469761
2.2137303
2.2441797
2.1758788
2.1906183
2.233251
2.2607505
2.2156634
2.2792704
2.2663715
2.3037355
2.1897275
2.3216581
2.2770543
2.1167364
2.3352888
2.2549524
2.1676013
2.282199
2.2822778
2.2622921
2.2893605
2.1441052
2.1755297
2.259992
2.2088335
2.3799317
2.2251813
2.3007708
2.3245814
2.2074711
2.2761142
2.3001277
2.29543
2.2341685
2.2657664
2.3197193
2.2867486
2.210294
2.2966163
2.2925084
2.2874863
2.2826993
2.4379
2.3941562
2.2173622
2.3106472
2.2523718
2.2626472
2.3153288
2.301786
2.2213092
2.198257
2.238338
2.156256
2.3070478
2.2759416
2.2505214
2.2676
2.2845063
2.2870517
2.1796927
2.1733172
2.2957942
2.2304244
2.1550572
2.288202
2.174112
2.271654
2.2243762
2.3259618
2.3096645
2.208767
2.0924857
2.2283301
2.2900531
2.2053044
2.2550185
2.3370185
2.3139074
2.3094378
2.2891319
2.2756426
2.3116388
2.2291048
2.220516
2.2358549
2.295999
2.328267
2.316863
2.2093108
2.2730393
2.1807435
2.2352214
2.2883863
2.3472779
2.3062205
2.2359803
2.2511854
2.2747393
2.31249
2.3374488
2.201239
2.1910179
2.0982747
test_mean_value
-0.0007053924
0.0010086055
-0.0032697956
-0.0008449512
0.0003482631
0.0023184393
-0.0009605841
0.00049628085
-0.0026635563
-0.000710911
-0.0042808293
0.0007383364
0.00046953536
-0.00044712427
0.000496601
0.0016934974
0.0006420204
-0.0009023096
0.0008961432
0.0009739148
0.00090410566
-0.0005753952
0.0018083673
0.0018926351
0.00014471532
0.001376431
0.0019282121
0.000280337
0.002719259
-0.00050384004
-0.0006623216
-0.0011547825
2.2589722e-05
0.00090953766
0.00057399255
0.00028412355
0.002954601
0.0009589923
0.0010819345
-0.0001094801
0.0014102135
0.00068614713
0.0006464749
0.00066204264
0.0030998967
-0.0019461139
0.0012800369
0.0019877588
0.0017437574
-6.7362664e-05
-0.0010428
-0.0012721643
-0.0016351463
-0.0008574164
0.000753522
0.000983297
-0.00041519347
-0.0013436835
-0.0014551778
0.0011209007
-0.00058827514
-0.00058890716
-0.00096829335
-0.0009875348
0.0009495107
0.0023982173
0.0006521949
-0.0020120696
-0.0006255193
-0.0006665963
0.001413298
-0.0006324806
-0.00025308313
-0.0021445232
0.00035635033
0.000110444766
-0.0010504094
9.698447e-05
-0.0017018225
-0.001371398
0.0018189488
0.0006078096
-0.000605056
-0.0015908299
-0.0019275759
-0.0015110873
-0.0008256808
0.0008152068
-0.00016852551
0.0014139952
0.00037574253
-0.0015829036
-0.0011867298
0.0016283104
-0.0005409469
-0.0010215398
-0.0017552156
0.0012810037
0.0018793006
0.0015037362
0.00021655402
0.00015924402
0.0014017666
-0.00046889536
0.00073053275
-0.002786153
0.00048097747
-0.00053460913
0.0020366772
-0.0007566315
0.00039516555
-0.004273607
0.0022260917
0.00093453604
0.0006983669
0.0038556869
0.00078211114
-0.0014190999
-0.0013996374
0.00096935255
0.00024616235
-0.0017391265
-0.0013422067
0.0004104343
0.002024644
0.0007375073
-0.00038299058
-0.00023683421
0.0012817855
-0.002829299
-0.001016392
0.0013938936
0.001299042
-0.001974475
0.00016887499
-0.0006967021
0.0013972213
0.0018097856
0.0015167627
-0.0014398609
0.0014245864
0.001227663
-9.71201e-05
7.249435e-05
0.00054521963
-0.0010122926
-0.003189062
-0.0018955678
-0.00025563056
0.0016832105
0.0021599578
0.00069863646
-0.0009028201
-0.0014713341
-0.0009630021
-0.0017940421
0.00040765488
-0.0021356237
0.000614652
-0.0005589505
-0.00054226455
0.0017336531
-0.0027326366
1.7612381e-05
-0.0015726078
-0.00044381237
0.00025842167
0.00048556682
0.0013637992
-0.0015166822
0.0018673516
0.00034203063
0.0007682586
0.0014908337
0.00090410426
0.00083795155
-0.0015206982
-0.00034910536
-0.00072640664
-0.0010179734
0.00074421073
0.0013269145
-0.0020701203
-6.9349946e-05
-0.0009021225
0.0010637508
-0.0009750613
-0.0004288781
-0.0010564169
-0.0011037993
-0.00022268953
-0.0032093804
-0.0023200659
0.0008719502
0.000655656
0.0008160656
0.001251694
0.000661712
0.0005174146
-0.0018039775
0.00340549
0.00014143395
0.00011545494
0.00028894257
-0.0013372839
-0.0017877663
0.0002939359
-0.0010810498
0.0007610399
0.0005186362
-0.0031295635
-0.0023907006
0.0007665462
-0.0013964877
-0.0025793358
-0.00030974438
-0.0010033508
0.00047150356
0.002509839
0.0015685912
0.0016188688
0.0014871453
0.002038133
-0.0017665428
-0.0005953921
0.0006893885
0.0011211212
0.0021114901
-0.0009497926
-0.00082318624
0.0007564803
0.0014880585
-0.0028036195
-0.00059010147
-0.00065595197
0.0020016967
0.00091607304
0.00094109
-0.0014679161
0.00079094764
0.0010686731
-0.0017062458
0.002264052
0.0010402113
0.0012553568
-0.0006961933
0.0034553132
0.00022757502
0.0017455806
-0.0015573639
-0.0012095604
-0.0015709618
-0.0005968665
0.000114194096
0.00035301514
0.0021136692
test_mean_abs_value
0.5191571
0.56339085
0.54803336
0.5293053
0.5348765
0.5449317
0.58573645
0.5470307
0.5786519
0.5499581
0.51846135
0.5859959
0.5835976
0.5903082
0.55806315
0.55386376
0.52920187
0.5392386
0.5416634
0.5721147
0.60575575
0.5496579
0.52995133
0.55684084
0.5870906
0.5708652
0.557412
0.5710894
0.53469145
0.5256725
0.5869743
0.54229677
0.59267145
0.530959
0.56123143
0.52071226
0.5626476
0.5493653
0.5906287
0.5607053
0.5530659
0.54602516
0.5464193
0.53469145
0.5412433
0.53002465
0.5502927
0.5593206
0.54033226
0.5676402
0.54368895
0.53573745
0.54198104
0.5715684
0.589691
0.5436703
0.5194462
0.5386282
0.52793676
0.6597721
0.55703527
0.50764275
0.52112186
0.52593243
0.5278457
0.5523552
0.6516623
0.5618598
0.5710768
0.5494026
0.60094327
0.55426353
0.5229242
0.58980906
0.5494923
0.5887417
0.5731852
0.516347
0.53453106
0.5542264
0.5893979
0.52663285
0.6399067
0.5283158
0.5622336
0.54790276
0.51062316
0.54612327
0.553453
0.56226754
0.5560985
0.50056624
0.5368657
0.54136705
0.5543939
0.5804011
0.57103825
0.51637876
0.52840185
0.5359419
0.5193081
0.5723717
0.5492005
0.5738907
0.6261719
0.52306527
0.598453
0.568511
0.5736926
0.5151678
0.53426176
0.5214088
0.4957893
0.5223009
0.5434366
0.579002
0.5451085
0.5619781
0.5657241
0.5283055
0.56177646
0.55262244
0.57478064
0.56564987
0.50655407
0.5779573
0.5671533
0.5642326
0.5130599
0.5789035
0.54890776
0.54973024
0.57412547
0.5486658
0.5067404
0.55830806
0.5247918
0.5648047
0.52412057
0.5220238
0.5865989
0.52426934
0.5543193
0.59192455
0.55482996
0.5654806
0.5473037
0.5567384
0.5336167
0.52322036
0.5683016
0.55156356
0.5418352
0.54979336
0.49076185
0.54096884
0.5297765
0.54668766
0.51490974
0.5839328
0.5621139
0.53209156
0.52600557
0.5827454
0.5635175
0.5090893
0.54730546
0.54549974
0.53890526
0.54297906
0.56019366
0.5527076
0.554854
0.556492
0.52883846
0.57887214
0.5432569
0.62903744
0.5389956
0.5698004
0.57115906
0.5461951
0.55170614
0.55754954
0.55327874
0.53421766
0.5535217
0.5617125
0.55589426
0.5304307
0.55357146
0.56594574
0.55523866
0.5260112
0.59714395
0.6164675
0.52625555
0.5270478
0.55424035
0.5308679
0.5648799
0.5629702
0.529096
0.53270763
0.570357
0.5140173
0.5396719
0.62084794
0.5475266
0.5446018
0.57288164
0.5590721
0.52177614
0.51737344
0.57040334
0.50764734
0.49972382
0.5273486
0.5091659
0.564831
0.5740494
0.61041194
0.55069715
0.5367112
0.5101957
0.538021
0.5929304
0.5125704
0.5723321
0.56648934
0.55083317
0.5675435
0.5663954
0.56386435
0.56861544
0.5199118
0.5509101
0.5135972
0.5601202
0.55532825
0.55239815
0.5626682
0.5754253
0.5436971
0.53159183
0.5394578
0.633904
0.53766954
0.53228694
0.5431918
0.56024724
0.54548216
0.5721399
0.5475532
0.51984227
0.50286597
test_variance_value
0.417609
0.48749128
0.46548572
0.43343773
0.44217873
0.46090454
0.52895695
0.4649045
0.513781
0.46777484
0.4189211
0.522196
0.52044195
0.5312516
0.48247096
0.47507545
0.4337463
0.44889697
0.4539387
0.5011387
0.5611073
0.46627998
0.43666127
0.48050383
0.52934307
0.5040472
0.478751
0.50465894
0.44368246
0.42616653
0.53201294
0.45636317
0.53520477
0.44249445
0.4874373
0.41852266
0.48875162
0.4667226
0.535581
0.48471576
0.4737947
0.46003616
0.46233082
0.44483373
0.45358256
0.43396872
0.46821666
0.4848871
0.44956625
0.4965998
0.4580765
0.44161597
0.4543074
0.5027117
0.53647023
0.45501554
0.41716442
0.4471545
0.43491766
0.65359527
0.47752178
0.40283856
0.42061874
0.4308962
0.43400645
0.46965995
0.644505
0.4888157
0.5030655
0.47305393
0.55486673
0.47415683
0.42525318
0.5329867
0.462165
0.5317845
0.5018372
0.41368142
0.44063506
0.4804143
0.5292164
0.4272012
0.6168355
0.43182302
0.48950085
0.4637352
0.40602887
0.46166703
0.47154963
0.49280328
0.47781354
0.3901754
0.4453971
0.45187137
0.4748494
0.5152362
0.5029852
0.41619498
0.43145937
0.4489405
0.4202432
0.50554323
0.46821624
0.50666815
0.58955014
0.42393348
0.5461379
0.4949824
0.50562924
0.41080222
0.44134346
0.42296237
0.38222638
0.42182863
0.45429233
0.51597416
0.4616511
0.48718143
0.4935385
0.43272272
0.4853162
0.4682006
0.50537527
0.49179867
0.39893287
0.5119477
0.49681392
0.4888453
0.41044527
0.51142275
0.46479374
0.46749628
0.5123485
0.46650773
0.40131807
0.48077148
0.427235
0.49259648
0.42582887
0.42186517
0.52825046
0.42594382
0.47197708
0.5412881
0.47774252
0.49616647
0.4610697
0.47773507
0.44382054
0.42699295
0.49803945
0.4688957
0.45445225
0.4692996
0.3741633
0.45304993
0.4341179
0.46606335
0.4111181
0.526019
0.4876929
0.43715099
0.4292484
0.5198838
0.4896764
0.4016251
0.45953432
0.459813
0.4494777
0.45981407
0.48353878
0.47455755
0.4736652
0.47765237
0.43139035
0.5157426
0.46192515
0.6009775
0.4466679
0.5003618
0.5046726
0.4662029
0.4708019
0.4766652
0.46972713
0.44070616
0.4761561
0.48920447
0.4770079
0.43767697
0.4746275
0.48951483
0.47772732
0.42849776
0.5478067
0.5742251
0.42988342
0.4336114
0.47421873
0.4375611
0.49153793
0.484315
0.43581176
0.43781143
0.50541055
0.41261917
0.44775394
0.5907722
0.46469548
0.45603204
0.5060187
0.48337615
0.42347297
0.41584763
0.50208884
0.40165535
0.38954172
0.4306209
0.40261057
0.4933285
0.50568676
0.5667251
0.4665651
0.44446766
0.40526146
0.44752002
0.5331885
0.40875727
0.5025863
0.49311996
0.46921974
0.49477607
0.49171972
0.49290472
0.49882767
0.41853502
0.4679696
0.40799537
0.48537403
0.47522336
0.47133467
0.4848442
0.50840634
0.45941362
0.43530437
0.44950002
0.60482043
0.45046756
0.4379263
0.45800608
0.48596525
0.46103618
0.50453657
0.46537405
0.41887957
0.39510882
test_mean_costs
0.0
0.0
0.0
0.0
0.0
0.0
0.0
0.0
0.0
0.0
0.0
0.0
0.0
0.0
0.0
0.0
0.0
0.0
0.0
0.0
0.0
0.0
0.0
0.0
0.0
0.0
0.0
0.0
0.0
0.0
0.0
0.0
0.0
0.0
0.0
0.0
0.0
0.0
0.0
0.0
0.0
0.0
0.0
0.0
0.0
0.0
0.0
0.0
0.0
0.0
0.0
0.0
0.0
0.0
0.0
0.0
0.0
0.0
0.0
0.0
0.0
0.0
0.0
0.0
0.0
0.0
0.0
0.0
0.0
0.0
0.0
0.0
0.0
0.0
0.0
0.0
0.0
0.0
0.0
0.0
0.0
0.0
0.0
0.0
0.0
0.0
0.0
0.0
0.0
0.0
0.0
0.0
0.0
0.0
0.0
0.0
0.0
0.0
0.0
0.0
0.0
0.0
0.0
0.0
0.0
0.0
0.0
0.0
0.0
0.0
0.0
0.0
0.0
0.0
0.0
0.0
0.0
0.0
0.0
0.0
0.0
0.0
0.0
0.0
0.0
0.0
0.0
0.0
0.0
0.0
0.0
0.0
0.0
0.0
0.0
0.0
0.0
0.0
0.0
0.0
0.0
0.0
0.0
0.0
0.0
0.0
0.0
0.0
0.0
0.0
0.0
0.0
0.0
0.0
0.0
0.0
0.0
0.0
0.0
0.0
0.0
0.0
0.0
0.0
0.0
0.0
0.0
0.0
0.0
0.0
0.0
0.0
0.0
0.0
0.0
0.0
0.0
0.0
0.0
0.0
0.0
0.0
0.0
0.0
0.0
0.0
0.0
0.0
0.0
0.0
0.0
0.0
0.0
0.0
0.0
0.0
0.0
0.0
0.0
0.0
0.0
0.0
0.0
0.0
0.0
0.0
0.0
0.0
0.0
0.0
0.0
0.0
0.0
0.0
0.0
0.0
0.0
0.0
0.0
0.0
0.0
0.0
0.0
0.0
0.0
0.0
0.0
0.0
0.0
0.0
0.0
0.0
0.0
0.0
0.0
0.0
0.0
0.0
0.0
0.0
0.0
0.0
0.0
0.0
0.0
0.0
0.0
0.0
0.0
0.0
0.0
0.0
0.0
0.0
0.0
0.0
test_mean_abs_costs
0.0
0.0
0.0
0.0
0.0
0.0
0.0
0.0
0.0
0.0
0.0
0.0
0.0
0.0
0.0
0.0
0.0
0.0
0.0
0.0
0.0
0.0
0.0
0.0
0.0
0.0
0.0
0.0
0.0
0.0
0.0
0.0
0.0
0.0
0.0
0.0
0.0
0.0
0.0
0.0
0.0
0.0
0.0
0.0
0.0
0.0
0.0
0.0
0.0
0.0
0.0
0.0
0.0
0.0
0.0
0.0
0.0
0.0
0.0
0.0
0.0
0.0
0.0
0.0
0.0
0.0
0.0
0.0
0.0
0.0
0.0
0.0
0.0
0.0
0.0
0.0
0.0
0.0
0.0
0.0
0.0
0.0
0.0
0.0
0.0
0.0
0.0
0.0
0.0
0.0
0.0
0.0
0.0
0.0
0.0
0.0
0.0
0.0
0.0
0.0
0.0
0.0
0.0
0.0
0.0
0.0
0.0
0.0
0.0
0.0
0.0
0.0
0.0
0.0
0.0
0.0
0.0
0.0
0.0
0.0
0.0
0.0
0.0
0.0
0.0
0.0
0.0
0.0
0.0
0.0
0.0
0.0
0.0
0.0
0.0
0.0
0.0
0.0
0.0
0.0
0.0
0.0
0.0
0.0
0.0
0.0
0.0
0.0
0.0
0.0
0.0
0.0
0.0
0.0
0.0
0.0
0.0
0.0
0.0
0.0
0.0
0.0
0.0
0.0
0.0
0.0
0.0
0.0
0.0
0.0
0.0
0.0
0.0
0.0
0.0
0.0
0.0
0.0
0.0
0.0
0.0
0.0
0.0
0.0
0.0
0.0
0.0
0.0
0.0
0.0
0.0
0.0
0.0
0.0
0.0
0.0
0.0
0.0
0.0
0.0
0.0
0.0
0.0
0.0
0.0
0.0
0.0
0.0
0.0
0.0
0.0
0.0
0.0
0.0
0.0
0.0
0.0
0.0
0.0
0.0
0.0
0.0
0.0
0.0
0.0
0.0
0.0
0.0
0.0
0.0
0.0
0.0
0.0
0.0
0.0
0.0
0.0
0.0
0.0
0.0
0.0
0.0
0.0
0.0
0.0
0.0
0.0
0.0
0.0
0.0
0.0
0.0
0.0
0.0
0.0
0.0
test_variance_costs
0.0
0.0
0.0
0.0
0.0
0.0
0.0
0.0
0.0
0.0
0.0
0.0
0.0
0.0
0.0
0.0
0.0
0.0
0.0
0.0
0.0
0.0
0.0
0.0
0.0
0.0
0.0
0.0
0.0
0.0
0.0
0.0
0.0
0.0
0.0
0.0
0.0
0.0
0.0
0.0
0.0
0.0
0.0
0.0
0.0
0.0
0.0
0.0
0.0
0.0
0.0
0.0
0.0
0.0
0.0
0.0
0.0
0.0
0.0
0.0
0.0
0.0
0.0
0.0
0.0
0.0
0.0
0.0
0.0
0.0
0.0
0.0
0.0
0.0
0.0
0.0
0.0
0.0
0.0
0.0
0.0
0.0
0.0
0.0
0.0
0.0
0.0
0.0
0.0
0.0
0.0
0.0
0.0
0.0
0.0
0.0
0.0
0.0
0.0
0.0
0.0
0.0
0.0
0.0
0.0
0.0
0.0
0.0
0.0
0.0
0.0
0.0
0.0
0.0
0.0
0.0
0.0
0.0
0.0
0.0
0.0
0.0
0.0
0.0
0.0
0.0
0.0
0.0
0.0
0.0
0.0
0.0
0.0
0.0
0.0
0.0
0.0
0.0
0.0
0.0
0.0
0.0
0.0
0.0
0.0
0.0
0.0
0.0
0.0
0.0
0.0
0.0
0.0
0.0
0.0
0.0
0.0
0.0
0.0
0.0
0.0
0.0
0.0
0.0
0.0
0.0
0.0
0.0
0.0
0.0
0.0
0.0
0.0
0.0
0.0
0.0
0.0
0.0
0.0
0.0
0.0
0.0
0.0
0.0
0.0
0.0
0.0
0.0
0.0
0.0
0.0
0.0
0.0
0.0
0.0
0.0
0.0
0.0
0.0
0.0
0.0
0.0
0.0
0.0
0.0
0.0
0.0
0.0
0.0
0.0
0.0
0.0
0.0
0.0
0.0
0.0
0.0
0.0
0.0
0.0
0.0
0.0
0.0
0.0
0.0
0.0
0.0
0.0
0.0
0.0
0.0
0.0
0.0
0.0
0.0
0.0
0.0
0.0
0.0
0.0
0.0
0.0
0.0
0.0
0.0
0.0
0.0
0.0
0.0
0.0
0.0
0.0
0.0
0.0
0.0
0.0
test_mean_wealth
-1.5367101
-1.5984573
-1.5726757
-1.603744
-1.6555926
-1.5661834
-1.7155267
-1.6055212
-1.6363853
-1.5830672
-1.65269
-1.6292299
-1.7617892
-1.5538213
-1.5690985
-1.6194447
-1.607636
-1.6292895
-1.6038221
-1.5662265
-1.67889
-1.5455251
-1.5620774
-1.479015
-1.5747337
-1.6260908
-1.5274607
-1.617311
-1.5630045
-1.4868004
-1.6225429
-1.5377163
-1.6264852
-1.6251057
-1.5640652
-1.6277434
-1.6649227
-1.630146
-1.6224918
-1.6557544
-1.5887364
-1.6305654
-1.6554728
-1.4927547
-1.5882734
-1.5696183
-1.6040629
-1.5771894
-1.5914204
-1.6115748
-1.6007837
-1.5719166
-1.5439985
-1.6599683
-1.6672614
-1.6633404
-1.572142
-1.6047902
-1.5788568
-1.6237326
-1.6293731
-1.5555017
-1.587213
-1.6989919
-1.499564
-1.6312255
-1.6566433
-1.6276624
-1.6451958
-1.6028513
-1.7151881
-1.6251726
-1.6239281
-1.707086
-1.6644118
-1.5967815
-1.587504
-1.6721272
-1.604778
-1.6139166
-1.5764139
-1.5994198
-1.660163
-1.7196016
-1.5897508
-1.6407872
-1.5371816
-1.5714433
-1.6230884
-1.7332367
-1.6321121
-1.5403967
-1.5901793
-1.5445312
-1.6100612
-1.6849767
-1.7077302
-1.6039124
-1.5009611
-1.590683
-1.5957314
-1.6193794
-1.6345426
-1.6591951
-1.644058
-1.5492206
-1.591682
-1.7332256
-1.5833477
-1.5473698
-1.6646835
-1.6140547
-1.4680567
-1.6275352
-1.5495746
-1.645875
-1.7372413
-1.6614197
-1.6510645
-1.6163385
-1.6888331
-1.5705808
-1.7765489
-1.628565
-1.5732359
-1.7592851
-1.5569409
-1.6523014
-1.5321974
-1.6509132
-1.4721905
-1.6054127
-1.5369074
-1.6103263
-1.5435486
-1.5771862
-1.5782478
-1.6053374
-1.6247263
-1.6252337
-1.5473049
-1.6958097
-1.6009146
-1.6854053
-1.6826822
-1.6545453
-1.6185678
-1.5565754
-1.5691476
-1.4862916
-1.6525846
-1.5869436
-1.5499357
-1.5688313
-1.5485337
-1.5288686
-1.582172
-1.5978185
-1.5810633
-1.5771927
-1.6103401
-1.6783983
-1.5365214
-1.6655275
-1.6067894
-1.4523515
-1.7059572
-1.6141067
-1.4906869
-1.644253
-1.6172986
-1.6036757
-1.636908
-1.42895
-1.509114
-1.5632558
-1.550556
-1.6903685
-1.5740764
-1.6278754
-1.6614665
-1.5353059
-1.6226169
-1.6485171
-1.6471429
-1.5898577
-1.6160383
-1.6663028
-1.6408509
-1.5640813
-1.6540005
-1.645334
-1.646171
-1.6594787
-1.7907599
-1.7203859
-1.569374
-1.6912068
-1.5804366
-1.6363524
-1.6650447
-1.6599307
-1.5783823
-1.5493451
-1.5574263
-1.5000191
-1.6766219
-1.517493
-1.6009696
-1.623554
-1.6135159
-1.6356682
-1.5310919
-1.5270158
-1.6276186
-1.6097949
-1.5195426
-1.6718591
-1.5334386
-1.5955496
-1.5434791
-1.6179888
-1.6785117
-1.5575901
-1.4161729
-1.5717132
-1.5979508
-1.578793
-1.5875434
-1.6952536
-1.686434
-1.6645848
-1.625595
-1.608286
-1.6349652
-1.6000178
-1.5622274
-1.6151129
-1.650563
-1.6974095
-1.6850047
-1.5245787
-1.6052248
-1.5147539
-1.5899765
-1.6593972
-1.6341954
-1.6726065
-1.5969782
-1.6082982
-1.6197467
-1.6773685
-1.6888784
-1.5237932
-1.5438509
-1.43544
test_mean_abs_wealth
1.5367668
1.5985563
1.5727453
1.6037807
1.6556103
1.5662689
1.7155881
1.6055747
1.6364626
1.583163
1.6526979
1.6293422
1.7618306
1.553975
1.569203
1.6195158
1.6076885
1.6293036
1.6038849
1.5664281
1.6790228
1.5456018
1.5621436
1.4793297
1.5748799
1.626162
1.5276406
1.6173797
1.5630863
1.4869306
1.6226283
1.5378368
1.6266354
1.6251535
1.5641901
1.6277628
1.6649824
1.6301899
1.6226159
1.6557888
1.5888178
1.630604
1.6555014
1.492886
1.5883206
1.569669
1.6041431
1.5772617
1.5914673
1.6116549
1.6008434
1.5719874
1.544092
1.6600126
1.6673238
1.6633674
1.5721678
1.6048312
1.578901
1.6240506
1.6294124
1.5555292
1.5872433
1.6990149
1.4997123
1.6312723
1.65683
1.6277189
1.645235
1.6029079
1.7152363
1.6252629
1.6239449
1.7071204
1.6644318
1.5969009
1.5875891
1.6721367
1.6048033
1.613979
1.5766186
1.5994534
1.6604043
1.7196152
1.5898339
1.640816
1.5372297
1.5715306
1.6231362
1.7332518
1.6321405
1.5404205
1.5902104
1.5446188
1.6101351
1.6850821
1.7077771
1.6039343
1.5011191
1.5907239
1.5957624
1.6194537
1.6346197
1.6592375
1.6441615
1.5493125
1.5918676
1.7332428
1.5834762
1.547414
1.6647043
1.614066
1.468107
1.6275531
1.5496887
1.645944
1.7372488
1.6614617
1.6511086
1.6163807
1.6888529
1.5706766
1.776566
1.6286287
1.5732799
1.7593086
1.5570621
1.6523521
1.5322348
1.6509701
1.4723854
1.6054897
1.5371003
1.6104189
1.5435807
1.57729
1.5783014
1.6054018
1.6247588
1.6252537
1.5475045
1.6958184
1.600962
1.6854513
1.6827027
1.6546143
1.6186022
1.5567157
1.5692201
1.4864253
1.6526563
1.5869987
1.5500504
1.5689751
1.548569
1.5289516
1.5822116
1.5979093
1.5810837
1.5773263
1.6104317
1.6784245
1.5365834
1.6656178
1.6068655
1.4524841
1.7059731
1.6141576
1.4907904
1.6442833
1.6173573
1.6037446
1.6369816
1.429244
1.5092454
1.5634112
1.5506458
1.6904474
1.5741153
1.6279618
1.6615216
1.5354513
1.622677
1.6485488
1.6471955
1.5899009
1.6160903
1.6663486
1.6408994
1.5641278
1.6540312
1.6453756
1.6462096
1.6595067
1.7907987
1.7205223
1.5694168
1.6912338
1.5804752
1.636371
1.665083
1.6599578
1.5784442
1.5494066
1.5576171
1.5001045
1.6766291
1.5180837
1.6010619
1.623608
1.6136276
1.635751
1.5311754
1.5270553
1.6276755
1.6098078
1.5195748
1.6718689
1.5334809
1.5956112
1.5436566
1.6182586
1.6785309
1.557651
1.4163489
1.5717524
1.5981159
1.5788454
1.5876617
1.6953025
1.6864649
1.6646299
1.6256893
1.60836
1.6350411
1.6000668
1.5623295
1.6151402
1.6505976
1.6974345
1.6850507
1.5247304
1.6053202
1.5149087
1.5899993
1.6594193
1.6344438
1.6726226
1.5970318
1.6083609
1.6198118
1.6773823
1.6889147
1.5239171
1.5439175
1.4355676
test_variance_wealth
0.097476274
0.10071876
0.09730277
0.09293941
0.092455216
0.09816438
0.09686956
0.09702456
0.09993105
0.10004618
0.08709053
0.10398357
0.093747266
0.10689572
0.1017635
0.09763674
0.091775425
0.092514805
0.0953527
0.108920895
0.10173192
0.10091082
0.09653445
0.109880015
0.1058453
0.10517928
0.10564826
0.10089843
0.09893216
0.106824525
0.10457922
0.09953038
0.103284255
0.09220647
0.10164138
0.09047143
0.09572691
0.09586665
0.10830772
0.094916366
0.09912871
0.09398945
0.0937603
0.101627655
0.096395604
0.09605913
0.096651174
0.10013008
0.096043795
0.10503452
0.09656943
0.095460474
0.10043327
0.09613627
0.10181791
0.090996355
0.092995614
0.09461409
0.09529498
0.119271606
0.09561955
0.0930589
0.09235395
0.08539648
0.1000401
0.09625624
0.11717648
0.09694889
0.09858752
0.09777462
0.10146192
0.099229656
0.09018491
0.09628307
0.09143731
0.10617069
0.10778232
0.087288514
0.09467421
0.09743005
0.10797992
0.09209054
0.11711907
0.085746884
0.1018167
0.09256801
0.09514256
0.09802898
0.096814826
0.0903975
0.09530278
0.09224038
0.09870501
0.09804243
0.10002789
0.102044575
0.094050735
0.0909882
0.09943087
0.095808744
0.09200453
0.1033892
0.09734755
0.096205674
0.11011601
0.09795645
0.107517965
0.092721574
0.10489148
0.094312005
0.08875715
0.09002004
0.09725596
0.09033281
0.10009977
0.105799995
0.08669339
0.09645162
0.09918733
0.0938609
0.0923506
0.09876738
0.090392664
0.10011719
0.091823705
0.09285126
0.103859715
0.095757805
0.09597041
0.09777103
0.1057698
0.09619532
0.11247581
0.0959851
0.09293208
0.10094237
0.09445896
0.10315575
0.09188883
0.090049036
0.10729895
0.085408315
0.09667712
0.0998779
0.09268001
0.100235924
0.095235996
0.10715194
0.09900735
0.1027726
0.097115554
0.09962449
0.09986555
0.10211568
0.09096728
0.099456266
0.09613663
0.09890635
0.09292897
0.1102296
0.09833669
0.090080425
0.096828245
0.098058686
0.101083815
0.10113937
0.08984885
0.093925074
0.1038677
0.09274458
0.100474894
0.09771838
0.09651071
0.114380784
0.100288935
0.1066372
0.09887217
0.10862592
0.09620383
0.100433275
0.0991187
0.10113814
0.0960676
0.09563299
0.095640264
0.09445515
0.096370846
0.097178616
0.09623531
0.09592504
0.09478574
0.0959932
0.094800815
0.089225374
0.093924426
0.10429732
0.094351
0.087779045
0.10094541
0.08990866
0.09601045
0.09441766
0.095189855
0.09675799
0.10441917
0.09825923
0.09064927
0.12670949
0.096210025
0.094405934
0.10192008
0.09610622
0.096863
0.09556258
0.102578685
0.089123964
0.09363468
0.087882794
0.0944375
0.100915276
0.10451458
0.11361905
0.09188598
0.096721746
0.1034613
0.097743884
0.10853573
0.091443956
0.10172723
0.09385715
0.09058298
0.095254816
0.100642644
0.09861142
0.10173664
0.091442615
0.09883518
0.09017468
0.09493472
0.09224841
0.09255931
0.10495248
0.101449646
0.10143071
0.0943309
0.09171861
0.11280927
0.090679824
0.093671
0.09490607
0.09851658
0.09184582
0.095361516
0.10421431
0.095432796
0.09991474
test_wealth_with_price_abs_mean
0.24352762
0.24622902
0.24253242
0.23771064
0.23717551
0.24318466
0.24138221
0.24209194
0.24459442
0.2451456
0.23074377
0.2498069
0.23768954
0.25247255
0.24761768
0.24225256
0.23633966
0.23711324
0.23988271
0.2549892
0.24625857
0.24675567
0.24132267
0.25562912
0.25119185
0.2515409
0.25121447
0.24647196
0.24447948
0.25457045
0.25088382
0.24473937
0.24811032
0.23637968
0.2463984
0.2347985
0.240237
0.2408511
0.2542461
0.23929289
0.24497032
0.23851469
0.23847796
0.24727732
0.24106136
0.241211
0.24211943
0.24540883
0.24102442
0.25197884
0.24150032
0.24054421
0.24624442
0.24066485
0.24718352
0.23499231
0.23800352
0.23986074
0.24049902
0.26463968
0.24024245
0.23795255
0.23706801
0.22851942
0.24579653
0.24133363
0.2618752
0.2418271
0.24378826
0.24226929
0.24609038
0.24403591
0.23429987
0.24052088
0.23527728
0.2521521
0.25522825
0.23108178
0.23992069
0.24220285
0.2540599
0.23663493
0.26303843
0.22870855
0.24723318
0.23662981
0.24068692
0.24326706
0.24190643
0.23396648
0.23977706
0.23756364
0.24489745
0.24317813
0.24526027
0.2473389
0.2374399
0.23557971
0.24510433
0.2401911
0.23633404
0.24942587
0.2420441
0.24093553
0.25578505
0.24292931
0.25270605
0.23709981
0.24993953
0.23974225
0.23249306
0.23452905
0.24389203
0.23450111
0.24600358
0.25209305
0.22928683
0.24085955
0.24451075
0.2385652
0.23643225
0.24368703
0.23374581
0.24569736
0.23660292
0.23719993
0.2498553
0.2404452
0.24142496
0.24213995
0.25193256
0.24117649
0.2597153
0.2402738
0.23836851
0.24595737
0.23984388
0.2490406
0.23631668
0.23461396
0.25271422
0.22850876
0.241544
0.24318603
0.23687805
0.24502909
0.24010481
0.25384492
0.24450688
0.24937485
0.2413642
0.24568108
0.24547827
0.24691851
0.2358144
0.24510649
0.24148375
0.24348438
0.2381844
0.2562781
0.24353935
0.23440395
0.24217558
0.24273698
0.2465033
0.24765347
0.23349713
0.23826957
0.25048342
0.23687793
0.24609871
0.24239016
0.24094574
0.26140657
0.24611697
0.25189716
0.24420181
0.2551654
0.24162932
0.24482568
0.24430025
0.24609885
0.2406872
0.2403704
0.24036948
0.23915102
0.24164537
0.24200585
0.24098086
0.24108788
0.23959231
0.24090059
0.23961912
0.2327781
0.23763199
0.25017145
0.23916374
0.23087312
0.24670003
0.23402275
0.24036798
0.23929791
0.24064788
0.2421332
0.24943478
0.24415521
0.23473288
0.27285993
0.24117748
0.23876283
0.24767213
0.24030164
0.2424618
0.24102244
0.2486243
0.23345082
0.23944731
0.23160392
0.23989075
0.24625821
0.25037742
0.2597291
0.23618564
0.2422418
0.249963
0.24349326
0.25500572
0.23621884
0.24703762
0.23789768
0.23448166
0.23979197
0.24601421
0.24307586
0.2466607
0.23573494
0.24411833
0.23473099
0.23937117
0.23670723
0.23681515
0.25075808
0.24714665
0.24745774
0.23921159
0.23583552
0.2578618
0.23428549
0.23851228
0.23934364
0.24372867
0.2357495
0.23986119
0.25079012
0.24086148
0.24626951
test_wealth_with_price_variance
0.097476274
0.10071876
0.09730277
0.09293941
0.092455216
0.09816438
0.09686956
0.09702456
0.09993105
0.10004618
0.08709053
0.10398357
0.093747266
0.10689572
0.1017635
0.09763674
0.091775425
0.092514805
0.0953527
0.108920895
0.10173192
0.10091082
0.09653445
0.109880015
0.1058453
0.10517928
0.10564826
0.10089843
0.09893216
0.106824525
0.10457922
0.09953038
0.103284255
0.09220647
0.10164138
0.09047143
0.09572691
0.09586665
0.10830772
0.094916366
0.09912871
0.09398945
0.0937603
0.101627655
0.096395604
0.09605913
0.096651174
0.10013008
0.096043795
0.10503452
0.09656943
0.095460474
0.10043327
0.09613627
0.10181791
0.090996355
0.092995614
0.09461409
0.09529498
0.119271606
0.09561955
0.0930589
0.09235395
0.08539648
0.1000401
0.09625624
0.11717648
0.09694889
0.09858752
0.09777462
0.10146192
0.099229656
0.09018491
0.09628307
0.09143731
0.10617069
0.10778232
0.087288514
0.09467421
0.09743005
0.10797992
0.09209054
0.11711907
0.085746884
0.1018167
0.09256801
0.09514256
0.09802898
0.096814826
0.0903975
0.09530278
0.09224038
0.09870501
0.09804243
0.10002789
0.102044575
0.094050735
0.0909882
0.09943087
0.095808744
0.09200453
0.1033892
0.09734755
0.096205674
0.11011601
0.09795645
0.107517965
0.092721574
0.10489148
0.094312005
0.08875715
0.09002004
0.09725596
0.09033281
0.10009977
0.105799995
0.08669339
0.09645162
0.09918733
0.0938609
0.0923506
0.09876738
0.090392664
0.10011719
0.091823705
0.09285126
0.103859715
0.095757805
0.09597041
0.09777103
0.1057698
0.09619532
0.11247581
0.0959851
0.09293208
0.10094237
0.09445896
0.10315575
0.09188883
0.090049036
0.10729895
0.085408315
0.09667712
0.0998779
0.09268001
0.100235924
0.095235996
0.10715194
0.09900735
0.1027726
0.097115554
0.09962449
0.09986555
0.10211568
0.09096728
0.099456266
0.09613663
0.09890635
0.09292897
0.1102296
0.09833669
0.090080425
0.096828245
0.098058686
0.101083815
0.10113937
0.08984885
0.093925074
0.1038677
0.09274458
0.100474894
0.09771838
0.09651071
0.114380784
0.100288935
0.1066372
0.09887217
0.10862592
0.09620383
0.100433275
0.0991187
0.10113814
0.0960676
0.09563299
0.095640264
0.09445515
0.096370846
0.097178616
0.09623531
0.09592504
0.09478574
0.0959932
0.094800815
0.089225374
0.093924426
0.10429732
0.094351
0.087779045
0.10094541
0.08990866
0.09601045
0.09441766
0.095189855
0.09675799
0.10441917
0.09825923
0.09064927
0.12670949
0.096210025
0.094405934
0.10192008
0.09610622
0.096863
0.09556258
0.102578685
0.089123964
0.09363468
0.087882794
0.0944375
0.100915276
0.10451458
0.11361905
0.09188598
0.096721746
0.1034613
0.097743884
0.10853573
0.091443956
0.10172723
0.09385715
0.09058298
0.095254816
0.100642644
0.09861142
0.10173664
0.091442615
0.09883518
0.09017468
0.09493472
0.09224841
0.09255931
0.10495248
0.101449646
0.10143071
0.0943309
0.09171861
0.11280927
0.090679824
0.093671
0.09490607
0.09851658
0.09184582
0.095361516
0.10421431
0.095432796
0.09991474
price
1.5363954
1.5976052
1.5723104
1.6039319
1.6555877
1.5670286
1.7165643
1.6059289
1.6366954
1.5830996
1.6524407
1.6295428
1.7608106
1.5532855
1.568928
1.6207697
1.6073037
1.630224
1.6028869
1.565849
1.6787128
1.5457411
1.5623755
1.4792808
1.5748746
1.6260316
1.5282158
1.6185682
1.5627145
1.486935
1.6228305
1.5393817
1.6275865
1.6244763
1.5643629
1.6285601
1.6637719
1.6296686
1.6229037
1.6549205
1.5894591
1.631597
1.6560876
1.4923967
1.5873703
1.5694838
1.60475
1.5774058
1.5910606
1.6106912
1.6018707
1.5718111
1.5438114
1.6599975
1.6671869
1.663494
1.571471
1.6047267
1.5790019
1.6231273
1.6287926
1.5557206
1.5868285
1.6992999
1.4994342
1.6321617
1.655909
1.6266171
1.6452075
1.6030418
1.7151219
1.6249442
1.6238533
1.7077658
1.6637944
1.597558
1.5875484
1.6730223
1.6052672
1.6144241
1.5762427
1.6005139
1.6611255
1.7199148
1.5891988
1.640407
1.5367521
1.5705152
1.6227112
1.7326651
1.6330148
1.540496
1.589719
1.5459509
1.6114314
1.6861734
1.7080053
1.6035371
1.5020905
1.5920792
1.595592
1.6201091
1.6341996
1.6597422
1.6442819
1.5489501
1.5922922
1.7323906
1.5835569
1.5482492
1.664352
1.6144375
1.4690408
1.6277959
1.5492988
1.6460483
1.7375919
1.6627743
1.6519825
1.6163124
1.6895273
1.5711267
1.7768885
1.6299763
1.5733962
1.7590448
1.5577178
1.652354
1.5320929
1.6513301
1.4725149
1.606174
1.5379763
1.6103982
1.5434179
1.577422
1.578872
1.6046634
1.6252217
1.6245193
1.5480458
1.6965777
1.6008967
1.6858668
1.6829159
1.6555365
1.6176381
1.5558497
1.5682397
1.4863712
1.6524656
1.5875757
1.5500662
1.5692194
1.5493639
1.5293851
1.5813599
1.5981288
1.5803139
1.5778191
1.610345
1.677369
1.5372136
1.6670797
1.6063573
1.4526877
1.706574
1.6138673
1.4912729
1.6443299
1.6166157
1.6040461
1.6374198
1.4297198
1.5087992
1.5633876
1.55067
1.6905107
1.573357
1.6279286
1.6609743
1.5342723
1.6231709
1.6484385
1.6469823
1.5908402
1.6157511
1.6665399
1.6407918
1.5653967
1.6539669
1.6465102
1.6454611
1.6599321
1.7901381
1.7208263
1.5699733
1.6907644
1.5793926
1.6362996
1.6659645
1.6595469
1.578255
1.5509356
1.5578121
1.5013405
1.6765246
1.5176868
1.6002204
1.6242118
1.6136453
1.6366175
1.5296959
1.5273553
1.627221
1.6099709
1.5195417
1.6730624
1.5339324
1.5948188
1.5434556
1.6185637
1.6785219
1.557585
1.4166803
1.5709554
1.5988939
1.5793929
1.5885826
1.6945113
1.6864967
1.664929
1.6253362
1.6091979
1.6339444
1.6006709
1.5628653
1.6160463
1.6518186
1.6975651
1.6857684
1.5240991
1.6058323
1.5148464
1.5905395
1.6597158
1.6352005
1.67312
1.5967137
1.6088668
1.6196256
1.6775858
1.6890838
1.5238633
1.5447972
1.4351195
train_time
0.38241879999999995
0.3137118999999995
0.3151553000000007
0.3068261999999997
0.48426979999999986
0.3080072999999999
0.31296540000000306
0.30986500000000206
0.29899520000000024
0.3063495999999972
0.31082870000000185
0.4545126999999951
0.2906208999999933
0.2978235000000069
0.3099843999999905
0.3026751999999959
0.31647689999999784
0.3136609999999962
0.30096679999999765
0.47326119999998184
0.2999164999999948
0.311764299999993
0.3003787000000102
0.30595400000001405
0.3178594999999973
0.31512260000002357
0.3087932999999907
0.523668100000009
0.3103294999999946
0.29213199999998096
0.31491909999999734
0.29006010000000515
0.3024609999999939
0.298778800000008
0.3069864999999936
0.328748499999989
0.31343780000000265
0.3357223999999803
0.5503563999999983
0.2966005000000109
0.30781319999999823
0.2978762000000188
0.3090085999999701
0.315424299999961
0.30749119999995855
0.2984572999999955
0.30554069999999456
0.3213625999999863
0.2950048999999808
0.30108860000001414
0.6080292000000327
0.39180399999997917
0.33424689999998236
0.30149860000000217
0.29138590000002296
0.29752559999997175
0.3081185000000346
0.29765150000002905
0.3017908999999577
0.3058177999999998
0.3017153000000121
0.3000200000000177
0.30055400000003374
0.3205926999999633
0.6829225999999835
0.2986553999999728
0.31681389999999965
0.3066243999999756
0.3020822000000294
0.3061979000000292
0.3021314000000075
0.31270799999998644
0.4529320999999982
0.3079361999999719
0.29648329999997713
0.299823799999956
0.300325799999996
0.32186229999996385
0.31404329999998026
0.2992832999999564
0.7910874000000376
0.3293909999999869
0.3033578999999236
0.3035886999999775
0.3289579000000913
0.29546379999999317
0.3091001000000233
0.3007328999999572
0.31640489999995225
0.2975433000000294
0.3072282999999061
0.2943850999999995
0.28789150000000063
0.32353200000000015
0.30251609999993434
0.29221670000003996
0.30823129999998855
0.29909989999998743
0.2911271000000397
1.040293199999951
0.3171233000000484
0.2901686999999811
0.3039843999999903
0.3110004000000117
0.304015599999957
0.3336550000000216
0.29890279999995073
0.46772759999998925
0.30644840000002205
0.31426120000003266
0.3036453000000847
0.3121052999999847
0.2978620000000092
0.2967788999999357
0.30623979999995754
0.31055960000003324
0.2985644999999977
0.30934609999997065
0.3095986000000721
0.2991396000001032
0.3145927999999003
0.29697829999997793
0.9970254999999497
0.30294579999997495
0.32315440000002127
0.2842554000000064
0.293305700000019
0.3229407999999694
0.32132549999994353
0.30205340000009073
0.29633269999999357
0.324552199999971
0.32707219999997506
0.30176300000005085
0.2985323000000335
0.3056553999999778
0.3158981000000267
0.30047369999999773
0.29400219999990895
0.31076310000003105
0.3123569999999063
0.2965186999999787
0.33062890000007883
0.300320499999998
0.31512320000001637
0.301716699999929
0.41190529999994396
0.306326399999989
0.3074407000000292
1.1711976999999933
0.3167621000000054
0.3177241999999296
0.30315569999993386
0.2931549999999561
0.30579580000005535
0.319074999999998
0.29134429999999156
0.3194639000000734
0.2920166000001245
0.30687510000007023
0.300727199999983
0.30992780000019593
0.32394959999987805
0.2993082000000413
0.30875460000015664
0.2914416999999503
0.32068039999990106
0.3180583000000752
0.307089200000064
0.30290750000017397
0.31867480000005344
0.3058896999998524
0.3157948000000488
0.2982494999998835
0.3107305000000906
0.316640199999938
0.31289639999999963
0.32264550000013514
0.31280470000001515
0.33614749999992455
1.3661233000000266
0.30041860000005727
0.345085200000085
0.3016080999998394
0.3057122000000163
0.31261670000003505
0.30612760000008166
0.30725140000004103
0.30360059999998157
0.3255510999999842
0.30851910000001226
0.3234732000000804
0.32404620000011164
0.31132660000002943
0.37166660000002594
0.3000720000000001
0.30410409999990407
0.305347299999994
0.3032951000000139
0.3041725000000497
0.3297595999999885
0.3074850999998944
0.31212870000013027
0.31291559999999663
0.30156479999982366
0.32753269999989243
0.3047377000000324
0.29183710000006613
0.30593900000008034
0.3305989000000409
0.2978850000001785
0.2911322999998447
0.3199792000000343
0.2947074999999586
0.3124273999999332
0.31402589999993324
1.567863700000089
0.30432279999990897
0.31915490000005775
0.29953329999989364
0.32155630000011115
0.3052136999999675
0.3317511000000195
0.302999600000021
0.3189727999999832
0.31335280000007515
0.3187242999999853
0.28691669999989244
0.30820300000004863
0.29991419999987556
0.2894486999998662
0.33080440000003364
0.30235659999993914
0.32275800000002164
0.2971446999999898
0.33183169999983875
0.3143365000000813
0.3229533999999603
0.291961499999843
0.3022234000000026
0.3142063000000235
0.3817158000001655
0.3068439999999555
0.30016189999992093
0.3150677999999516
0.29669460000013714
0.3265224000001581
0.3033709000001181
0.3068888000000243
0.29107790000011846
0.30170190000012553
0.29030729999999494
0.31013800000005176
0.3204929999999422
0.30533279999986007
0.31483219999995526


