================================================================================
=== continuous-time
train_risk
3.1967473
2.9985244
3.1075003
2.5805733
3.0006754
3.0411577
3.040762
3.2032099
2.7980194
3.0376158
2.8193402
3.115784
3.2117887
3.153133
3.1028228
3.2809324
2.7281969
2.80517
2.845428
2.925607
2.9260705
2.8413436
3.1805265
2.6719503
2.9241016
2.8069348
3.296455
2.8116112
2.678228
3.1684954
2.9988842
3.1749802
3.168588
2.94408
2.6540973
3.2070308
2.911258
3.242996
2.7623997
3.301904
2.6502516
3.295794
2.8320804
2.8517454
2.740239
2.6738582
2.8329883
2.7866085
3.3102417
2.7749465
2.8973124
2.759152
2.8790514
2.8386023
2.8517835
3.0191884
2.8075376
2.816774
3.0974011
2.8301075
2.8050702
2.7493145
2.7181933
3.4363043
2.581326
3.1684034
3.2314255
3.0860393
3.3085632
2.7705097
2.9120212
2.9252622
3.239455
2.8997815
3.2947254
2.745183
2.7468219
3.153928
2.7478812
3.2132106
2.9383054
2.7920003
2.79006
3.0691645
2.6120663
2.773948
2.702209
2.8581238
2.7461634
2.8214648
2.7475648
2.7113261
2.893676
2.6280398
2.789003
2.818654
3.1963649
2.9027214
2.6369922
2.724808
2.8620856
2.8592813
2.8532412
3.3237863
3.3264964
2.7075253
2.9047582
3.2864082
2.9129534
2.674958
2.7714062
3.068906
3.0536032
2.7044497
2.8159828
2.7535815
2.8872235
3.0874257
2.8580258
2.8234682
2.7240903
2.9455652
3.0110629
3.4181426
3.1307845
3.1353817
2.84942
2.7948542
2.9145432
2.7131128
2.6753345
2.8470724
2.7791722
2.7704866
3.0810306
2.895139
2.788652
3.0095694
2.7522929
2.7408948
2.8123858
3.2451243
2.7802134
3.2799702
2.7369115
2.878246
2.9376771
2.6864038
2.637639
2.7120814
3.0628304
3.3450975
2.8721735
3.012468
2.755188
3.1071248
2.685957
2.8828712
3.1148446
2.7943983
2.987128
2.7762601
2.5428536
2.836603
3.2265155
2.753885
3.1375625
3.1778615
2.6847184
2.785772
2.76804
2.7134361
2.7885084
2.757076
2.8272307
2.7763004
2.9201972
2.8331482
2.8713808
2.6539376
3.0965238
2.9029424
3.199823
2.7835093
2.7560763
2.8468525
2.9093714
3.144795
2.8313146
2.9066997
2.7877142
2.665843
2.7129486
2.7795863
2.948809
2.8324056
2.711322
2.9830408
2.8235981
2.7879336
2.7889025
2.8929524
3.1612997
3.1955285
2.7230442
2.791716
2.7456863
3.217645
2.8293078
3.3040414
2.755032
2.880013
3.0558393
3.0776167
3.1854641
3.0218372
3.2001703
2.8512204
2.7263865
2.9029808
2.6889095
2.6723053
3.2772868
3.2129002
3.0845551
3.2301116
2.9828424
2.8885417
2.7259998
2.8422732
3.1324754
3.2631943
2.9360118
2.891877
3.131267
3.2116063
3.141923
3.1431262
2.8365314
3.0859914
2.8062994
3.0980463
2.960955
2.5294428
2.826776
3.0118597
3.3605204
3.3123665
2.8245537
2.655758
2.942727
2.917295
3.24007
3.2047231
2.8488166
3.2205548
test_risk
3.2667584
3.0530236
3.0375242
2.6563232
3.0448413
3.1373503
3.1257896
3.1946423
2.816964
3.0066967
2.8733575
3.1598713
3.2847605
3.2116764
3.1637676
3.2363777
2.821913
2.8316653
2.8661861
2.8614993
2.8844888
2.7846382
3.1722593
2.6578343
2.9208665
2.7879076
3.2469852
2.7994714
2.7178392
3.119779
2.9652176
3.2168186
3.095011
3.0417356
2.6765506
3.2566917
2.9388974
3.1781337
2.736564
3.2538652
2.6718986
3.279081
2.8692012
2.8188446
2.8156006
2.7724504
2.8048134
2.799344
3.3146746
2.9505844
2.8350012
2.7768495
2.841984
2.8360064
2.7761152
3.035158
2.8625562
2.7958438
3.1682336
2.81551
2.9294453
2.7800493
2.7755563
3.3118644
2.6764069
3.1559463
3.2458417
3.1138687
3.332749
2.8436604
2.995734
2.936633
3.2125154
2.8942642
3.1850872
2.7491534
2.7868016
3.0775285
2.8102992
3.187631
2.9263449
2.783133
2.8337991
3.0070086
2.682857
2.766668
2.6840992
2.776505
2.784814
2.861587
2.777939
2.7428966
2.8664434
2.7751482
2.8070507
2.7953053
3.2180204
2.9582834
2.7247498
2.6933813
2.7812483
2.8113306
2.8928964
3.2655199
3.3245845
2.8432224
2.9438565
3.2447884
2.895752
2.7098367
2.7288852
3.1556382
3.2176468
2.7620096
2.7654846
2.7802966
2.856196
3.002935
3.0053878
2.8609715
2.7690985
2.9327147
2.9728231
3.2833176
3.0775793
3.247407
2.8171494
2.8707552
2.9871213
2.7062104
2.7091262
2.9378047
2.8001862
2.769134
2.9676924
2.8262594
2.8368316
3.0861983
2.7448509
2.823344
2.805404
3.2261755
2.8307512
3.2646444
2.7808936
2.8749819
2.9757886
2.704333
2.698146
2.7680957
3.0298944
3.3206112
2.827083
3.1218657
2.770171
3.0505517
2.7601244
2.8278668
2.9760103
2.849558
2.971499
2.833906
2.6414454
2.8265994
3.278148
2.76435
3.0628388
3.243376
2.666294
2.7824914
2.8106658
2.7565606
2.8097813
2.7561195
2.7665741
2.7187896
2.923496
2.8513126
2.776563
2.7251477
2.988071
2.9527476
3.214063
2.690951
2.785305
2.8702826
2.8103163
3.2043211
2.890168
2.8700912
2.8577154
2.7196307
2.7079718
2.7541466
2.9638703
2.870652
2.7600965
3.093882
2.7602432
2.8237321
2.8232052
2.9154243
3.1933973
3.2902725
2.7306056
2.846069
2.743998
3.241941
2.8585966
3.3026683
2.802801
2.891325
3.0134232
3.0250776
3.180204
2.9797583
3.24071
2.7601945
2.7904499
2.9229634
2.6576703
2.6366436
3.3562624
3.261501
3.1568189
3.2835937
3.0721238
2.865866
2.7313168
2.78374
3.0580275
3.3280118
2.9140313
2.849791
3.1297936
3.1493661
3.1659145
3.2174277
2.7861161
2.9712274
2.8172512
3.1926234
2.9841585
2.6544986
2.7989516
3.1318865
3.2703047
3.2616837
2.705009
2.688941
2.8943248
2.9276493
3.211505
3.1621509
2.7527664
3.2131343
test_mean_value
-0.00035309407
-0.006289204
-0.002001602
0.0023851893
-0.0022679518
0.00066590635
0.002857398
-0.0051867454
0.0018429374
0.00041824573
-0.0015982059
-0.0041425
0.0041304324
0.001889176
-0.0026245175
-0.0028911973
-0.0034344466
-0.0025367467
0.000547439
0.0028608888
-0.0028140554
0.0013515096
0.0022977092
0.00036192912
0.00045190545
0.00080461486
0.00067550276
0.0014047743
0.0027702106
0.00074107473
-0.0034041456
0.002450191
0.0028324286
-0.0022381567
-0.0017714091
0.0018412757
-0.00052907405
-0.0022299045
0.00040052622
0.0030001376
2.3362796e-05
-0.0031848252
0.0014891356
-0.00029031327
-0.00031410024
-0.00017572839
-0.0012735173
0.0017801728
-0.0019444072
0.004622087
0.0015320635
0.0013780904
0.0015159672
-0.00167958
0.0007441234
-0.0027172365
-0.004039323
0.0005833918
-0.00077514676
0.0018227727
0.0016005373
-0.0013575335
-0.003347548
-0.002814176
0.0016957823
-0.0033183347
0.004339076
-0.0009631739
-0.006387354
-0.0017861343
-0.00029207644
-0.0003185681
0.0018768982
0.0016452584
0.004303895
-0.00079404406
-9.5334726e-05
0.0038125457
-0.00023601945
0.002621343
0.0032379958
-0.0013720134
0.0018760224
-0.0037758837
-0.0010811421
0.0023700036
6.7305315e-05
0.00034126334
0.0006027297
-0.0017170924
-0.0009676152
0.002621789
-0.00036065336
-9.614566e-05
0.0009992813
-0.0036676785
-0.003560419
-0.0013542551
0.001312903
0.00032953135
0.00034692613
0.002953617
-4.5300214e-05
0.0012832306
0.0031107476
0.00023032093
1.5741794e-05
0.0009802784
0.00065059436
0.0031226955
-0.0011651079
0.0024907473
0.0048411726
0.0013487504
-0.0016086649
0.0013922969
-0.0016252828
0.00085180555
0.0040221354
-0.0015370293
0.0012961623
-0.0036632898
0.00044426412
0.00013293335
0.0030359933
0.0017786868
-0.0015578616
-0.0014793497
0.0040348154
0.00012205124
0.0025317103
-0.002472746
-0.0036455824
-0.002092945
-0.0023258207
-0.0018894721
-0.0050215055
0.0035422896
-0.0030296966
0.00089933473
-5.5303943e-05
0.0012929939
0.003355426
-0.0004936459
-0.003849049
0.0002888095
0.00050817605
-0.00048386076
0.0026032787
-0.002657242
-0.0014392204
0.0014237309
-0.0017445189
0.001599265
-0.002795655
-0.001167804
0.0024127662
0.0009704075
0.0022605874
-0.0009971604
0.001014995
0.0008170954
-0.0036848597
0.0007896163
0.0034093317
0.0019074437
2.6732823e-05
-0.0031926632
0.001289157
-0.0024746554
-0.0033666147
0.0009885749
-0.0011824901
-0.00014762302
0.00078587467
-0.0012451345
-0.003202536
-0.00060481165
-0.0022434078
0.0009454077
0.0024902541
0.002521759
-8.438569e-05
-0.0020356565
0.0016120787
-0.0013219338
0.0021488068
-0.00418353
0.00011102527
0.0008209559
0.0024543495
0.0013955072
0.00037486895
0.0022776923
-0.0006970593
-0.0018601401
-0.0018113796
0.0014677539
0.002785433
0.001702191
-0.0013783921
-0.00032639227
0.0013758467
-0.0019405022
-0.0006755636
-0.0021506024
-0.0014340322
0.0027606229
-0.0029659767
-0.0005681501
-0.0027478493
-0.0012476293
0.00040658028
-0.0051458045
-0.0023619817
-0.0031916231
-0.00026202123
0.005515324
-0.0023297393
-0.0030721063
-0.0026821392
-0.0014373513
0.0010407731
0.002763548
-0.0025473558
-0.0005657111
0.0018265038
0.002963213
0.0037336117
-0.00016373824
0.0015490933
0.0010590885
-0.0027535385
0.0033665688
0.0025959173
-0.0063073416
0.00015668783
-0.00050949986
-0.0006122058
-6.744875e-05
-0.0033528437
0.00068646326
-0.0015263509
0.0017460926
-0.00016344507
0.0016669573
0.0011417752
-0.0055645425
0.0018123399
0.00024932518
0.00089425757
0.0017223957
-0.0016466189
-0.0033307774
0.0014890615
-0.00026095437
test_mean_abs_value
1.3169218
1.2011287
1.20404
0.8495405
1.1609412
1.2409552
1.2357452
1.2859994
0.8920511
1.1448437
1.0160369
1.2698282
1.3205549
1.2844355
1.2550575
1.2885123
1.0264627
0.93998045
1.0266619
1.0012696
0.95262235
0.9569955
1.2590247
0.8873263
1.1131043
0.896394
1.2861246
0.88210046
0.8970313
1.2506034
1.1050148
1.2610146
1.2281332
1.1362466
0.8914212
1.2810796
1.0494361
1.2529577
0.9123357
1.301383
0.85291165
1.3047483
1.077321
1.0157273
1.0193927
0.93574363
0.9694545
1.0315509
1.340853
1.0820371
0.97992903
0.87804294
1.0682518
0.89583504
0.88704926
1.1971414
1.0036185
0.97332627
1.2498374
0.934248
1.0825279
0.8953533
0.90739167
1.3398079
0.8591946
1.250913
1.3113717
1.232511
1.3374852
0.9703717
1.0234963
1.0564927
1.2734753
0.9522174
1.2824314
0.96339846
0.8648126
1.1782972
0.9587487
1.2817088
1.0734148
0.86856574
0.9760739
1.1192282
0.87637246
0.8907014
0.8607016
0.87163615
0.8810075
1.0408158
0.87892294
0.88002604
1.0265788
1.0130308
0.89103734
0.9336827
1.2928702
1.1083374
0.94143784
0.8957709
0.8760902
0.95181704
1.0183811
1.3145224
1.3337177
1.0527045
1.0540729
1.3134823
0.98960257
0.8630252
0.9077728
1.2712076
1.2636449
0.8743051
0.93248445
0.95983624
0.89169663
1.171586
1.1794043
0.94026226
0.876892
1.0985842
1.0622166
1.3066196
1.2129561
1.3116438
0.9586827
0.94939274
1.1651851
0.8637697
0.8887212
1.1393574
1.0074176
1.0029602
1.1416277
1.0303332
0.94562936
1.2323546
0.8799576
0.93881387
0.8910806
1.3031772
0.9454961
1.3139459
0.87705594
0.8971959
1.1414543
0.935567
0.8870573
1.008651
1.1670934
1.3315798
0.89229256
1.2515863
0.8655905
1.2009501
0.9249994
0.8886698
1.161231
0.8962904
1.1117973
0.9467864
0.8457512
1.0293788
1.2980338
0.97511625
1.213908
1.3014847
0.885994
0.8867247
0.97289
0.8688365
0.90975153
0.94523764
0.9420739
0.86799836
1.0817119
0.9419578
0.92581886
0.90955544
1.1721243
1.1040593
1.2796565
0.8687513
0.8806766
0.97415364
0.88410383
1.2874748
1.0090892
0.9771108
0.99810827
0.93295556
0.8883629
0.9011529
1.022993
0.9056527
0.963658
1.2286999
0.9018221
0.9996593
0.98537815
1.0399759
1.2440819
1.3261447
0.9329352
1.032867
0.897556
1.2957816
0.9014511
1.326852
1.035791
1.0713196
1.1846094
1.144633
1.276293
1.132293
1.3018878
0.90257865
1.0175916
1.0242488
0.885534
0.85793275
1.3530679
1.3200302
1.2379985
1.3106458
1.2161847
1.0717739
0.8980821
0.8974748
1.2141666
1.3369014
1.1075988
0.9902575
1.2410235
1.2608982
1.2398989
1.2633333
0.9540111
1.1096702
0.8935853
1.2822282
1.1656731
0.8735364
0.92484045
1.232106
1.3015926
1.2982677
0.9232097
0.89877135
0.95822763
1.0681884
1.2891144
1.2381207
0.9559213
1.2460262
test_variance_value
2.323081
1.9555193
1.9609207
1.0922898
1.860238
2.083356
2.0556004
2.2127361
1.2042528
1.8160338
1.4966881
2.1628342
2.3278148
2.2169406
2.1277604
2.2252705
1.5101688
1.3193736
1.5177003
1.4546646
1.3500626
1.3474172
2.1435833
1.171272
1.7142763
1.2114948
2.230504
1.18161
1.2050687
2.0990634
1.7120365
2.1674955
2.0376897
1.8057865
1.1861498
2.2078633
1.5837755
2.1290348
1.2413131
2.2741597
1.1034867
2.2883506
1.626965
1.483088
1.4906533
1.2984037
1.3821577
1.5090319
2.392345
1.6583552
1.4085479
1.1692306
1.5986671
1.2151883
1.1890291
1.9445804
1.4656713
1.391942
2.1046207
1.3063217
1.6537046
1.2126446
1.2395104
2.3846288
1.1186975
2.1024806
2.3035975
2.0474603
2.3782072
1.3898566
1.5309521
1.5978855
2.1858697
1.3526362
2.2007275
1.3561679
1.1353153
1.90731
1.3593473
2.2079546
1.6292975
1.1451974
1.4025166
1.7545402
1.1565758
1.1989136
1.1205186
1.1528991
1.1741462
1.5506377
1.1689632
1.1726346
1.5093149
1.4619429
1.202166
1.2947733
2.231877
1.7140474
1.3010634
1.1984366
1.1623986
1.3399156
1.4986893
2.3133838
2.3755283
1.559876
1.5956984
2.3002424
1.4417936
1.1283182
1.2329478
2.1668103
2.1732442
1.1603692
1.290014
1.3560803
1.2063636
1.8699865
1.8935404
1.3229686
1.1651058
1.6894181
1.6210369
2.2920508
1.9895002
2.2977488
1.3596113
1.3461773
1.8496202
1.1301478
1.1890715
1.7806906
1.4613945
1.4411553
1.7952077
1.5200444
1.3330787
2.0483444
1.1701815
1.3136278
1.2023543
2.2746031
1.3267788
2.3075862
1.1674452
1.2206464
1.7932937
1.2854612
1.1820639
1.452372
1.8677423
2.3693569
1.2061626
2.10341
1.1380501
1.9610933
1.2713804
1.1979251
1.8407449
1.2154671
1.7288151
1.3323807
1.0814015
1.5166496
2.2691684
1.3822148
1.9920323
2.269443
1.1727159
1.1909021
1.3856483
1.1455244
1.2446042
1.3185759
1.3131899
1.140734
1.6428684
1.3273314
1.2751147
1.2348756
1.8700292
1.7088212
2.1986916
1.1415806
1.1752658
1.3988819
1.1857079
2.2144573
1.4825464
1.4100918
1.4564496
1.2848779
1.1865497
1.221506
1.5257856
1.2400593
1.3532947
2.0355113
1.2191095
1.4499639
1.4198288
1.5588096
2.114153
2.3474987
1.2864891
1.5255808
1.2072533
2.2528303
1.2282727
2.3546531
1.5154545
1.6194036
1.9057361
1.8215563
2.1828692
1.7672486
2.2764933
1.2258723
1.4755298
1.5187074
1.169608
1.109807
2.4362774
2.3235407
2.0878189
2.3057973
1.9996845
1.6160709
1.2111759
1.2111602
1.9932016
2.3834658
1.7004806
1.4332879
2.0887024
2.132282
2.0943885
2.1669154
1.3454617
1.7277974
1.2092268
2.2089143
1.8544009
1.1427176
1.2796614
2.0498478
2.276076
2.2654686
1.2597059
1.204789
1.3668926
1.6158701
2.2321887
2.088424
1.3417101
2.121033
test_mean_costs
0.0
0.0
0.0
0.0
0.0
0.0
0.0
0.0
0.0
0.0
0.0
0.0
0.0
0.0
0.0
0.0
0.0
0.0
0.0
0.0
0.0
0.0
0.0
0.0
0.0
0.0
0.0
0.0
0.0
0.0
0.0
0.0
0.0
0.0
0.0
0.0
0.0
0.0
0.0
0.0
0.0
0.0
0.0
0.0
0.0
0.0
0.0
0.0
0.0
0.0
0.0
0.0
0.0
0.0
0.0
0.0
0.0
0.0
0.0
0.0
0.0
0.0
0.0
0.0
0.0
0.0
0.0
0.0
0.0
0.0
0.0
0.0
0.0
0.0
0.0
0.0
0.0
0.0
0.0
0.0
0.0
0.0
0.0
0.0
0.0
0.0
0.0
0.0
0.0
0.0
0.0
0.0
0.0
0.0
0.0
0.0
0.0
0.0
0.0
0.0
0.0
0.0
0.0
0.0
0.0
0.0
0.0
0.0
0.0
0.0
0.0
0.0
0.0
0.0
0.0
0.0
0.0
0.0
0.0
0.0
0.0
0.0
0.0
0.0
0.0
0.0
0.0
0.0
0.0
0.0
0.0
0.0
0.0
0.0
0.0
0.0
0.0
0.0
0.0
0.0
0.0
0.0
0.0
0.0
0.0
0.0
0.0
0.0
0.0
0.0
0.0
0.0
0.0
0.0
0.0
0.0
0.0
0.0
0.0
0.0
0.0
0.0
0.0
0.0
0.0
0.0
0.0
0.0
0.0
0.0
0.0
0.0
0.0
0.0
0.0
0.0
0.0
0.0
0.0
0.0
0.0
0.0
0.0
0.0
0.0
0.0
0.0
0.0
0.0
0.0
0.0
0.0
0.0
0.0
0.0
0.0
0.0
0.0
0.0
0.0
0.0
0.0
0.0
0.0
0.0
0.0
0.0
0.0
0.0
0.0
0.0
0.0
0.0
0.0
0.0
0.0
0.0
0.0
0.0
0.0
0.0
0.0
0.0
0.0
0.0
0.0
0.0
0.0
0.0
0.0
0.0
0.0
0.0
0.0
0.0
0.0
0.0
0.0
0.0
0.0
0.0
0.0
0.0
0.0
0.0
0.0
0.0
0.0
0.0
0.0
0.0
0.0
0.0
0.0
0.0
0.0
test_mean_abs_costs
0.0
0.0
0.0
0.0
0.0
0.0
0.0
0.0
0.0
0.0
0.0
0.0
0.0
0.0
0.0
0.0
0.0
0.0
0.0
0.0
0.0
0.0
0.0
0.0
0.0
0.0
0.0
0.0
0.0
0.0
0.0
0.0
0.0
0.0
0.0
0.0
0.0
0.0
0.0
0.0
0.0
0.0
0.0
0.0
0.0
0.0
0.0
0.0
0.0
0.0
0.0
0.0
0.0
0.0
0.0
0.0
0.0
0.0
0.0
0.0
0.0
0.0
0.0
0.0
0.0
0.0
0.0
0.0
0.0
0.0
0.0
0.0
0.0
0.0
0.0
0.0
0.0
0.0
0.0
0.0
0.0
0.0
0.0
0.0
0.0
0.0
0.0
0.0
0.0
0.0
0.0
0.0
0.0
0.0
0.0
0.0
0.0
0.0
0.0
0.0
0.0
0.0
0.0
0.0
0.0
0.0
0.0
0.0
0.0
0.0
0.0
0.0
0.0
0.0
0.0
0.0
0.0
0.0
0.0
0.0
0.0
0.0
0.0
0.0
0.0
0.0
0.0
0.0
0.0
0.0
0.0
0.0
0.0
0.0
0.0
0.0
0.0
0.0
0.0
0.0
0.0
0.0
0.0
0.0
0.0
0.0
0.0
0.0
0.0
0.0
0.0
0.0
0.0
0.0
0.0
0.0
0.0
0.0
0.0
0.0
0.0
0.0
0.0
0.0
0.0
0.0
0.0
0.0
0.0
0.0
0.0
0.0
0.0
0.0
0.0
0.0
0.0
0.0
0.0
0.0
0.0
0.0
0.0
0.0
0.0
0.0
0.0
0.0
0.0
0.0
0.0
0.0
0.0
0.0
0.0
0.0
0.0
0.0
0.0
0.0
0.0
0.0
0.0
0.0
0.0
0.0
0.0
0.0
0.0
0.0
0.0
0.0
0.0
0.0
0.0
0.0
0.0
0.0
0.0
0.0
0.0
0.0
0.0
0.0
0.0
0.0
0.0
0.0
0.0
0.0
0.0
0.0
0.0
0.0
0.0
0.0
0.0
0.0
0.0
0.0
0.0
0.0
0.0
0.0
0.0
0.0
0.0
0.0
0.0
0.0
0.0
0.0
0.0
0.0
0.0
0.0
test_variance_costs
0.0
0.0
0.0
0.0
0.0
0.0
0.0
0.0
0.0
0.0
0.0
0.0
0.0
0.0
0.0
0.0
0.0
0.0
0.0
0.0
0.0
0.0
0.0
0.0
0.0
0.0
0.0
0.0
0.0
0.0
0.0
0.0
0.0
0.0
0.0
0.0
0.0
0.0
0.0
0.0
0.0
0.0
0.0
0.0
0.0
0.0
0.0
0.0
0.0
0.0
0.0
0.0
0.0
0.0
0.0
0.0
0.0
0.0
0.0
0.0
0.0
0.0
0.0
0.0
0.0
0.0
0.0
0.0
0.0
0.0
0.0
0.0
0.0
0.0
0.0
0.0
0.0
0.0
0.0
0.0
0.0
0.0
0.0
0.0
0.0
0.0
0.0
0.0
0.0
0.0
0.0
0.0
0.0
0.0
0.0
0.0
0.0
0.0
0.0
0.0
0.0
0.0
0.0
0.0
0.0
0.0
0.0
0.0
0.0
0.0
0.0
0.0
0.0
0.0
0.0
0.0
0.0
0.0
0.0
0.0
0.0
0.0
0.0
0.0
0.0
0.0
0.0
0.0
0.0
0.0
0.0
0.0
0.0
0.0
0.0
0.0
0.0
0.0
0.0
0.0
0.0
0.0
0.0
0.0
0.0
0.0
0.0
0.0
0.0
0.0
0.0
0.0
0.0
0.0
0.0
0.0
0.0
0.0
0.0
0.0
0.0
0.0
0.0
0.0
0.0
0.0
0.0
0.0
0.0
0.0
0.0
0.0
0.0
0.0
0.0
0.0
0.0
0.0
0.0
0.0
0.0
0.0
0.0
0.0
0.0
0.0
0.0
0.0
0.0
0.0
0.0
0.0
0.0
0.0
0.0
0.0
0.0
0.0
0.0
0.0
0.0
0.0
0.0
0.0
0.0
0.0
0.0
0.0
0.0
0.0
0.0
0.0
0.0
0.0
0.0
0.0
0.0
0.0
0.0
0.0
0.0
0.0
0.0
0.0
0.0
0.0
0.0
0.0
0.0
0.0
0.0
0.0
0.0
0.0
0.0
0.0
0.0
0.0
0.0
0.0
0.0
0.0
0.0
0.0
0.0
0.0
0.0
0.0
0.0
0.0
0.0
0.0
0.0
0.0
0.0
0.0
test_mean_wealth
-1.6440773
-1.6622515
-1.6071349
-1.4361027
-1.7848686
-1.4887604
-1.6870053
-1.6560868
-1.7131504
-1.7344496
-1.6739486
-1.5961796
-1.7248987
-1.586137
-1.5037303
-1.6648835
-1.5395492
-1.699035
-1.6288409
-1.6335546
-1.7921319
-1.5715301
-1.5087394
-1.3745812
-1.5304683
-1.6350586
-1.5785947
-1.7015331
-1.517761
-1.6318604
-1.7176806
-1.4523994
-1.525699
-1.8393289
-1.4314449
-1.6223915
-1.7705604
-1.4578003
-1.5393254
-1.6215129
-1.4722815
-1.6042666
-1.5011188
-1.5458665
-1.5245125
-1.5755693
-1.6231269
-1.4290409
-1.7490233
-1.7187419
-1.6494962
-1.6628147
-1.4174485
-1.7548525
-1.6598163
-1.4843874
-1.6655984
-1.597035
-1.6261153
-1.6846857
-1.6538414
-1.6602112
-1.6364058
-1.8097787
-1.4821134
-1.7012532
-1.6487418
-1.7306256
-1.9155574
-1.6869055
-1.9119649
-1.7301733
-1.5879002
-1.8056908
-1.7373987
-1.4882793
-1.6451904
-1.818957
-1.6505035
-1.5753554
-1.655696
-1.6510104
-1.6620905
-1.7912947
-1.4732443
-1.6350523
-1.4920511
-1.6444844
-1.6477334
-1.6097944
-1.6454676
-1.5995171
-1.5811709
-1.4035547
-1.7160251
-1.6114432
-1.7253015
-1.6461409
-1.4581681
-1.4506036
-1.626362
-1.6241496
-1.6672039
-1.6744075
-1.7401261
-1.4606768
-1.7540227
-1.7320768
-1.7495345
-1.5360941
-1.536196
-1.628854
-1.4709948
-1.6353246
-1.5730771
-1.563564
-1.7942483
-1.5355726
-1.551609
-1.7632898
-1.6446315
-1.6430423
-1.8225523
-1.6427833
-1.6127853
-1.6889665
-1.659091
-1.7749503
-1.4607015
-1.5399354
-1.5205333
-1.4666405
-1.519923
-1.4251467
-1.6132227
-1.548829
-1.7184272
-1.5816318
-1.57852
-1.6789626
-1.6872236
-1.668453
-1.6602232
-1.7000217
-1.6460671
-1.8356553
-1.5814114
-1.4078826
-1.4928985
-1.3969036
-1.6763083
-1.7218933
-1.7493844
-1.6969382
-1.635262
-1.4205449
-1.5556664
-1.7404879
-1.5209333
-1.7788005
-1.7168466
-1.6789377
-1.408007
-1.5460378
-1.5759511
-1.4801934
-1.5485868
-1.6355783
-1.4162289
-1.6754721
-1.5883756
-1.6132569
-1.6807818
-1.5458088
-1.5759026
-1.559479
-1.6033138
-1.7397624
-1.5899098
-1.5193195
-1.5251161
-1.6777309
-1.6713296
-1.5056762
-1.6698096
-1.7303085
-1.7195109
-1.7962859
-1.7045597
-1.7312188
-1.6822944
-1.469006
-1.517409
-1.596193
-1.8545576
-1.816525
-1.4687124
-1.6422192
-1.5836704
-1.5972463
-1.6208484
-1.7287533
-1.4120375
-1.6795357
-1.4972397
-1.5712746
-1.5580072
-1.6360102
-1.804261
-1.6657894
-1.4252957
-1.578108
-1.471387
-1.7808685
-1.6566931
-1.6023395
-1.6076785
-1.612481
-1.4415847
-1.748801
-1.3965904
-1.398131
-1.8353953
-1.6957644
-1.4264852
-1.6107203
-1.694602
-1.5069491
-1.5608646
-1.6283165
-1.6445985
-1.7329379
-1.5213468
-1.6643323
-1.4887482
-1.6254765
-1.4262928
-1.4640234
-1.5969578
-1.7251407
-1.7257392
-1.5773243
-1.4570652
-1.3981012
-1.6570646
-1.8072474
-1.6397089
-1.595013
-1.4458642
-1.4534984
-1.8010416
-1.6527755
-1.5976446
-1.4288558
-1.5218648
-1.417497
test_mean_abs_wealth
1.6691175
1.6760546
1.6242622
1.4461981
1.7923259
1.5215026
1.7021943
1.6763784
1.7162321
1.7432182
1.6805356
1.6202134
1.7448937
1.6132292
1.5360157
1.6869721
1.5515544
1.7029014
1.6370282
1.6414187
1.794611
1.5793564
1.5423921
1.3896415
1.5468976
1.6402353
1.6084466
1.7046062
1.5251813
1.6514976
1.7253202
1.4948404
1.5529631
1.8446858
1.4428754
1.6486031
1.7753395
1.4963368
1.547111
1.6483073
1.4808713
1.631864
1.517471
1.5561697
1.5370257
1.5826328
1.6293851
1.4475749
1.768407
1.7261823
1.6556774
1.6663463
1.4388105
1.7569995
1.6635369
1.5118927
1.671987
1.604544
1.6478893
1.6888477
1.6632606
1.6643155
1.6411271
1.8244971
1.4900432
1.7167928
1.6729352
1.7429272
1.9252244
1.6919243
1.9142901
1.7358779
1.6160284
1.8081219
1.7525916
1.499421
1.6495812
1.8257037
1.6558641
1.6031011
1.6648287
1.6548327
1.6677336
1.79713
1.4823344
1.6394314
1.5004885
1.6485687
1.6518172
1.6194016
1.6495285
1.6043847
1.591597
1.4222788
1.7188473
1.6179996
1.7420603
1.6573277
1.4702082
1.4610932
1.6312536
1.6306723
1.6747292
1.6964607
1.7602042
1.4781089
1.7596701
1.7500954
1.7536491
1.542523
1.5437437
1.6500854
1.509918
1.6393542
1.5799981
1.571803
1.7959832
1.5565475
1.5710958
1.7660723
1.6486385
1.652846
1.8267092
1.668195
1.631398
1.7095639
1.6643739
1.7775723
1.4869924
1.5458261
1.5283767
1.489325
1.5315912
1.4419091
1.626333
1.5600169
1.7221905
1.603445
1.5838294
1.6833136
1.690775
1.6901342
1.6654028
1.7199599
1.6500582
1.8370616
1.5972924
1.4225655
1.5016276
1.415544
1.6889672
1.7419496
1.7517998
1.7119179
1.6393719
1.456072
1.5633585
1.7430291
1.5407928
1.7805399
1.7247571
1.6835834
1.4188533
1.5567425
1.6065519
1.4929608
1.5713705
1.6600271
1.4280955
1.6789386
1.5967627
1.6177143
1.6847908
1.5540801
1.5831153
1.5649703
1.6147683
1.7430794
1.5962249
1.5274777
1.545504
1.6870369
1.6921958
1.512709
1.6730328
1.7346174
1.7221721
1.8081932
1.7105511
1.7356448
1.6881355
1.4801114
1.525375
1.6016939
1.8577266
1.8180934
1.4810985
1.6600523
1.5898459
1.6054229
1.6278974
1.7342227
1.45674
1.7025013
1.5070184
1.5817108
1.5645354
1.6603444
1.8059396
1.6897129
1.443432
1.5901659
1.49827
1.7878457
1.6766607
1.6168164
1.6339071
1.6174841
1.4583015
1.7536582
1.409381
1.410195
1.850196
1.7161155
1.4687818
1.6385669
1.7074629
1.5233536
1.567271
1.6331729
1.6601622
1.7523612
1.5381584
1.6701175
1.5216708
1.6458822
1.4676327
1.5038773
1.6037755
1.7324488
1.7282188
1.6048896
1.483635
1.4107641
1.6617221
1.8161618
1.664308
1.6234204
1.4573039
1.4639853
1.8038917
1.6619545
1.6242305
1.4707435
1.5312327
1.462521
test_variance_wealth
0.54805726
0.41024065
0.4312301
0.324942
0.34493354
0.5518559
0.43546566
0.4968436
0.2730057
0.35058954
0.3119281
0.51317215
0.511847
0.5454525
0.56293535
0.5104043
0.34972298
0.28314784
0.3270188
0.32143584
0.26754194
0.316786
0.5704709
0.34952924
0.3971465
0.29156536
0.5621799
0.2725773
0.3138157
0.47003973
0.33592016
0.6281762
0.50675374
0.32034647
0.3324634
0.5395025
0.30038372
0.5977999
0.3127532
0.5496527
0.31628552
0.56471217
0.3853215
0.3408083
0.35094485
0.31047404
0.30558023
0.38513112
0.5190175
0.32953256
0.30629325
0.2771862
0.40920675
0.26273197
0.28037092
0.49399158
0.3093952
0.31385797
0.4912985
0.28482515
0.3459439
0.2813698
0.29000434
0.4841666
0.31340808
0.44776487
0.538152
0.41098312
0.4379177
0.29339093
0.26526627
0.31364417
0.5429369
0.26600483
0.45527285
0.33685508
0.2869928
0.3467354
0.29730558
0.5430131
0.34063885
0.2825012
0.30107868
0.3226414
0.31912094
0.2868652
0.31446877
0.28410122
0.28496197
0.33599094
0.2838143
0.2915417
0.34420133
0.3836643
0.26781592
0.30553964
0.47360003
0.36265838
0.3400886
0.32980406
0.29109702
0.30611852
0.3213361
0.52827716
0.5242588
0.39083534
0.3094273
0.48907167
0.28807753
0.3033183
0.3111018
0.4935863
0.6120201
0.283728
0.30819905
0.3192823
0.25602657
0.44494805
0.43808606
0.27037868
0.28302985
0.35182834
0.2944237
0.5478493
0.4475406
0.5135767
0.295659
0.26999438
0.47364098
0.3014903
0.311171
0.44194517
0.3454577
0.3717122
0.38572645
0.34537327
0.28040785
0.47547045
0.2966346
0.28871298
0.2778307
0.51413864
0.2977209
0.50936663
0.28449494
0.24642862
0.40384206
0.3524649
0.31832582
0.38286474
0.3890486
0.52600276
0.2635181
0.43758476
0.2845173
0.54188216
0.31374806
0.26616395
0.43473545
0.25832698
0.33933985
0.291738
0.3287371
0.3438471
0.5841952
0.3476126
0.4768987
0.5370794
0.33620146
0.27601483
0.31988767
0.2885811
0.28350312
0.3171817
0.30939633
0.29642037
0.36126527
0.27680793
0.30447802
0.3155823
0.44119114
0.3485978
0.4974326
0.30705836
0.27739155
0.28638282
0.2694497
0.43133268
0.30633426
0.288818
0.30319333
0.3341996
0.31286177
0.2975533
0.27694944
0.25295317
0.34648854
0.44717363
0.3018046
0.32326743
0.3129697
0.3080844
0.63283575
0.54069304
0.32665431
0.34339038
0.30571628
0.5348298
0.252446
0.5518497
0.38689306
0.36161754
0.4852277
0.3378639
0.49049273
0.39271832
0.5516852
0.29303065
0.3735938
0.29956812
0.33921424
0.3331559
0.4922913
0.5180835
0.6066591
0.571363
0.40739968
0.38308337
0.30325687
0.29210678
0.42548326
0.52775973
0.39913452
0.30506366
0.5540315
0.48690268
0.6083971
0.61823493
0.30913168
0.3350021
0.26737198
0.5450118
0.4752915
0.33835706
0.28865278
0.38378024
0.5382529
0.5644946
0.33597657
0.32810262
0.26861164
0.34252784
0.54310864
0.6097161
0.325876
0.6414057
test_wealth_with_price_abs_mean
0.5469095
0.476747
0.48672774
0.43335378
0.43999478
0.5444309
0.48902625
0.5225006
0.39965042
0.44230318
0.42036638
0.5293222
0.52944815
0.5444498
0.5515488
0.52620465
0.44148684
0.4050009
0.4289734
0.42478576
0.3947471
0.42463613
0.5543192
0.44378218
0.4657048
0.40995762
0.5496745
0.39992654
0.42621592
0.5079605
0.43404996
0.5783078
0.5218234
0.42599845
0.43511525
0.53788716
0.41401932
0.5650524
0.4235809
0.5450648
0.42874354
0.55202264
0.45908192
0.43713826
0.44132686
0.42127395
0.4184571
0.45874038
0.5331316
0.43011835
0.417925
0.4026298
0.46995148
0.39283276
0.4050639
0.51578456
0.41918814
0.42249304
0.5166432
0.40634963
0.43888918
0.40500766
0.41046295
0.5184019
0.42691246
0.49667084
0.5429369
0.47703183
0.49550563
0.41005176
0.39182603
0.421601
0.5408513
0.39360872
0.50289404
0.43570006
0.40814877
0.4416232
0.41350654
0.54378784
0.43519753
0.40588132
0.41503438
0.42748237
0.4286915
0.40910956
0.42668974
0.40711543
0.4074268
0.43370223
0.4068738
0.41240925
0.43784416
0.4580069
0.39670622
0.41813117
0.51112735
0.44733784
0.43781945
0.43367806
0.41042095
0.41848373
0.4243436
0.5382446
0.5354783
0.46229362
0.41878176
0.51909167
0.40627626
0.4204138
0.42315605
0.5207683
0.5727383
0.40743473
0.4205467
0.42623436
0.38817653
0.4912074
0.488606
0.39712024
0.40673238
0.4432765
0.4099414
0.5441071
0.4941272
0.5314087
0.4121969
0.3966691
0.5047534
0.41975644
0.42384663
0.48906916
0.43934482
0.4520381
0.4613999
0.43873495
0.40303785
0.5094412
0.4152481
0.4081723
0.40263617
0.53097224
0.4132082
0.52826875
0.40716583
0.38118976
0.46958357
0.44419637
0.42875734
0.45761657
0.4626137
0.53615177
0.39345622
0.49263906
0.40676776
0.53766805
0.42375612
0.39518586
0.4870632
0.3901304
0.43609023
0.40957722
0.43572956
0.43857798
0.56128097
0.44087395
0.50935185
0.5412518
0.43840343
0.4021259
0.42498952
0.41026074
0.40564063
0.4250362
0.42091355
0.41598505
0.44637436
0.4010915
0.41793448
0.42578912
0.49016407
0.44118112
0.5206208
0.4224738
0.4036083
0.4055607
0.39811543
0.49093044
0.41650295
0.40731296
0.41573542
0.43486547
0.4251566
0.41537043
0.39873204
0.3861024
0.44072202
0.49492174
0.41721353
0.428187
0.42193165
0.4183209
0.58031344
0.5435864
0.4307422
0.43824106
0.42005596
0.53897446
0.38568634
0.54857713
0.46058875
0.4474943
0.5115768
0.43623126
0.5190827
0.46264508
0.5489281
0.41268697
0.4525732
0.41298857
0.43960515
0.43732038
0.52168214
0.5346134
0.567774
0.5565868
0.47577602
0.4578035
0.4190831
0.41115975
0.48479518
0.53865504
0.46660253
0.41751152
0.5466527
0.51759523
0.5699453
0.57478034
0.4206123
0.43430683
0.39615488
0.5450634
0.5056924
0.439503
0.40826827
0.46377274
0.5391406
0.55201733
0.43645945
0.43303564
0.39499903
0.43611634
0.54396987
0.569776
0.43039846
0.58374107
test_wealth_with_price_variance
0.54805726
0.41024065
0.4312301
0.324942
0.34493354
0.5518559
0.43546566
0.4968436
0.2730057
0.35058954
0.3119281
0.51317215
0.511847
0.5454525
0.56293535
0.5104043
0.34972298
0.28314784
0.3270188
0.32143584
0.26754194
0.316786
0.5704709
0.34952924
0.3971465
0.29156536
0.5621799
0.2725773
0.3138157
0.47003973
0.33592016
0.6281762
0.50675374
0.32034647
0.3324634
0.5395025
0.30038372
0.5977999
0.3127532
0.5496527
0.31628552
0.56471217
0.3853215
0.3408083
0.35094485
0.31047404
0.30558023
0.38513112
0.5190175
0.32953256
0.30629325
0.2771862
0.40920675
0.26273197
0.28037092
0.49399158
0.3093952
0.31385797
0.4912985
0.28482515
0.3459439
0.2813698
0.29000434
0.4841666
0.31340808
0.44776487
0.538152
0.41098312
0.4379177
0.29339093
0.26526627
0.31364417
0.5429369
0.26600483
0.45527285
0.33685508
0.2869928
0.3467354
0.29730558
0.5430131
0.34063885
0.2825012
0.30107868
0.3226414
0.31912094
0.2868652
0.31446877
0.28410122
0.28496197
0.33599094
0.2838143
0.2915417
0.34420133
0.3836643
0.26781592
0.30553964
0.47360003
0.36265838
0.3400886
0.32980406
0.29109702
0.30611852
0.3213361
0.52827716
0.5242588
0.39083534
0.3094273
0.48907167
0.28807753
0.3033183
0.3111018
0.4935863
0.6120201
0.283728
0.30819905
0.3192823
0.25602657
0.44494805
0.43808606
0.27037868
0.28302985
0.35182834
0.2944237
0.5478493
0.4475406
0.5135767
0.295659
0.26999438
0.47364098
0.3014903
0.311171
0.44194517
0.3454577
0.3717122
0.38572645
0.34537327
0.28040785
0.47547045
0.2966346
0.28871298
0.2778307
0.51413864
0.2977209
0.50936663
0.28449494
0.24642862
0.40384206
0.3524649
0.31832582
0.38286474
0.3890486
0.52600276
0.2635181
0.43758476
0.2845173
0.54188216
0.31374806
0.26616395
0.43473545
0.25832698
0.33933985
0.291738
0.3287371
0.3438471
0.5841952
0.3476126
0.4768987
0.5370794
0.33620146
0.27601483
0.31988767
0.2885811
0.28350312
0.3171817
0.30939633
0.29642037
0.36126527
0.27680793
0.30447802
0.3155823
0.44119114
0.3485978
0.4974326
0.30705836
0.27739155
0.28638282
0.2694497
0.43133268
0.30633426
0.288818
0.30319333
0.3341996
0.31286177
0.2975533
0.27694944
0.25295317
0.34648854
0.44717363
0.3018046
0.32326743
0.3129697
0.3080844
0.63283575
0.54069304
0.32665431
0.34339038
0.30571628
0.5348298
0.252446
0.5518497
0.38689306
0.36161754
0.4852277
0.3378639
0.49049273
0.39271832
0.5516852
0.29303065
0.3735938
0.29956812
0.33921424
0.3331559
0.4922913
0.5180835
0.6066591
0.571363
0.40739968
0.38308337
0.30325687
0.29210678
0.42548326
0.52775973
0.39913452
0.30506366
0.5540315
0.48690268
0.6083971
0.61823493
0.30913168
0.3350021
0.26737198
0.5450118
0.4752915
0.33835706
0.28865278
0.38378024
0.5382529
0.5644946
0.33597657
0.32810262
0.26861164
0.34252784
0.54310864
0.6097161
0.325876
0.6414057
price
1.6440887
1.6624733
1.6044111
1.4365028
1.7862186
1.4877003
1.6894748
1.6560907
1.7122118
1.7360243
1.674464
1.5970389
1.7226311
1.5870992
1.5027708
1.6651748
1.5417173
1.6974938
1.6292415
1.6333779
1.7936784
1.5702883
1.5092055
1.373358
1.5298799
1.6349419
1.5814245
1.7010682
1.5166833
1.6319088
1.7178816
1.451754
1.5251698
1.8391238
1.4304867
1.6221895
1.7705072
1.4580389
1.5398424
1.6204014
1.4726627
1.6048644
1.5019467
1.5453349
1.5247599
1.5771264
1.6247644
1.4284662
1.7500083
1.7202365
1.6508542
1.6629132
1.417936
1.7565577
1.6584716
1.4848808
1.6661807
1.5995013
1.6261104
1.6875385
1.655484
1.6638011
1.635892
1.8101813
1.4820182
1.70047
1.6513802
1.7331109
1.9163381
1.688427
1.9122801
1.7282138
1.5888388
1.8050867
1.7375854
1.4895362
1.6456134
1.8188894
1.6513971
1.5746859
1.6578598
1.652391
1.6638658
1.7925516
1.4729065
1.6356032
1.4934828
1.6452911
1.6471239
1.6085806
1.6447967
1.601519
1.5803792
1.4019277
1.7163613
1.610782
1.7265782
1.6454206
1.4597013
1.4502115
1.6263381
1.6243129
1.6668364
1.675125
1.7392609
1.4588392
1.7527604
1.7317573
1.750494
1.5373054
1.5370655
1.6298436
1.4715414
1.6348972
1.5738037
1.5627984
1.7969282
1.5345592
1.5511756
1.7643926
1.6435622
1.6428899
1.8232201
1.6436327
1.6150146
1.6903267
1.6603575
1.7734587
1.4614866
1.5390497
1.5228239
1.4664905
1.5209662
1.4252229
1.6127024
1.550622
1.7186894
1.5828805
1.5792545
1.6782475
1.686336
1.6681089
1.6597555
1.7010614
1.6454391
1.8355068
1.580677
1.4079928
1.4925845
1.3977189
1.6762079
1.7230684
1.7489765
1.697092
1.6367843
1.4199908
1.5562778
1.7411176
1.5190737
1.7783257
1.715888
1.6794298
1.40908
1.5460311
1.5742924
1.4806749
1.5491922
1.6337638
1.416065
1.6753348
1.5876566
1.6135237
1.679543
1.547181
1.5777208
1.5602473
1.6022922
1.7396832
1.5883194
1.520432
1.5244007
1.6778271
1.6735643
1.5065172
1.6678431
1.729411
1.7190695
1.7974539
1.7059274
1.7336686
1.6829488
1.4680545
1.5181639
1.5972428
1.8553144
1.8157353
1.4690425
1.6435145
1.5826763
1.597618
1.6210971
1.7295606
1.414544
1.6773376
1.496548
1.5706105
1.5561072
1.6353811
1.8059454
1.667588
1.4268086
1.5760355
1.4717574
1.7821664
1.6577966
1.603467
1.6069915
1.6127893
1.4437368
1.7473553
1.3951223
1.3979907
1.8365774
1.6933702
1.4300058
1.6074287
1.6951039
1.5078825
1.5626078
1.6290729
1.6455323
1.7302046
1.5218037
1.6641238
1.4898474
1.6264788
1.4275185
1.4634976
1.5982503
1.7256942
1.7260313
1.5755574
1.4583685
1.3984804
1.65816
1.8072476
1.6401032
1.5945554
1.4467553
1.4548944
1.8009595
1.652304
1.599929
1.4289503
1.5224935
1.4171312
train_time
0.3916655999999996
0.3328085999999999
0.3266872999999997
0.328179200000001
0.41987150000000106
0.3142465999999988
0.33626470000000097
0.34838359999999824
0.3481467000000009
0.34595990000000043
0.356274599999999
0.5266994999999994
0.3414305999999989
0.4586662999999973
0.3686019000000016
0.40088070000000187
0.37000800000000567
0.3797013000000007
0.3495740999999981
0.5800563000000025
0.5789588000000023
0.3886587000000006
0.3839921000000004
0.3868128000000013
0.36796919999999744
0.3408261999999951
0.35610379999999964
0.567244400000007
0.4297831999999886
0.3175401000000022
0.345725299999998
0.31117340000000127
0.36560849999999334
0.3409511000000123
0.32808980000000076
0.46618690000001095
0.4857439000000028
0.5977077999999949
0.7277229000000034
0.3294208000000083
0.3608711999999912
0.3352323999999953
0.37093480000000056
0.3451291000000083
0.3622679000000062
0.3528956999999906
0.44611840000000313
0.5089229000000017
0.36057390000000566
0.3982154000000122
0.40028259999999705
0.33677620000000275
0.3595071999999959
0.40904509999998595
0.3358665000000087
0.33960270000000037
0.3309184000000016
0.3482137000000023
0.350732899999997
0.3454155999999955
0.43993370000001164
0.409259899999995
0.3575130000000115
0.4969005000000095
0.7723616000000106
0.7768709000000058
0.39571370000001593
0.2991318999999919
0.3073149000000228
0.33767009999999686
0.3097388000000194
0.31716650000001323
0.3142152000000067
0.31957170000001156
0.30446350000002553
0.3064510000000098
0.36395279999999275
0.34526370000000384
0.3509238000000039
0.3498416999999847
1.0465403999999978
0.38425729999997316
0.3126508999999942
0.33689540000000306
0.319473400000021
0.343873799999983
0.3923543999999879
0.32223909999999023
0.32646950000000174
0.3134838000000002
0.3242718999999852
0.3458193000000165
0.33683629999998743
0.3220646000000045
0.3186866000000066
0.3209124999999915
0.31877750000001015
0.31415079999999307
0.3216939999999795
0.32422579999999357
0.3132449000000008
0.30357230000001323
0.3174131000000102
0.3200104999999951
0.330312900000024
0.33658760000002985
0.3057893000000149
0.3165821000000051
0.3356041999999775
0.3479454000000146
0.4235947999999894
0.3157052000000249
0.36782199999998966
0.35444810000001326
0.34613319999999703
0.34930929999995897
0.5534726000000205
0.3482018999999923
0.3289826999999832
0.32205450000003566
0.3124488999999926
0.3170998999999597
1.0310286000000133
0.3267219999999611
0.3150519000000145
0.35198430000002645
0.3900580999999761
0.32711720000003197
0.36730390000002444
0.3281319999999823
0.3567650999999614
0.36901269999998476
0.4045077000000106
0.32828570000003765
0.3346793000000048
0.3404613000000154
0.3629333000000088
0.32923970000001646
0.35411599999997634
0.31292819999998756
0.31037680000002865
0.3419888999999898
0.4300361999999609
0.34482839999998305
0.31631830000003447
0.33360240000001795
0.38479529999995066
0.34937330000002476
0.334087400000044
1.1804184000000078
0.31973320000003014
0.35033140000001595
0.38563340000001745
0.33326840000000857
0.42430120000000215
0.382832599999972
0.4172841000000176
0.3070374000000129
0.32471900000001597
0.5074647000000141
0.40187659999998004
0.37491269999998167
0.3684626000000435
0.5153861000000006
0.5484332000000336
0.4713214000000221
0.4163894000000141
0.3277932999999962
0.32199279999997543
0.3214755999999852
0.3270896000000221
0.3413304000000039
0.3394147000000203
0.35467819999996664
0.3507867999999803
0.44220719999998437
0.43594389999998384
0.4133314000000041
0.3308435000000145
0.34498949999999695
1.3745743999999718
0.340129099999956
0.31349349999999276
0.3205336999999986
0.3262287000000015
0.3231208000000265
0.3067252999999823
0.33035240000003796
0.32322659999999814
0.3240327999999977
0.3258471000000327
0.3238468999999782
0.32197949999999764
0.31794389999998884
0.3168674000000351
0.36130869999999504
0.3386854000000312
0.35966419999999744
0.41983129999999846
0.4078078000000005
0.31953749999996717
0.33346180000000913
0.3693922000000498
0.333964299999991
0.40155079999999543
0.34730299999995395
0.32820789999999533
0.3689390000000117
0.2992602999999576
0.42605659999998124
0.3687317000000121
0.34262979999999743
0.3508399999999483
0.356693899999982
0.47860930000001645
0.4013783999999987
1.732880399999999
0.31833689999996295
0.3037970000000314
0.383414700000003
0.35427690000005896
0.3501410000000078
0.3627326000000721
0.33900069999992866
0.4007676999999603
0.40096360000006825
0.3253660000000309
0.3206295999999611
0.37485639999999876
0.36360260000003564
0.32673419999991893
0.3356521000000612
0.3525194000000056
0.35134709999999814
0.34801840000000084
0.34545589999993354
0.4596053000000211
0.366222300000004
0.3393720999999914
0.324180399999932
0.34460539999997764
0.3181259999998929
0.5238680999999588
0.3621729999999843
0.5313363999999865
0.36152699999991
0.3464850999999953
0.6368954999999232
0.39788420000002134
0.4624853999999914
0.4229010000000244
0.5140718000000106
0.39184580000005553
0.33674600000006194
0.4774965000000293
0.3348705999999311


