================================================================================
=== continuous-time
train_risk
2.0900495
2.0471978
2.0512097
2.0600495
2.130437
2.0974894
2.1007912
2.0447462
2.0993006
2.054862
2.0280988
2.01853
2.0731025
2.0070128
2.04748
2.056945
2.0793822
2.0854948
2.104053
2.0262125
2.063796
2.056432
2.0940452
2.0000656
2.0169816
2.0894468
1.9997427
2.0197206
1.9977579
2.0005805
2.0826359
2.0853744
2.0525723
2.0375142
2.0379846
2.056012
2.1343002
2.0993035
2.0452132
2.0371249
2.099268
2.0313952
2.1014333
2.0268672
2.0324585
2.0326264
2.0789416
2.065672
2.0655253
2.078072
1.9856486
2.0196908
2.00731
2.0715446
2.1300468
2.0830011
2.0392947
2.041717
2.0495858
2.0724676
2.0325058
2.049318
2.0364578
2.078604
1.9740962
2.0571914
2.0627422
2.0958927
2.01091
2.0652206
2.114933
2.0972736
2.0750406
2.103624
2.1113074
2.018381
2.1189163
2.0994534
2.0605488
2.0456836
2.0483677
2.0394106
2.0362084
2.1044743
2.0314615
2.0301695
2.026087
2.0858297
2.10418
2.07152
2.0735939
2.0344183
2.0474682
2.0484684
2.0798073
2.0536723
2.0842338
2.0530236
1.9771892
2.007807
2.0442574
2.0580814
2.0686474
2.0219295
2.073434
2.030524
2.0755312
2.1260242
2.107591
2.0377107
2.038908
2.0972354
1.9918011
2.0988503
1.9726417
2.0401201
2.1452386
2.018701
2.0881457
1.9786414
2.1374624
1.9988732
2.1680229
2.060343
2.0171065
2.194842
2.0665748
2.0945299
1.9795407
2.141549
2.0599384
2.0654473
2.0471275
2.073987
2.0346587
2.047037
2.0575204
2.0721262
2.051637
2.1073143
2.1237862
2.1359215
2.0767689
2.0851345
2.0674016
2.0645704
2.0031803
2.0350852
2.0036044
2.0204139
2.0863488
2.0572886
2.022912
2.035773
2.0981247
2.0488582
2.020906
2.0789688
2.106108
2.0614486
2.0018861
2.0492811
2.04475
2.097994
2.1126454
1.9444966
2.0617104
2.0969439
2.003394
2.111559
2.0122905
2.046569
2.103816
2.0283968
1.9199847
2.0418558
1.9554229
2.0858722
2.0504823
2.1547658
2.0169218
2.045351
2.0478709
2.1261656
2.0891032
2.0222418
2.0322971
2.0982025
2.0876808
2.0385652
2.0752368
2.0618947
2.0086806
2.094891
2.139708
2.1360645
2.0193353
2.0903494
2.039447
2.155561
2.05551
2.1131816
2.0794609
2.0600562
2.0666993
1.967569
2.0509768
2.0370216
2.0131555
2.0825322
2.0267675
2.1193144
1.9719365
2.088988
2.0544071
2.03473
2.0388656
2.114953
1.9169574
2.0852592
2.0300338
2.0344286
2.107672
2.0093105
1.9760427
2.0676627
2.0727813
2.033292
2.0384295
2.0931177
2.148591
2.0785449
2.1405087
2.0342743
2.0909941
2.0558887
2.0255742
2.1046362
2.0437698
2.1481583
2.0982742
2.067861
2.0549266
2.0700274
2.017847
2.0935333
2.0685694
2.0639772
2.0357995
2.0426803
2.0886004
2.1098485
2.113596
2.1111963
1.9896169
2.0087776
test_risk
2.0943334
2.0500436
2.0246005
2.0792906
2.094443
2.0437286
2.0931904
2.0594215
2.1203132
2.0348566
2.0421932
2.038862
2.0905097
2.0078158
2.040619
2.0587792
2.0418482
2.071262
2.0832474
2.0326717
2.0560067
2.0373385
2.0783424
1.9923602
2.0140743
2.0847735
1.9784822
2.0180118
1.998236
1.9910636
2.086698
2.0632725
2.045146
2.068092
2.0457227
2.0462203
2.1351738
2.11655
2.042948
2.0854247
2.0999675
2.06083
2.0994549
2.013645
2.0526645
2.0350478
2.1123097
2.0873423
2.0643833
2.0706968
2.0347538
2.038045
2.016963
2.0949252
2.1105318
2.124061
2.0460787
2.0410256
2.0490727
2.0753558
2.0804253
2.0466633
2.0554776
2.070986
1.9892089
2.0569527
2.070101
2.1054811
2.0313473
2.0651214
2.0997972
2.0755656
2.0727735
2.0952964
2.1062667
2.0392058
2.0829346
2.1091838
2.0681903
2.0440512
2.0509818
2.034491
2.072942
2.111889
2.021845
2.042931
2.022112
2.0769756
2.0893352
2.0635822
2.0684383
2.045915
2.048971
2.0382016
2.0675817
2.0836172
2.0957248
2.058042
1.9732875
2.0019095
2.050952
2.0751283
2.0529137
2.0539742
2.0732868
2.044633
2.0807607
2.1333234
2.0935345
2.0458903
2.032674
2.0880582
1.9867632
2.0694098
1.9838655
2.05594
2.1511528
2.0239482
2.0935798
1.9987341
2.1278749
2.035631
2.1422265
2.0491786
2.0292587
2.1859868
2.0889
2.1066105
1.9945331
2.1253688
2.0481114
2.0657887
2.0209377
2.0444143
2.0291789
2.0546186
2.0561736
2.064628
2.052079
2.1251442
2.082538
2.1353612
2.0814834
2.1113026
2.0706902
2.0828068
2.0357366
2.0417063
2.0187564
2.0104558
2.0980418
2.04735
2.0076196
2.037642
2.0866058
2.0641994
2.0110157
2.081885
2.0925636
2.061617
1.991248
2.0555024
2.0439274
2.0911708
2.09863
1.9598712
2.0780733
2.110079
2.031573
2.1197746
2.0241158
2.0325022
2.0879083
1.9819776
1.9361012
2.0501814
1.9992243
2.086897
2.0280216
2.1530988
2.0305402
2.0074728
2.0478616
2.1067154
2.0990086
2.0384753
2.0494645
2.110467
2.076247
2.0454452
2.103808
2.0918639
2.0236428
2.1204555
2.1596892
2.1217458
2.0172954
2.0743363
2.0436637
2.1387193
2.0644245
2.128844
2.0678468
2.0505326
2.0696406
1.9904958
2.0590472
2.0626345
2.0285006
2.087416
2.055239
2.1365757
1.9613928
2.0657866
2.0548449
2.0158362
2.0579891
2.0934732
1.9560356
2.088127
2.0386536
2.0564754
2.1323438
1.9882827
1.9645946
2.0449252
2.0788171
2.050998
2.0200837
2.1021948
2.1352775
2.1035478
2.1337707
2.0721283
2.0800664
2.0739937
2.0167267
2.1138144
2.0326252
2.144373
2.1175246
2.0582583
2.06822
2.0655959
2.0186
2.0841928
2.05525
2.0760026
2.041496
2.050339
2.0811224
2.1214318
2.1091108
2.1024144
1.9836408
2.0049949
test_mean_value
-0.0010176976
-0.0011277762
-0.00076429354
0.0009946064
0.00015895677
-0.00096111384
0.00015496151
-0.0019936839
-0.000508654
0.00030826835
0.0005760204
0.0004427226
0.00030594761
-0.0009978594
-0.0010461148
0.00087937573
-0.0014347105
0.001989897
7.5770135e-05
-0.0004466457
0.0003352623
-1.6039377e-05
1.7743689e-05
-8.628968e-05
-0.00048096635
-0.0016243015
-0.001803098
0.00029874634
-0.0011812076
0.00061566604
0.0007445866
0.00084454333
0.0003805416
-0.00016725145
-0.000568142
-0.00020866263
0.0005064319
-0.0009648666
0.0004568027
-0.0009372498
-0.0011004393
5.1232273e-05
-0.0007879999
-0.00025779716
0.0013167236
-0.0011412071
-0.0001518048
0.00066542375
-0.0001574049
0.00018823458
0.000145426
0.00021767558
0.0024783378
-0.00079763413
0.00047610124
-0.00018002259
-0.00091370044
-0.0008273353
0.00059562805
0.0017765961
0.001678777
-0.00018785812
-0.0013413308
-0.0001424045
0.0009629989
-0.0002382357
-0.0007249616
0.001082077
0.0003328428
-0.00035988953
6.769877e-05
0.0009012915
0.0001545667
0.0001230259
-0.0011461489
-0.00036817757
0.0006837951
-0.00046007865
0.0014572117
-2.2163027e-05
-0.0010036841
0.0017317645
0.00049921486
-0.0008170343
-0.0008392955
-0.0004101789
0.0021826061
0.0005504246
-9.1729795e-05
-0.0006575037
-0.0022609292
1.0816851e-05
0.001876977
0.0011118638
0.0006664281
-0.0006597165
-8.674116e-05
0.00026897312
0.00014998871
6.103876e-05
0.0005371847
-0.00057592755
-0.00048772807
-0.00062750484
0.0002618282
-0.001546224
0.00067845033
-0.00020036075
-0.0006105122
-0.0014314826
0.00046011052
0.0005033957
-0.0004282871
-0.001489401
0.0003638278
-0.0012069296
0.0011957868
0.0006401138
-0.00034426173
0.0012426291
0.0011560923
0.00057229574
-0.0009389115
0.00055144995
-0.00038876443
0.0011272597
0.0015356909
-0.0008772958
0.0016071573
-0.001363821
0.0007467801
-0.00010017843
-0.00041467426
-0.00060611597
-0.00057952956
-0.00026813438
-0.0004521307
-0.0012704519
-0.0003437151
0.00042375035
-0.00025866495
-0.00023406128
0.0010534938
-0.00018779075
-0.0005853227
-4.2256856e-05
-0.00038145905
-0.00041075447
0.00039308233
-0.001027729
-8.163683e-05
-0.0005049666
-0.00014499301
0.00087715336
0.00061733346
0.00027628345
0.001900251
0.0026716208
-0.0012579019
0.0002715349
0.00022941748
-6.4566693e-06
0.001769355
0.002142724
0.0002238497
-0.00084048917
0.0013427617
-0.00080584007
0.00050643395
0.00092406344
0.0012949306
-0.0011613442
0.0013817544
-0.0006292728
-8.938626e-05
0.00022611477
0.0020512084
0.00075043936
-0.0007621006
-0.0009847566
0.0010520826
0.00014377384
-1.4557552e-05
-0.00032189462
0.001392157
-0.0006455162
-0.00056287996
5.960266e-07
-0.0005974193
8.2955296e-05
-0.000374433
-0.001542847
-0.00012904778
0.0013277673
0.00041887158
-0.001191848
-0.0008549987
0.0015024961
0.0003495376
0.00038089496
-0.000308547
-0.0007220545
0.0015695741
0.0015355325
-0.00055427145
0.0008780887
-0.00035192465
0.0018016194
6.466236e-05
-0.00063705386
-0.0019859842
-0.00095423375
-0.00050208793
-0.0010713126
-0.00076963124
0.0010268709
-0.0012710646
0.00050457986
0.00021225796
0.0019461238
0.0012387935
-6.98019e-05
0.00022773881
-0.0012980831
4.9228656e-05
0.0020796251
-0.0007104948
-0.0005737105
-0.0005668341
-0.00044216422
0.0017879667
-0.00029098213
-0.0008585284
0.00023178091
0.0020724128
-0.00028208352
0.001474639
-0.0003287549
-0.001188425
-0.0015267947
0.00082155195
0.00046168145
0.0016078535
0.00029656687
-0.00045207827
-0.0003426064
-9.275877e-05
0.0009785183
-0.00046818992
0.00045133775
0.00061377115
-0.00045384228
-0.0016221913
0.0015852737
1.5851567e-05
0.0020654695
test_mean_abs_value
0.3761046
0.4129438
0.3728542
0.38497266
0.39399177
0.3927977
0.3970155
0.37926003
0.3937464
0.38226873
0.36729383
0.3765937
0.39023536
0.3773981
0.37375426
0.38080788
0.3906273
0.3873312
0.38252586
0.3688357
0.39494213
0.384332
0.39534318
0.38174045
0.38433546
0.38099837
0.3859708
0.37394008
0.3732341
0.39706507
0.39752728
0.3984317
0.38534692
0.38234344
0.38912708
0.38152832
0.39193493
0.3915923
0.38660738
0.39466035
0.39248917
0.37948185
0.4020186
0.38209873
0.3794452
0.3833906
0.38468695
0.39181533
0.37552786
0.37452817
0.3997632
0.4030857
0.38441437
0.4305965
0.391248
0.39849105
0.39092496
0.3898406
0.3990602
0.38398317
0.38514245
0.37213406
0.37794906
0.39498353
0.37150943
0.3824522
0.39761236
0.37963617
0.3952514
0.39028487
0.3847385
0.39678568
0.39095044
0.40450034
0.39090794
0.3985495
0.38868502
0.38763282
0.38670203
0.3931825
0.39449129
0.37038
0.38033184
0.37941068
0.38404244
0.37641415
0.38231984
0.38495335
0.39244914
0.39002067
0.387564
0.38250995
0.377231
0.38412753
0.39097953
0.40162206
0.38425285
0.38410914
0.37806275
0.3877345
0.37928107
0.39758003
0.4015114
0.4107932
0.38957873
0.3759725
0.38820708
0.39233464
0.4097319
0.3877536
0.39118105
0.39092734
0.37763202
0.37517694
0.37318775
0.3885919
0.3886074
0.3704203
0.406307
0.382172
0.40471
0.38731033
0.37864113
0.39845604
0.39530054
0.4046688
0.40469152
0.40367204
0.37843072
0.3983002
0.3908002
0.39786613
0.37677777
0.3826176
0.3735351
0.39305478
0.3946704
0.39147103
0.39508417
0.38812202
0.39916503
0.3889745
0.37787774
0.3880072
0.37994772
0.39546466
0.38699692
0.38083827
0.37732917
0.3802896
0.38939947
0.37988648
0.37018642
0.38489875
0.3806191
0.40312895
0.3741588
0.41175267
0.38108644
0.38064474
0.37572667
0.38756284
0.36835244
0.39705238
0.39054328
0.36300075
0.39669567
0.3979532
0.38656098
0.40944082
0.39153367
0.38988996
0.38476774
0.38460314
0.36464003
0.39916152
0.38714865
0.3944881
0.37938714
0.4134803
0.3735566
0.37876767
0.3756664
0.38553074
0.39844593
0.37871867
0.38095796
0.4025233
0.38816008
0.3898321
0.39756978
0.39351186
0.37245753
0.40030277
0.41863105
0.39377207
0.38671273
0.38371977
0.39872292
0.3784031
0.39007667
0.38461322
0.3851595
0.39386234
0.39855763
0.37541488
0.39509258
0.3989379
0.38657945
0.3920913
0.37153992
0.40781435
0.36694515
0.39517137
0.38576946
0.38144425
0.38402972
0.3941709
0.37203768
0.3848112
0.37210092
0.38594225
0.3935474
0.3711223
0.36862758
0.3972137
0.39286742
0.37929595
0.37451634
0.3808339
0.39773074
0.38279504
0.39938748
0.4046395
0.38896832
0.39469478
0.3818828
0.40959746
0.3834757
0.39390606
0.4153658
0.39391765
0.38464433
0.3732413
0.37137505
0.39026362
0.38712385
0.39256376
0.38735324
0.3874194
0.38725013
0.40726414
0.39349937
0.39883164
0.39652553
0.37577274
test_variance_value
0.22070083
0.26446676
0.21694185
0.23090295
0.242102
0.24075063
0.24554068
0.22456041
0.24221346
0.22857393
0.21059501
0.22188802
0.23794082
0.22281648
0.21883416
0.22591986
0.23832166
0.2337766
0.22827329
0.21223089
0.2431816
0.2301071
0.243619
0.22743265
0.23134172
0.22659221
0.23251435
0.21811247
0.21812709
0.24570647
0.24634375
0.24711856
0.23164307
0.22790939
0.23688467
0.22718209
0.23944579
0.23922919
0.23379342
0.24303754
0.24014342
0.22472817
0.25144178
0.2286171
0.22523566
0.22914523
0.23090866
0.2397547
0.22042869
0.21873747
0.24959448
0.25275192
0.23070006
0.28657
0.23910588
0.24815956
0.2386584
0.23661044
0.24793862
0.22992843
0.23176898
0.21642861
0.22309779
0.24330072
0.21503502
0.22853927
0.24750891
0.22457469
0.24304143
0.2381843
0.23109809
0.24491489
0.23840357
0.25437182
0.2382556
0.24744585
0.23525931
0.23414828
0.23320393
0.24098651
0.24162515
0.2146
0.22580826
0.22446358
0.23046367
0.22092988
0.22825585
0.23076785
0.24067698
0.2372893
0.23401198
0.22820072
0.22286566
0.22992584
0.23876996
0.25177455
0.23032281
0.23002811
0.22360559
0.23449473
0.22448559
0.24617651
0.25145715
0.26205266
0.23678248
0.22083843
0.23614201
0.23969653
0.26105446
0.23478457
0.23878336
0.2381469
0.2228193
0.22004978
0.21804029
0.23525746
0.2349021
0.21467543
0.25632876
0.22801353
0.25543725
0.23471776
0.22366928
0.24800415
0.24385026
0.2543043
0.25536013
0.25359398
0.2236447
0.24700508
0.23826721
0.2467274
0.22187303
0.22886916
0.21797091
0.24084885
0.24344145
0.23949924
0.24315107
0.23461114
0.24822135
0.23639908
0.22280845
0.23439384
0.22555847
0.24333686
0.23330885
0.22577278
0.22235267
0.2258434
0.23679647
0.22494365
0.21438679
0.23122329
0.22645801
0.25335276
0.21884255
0.26416415
0.2266796
0.22695996
0.22061098
0.23431732
0.21187344
0.24574375
0.23809414
0.20593596
0.2445043
0.24668533
0.2339178
0.26195422
0.23820657
0.23718463
0.23105878
0.23027591
0.20790325
0.24772161
0.23398046
0.24344581
0.22508135
0.26618305
0.21778335
0.22382165
0.22017674
0.23202413
0.24748667
0.22442077
0.22649084
0.25222698
0.2347116
0.2375276
0.24592322
0.24154082
0.21701455
0.24988711
0.27250388
0.24188638
0.23291351
0.230117
0.24735112
0.22383516
0.2368253
0.2304374
0.23162383
0.24182859
0.24731131
0.22024982
0.24294011
0.24794856
0.23352452
0.2397594
0.21549706
0.25892314
0.21042465
0.24322179
0.23213294
0.22736058
0.22989672
0.24192992
0.21617654
0.23149028
0.2169138
0.23199315
0.24068959
0.2153043
0.21277755
0.24608822
0.241245
0.22434014
0.21956682
0.22594896
0.24645709
0.22859405
0.24810006
0.25404903
0.23663315
0.24253087
0.22808461
0.260832
0.2297742
0.24165536
0.2689041
0.24226815
0.23103157
0.2177133
0.215814
0.23748475
0.23421367
0.23982018
0.23373668
0.23361352
0.23398678
0.25841954
0.24165271
0.24899696
0.24575551
0.2203627
test_mean_costs
0.0
0.0
0.0
0.0
0.0
0.0
0.0
0.0
0.0
0.0
0.0
0.0
0.0
0.0
0.0
0.0
0.0
0.0
0.0
0.0
0.0
0.0
0.0
0.0
0.0
0.0
0.0
0.0
0.0
0.0
0.0
0.0
0.0
0.0
0.0
0.0
0.0
0.0
0.0
0.0
0.0
0.0
0.0
0.0
0.0
0.0
0.0
0.0
0.0
0.0
0.0
0.0
0.0
0.0
0.0
0.0
0.0
0.0
0.0
0.0
0.0
0.0
0.0
0.0
0.0
0.0
0.0
0.0
0.0
0.0
0.0
0.0
0.0
0.0
0.0
0.0
0.0
0.0
0.0
0.0
0.0
0.0
0.0
0.0
0.0
0.0
0.0
0.0
0.0
0.0
0.0
0.0
0.0
0.0
0.0
0.0
0.0
0.0
0.0
0.0
0.0
0.0
0.0
0.0
0.0
0.0
0.0
0.0
0.0
0.0
0.0
0.0
0.0
0.0
0.0
0.0
0.0
0.0
0.0
0.0
0.0
0.0
0.0
0.0
0.0
0.0
0.0
0.0
0.0
0.0
0.0
0.0
0.0
0.0
0.0
0.0
0.0
0.0
0.0
0.0
0.0
0.0
0.0
0.0
0.0
0.0
0.0
0.0
0.0
0.0
0.0
0.0
0.0
0.0
0.0
0.0
0.0
0.0
0.0
0.0
0.0
0.0
0.0
0.0
0.0
0.0
0.0
0.0
0.0
0.0
0.0
0.0
0.0
0.0
0.0
0.0
0.0
0.0
0.0
0.0
0.0
0.0
0.0
0.0
0.0
0.0
0.0
0.0
0.0
0.0
0.0
0.0
0.0
0.0
0.0
0.0
0.0
0.0
0.0
0.0
0.0
0.0
0.0
0.0
0.0
0.0
0.0
0.0
0.0
0.0
0.0
0.0
0.0
0.0
0.0
0.0
0.0
0.0
0.0
0.0
0.0
0.0
0.0
0.0
0.0
0.0
0.0
0.0
0.0
0.0
0.0
0.0
0.0
0.0
0.0
0.0
0.0
0.0
0.0
0.0
0.0
0.0
0.0
0.0
0.0
0.0
0.0
0.0
0.0
0.0
0.0
0.0
0.0
0.0
0.0
0.0
test_mean_abs_costs
0.0
0.0
0.0
0.0
0.0
0.0
0.0
0.0
0.0
0.0
0.0
0.0
0.0
0.0
0.0
0.0
0.0
0.0
0.0
0.0
0.0
0.0
0.0
0.0
0.0
0.0
0.0
0.0
0.0
0.0
0.0
0.0
0.0
0.0
0.0
0.0
0.0
0.0
0.0
0.0
0.0
0.0
0.0
0.0
0.0
0.0
0.0
0.0
0.0
0.0
0.0
0.0
0.0
0.0
0.0
0.0
0.0
0.0
0.0
0.0
0.0
0.0
0.0
0.0
0.0
0.0
0.0
0.0
0.0
0.0
0.0
0.0
0.0
0.0
0.0
0.0
0.0
0.0
0.0
0.0
0.0
0.0
0.0
0.0
0.0
0.0
0.0
0.0
0.0
0.0
0.0
0.0
0.0
0.0
0.0
0.0
0.0
0.0
0.0
0.0
0.0
0.0
0.0
0.0
0.0
0.0
0.0
0.0
0.0
0.0
0.0
0.0
0.0
0.0
0.0
0.0
0.0
0.0
0.0
0.0
0.0
0.0
0.0
0.0
0.0
0.0
0.0
0.0
0.0
0.0
0.0
0.0
0.0
0.0
0.0
0.0
0.0
0.0
0.0
0.0
0.0
0.0
0.0
0.0
0.0
0.0
0.0
0.0
0.0
0.0
0.0
0.0
0.0
0.0
0.0
0.0
0.0
0.0
0.0
0.0
0.0
0.0
0.0
0.0
0.0
0.0
0.0
0.0
0.0
0.0
0.0
0.0
0.0
0.0
0.0
0.0
0.0
0.0
0.0
0.0
0.0
0.0
0.0
0.0
0.0
0.0
0.0
0.0
0.0
0.0
0.0
0.0
0.0
0.0
0.0
0.0
0.0
0.0
0.0
0.0
0.0
0.0
0.0
0.0
0.0
0.0
0.0
0.0
0.0
0.0
0.0
0.0
0.0
0.0
0.0
0.0
0.0
0.0
0.0
0.0
0.0
0.0
0.0
0.0
0.0
0.0
0.0
0.0
0.0
0.0
0.0
0.0
0.0
0.0
0.0
0.0
0.0
0.0
0.0
0.0
0.0
0.0
0.0
0.0
0.0
0.0
0.0
0.0
0.0
0.0
0.0
0.0
0.0
0.0
0.0
0.0
test_variance_costs
0.0
0.0
0.0
0.0
0.0
0.0
0.0
0.0
0.0
0.0
0.0
0.0
0.0
0.0
0.0
0.0
0.0
0.0
0.0
0.0
0.0
0.0
0.0
0.0
0.0
0.0
0.0
0.0
0.0
0.0
0.0
0.0
0.0
0.0
0.0
0.0
0.0
0.0
0.0
0.0
0.0
0.0
0.0
0.0
0.0
0.0
0.0
0.0
0.0
0.0
0.0
0.0
0.0
0.0
0.0
0.0
0.0
0.0
0.0
0.0
0.0
0.0
0.0
0.0
0.0
0.0
0.0
0.0
0.0
0.0
0.0
0.0
0.0
0.0
0.0
0.0
0.0
0.0
0.0
0.0
0.0
0.0
0.0
0.0
0.0
0.0
0.0
0.0
0.0
0.0
0.0
0.0
0.0
0.0
0.0
0.0
0.0
0.0
0.0
0.0
0.0
0.0
0.0
0.0
0.0
0.0
0.0
0.0
0.0
0.0
0.0
0.0
0.0
0.0
0.0
0.0
0.0
0.0
0.0
0.0
0.0
0.0
0.0
0.0
0.0
0.0
0.0
0.0
0.0
0.0
0.0
0.0
0.0
0.0
0.0
0.0
0.0
0.0
0.0
0.0
0.0
0.0
0.0
0.0
0.0
0.0
0.0
0.0
0.0
0.0
0.0
0.0
0.0
0.0
0.0
0.0
0.0
0.0
0.0
0.0
0.0
0.0
0.0
0.0
0.0
0.0
0.0
0.0
0.0
0.0
0.0
0.0
0.0
0.0
0.0
0.0
0.0
0.0
0.0
0.0
0.0
0.0
0.0
0.0
0.0
0.0
0.0
0.0
0.0
0.0
0.0
0.0
0.0
0.0
0.0
0.0
0.0
0.0
0.0
0.0
0.0
0.0
0.0
0.0
0.0
0.0
0.0
0.0
0.0
0.0
0.0
0.0
0.0
0.0
0.0
0.0
0.0
0.0
0.0
0.0
0.0
0.0
0.0
0.0
0.0
0.0
0.0
0.0
0.0
0.0
0.0
0.0
0.0
0.0
0.0
0.0
0.0
0.0
0.0
0.0
0.0
0.0
0.0
0.0
0.0
0.0
0.0
0.0
0.0
0.0
0.0
0.0
0.0
0.0
0.0
0.0
test_mean_wealth
-1.6601416
-1.5784193
-1.577829
-1.6385857
-1.645042
-1.5853335
-1.6442186
-1.6143975
-1.673988
-1.582102
-1.6019137
-1.5934993
-1.6416293
-1.5533123
-1.5968169
-1.6105767
-1.5873121
-1.6218269
-1.6391835
-1.5880756
-1.6025525
-1.5813526
-1.6231006
-1.5325503
-1.5547104
-1.6453226
-1.5085306
-1.5695698
-1.5446031
-1.512028
-1.6315119
-1.6065289
-1.5901424
-1.6260406
-1.5888275
-1.5963309
-1.69859
-1.6737089
-1.5896462
-1.6338695
-1.6522242
-1.6159521
-1.6465718
-1.5556158
-1.6048701
-1.58296
-1.6745566
-1.6359833
-1.6229204
-1.6332628
-1.570268
-1.5684445
-1.5550454
-1.6115437
-1.6666526
-1.6745766
-1.5881052
-1.5862952
-1.5870489
-1.6315477
-1.6376001
-1.602966
-1.6105946
-1.6141416
-1.5367992
-1.6092051
-1.613005
-1.6704098
-1.5662755
-1.6127975
-1.6585497
-1.6209617
-1.6247729
-1.6407901
-1.663634
-1.5753882
-1.6334314
-1.6667993
-1.6215817
-1.5869967
-1.5963027
-1.5897269
-1.6321062
-1.6780854
-1.5672314
-1.5964699
-1.5639467
-1.6312461
-1.6394445
-1.6134267
-1.6206441
-1.5949954
-1.6032634
-1.5852355
-1.6169264
-1.6242852
-1.6537273
-1.6082948
-1.5097772
-1.5365171
-1.6017343
-1.6181165
-1.5898005
-1.5826185
-1.6263279
-1.5952274
-1.6330788
-1.6951127
-1.6346334
-1.5904673
-1.5728434
-1.6406187
-1.5273387
-1.630585
-1.5280628
-1.6060773
-1.7187375
-1.5765877
-1.6351981
-1.5404452
-1.6810099
-1.5780298
-1.7144969
-1.5908909
-1.5636193
-1.7459753
-1.6295929
-1.6516675
-1.5362285
-1.6786468
-1.5917087
-1.6099005
-1.5673906
-1.5962878
-1.5804527
-1.6009945
-1.5987145
-1.6119661
-1.5924331
-1.6878253
-1.6279569
-1.6987537
-1.6412302
-1.6707569
-1.6256194
-1.6276551
-1.5804555
-1.5941955
-1.5643187
-1.5557762
-1.6523032
-1.5993311
-1.5582745
-1.5821303
-1.6456101
-1.6028305
-1.558046
-1.6158134
-1.6535349
-1.6153008
-1.5363141
-1.6037838
-1.6065834
-1.6372423
-1.6526487
-1.504641
-1.6234243
-1.6627
-1.5679762
-1.6655585
-1.5609392
-1.5753369
-1.6461427
-1.5193675
-1.4759839
-1.5862087
-1.5344094
-1.6363896
-1.5765435
-1.7021474
-1.5831577
-1.5525386
-1.602524
-1.667669
-1.6483194
-1.5896447
-1.6029595
-1.6577812
-1.628985
-1.588922
-1.6538
-1.6419109
-1.5756818
-1.6685374
-1.7043194
-1.6829091
-1.5603346
-1.6283022
-1.5819759
-1.7134317
-1.6123815
-1.6947144
-1.619141
-1.5934432
-1.6121241
-1.5323069
-1.6031601
-1.6030802
-1.5706832
-1.6406567
-1.6152605
-1.6834894
-1.5087372
-1.6060083
-1.6021473
-1.557597
-1.6110919
-1.6462566
-1.4963547
-1.6412646
-1.5948366
-1.6071366
-1.6912564
-1.5346849
-1.5050821
-1.5812026
-1.6272665
-1.6034998
-1.5716529
-1.666569
-1.6936638
-1.6687157
-1.6908234
-1.612465
-1.6269592
-1.622065
-1.5614765
-1.6555878
-1.5764443
-1.7081511
-1.6562045
-1.5978771
-1.6216755
-1.6252984
-1.5721627
-1.6361887
-1.6026499
-1.6267998
-1.5885534
-1.5981307
-1.6336985
-1.6669265
-1.6645176
-1.6524823
-1.5095736
-1.5507681
test_mean_abs_wealth
1.6601416
1.5784193
1.577829
1.6385857
1.645042
1.5853335
1.6442186
1.6143975
1.673988
1.582102
1.6019137
1.5934993
1.6416293
1.5533123
1.5968169
1.6105787
1.5873121
1.6218269
1.6391835
1.5880756
1.6025528
1.5813526
1.6231012
1.5325503
1.5547104
1.6453226
1.5085306
1.5695698
1.5446031
1.5120298
1.6315119
1.6065289
1.5901424
1.6260406
1.5888275
1.5963309
1.69859
1.6737089
1.5896462
1.6338695
1.6522242
1.6159534
1.6465718
1.5556158
1.6048701
1.58296
1.6745566
1.6359833
1.6229204
1.6332628
1.570268
1.5684457
1.5550454
1.6115454
1.6666529
1.6745766
1.5881052
1.5862952
1.5870489
1.6315477
1.6376001
1.602966
1.6105946
1.6141416
1.5367992
1.6092054
1.613005
1.6704098
1.5662767
1.6127975
1.6585497
1.6209617
1.6247729
1.6407901
1.663634
1.5753882
1.6334314
1.6667993
1.6215817
1.5869967
1.5963027
1.5897269
1.6321062
1.6780854
1.5672339
1.5964699
1.5639467
1.6312461
1.6394445
1.6134267
1.6206441
1.5949954
1.6032634
1.5852355
1.6169264
1.6242853
1.6537273
1.6082948
1.5097784
1.5365171
1.6017343
1.6181165
1.5898018
1.5826185
1.6263279
1.5952274
1.6330788
1.6951127
1.6346334
1.5904679
1.5728434
1.6406187
1.5273387
1.630585
1.5280628
1.6060773
1.7187375
1.5765877
1.6351981
1.5404475
1.6810099
1.5780298
1.7144969
1.5908909
1.5636201
1.7459753
1.6295929
1.6516675
1.5362295
1.6786468
1.5917087
1.6099005
1.5673907
1.5962878
1.5804527
1.6009945
1.5987145
1.6119661
1.5924331
1.6878253
1.6279569
1.6987537
1.6412302
1.6707569
1.6256194
1.6276551
1.5804572
1.5941955
1.5643187
1.5557762
1.6523032
1.5993311
1.5582745
1.5821303
1.6456101
1.6028305
1.558046
1.6158134
1.6535349
1.6153008
1.5363141
1.6037838
1.6065834
1.6372423
1.6526487
1.5046412
1.6234243
1.6627
1.5679762
1.6655585
1.5609392
1.5753382
1.6461427
1.5193675
1.4759839
1.5862087
1.5344094
1.6363896
1.5765435
1.7021474
1.5831577
1.5525386
1.602524
1.667669
1.6483194
1.5896447
1.6029595
1.6577812
1.628985
1.588922
1.6538
1.6419109
1.5756818
1.6685377
1.7043239
1.6829091
1.5603346
1.6283022
1.5819777
1.7134317
1.6123815
1.6947144
1.619141
1.5934433
1.6121241
1.532307
1.6031615
1.6030802
1.5706832
1.6406567
1.6152605
1.6834894
1.5087372
1.6060083
1.6021473
1.5575975
1.6110919
1.6462566
1.4963557
1.6412646
1.5948366
1.6071366
1.6912564
1.5346849
1.5050821
1.5812026
1.6272665
1.6034998
1.5716529
1.666569
1.6936638
1.6687157
1.6908234
1.612466
1.6269592
1.622065
1.5614765
1.6555878
1.5764443
1.7081511
1.6562076
1.5978771
1.6216755
1.6252984
1.5721627
1.6361887
1.6026499
1.6267998
1.5885534
1.5981312
1.6336985
1.6669265
1.6645176
1.6524823
1.5095739
1.5507681
test_variance_wealth
0.044530645
0.051706947
0.046833977
0.045836993
0.04713396
0.049252428
0.047688544
0.046417218
0.04657171
0.047920983
0.04560929
0.04661614
0.047026522
0.048121538
0.046404183
0.04693871
0.048462693
0.04736086
0.046099063
0.046671912
0.048288926
0.048225306
0.048438568
0.049632654
0.049107112
0.04541024
0.050947495
0.047182895
0.04825628
0.053235635
0.04807192
0.048835214
0.048157405
0.046181753
0.048448917
0.04767311
0.04480903
0.046220656
0.048064627
0.04752309
0.04683894
0.046544578
0.047849517
0.048722878
0.046981182
0.04788517
0.045055598
0.047300536
0.045839008
0.04515092
0.05013173
0.050994758
0.04936929
0.054265644
0.046419453
0.047049865
0.048774526
0.04856566
0.049750533
0.046520036
0.04622024
0.046193257
0.046258193
0.04852905
0.047916725
0.04703313
0.04886847
0.044620547
0.050337132
0.04805792
0.04595527
0.04842656
0.047162514
0.048378866
0.046014916
0.049877007
0.047321115
0.04565515
0.046964772
0.048846044
0.04860985
0.046455197
0.04557843
0.04462529
0.048555594
0.046640255
0.048878722
0.04670842
0.047273614
0.047765132
0.047054984
0.04779218
0.04679153
0.048311137
0.04768327
0.04870232
0.045800094
0.04711839
0.049928006
0.05031616
0.04705708
0.048832297
0.050042044
0.05149278
0.04693664
0.04714159
0.04677737
0.04523887
0.04942907
0.047959544
0.049370877
0.04697433
0.049067296
0.04539625
0.048532605
0.047408585
0.044105012
0.04713155
0.049015436
0.0488929
0.047214814
0.048533622
0.04306638
0.04920805
0.050708078
0.04543135
0.04899013
0.048379045
0.049126897
0.046781827
0.04856742
0.04859065
0.04821124
0.047243033
0.04710561
0.048148073
0.04883561
0.04807919
0.049340326
0.04522947
0.04831909
0.04471427
0.045548685
0.045592368
0.04633539
0.048331935
0.048591148
0.047170445
0.04820902
0.048632815
0.046287663
0.04699911
0.0474299
0.048518717
0.045817744
0.04942247
0.047917947
0.05062437
0.045413617
0.046822965
0.048501402
0.04771861
0.045362525
0.047851022
0.046489116
0.04834161
0.04837581
0.0470236
0.04989757
0.048457332
0.049867254
0.04873786
0.046120103
0.04999017
0.0496817
0.050190855
0.050174884
0.047302466
0.047677066
0.047589824
0.046840012
0.048274297
0.04659939
0.045028083
0.047527198
0.047233157
0.046856966
0.047869757
0.046906378
0.04885501
0.04747464
0.04705583
0.04695146
0.047391176
0.048580855
0.045613453
0.048796155
0.046520926
0.049981322
0.0430141
0.047678646
0.044432797
0.04714625
0.048644207
0.04886953
0.04866589
0.048441637
0.049479324
0.048925743
0.046824273
0.045373596
0.04775274
0.048254453
0.04919627
0.047731884
0.04907972
0.04665757
0.047219776
0.04936176
0.04638568
0.046289634
0.047237076
0.045547843
0.04814665
0.049042415
0.049789
0.047566116
0.046661075
0.047412027
0.04493879
0.04580939
0.044806335
0.046080872
0.04946494
0.04812626
0.04800033
0.048476268
0.048831824
0.048492365
0.044942304
0.049830742
0.04893688
0.04700937
0.045539606
0.047076505
0.047190275
0.04795987
0.047272414
0.048293006
0.04814287
0.046719696
0.04798172
0.046320196
0.04753136
0.052065957
0.048299134
test_wealth_with_price_abs_mean
0.16633555
0.17811123
0.17037806
0.16857558
0.17063792
0.17450781
0.17188215
0.16950998
0.16972828
0.17243806
0.16852045
0.17002474
0.17042455
0.17260925
0.16986975
0.17041194
0.17332639
0.17130974
0.16901742
0.17040968
0.17287944
0.17268239
0.17275266
0.17534791
0.17423736
0.16796778
0.1773065
0.17108355
0.17293961
0.18113744
0.17207886
0.17354318
0.17282115
0.16922198
0.17280489
0.17187001
0.16675033
0.16921009
0.17242908
0.17135006
0.1702233
0.16961218
0.17180021
0.17344227
0.17058714
0.17202163
0.1672071
0.17086734
0.16871174
0.16746326
0.1757904
0.1767593
0.17453347
0.18228655
0.16951084
0.17048828
0.17354353
0.17328313
0.17498425
0.16980922
0.16914055
0.16938731
0.16937405
0.17311695
0.1722466
0.17067634
0.17380945
0.16658306
0.17602208
0.1723222
0.16881326
0.17310901
0.17083025
0.1728007
0.16872944
0.17534427
0.17107381
0.16818124
0.17059119
0.17365605
0.17329808
0.16981171
0.16802958
0.16655095
0.17338236
0.17002302
0.17387201
0.17023647
0.17110974
0.17184578
0.170893
0.17205106
0.17043719
0.17276135
0.17184873
0.17319092
0.16840696
0.17059721
0.17565969
0.17611322
0.17059992
0.1735145
0.1756
0.1779846
0.1705589
0.17096972
0.17008372
0.16751957
0.17455445
0.17216425
0.17485945
0.1704873
0.17420915
0.16810854
0.17359647
0.17131807
0.16546524
0.17108746
0.1738399
0.1738337
0.17089202
0.17295821
0.16363333
0.17418082
0.17679733
0.16773404
0.17368302
0.17289078
0.17417444
0.17032452
0.17315373
0.17316537
0.17261298
0.17109224
0.17090693
0.17260712
0.17357121
0.1725393
0.17443265
0.16759938
0.1726707
0.16654298
0.16806552
0.16787946
0.16955923
0.17268594
0.17315316
0.17105515
0.1729335
0.17330685
0.16924636
0.17064267
0.17152546
0.17331888
0.16850232
0.17443871
0.17229734
0.17644729
0.16769238
0.1700693
0.1734031
0.1719144
0.16807993
0.17189455
0.16969074
0.17322996
0.17283452
0.17039874
0.17554428
0.17293938
0.17510812
0.17358372
0.1692175
0.1758858
0.1755533
0.17594826
0.17609787
0.17087981
0.17193758
0.17121944
0.17036055
0.17275093
0.17009193
0.16691722
0.17130041
0.17123783
0.17038333
0.17198947
0.17042777
0.17377949
0.17132547
0.17056191
0.17059003
0.17094822
0.17281777
0.16819201
0.1736286
0.1697097
0.17568214
0.16370943
0.1717484
0.16603561
0.17082469
0.17335126
0.17364965
0.17340818
0.17299387
0.17470859
0.17382276
0.17019933
0.1678547
0.17165954
0.1730776
0.1743192
0.17186299
0.17415561
0.1700172
0.17086732
0.17486618
0.16942002
0.16952357
0.17115195
0.16792808
0.17278713
0.17433031
0.17531304
0.17155719
0.17015098
0.17150274
0.16693531
0.1685426
0.16670226
0.16910559
0.17471068
0.17256695
0.17228211
0.17310767
0.17355578
0.1732473
0.16704153
0.175117
0.1735578
0.17075507
0.16811065
0.17084228
0.17094241
0.17211652
0.1709338
0.1729478
0.17258452
0.1699856
0.17170729
0.16947235
0.17152134
0.17899233
0.1729184
test_wealth_with_price_variance
0.044530645
0.051706947
0.046833977
0.045836993
0.04713396
0.049252428
0.047688544
0.046417218
0.04657171
0.047920983
0.04560929
0.04661614
0.047026522
0.048121538
0.046404183
0.04693871
0.048462693
0.04736086
0.046099063
0.046671912
0.048288926
0.048225306
0.048438568
0.049632654
0.049107112
0.04541024
0.050947495
0.047182895
0.04825628
0.053235635
0.04807192
0.048835214
0.048157405
0.046181753
0.048448917
0.04767311
0.04480903
0.046220656
0.048064627
0.04752309
0.04683894
0.046544578
0.047849517
0.048722878
0.046981182
0.04788517
0.045055598
0.047300536
0.045839008
0.04515092
0.05013173
0.050994758
0.04936929
0.054265644
0.046419453
0.047049865
0.048774526
0.04856566
0.049750533
0.046520036
0.04622024
0.046193257
0.046258193
0.04852905
0.047916725
0.04703313
0.04886847
0.044620547
0.050337132
0.04805792
0.04595527
0.04842656
0.047162514
0.048378866
0.046014916
0.049877007
0.047321115
0.04565515
0.046964772
0.048846044
0.04860985
0.046455197
0.04557843
0.04462529
0.048555594
0.046640255
0.048878722
0.04670842
0.047273614
0.047765132
0.047054984
0.04779218
0.04679153
0.048311137
0.04768327
0.04870232
0.045800094
0.04711839
0.049928006
0.05031616
0.04705708
0.048832297
0.050042044
0.05149278
0.04693664
0.04714159
0.04677737
0.04523887
0.04942907
0.047959544
0.049370877
0.04697433
0.049067296
0.04539625
0.048532605
0.047408585
0.044105012
0.04713155
0.049015436
0.0488929
0.047214814
0.048533622
0.04306638
0.04920805
0.050708078
0.04543135
0.04899013
0.048379045
0.049126897
0.046781827
0.04856742
0.04859065
0.04821124
0.047243033
0.04710561
0.048148073
0.04883561
0.04807919
0.049340326
0.04522947
0.04831909
0.04471427
0.045548685
0.045592368
0.04633539
0.048331935
0.048591148
0.047170445
0.04820902
0.048632815
0.046287663
0.04699911
0.0474299
0.048518717
0.045817744
0.04942247
0.047917947
0.05062437
0.045413617
0.046822965
0.048501402
0.04771861
0.045362525
0.047851022
0.046489116
0.04834161
0.04837581
0.0470236
0.04989757
0.048457332
0.049867254
0.04873786
0.046120103
0.04999017
0.0496817
0.050190855
0.050174884
0.047302466
0.047677066
0.047589824
0.046840012
0.048274297
0.04659939
0.045028083
0.047527198
0.047233157
0.046856966
0.047869757
0.046906378
0.04885501
0.04747464
0.04705583
0.04695146
0.047391176
0.048580855
0.045613453
0.048796155
0.046520926
0.049981322
0.0430141
0.047678646
0.044432797
0.04714625
0.048644207
0.04886953
0.04866589
0.048441637
0.049479324
0.048925743
0.046824273
0.045373596
0.04775274
0.048254453
0.04919627
0.047731884
0.04907972
0.04665757
0.047219776
0.04936176
0.04638568
0.046289634
0.047237076
0.045547843
0.04814665
0.049042415
0.049789
0.047566116
0.046661075
0.047412027
0.04493879
0.04580939
0.044806335
0.046080872
0.04946494
0.04812626
0.04800033
0.048476268
0.048831824
0.048492365
0.044942304
0.049830742
0.04893688
0.04700937
0.045539606
0.047076505
0.047190275
0.04795987
0.047272414
0.048293006
0.04814287
0.046719696
0.04798172
0.046320196
0.04753136
0.052065957
0.048299134
price
1.6602648
1.5788646
1.5782396
1.6388593
1.6447306
1.5858229
1.6439996
1.6142033
1.6745396
1.582816
1.6024027
1.5934168
1.6416829
1.5540276
1.596914
1.6100074
1.5878067
1.6221495
1.6391062
1.5876287
1.6025625
1.5809005
1.6230717
1.5328814
1.5543474
1.6447811
1.5082966
1.569258
1.5445068
1.5125394
1.6313808
1.6066065
1.5904673
1.6265491
1.5895422
1.5964222
1.6991094
1.6736765
1.5895158
1.6340129
1.6521945
1.6161265
1.6468662
1.5560755
1.6051472
1.5823023
1.6751169
1.6359265
1.6237347
1.6334152
1.5713092
1.5692765
1.5552197
1.611683
1.6666269
1.6744992
1.5883582
1.5875605
1.5867243
1.6326363
1.6381527
1.6037114
1.610437
1.6141801
1.5372045
1.6098413
1.6129806
1.6707113
1.565835
1.6129892
1.6584064
1.6199465
1.6260239
1.6413976
1.6635149
1.5759392
1.6329572
1.667098
1.6223665
1.586921
1.5965743
1.5894283
1.6320298
1.6779053
1.5670557
1.5967184
1.5634539
1.6319395
1.6393774
1.6138442
1.6207482
1.5949273
1.603132
1.585189
1.6160139
1.6239675
1.6543529
1.6091065
1.510517
1.5361573
1.6023048
1.618878
1.5896095
1.5829401
1.626386
1.5952024
1.6331774
1.69486
1.6353055
1.5907439
1.5730295
1.640727
1.5271243
1.630729
1.5270005
1.6065342
1.7185994
1.5766708
1.6351197
1.5404048
1.6813389
1.5780641
1.7146065
1.5909909
1.5635636
1.7465608
1.6299267
1.6512202
1.5373446
1.6788859
1.5922272
1.6096829
1.568008
1.5962958
1.5808814
1.6017399
1.5989408
1.6112827
1.5922248
1.6889488
1.6279147
1.6988944
1.6416203
1.6706687
1.6257453
1.6285044
1.5800936
1.5945063
1.5647382
1.5551546
1.6520513
1.599423
1.5585375
1.5825883
1.6454611
1.6037052
1.5588307
1.6157751
1.6532526
1.6161675
1.5362924
1.6033009
1.6066393
1.6370215
1.6531616
1.5047759
1.6235471
1.6628816
1.567857
1.6651435
1.5610782
1.5757452
1.6468096
1.5191972
1.4756978
1.5861418
1.534458
1.6366744
1.5767813
1.7013934
1.5837358
1.5525787
1.6032245
1.668157
1.6476047
1.5898259
1.6026144
1.6574936
1.6291603
1.5883414
1.6542928
1.6419463
1.5758796
1.668611
1.7042572
1.6831857
1.5606011
1.6286806
1.5816952
1.713454
1.6125518
1.6947533
1.619829
1.593495
1.6119046
1.5329431
1.6034467
1.603249
1.5707775
1.640624
1.6141412
1.6833248
1.5090864
1.605356
1.6023315
1.5570928
1.6115776
1.6465966
1.4967623
1.6418524
1.5946225
1.6068444
1.6915537
1.5347776
1.504995
1.5807587
1.6275303
1.6030859
1.5708518
1.6658361
1.6939594
1.6686342
1.6914983
1.6129638
1.6276736
1.6222725
1.5616386
1.6548223
1.5764294
1.7082365
1.6563195
1.5986998
1.6223624
1.6255
1.5725936
1.6365416
1.6030371
1.6268717
1.5879948
1.598348
1.6338015
1.6670742
1.6648345
1.6525657
1.5099072
1.5508262
train_time
0.38756020000000024
0.3002741000000029
0.29574369999999917
0.3018850999999998
0.46855559999999485
0.3014493000000016
0.2945310000000063
0.2979517999999928
0.30015489999999545
0.29000400000001036
0.30724129999998695
0.43581009999999765
0.3038013000000035
0.2932660000000169
0.31022500000000264
0.42018539999997984
0.6432831000000192
0.30087409999998727
0.5412445999999989
0.3257203000000004
0.3220243000000096
0.3044296000000486
0.30203180000000884
0.3256283000000053
0.3170147999999813
0.30037490000000844
0.3057282999999984
0.5194702000000007
0.2887868000000253
0.5132803999999851
0.2946683000000121
0.3008616000000188
0.30040310000003956
0.3030059000000165
0.3098365999999828
0.31991139999996676
0.30505660000000034
0.5608574000000317
0.29203050000000985
0.2957921000000283
0.3054965999999695
0.29600540000001274
0.3335694999999532
0.2977490000000671
0.29846409999993284
0.2952182000000221
0.2945349000000306
0.2981378000000632
0.2947618999999122
0.6461627999999564
0.2954267999999729
0.2949912999999924
0.3022731000000931
0.30086740000001555
0.29701990000000933
0.3043415999999297
0.3022547000000486
0.2954868000000488
0.30809959999999137
0.294213099999979
0.29416189999994913
0.28991819999998825
0.29974970000000667
0.7059729000000061
0.29556960000002164
0.34527939999998125
0.30952079999997295
0.3935265000000072
0.6702020999999831
0.42241580000006707
0.5027837999999747
0.30965200000002824
0.3147884999999633
0.3669491000000562
0.4374576000000161
0.328322299999968
0.3577615000000378
0.4216086000000132
0.44453119999991486
0.40089629999999943
0.783873099999937
0.3278109000000313
0.29783770000017284
0.33463460000007217
0.3138464000001022
0.29761729999995623
0.28899589999991804
0.32580890000008367
0.3167513000000781
0.3032629000001634
0.3038470999999845
0.29347539999980654
0.31277129999989484
0.29540210000004663
0.3260090000001128
0.3012032999999974
0.3060199999999895
0.2935322000000724
0.3590200000001005
0.9392290000000685
0.28945969999995214
0.2912986000001183
0.39369910000004893
0.2917142999999669
0.3067980999999236
0.3015034000000014
0.31966299999999137
0.29750829999989037
0.2962104000000636
0.323155799999995
0.44508749999999964
0.45530989999997473
0.33266409999987445
0.3059248000001844
0.3619669999998223
0.2970028000002003
0.29753070000015214
0.28340939999998227
0.2864220999999816
0.2881364999998368
0.2965544000001046
1.015415800000028
0.3029121999998097
0.30326990000003207
0.31122990000017126
0.29521729999987656
0.37665740000011283
0.3230478000000403
0.30045160000008764
0.3220990999998321
0.3051719999998568
0.30192189999979746
0.34452180000016597
0.29386779999981627
0.30981130000009216
0.3039784000000054
0.31702419999987796
0.29537039999991066
0.3089892000000418
0.36748610000017834
0.29223880000017743
0.3023829000001115
0.29339649999997164
0.378145300000142
0.3084415999999237
0.3060398999998597
0.3384945999998763
0.29805289999990237
1.212958700000172
0.2908215999998447
0.32993360000000393
0.41391239999984464
0.2882393999998385
0.2962666999999328
0.30119039999999586
0.32516469999995934
0.3064282999998795
0.2994109999999637
0.31433019999985845
0.3089234999999917
0.32830170000011094
0.31079720000002453
0.30920450000007804
0.3023273000003428
0.3082512000000861
0.3080793000003723
0.3105825999996341
0.31384810000008656
0.31578380000019024
0.2981998999998723
0.30806540000003224
0.33773629999996047
0.3013409000000138
0.3182013000000552
0.305307300000095
0.3056415000000925
0.31836470000007466
0.3157440999998471
0.31563439999990806
1.3702527000000373
0.361750800000209
0.29424610000023677
0.3027257999997346
0.29887509999980466
0.2964747000000898
0.2962391999999454
0.30094310000004043
0.3083857000001444
0.5335534999999254
0.30296339999995325
0.2968940000000657
0.2996354000001702
0.29859080000005633
0.2990748999995958
0.29834389999996347
0.31220340000027136
0.30431759999964925
0.30407370000011724
0.3055631000001995
0.2975366999999096
0.4073188000002119
0.3080653000001803
0.31516830000009577
0.3029079000002639
0.30567759999985356
0.29307070000004387
0.31024699999989025
0.29977039999994304
0.31009750000021086
0.31679220000023633
0.31933740000022226
0.3067636999999195
0.308285000000069
0.30888150000009773
0.2955435999997462
1.5778427000000192
0.3013541999998779
0.3075963999999658
0.3124794000000293
0.3090483000000859
0.30528529999992315
0.3166479999999865
0.30941740000025675
0.3144179000000804
0.30770920000031765
0.3745899000000463
0.3097928000001957
0.3257527000000664
0.3093311000002359
0.29882539999971414
0.3214991999998347
0.2865409000000909
0.29696930000000066
0.3042296999997234
0.3170778000003338
0.30870279999999184
0.309002099999816
0.2995353999999679
0.30736499999966327
0.3018551000000116
0.3008614000000307
0.30450729999984105
0.3091552999999294
0.30574939999996786
0.30457079999996495
0.3010924000000159
0.3105470000000423
0.35620520000020406
0.3036742999997841
0.30896619999975883
0.309052900000097
0.2975830999998834
0.30138369999986026
0.3083267000001797
0.29869120000012117
0.3148556999999528


