================================================================================
=== continuous-time
train_risk
2.354341
2.3152893
2.6023605
2.3271747
2.5906506
2.5392551
2.644626
2.4187617
2.4405446
2.5205028
2.4882085
2.7079365
2.6001878
2.4884167
2.311022
2.398573
2.5704093
2.5677116
2.5177178
2.529142
2.4504492
2.347277
2.5079904
2.2684572
2.4761899
2.4385908
2.4718776
2.58937
2.4302351
2.393804
2.5794237
2.397554
2.4917483
2.5270417
2.5000083
2.3978138
2.6365068
2.3468041
2.455225
2.5403657
2.5062864
2.5153759
2.819449
2.3330176
2.4919374
2.5558155
2.4502254
2.5297306
2.4940724
2.5031114
2.478215
2.477312
2.287443
2.578319
2.4381275
2.4885476
2.5867994
2.6031823
2.6874592
2.5262072
2.6133304
2.5574985
2.4043763
2.5341017
2.4275649
2.4706168
2.4360242
2.5370433
2.6298816
2.5087824
2.574667
2.630419
2.560193
2.6076033
2.561568
2.4049327
2.8045347
2.6413653
2.5613215
2.4557667
2.5285153
2.3969545
2.5204043
2.7015927
2.4353209
2.5543752
2.3971996
2.4637737
2.4380767
2.5354269
2.5523033
2.3618848
2.5633154
2.3402982
2.4896994
2.446594
2.648108
2.4051135
2.4363997
2.489349
2.4247792
2.5590394
2.5096297
2.5364926
2.4480531
2.426136
2.4419928
2.573459
2.4452405
2.524655
2.473815
2.6552997
2.4930863
2.7609594
2.4174042
2.4416595
2.6883802
2.609431
2.6628866
2.5749557
2.4203598
2.5081782
2.526802
2.370847
2.483636
2.6733048
2.418236
2.5757165
2.6105285
2.5208545
2.3104362
2.3763242
2.4114747
2.469212
2.4715235
2.4944403
2.5368066
2.5824928
2.5733526
2.6024108
2.5340505
2.5803194
2.650455
2.5715828
2.4741042
2.5612206
2.479349
2.368081
2.562936
2.2711196
2.602986
2.4935813
2.6071079
2.5039394
2.465634
2.257674
2.5141494
2.500879
2.3679872
2.6029637
2.6112754
2.5340765
2.4612238
2.5090523
2.48764
2.4910688
2.569553
2.5091276
2.4678228
2.5448487
2.602829
2.4910002
2.5073605
2.4196625
2.4659529
2.4500601
2.5736442
2.5863898
2.561816
2.5153167
2.446689
2.5479088
2.543512
2.7111428
2.5155559
2.554019
2.5651274
2.6176288
2.4917514
2.526048
2.6014993
2.4399817
2.4929838
2.5436895
2.5898545
2.544762
2.4844656
2.5981574
2.5235226
2.5461795
2.4342215
2.6208718
2.5857253
2.4732537
2.4173648
2.4033632
2.4785872
2.4952521
2.4536026
2.460386
2.467996
2.6023028
2.408087
2.5086663
2.4314995
2.5232935
2.4408903
2.5762653
2.483529
2.446559
2.469181
2.5267956
2.6217182
2.5666769
2.345637
2.4902663
2.5708494
2.5253313
2.4086783
2.4803972
2.567524
2.450389
2.408964
2.4866095
2.437847
2.4224303
2.450569
2.4114237
2.4759448
2.545061
2.6313026
2.4230928
2.8148053
2.3810616
2.5453367
2.5640583
2.446462
2.4897015
2.493217
2.5230978
2.5602832
2.4998426
2.555839
2.4168358
2.4620285
2.3465996
test_risk
2.3861134
2.3777218
2.5522616
2.386595
2.6249235
2.6026206
2.585128
2.4223688
2.4753623
2.557178
2.4983978
2.6766162
2.6017027
2.4999304
2.3391063
2.4467518
2.561049
2.5740616
2.5471585
2.496929
2.4837134
2.3699741
2.4820132
2.2948508
2.4640005
2.5192094
2.477241
2.5603292
2.413341
2.4067175
2.5476286
2.4225771
2.4720924
2.5802376
2.5430317
2.4045978
2.5997396
2.4047718
2.4151697
2.543853
2.5319152
2.5154936
2.6901758
2.381364
2.5159194
2.5631905
2.4426925
2.5313222
2.4790843
2.5592332
2.4637563
2.4161913
2.3649483
2.5369437
2.4943523
2.4808314
2.5465896
2.519115
2.6739528
2.4851692
2.6331842
2.5429661
2.4031355
2.5232196
2.451676
2.48655
2.4726057
2.5678105
2.6500902
2.5822382
2.5647652
2.5092762
2.5999305
2.5853453
2.564764
2.3879502
2.825092
2.6563454
2.5000455
2.4544308
2.5001295
2.3944225
2.4972763
2.686918
2.3874316
2.606877
2.3814957
2.5125043
2.429235
2.531433
2.5765028
2.4217756
2.5770035
2.403603
2.5045702
2.5410314
2.5758815
2.438922
2.435518
2.5308468
2.4209256
2.5430467
2.517888
2.5396855
2.496337
2.379745
2.4701583
2.607141
2.4799252
2.4420476
2.4266255
2.6289566
2.4518666
2.684959
2.3953476
2.4613743
2.6951094
2.6211073
2.6051865
2.5759835
2.4519331
2.495825
2.5565386
2.4237869
2.4692636
2.6517723
2.4344153
2.582964
2.5554867
2.4894626
2.3505309
2.4056733
2.4488802
2.4433055
2.460326
2.4316342
2.5067937
2.5989616
2.5590432
2.6205764
2.538019
2.6252332
2.6389313
2.577529
2.5400753
2.5546117
2.4840095
2.402898
2.5491257
2.3299057
2.5901363
2.4697745
2.57861
2.5064754
2.4419596
2.3331876
2.5016375
2.5152996
2.3233562
2.5796478
2.6206644
2.5901904
2.449756
2.512084
2.498071
2.4757345
2.5648513
2.489522
2.4568477
2.594256
2.593684
2.460451
2.563706
2.4175293
2.4921706
2.437372
2.5097299
2.594161
2.5487337
2.5089698
2.4720404
2.4739182
2.5685549
2.7080898
2.4559703
2.5572932
2.5677774
2.5874968
2.5158052
2.4553256
2.5977964
2.4078946
2.5146134
2.6145124
2.5929606
2.5897346
2.468149
2.5895557
2.4659238
2.5634692
2.41824
2.5875974
2.541868
2.417025
2.406628
2.4383345
2.5403302
2.5319078
2.5575154
2.5192163
2.4951732
2.6030269
2.4471204
2.4351964
2.442864
2.4851258
2.4323323
2.6160114
2.4574263
2.4621751
2.4040318
2.530724
2.579779
2.5539362
2.3899958
2.4854746
2.4991152
2.591386
2.442656
2.5229425
2.5457215
2.4341054
2.448541
2.505963
2.4075196
2.461311
2.4560184
2.4925525
2.4880753
2.5641809
2.686078
2.4438488
2.6931949
2.398847
2.5738688
2.5603328
2.4781375
2.5239992
2.4379437
2.529326
2.5515459
2.5207875
2.534869
2.4697888
2.4384892
2.4656758
test_mean_value
0.0029724552
0.0011065805
0.0010480364
-0.0013864153
-0.0031409182
-0.0022031774
-0.0013806889
-0.0010684314
0.0013518176
0.0019161114
-0.00013764406
0.00066616124
-0.0026751861
5.5637185e-05
0.003020668
-0.00011925045
0.0011804068
0.0019177777
-0.0003225605
0.002645741
0.0018139331
-0.0035603237
-0.0027792782
-0.00033488192
0.0025661017
0.0011496699
-0.00031947778
0.0035798324
0.0026154022
0.00053554325
-0.001286289
0.00095967203
-0.0021317292
0.0009831127
0.002881259
-0.0021363003
0.0029215554
-0.003064786
0.0005168158
-0.00011788131
-0.0018993117
-0.002173709
-0.0021119497
-0.0014688037
0.0031508743
0.0030950815
-0.00063110073
0.0019193193
-0.0014563634
-0.00036679223
-0.002851487
0.0010890658
-0.0055873864
-0.0006359932
0.0012934756
-7.7346085e-05
-0.00067467714
0.00091961905
-0.0037441007
-0.0028194173
0.001598138
-0.0015272712
-0.0015078413
0.0025911229
0.0010811102
0.00095455465
-0.00045900737
0.000105848994
-0.0014352895
-0.0008960884
-0.0013163926
0.004593867
-0.00049630145
-0.0029836325
-0.00015328398
0.0010251818
-0.00059427344
-0.001074563
-0.0023145103
-0.0026922964
0.0014113967
-0.0004776787
0.0028692505
-0.0009795919
0.00080880383
-0.0007045126
0.0014056871
0.0018797592
-0.0011446712
-0.00051238405
-0.0011146985
-0.002483145
0.0030373014
-0.001222971
0.0028233828
-0.00094376673
-0.004476558
-0.0006140636
-0.0023708655
-0.0016307912
-0.001608596
0.0010210475
0.00023213313
-0.00021216132
-0.00028152094
0.0005864935
-0.0014021894
0.0019259477
-7.221235e-05
-0.00015751182
0.0009736233
0.00089019246
0.002087444
-0.00079816557
0.0017413733
-0.00039449616
-0.003061858
0.0016264765
-0.0021333527
0.0018311536
-0.00444594
-0.0011724851
-0.0002557394
-0.0013935493
0.0006842623
0.0004668516
-7.428379e-05
0.00093059015
-0.0016241764
-0.00045786102
0.00097191165
-0.0012298499
0.0014591713
0.0022017257
0.0011534017
0.0030739645
-0.0024695555
0.0034646525
0.0014086573
0.00065982615
0.0013356801
0.0018775527
0.0013381991
-0.003619864
-0.00056186016
-9.674143e-05
1.1550655e-05
0.0025678966
-0.0019050698
-0.0012545268
0.00069330103
0.0029580167
0.00029865597
-7.666986e-05
0.0006111921
0.000661788
0.0009629871
-0.0022019893
0.0025953148
-0.0011744614
0.00014694176
0.0009175921
-0.0020311538
0.002256055
0.0023790156
-0.0010916924
0.00065950525
-0.0027472738
-0.002342654
-0.0004925593
0.0035902285
-0.0008695692
-0.0011318662
0.0006367916
0.0023588738
-0.0024232036
0.00103109
0.0015240723
-0.0014899493
-0.0001865709
-4.2650172e-05
-0.0016089348
0.0001553199
0.0007086704
0.0011838356
-0.0014264096
-0.0040771575
0.0006025784
0.0008591836
-0.002467513
0.0036077942
0.0028511207
0.003544463
-0.0020070586
0.00023360678
-0.0018825354
0.0022839007
0.0011445296
0.002449438
-0.0007861787
-0.0006741789
0.0018656559
0.001157151
0.00071648066
0.0017717811
0.0010135332
0.0025019587
-0.0003986012
0.00090660155
-0.0016004718
0.00093490584
-0.002001105
-0.001290544
-0.0013410262
2.9299705e-05
0.00051204924
-0.00041485688
0.0003355283
-0.00086201454
-0.0025066312
0.0021291696
0.0058987183
0.00075467955
0.0025256402
-0.0003632682
-0.0020220967
-0.0013993056
-0.0007251652
-0.0001206029
-0.0014151457
0.0048304005
-0.0007806033
-0.00050880155
-0.0014229799
0.00018191349
-0.00176342
0.0023722856
0.0020555565
0.00037048134
0.0010796619
0.00012244661
0.0006278289
0.00087662286
-0.0011279436
-0.0022552186
-0.0002791789
0.00087864575
-0.0003850717
0.0021181747
-1.716727e-05
-0.002858289
0.0011084706
-0.0014747039
-0.0022288533
0.0027367354
-0.0004662541
test_mean_abs_value
0.6653309
0.6486663
0.8117723
0.6973469
0.74987674
0.81895906
0.75737214
0.64400774
0.7219186
0.73683727
0.69469035
0.9310233
0.75931704
0.7529023
0.6466589
0.6606169
0.76709044
0.7474228
0.7505506
0.7685645
0.7233321
0.6611464
0.73873425
0.65374494
0.75773185
0.7606032
0.7127181
0.78506887
0.68784803
0.7077715
0.75996184
0.7195507
0.69804937
0.7727784
0.7981784
0.6634733
0.79019755
0.7110898
0.6665645
0.7338421
0.7392239
0.76494646
0.8661047
0.6415464
0.76575303
0.83523583
0.6969018
0.7831926
0.6750764
0.7547423
0.73303854
0.66246283
0.68408126
0.7088287
0.7221849
0.6869197
0.8422872
0.75634456
0.9150477
0.7190437
0.8322114
0.75676847
0.6804988
0.6879233
0.71018916
0.7182858
0.7119799
0.7609293
0.7496772
0.7628358
0.7686921
0.74465746
0.8138363
0.7459173
0.69074833
0.7090076
0.9595653
0.7687166
0.7578956
0.67661256
0.7523933
0.63240474
0.71265686
0.7798245
0.6418872
0.79945916
0.6938319
0.6905428
0.71342444
0.7182882
0.8139487
0.6900207
0.81664175
0.6808387
0.6790751
0.7604272
0.78835416
0.71249425
0.7265212
0.7741203
0.67115396
0.7867661
0.70060104
0.7183725
0.6951123
0.6426645
0.6784286
0.7868373
0.6820883
0.69934505
0.65379536
0.8156307
0.7498214
0.8960566
0.68569756
0.6937142
0.8053419
0.85672385
0.79425
0.8205121
0.6674911
0.7476952
0.6929669
0.64680934
0.73161644
0.790124
0.6294382
0.7476443
0.8635616
0.7025744
0.63507825
0.72115445
0.6793039
0.6798303
0.77896106
0.6871993
0.7290006
0.7809705
0.775421
0.781579
0.79639864
0.80363023
0.8120607
0.7631279
0.77778274
0.7604518
0.75599974
0.6632594
0.8266252
0.6396006
0.7351479
0.6512681
0.79071677
0.6850969
0.7392034
0.63155407
0.7289919
0.74082845
0.644456
0.804644
0.7873449
0.79873264
0.75139683
0.73219347
0.70864445
0.77099425
0.80413646
0.7940415
0.7379092
0.7908376
0.80551875
0.6721603
0.7590521
0.6998867
0.7495014
0.6675014
0.7312008
0.7239182
0.8183475
0.74183285
0.736178
0.70330167
0.7424758
0.868905
0.6670807
0.75530916
0.7793978
0.7693121
0.7174579
0.71626645
0.7933695
0.7193768
0.7595206
0.844969
0.7098585
0.7412211
0.69349885
0.74139094
0.74944794
0.8081769
0.6732434
0.7848291
0.75446177
0.6721874
0.6701846
0.6894515
0.7300916
0.7744441
0.76036394
0.7742888
0.7387636
0.8637199
0.6697554
0.67398906
0.6781855
0.66313285
0.70911014
0.79640996
0.72440326
0.6963129
0.657155
0.7554878
0.75986075
0.7768658
0.69350356
0.7254656
0.7594075
0.83508706
0.7147014
0.66435874
0.7715306
0.6866643
0.7049334
0.7277998
0.7033404
0.6846481
0.698848
0.7072238
0.7120111
0.69187
0.8775097
0.7099223
0.845481
0.7143178
0.75849956
0.7072924
0.6904787
0.7548288
0.7441365
0.7513869
0.7409836
0.7651498
0.72378683
0.77883786
0.7330373
0.7597014
test_variance_value
0.6773082
0.6426258
0.9690593
0.74509203
0.85107714
1.0129032
0.86131024
0.6364956
0.7921248
0.8172652
0.7406677
1.2554595
0.85917425
0.8598734
0.6414544
0.6894369
0.88408506
0.8399521
0.8506623
0.8811524
0.79559094
0.6903334
0.8217292
0.65447336
0.8683029
0.8686872
0.7803164
0.9175895
0.71510416
0.75613505
0.87058514
0.78025955
0.7574711
0.8996418
0.947306
0.672301
0.9344102
0.7689307
0.6885181
0.80711097
0.8200672
0.8786128
1.10202
0.6308891
0.8763481
1.0113801
0.7357318
0.9085858
0.70015204
0.8593014
0.81876785
0.6748659
0.7077241
0.7717918
0.78652024
0.73878485
1.0315626
0.8589507
1.1975695
0.7835039
1.0140753
0.85993624
0.70273876
0.72475463
0.78577465
0.77893996
0.7691915
0.86784154
0.8520873
0.87586004
0.87400144
0.83921427
1.0028367
0.83923036
0.7325337
0.76638496
1.3153975
0.89553076
0.86549217
0.6973442
0.85187286
0.6155651
0.7782668
0.9134823
0.6316796
0.97116613
0.731059
0.7295581
0.7661703
0.7867416
0.9994775
0.72795033
0.9850686
0.7097314
0.7187585
0.8678949
0.92327935
0.76808935
0.80237234
0.9234486
0.6850563
0.9218656
0.74205226
0.7874024
0.7357232
0.6341174
0.7079648
0.92554647
0.73613375
0.7413658
0.6744035
0.9974915
0.8421731
1.1527852
0.7200304
0.73931986
0.9577151
1.0774019
0.9472668
1.0011836
0.69597274
0.8468814
0.7373929
0.64498776
0.8187713
0.936859
0.60806465
0.8377767
1.0888276
0.7479263
0.61912614
0.7841443
0.71478796
0.70370877
0.9081049
0.7331051
0.80289286
0.9137977
0.89419353
0.90947837
0.9436105
0.9639706
1.003919
0.87276065
0.90847933
0.8681724
0.8579679
0.6715438
1.0203711
0.6431793
0.81815946
0.6536074
0.92834544
0.7255901
0.82141346
0.6145365
0.8064243
0.8245088
0.6389369
0.9690309
0.92293817
0.9491578
0.8480778
0.80501574
0.7629697
0.88448066
0.96729136
0.9364007
0.82146543
0.93620443
0.96666527
0.68721336
0.87740093
0.7593543
0.8506991
0.6828928
0.8086476
0.7950151
1.0062151
0.8370091
0.8164169
0.74930865
0.8327439
1.1162143
0.68855506
0.8446697
0.9038983
0.8991498
0.79616535
0.7703369
0.93464375
0.78736037
0.87185204
1.0491775
0.77371675
0.8279361
0.7450546
0.8281266
0.8574034
0.9714127
0.69246465
0.917234
0.85545045
0.6875761
0.6873018
0.7329617
0.81206524
0.89286876
0.87452066
0.8991441
0.81840473
1.1023769
0.7014752
0.69115055
0.70052445
0.679215
0.76015985
0.9406582
0.7995599
0.7403642
0.66741854
0.8580135
0.8625659
0.90083057
0.7383216
0.80022806
0.86591804
1.0449938
0.78373706
0.67472184
0.88724625
0.7172808
0.7527517
0.7987471
0.75716853
0.7299011
0.7360897
0.7644952
0.76480436
0.7356772
1.1343349
0.76874065
1.0514563
0.7707869
0.86489856
0.7683917
0.72896624
0.8602267
0.83422285
0.8534569
0.83088666
0.87765247
0.7936841
0.90510094
0.81530154
0.8809157
test_mean_costs
0.0
0.0
0.0
0.0
0.0
0.0
0.0
0.0
0.0
0.0
0.0
0.0
0.0
0.0
0.0
0.0
0.0
0.0
0.0
0.0
0.0
0.0
0.0
0.0
0.0
0.0
0.0
0.0
0.0
0.0
0.0
0.0
0.0
0.0
0.0
0.0
0.0
0.0
0.0
0.0
0.0
0.0
0.0
0.0
0.0
0.0
0.0
0.0
0.0
0.0
0.0
0.0
0.0
0.0
0.0
0.0
0.0
0.0
0.0
0.0
0.0
0.0
0.0
0.0
0.0
0.0
0.0
0.0
0.0
0.0
0.0
0.0
0.0
0.0
0.0
0.0
0.0
0.0
0.0
0.0
0.0
0.0
0.0
0.0
0.0
0.0
0.0
0.0
0.0
0.0
0.0
0.0
0.0
0.0
0.0
0.0
0.0
0.0
0.0
0.0
0.0
0.0
0.0
0.0
0.0
0.0
0.0
0.0
0.0
0.0
0.0
0.0
0.0
0.0
0.0
0.0
0.0
0.0
0.0
0.0
0.0
0.0
0.0
0.0
0.0
0.0
0.0
0.0
0.0
0.0
0.0
0.0
0.0
0.0
0.0
0.0
0.0
0.0
0.0
0.0
0.0
0.0
0.0
0.0
0.0
0.0
0.0
0.0
0.0
0.0
0.0
0.0
0.0
0.0
0.0
0.0
0.0
0.0
0.0
0.0
0.0
0.0
0.0
0.0
0.0
0.0
0.0
0.0
0.0
0.0
0.0
0.0
0.0
0.0
0.0
0.0
0.0
0.0
0.0
0.0
0.0
0.0
0.0
0.0
0.0
0.0
0.0
0.0
0.0
0.0
0.0
0.0
0.0
0.0
0.0
0.0
0.0
0.0
0.0
0.0
0.0
0.0
0.0
0.0
0.0
0.0
0.0
0.0
0.0
0.0
0.0
0.0
0.0
0.0
0.0
0.0
0.0
0.0
0.0
0.0
0.0
0.0
0.0
0.0
0.0
0.0
0.0
0.0
0.0
0.0
0.0
0.0
0.0
0.0
0.0
0.0
0.0
0.0
0.0
0.0
0.0
0.0
0.0
0.0
0.0
0.0
0.0
0.0
0.0
0.0
0.0
0.0
0.0
0.0
0.0
0.0
test_mean_abs_costs
0.0
0.0
0.0
0.0
0.0
0.0
0.0
0.0
0.0
0.0
0.0
0.0
0.0
0.0
0.0
0.0
0.0
0.0
0.0
0.0
0.0
0.0
0.0
0.0
0.0
0.0
0.0
0.0
0.0
0.0
0.0
0.0
0.0
0.0
0.0
0.0
0.0
0.0
0.0
0.0
0.0
0.0
0.0
0.0
0.0
0.0
0.0
0.0
0.0
0.0
0.0
0.0
0.0
0.0
0.0
0.0
0.0
0.0
0.0
0.0
0.0
0.0
0.0
0.0
0.0
0.0
0.0
0.0
0.0
0.0
0.0
0.0
0.0
0.0
0.0
0.0
0.0
0.0
0.0
0.0
0.0
0.0
0.0
0.0
0.0
0.0
0.0
0.0
0.0
0.0
0.0
0.0
0.0
0.0
0.0
0.0
0.0
0.0
0.0
0.0
0.0
0.0
0.0
0.0
0.0
0.0
0.0
0.0
0.0
0.0
0.0
0.0
0.0
0.0
0.0
0.0
0.0
0.0
0.0
0.0
0.0
0.0
0.0
0.0
0.0
0.0
0.0
0.0
0.0
0.0
0.0
0.0
0.0
0.0
0.0
0.0
0.0
0.0
0.0
0.0
0.0
0.0
0.0
0.0
0.0
0.0
0.0
0.0
0.0
0.0
0.0
0.0
0.0
0.0
0.0
0.0
0.0
0.0
0.0
0.0
0.0
0.0
0.0
0.0
0.0
0.0
0.0
0.0
0.0
0.0
0.0
0.0
0.0
0.0
0.0
0.0
0.0
0.0
0.0
0.0
0.0
0.0
0.0
0.0
0.0
0.0
0.0
0.0
0.0
0.0
0.0
0.0
0.0
0.0
0.0
0.0
0.0
0.0
0.0
0.0
0.0
0.0
0.0
0.0
0.0
0.0
0.0
0.0
0.0
0.0
0.0
0.0
0.0
0.0
0.0
0.0
0.0
0.0
0.0
0.0
0.0
0.0
0.0
0.0
0.0
0.0
0.0
0.0
0.0
0.0
0.0
0.0
0.0
0.0
0.0
0.0
0.0
0.0
0.0
0.0
0.0
0.0
0.0
0.0
0.0
0.0
0.0
0.0
0.0
0.0
0.0
0.0
0.0
0.0
0.0
0.0
test_variance_costs
0.0
0.0
0.0
0.0
0.0
0.0
0.0
0.0
0.0
0.0
0.0
0.0
0.0
0.0
0.0
0.0
0.0
0.0
0.0
0.0
0.0
0.0
0.0
0.0
0.0
0.0
0.0
0.0
0.0
0.0
0.0
0.0
0.0
0.0
0.0
0.0
0.0
0.0
0.0
0.0
0.0
0.0
0.0
0.0
0.0
0.0
0.0
0.0
0.0
0.0
0.0
0.0
0.0
0.0
0.0
0.0
0.0
0.0
0.0
0.0
0.0
0.0
0.0
0.0
0.0
0.0
0.0
0.0
0.0
0.0
0.0
0.0
0.0
0.0
0.0
0.0
0.0
0.0
0.0
0.0
0.0
0.0
0.0
0.0
0.0
0.0
0.0
0.0
0.0
0.0
0.0
0.0
0.0
0.0
0.0
0.0
0.0
0.0
0.0
0.0
0.0
0.0
0.0
0.0
0.0
0.0
0.0
0.0
0.0
0.0
0.0
0.0
0.0
0.0
0.0
0.0
0.0
0.0
0.0
0.0
0.0
0.0
0.0
0.0
0.0
0.0
0.0
0.0
0.0
0.0
0.0
0.0
0.0
0.0
0.0
0.0
0.0
0.0
0.0
0.0
0.0
0.0
0.0
0.0
0.0
0.0
0.0
0.0
0.0
0.0
0.0
0.0
0.0
0.0
0.0
0.0
0.0
0.0
0.0
0.0
0.0
0.0
0.0
0.0
0.0
0.0
0.0
0.0
0.0
0.0
0.0
0.0
0.0
0.0
0.0
0.0
0.0
0.0
0.0
0.0
0.0
0.0
0.0
0.0
0.0
0.0
0.0
0.0
0.0
0.0
0.0
0.0
0.0
0.0
0.0
0.0
0.0
0.0
0.0
0.0
0.0
0.0
0.0
0.0
0.0
0.0
0.0
0.0
0.0
0.0
0.0
0.0
0.0
0.0
0.0
0.0
0.0
0.0
0.0
0.0
0.0
0.0
0.0
0.0
0.0
0.0
0.0
0.0
0.0
0.0
0.0
0.0
0.0
0.0
0.0
0.0
0.0
0.0
0.0
0.0
0.0
0.0
0.0
0.0
0.0
0.0
0.0
0.0
0.0
0.0
0.0
0.0
0.0
0.0
0.0
0.0
test_mean_wealth
-1.5426285
-1.5442598
-1.5513234
-1.4744416
-1.7985387
-1.5416865
-1.6931779
-1.6147733
-1.618346
-1.6959081
-1.6431623
-1.6241245
-1.6985228
-1.5462629
-1.4818935
-1.6174841
-1.5934509
-1.6801685
-1.6340914
-1.5671884
-1.6382806
-1.4639324
-1.5897399
-1.3797768
-1.5031002
-1.625724
-1.5970601
-1.6606331
-1.5641367
-1.5188606
-1.6799939
-1.5206959
-1.6269594
-1.6901321
-1.5799367
-1.5510182
-1.6947005
-1.4833863
-1.5700914
-1.7071846
-1.631554
-1.553204
-1.6522824
-1.5525212
-1.5292823
-1.5678524
-1.5972835
-1.5689098
-1.6614542
-1.6878908
-1.5703644
-1.589073
-1.4514359
-1.6992344
-1.611232
-1.6303891
-1.5580337
-1.604643
-1.6096549
-1.6062224
-1.6498107
-1.614805
-1.5262966
-1.7301867
-1.56426
-1.6287903
-1.6411208
-1.6735483
-1.8268652
-1.7045214
-1.6784216
-1.594127
-1.6739019
-1.7299534
-1.7501328
-1.4506063
-1.6402994
-1.808961
-1.5848411
-1.6405597
-1.5927361
-1.5794607
-1.6361095
-1.840839
-1.5697169
-1.6668406
-1.4952552
-1.6768771
-1.5402457
-1.6623563
-1.620033
-1.5248048
-1.6194149
-1.5045917
-1.6930609
-1.6307946
-1.6970206
-1.5685867
-1.4900725
-1.6180668
-1.574942
-1.5493075
-1.6860695
-1.7093377
-1.6648325
-1.5425954
-1.6094702
-1.702014
-1.6258664
-1.5611985
-1.5947473
-1.6481835
-1.4455408
-1.5960275
-1.5111376
-1.6199555
-1.7910641
-1.611746
-1.6772591
-1.6132601
-1.5944438
-1.576038
-1.7611536
-1.6106592
-1.5449021
-1.7752954
-1.6516694
-1.7176898
-1.5265692
-1.6585909
-1.5165826
-1.4784982
-1.5940081
-1.6121008
-1.5077994
-1.5827873
-1.555318
-1.6437567
-1.6727468
-1.7397513
-1.5980774
-1.6895968
-1.6560206
-1.6942719
-1.6379354
-1.6137328
-1.5747776
-1.5486512
-1.5851965
-1.4558303
-1.7618294
-1.6738125
-1.6500071
-1.6586752
-1.5342659
-1.4900707
-1.6135817
-1.6500119
-1.4469246
-1.6021254
-1.7186861
-1.6615504
-1.4862506
-1.612403
-1.650931
-1.4300246
-1.6275506
-1.5712905
-1.5169544
-1.6759923
-1.6613271
-1.6412694
-1.7029213
-1.4844333
-1.5544055
-1.5824167
-1.6116545
-1.7695768
-1.510534
-1.6073824
-1.5565368
-1.6159384
-1.6783422
-1.6777533
-1.6277448
-1.6782492
-1.6672463
-1.6915748
-1.6545284
-1.5626405
-1.6939583
-1.4940666
-1.575106
-1.6233432
-1.8097326
-1.7823501
-1.6047231
-1.7378597
-1.49874
-1.6302397
-1.5834712
-1.676724
-1.5464355
-1.5792955
-1.5545199
-1.515651
-1.6576564
-1.5849472
-1.6348399
-1.6131566
-1.6039455
-1.5885203
-1.5828822
-1.5944859
-1.5989908
-1.670096
-1.5402323
-1.7071356
-1.5131447
-1.5900831
-1.5535942
-1.6112252
-1.731823
-1.6034092
-1.4159518
-1.5694246
-1.6240671
-1.5762703
-1.5271375
-1.737847
-1.6693771
-1.5938905
-1.5597272
-1.6309863
-1.5041662
-1.6173793
-1.6061667
-1.6264935
-1.6323788
-1.7839979
-1.6003635
-1.5211662
-1.6146215
-1.490924
-1.6945683
-1.7179439
-1.633619
-1.573892
-1.4681365
-1.5537007
-1.673787
-1.5830516
-1.6756146
-1.4998788
-1.5050681
-1.4168049
test_mean_abs_wealth
1.5434903
1.5448724
1.5544071
1.4762808
1.7988397
1.5452521
1.6941308
1.6151396
1.6193262
1.6964093
1.643668
1.6284074
1.6991295
1.5483917
1.482893
1.6179632
1.5954392
1.6811914
1.6354849
1.5689807
1.6390505
1.4657854
1.590962
1.3821625
1.5058904
1.6269085
1.5981832
1.6617613
1.5648944
1.5202738
1.680788
1.522404
1.6276941
1.6911405
1.582593
1.5517031
1.6958333
1.4854028
1.5707314
1.7076852
1.6326802
1.5550189
1.6553705
1.5530106
1.532258
1.5711176
1.597951
1.5709631
1.6618476
1.6885879
1.5716798
1.5896562
1.4534998
1.6997477
1.6119775
1.6310867
1.5612711
1.6060653
1.6145147
1.6071107
1.6519026
1.6165229
1.5274775
1.730346
1.565495
1.6294743
1.6417124
1.6745254
1.827156
1.705317
1.6792414
1.5951526
1.6754482
1.730513
1.7502902
1.452792
1.6472592
1.8093264
1.586406
1.6409863
1.5941483
1.5798241
1.6367315
1.8413111
1.5701936
1.6682633
1.4967582
1.6772422
1.541714
1.6628655
1.6219324
1.5261443
1.6218208
1.5055437
1.6933973
1.6320183
1.6979669
1.5695562
1.4922942
1.6197034
1.5756427
1.5521232
1.6864432
1.7098483
1.6653391
1.5432303
1.6099831
1.7027711
1.6265422
1.5622022
1.5953323
1.6498388
1.4497488
1.6008352
1.5123777
1.6205546
1.7917447
1.6148126
1.6786295
1.6158419
1.5950738
1.5774721
1.7614437
1.6111026
1.5464809
1.7760273
1.6518128
1.7181965
1.5313308
1.659105
1.5172322
1.480777
1.5947429
1.6127434
1.5107117
1.5836104
1.5573232
1.6456441
1.6737248
1.7405896
1.6001122
1.6908768
1.6579165
1.6950233
1.639042
1.6149225
1.5765995
1.5494788
1.5876635
1.4571537
1.7621665
1.6740884
1.65155
1.659064
1.5362189
1.4909172
1.6146066
1.6508
1.4482566
1.6042545
1.7195479
1.6630422
1.4891058
1.6133485
1.6515132
1.4350735
1.629386
1.5731964
1.518982
1.6772149
1.663104
1.6417965
1.7036399
1.4863669
1.5565664
1.5830798
1.6127077
1.7700076
1.5148597
1.6083822
1.5580802
1.616677
1.6791495
1.6805937
1.6281695
1.6791073
1.668423
1.6925536
1.6551722
1.5637181
1.6951483
1.4957947
1.5771116
1.62606
1.8099236
1.7827436
1.6056204
1.738251
1.5016694
1.6321425
1.5841125
1.678007
1.549073
1.5798715
1.5554631
1.517029
1.6583765
1.5867342
1.6358116
1.614674
1.6049703
1.5919932
1.5835483
1.5951072
1.5998497
1.6704422
1.5412506
1.7080113
1.51532
1.5909199
1.5542226
1.6125282
1.7323338
1.6052538
1.4190631
1.5707239
1.625239
1.5795134
1.5287571
1.7379944
1.6703018
1.5945876
1.5609076
1.6319916
1.5057868
1.6179377
1.6068904
1.6271989
1.6330906
1.7841622
1.6043965
1.5225915
1.6185048
1.492843
1.6953996
1.7183341
1.6341106
1.5758702
1.4713932
1.5560194
1.674522
1.5850292
1.6762381
1.5027946
1.5072365
1.42181
test_variance_wealth
0.1618527
0.15898691
0.22156416
0.18090773
0.15355343
0.22040303
0.17515156
0.1502592
0.1654201
0.15930922
0.15534219
0.23872502
0.16557673
0.201153
0.16518766
0.15536222
0.20888937
0.17294778
0.17952143
0.18771464
0.16274166
0.17955981
0.17405139
0.18304808
0.1998867
0.17753467
0.17459524
0.18157695
0.16228506
0.17652701
0.16823848
0.18087694
0.1610528
0.17343031
0.19956312
0.1634477
0.1804633
0.18419887
0.15933576
0.15753509
0.18114632
0.18907723
0.22218716
0.15638144
0.21708108
0.21843798
0.15927072
0.20383374
0.15070389
0.16687445
0.17480567
0.15597676
0.18629655
0.15466397
0.16542393
0.16117966
0.21372658
0.18341395
0.24363634
0.16876203
0.21286435
0.18956508
0.17220697
0.14533937
0.17173262
0.16427231
0.15788679
0.17943986
0.15094669
0.16630578
0.18196513
0.17499381
0.18803795
0.16331328
0.14342919
0.18497479
0.2866066
0.16078208
0.1799332
0.15180846
0.17730327
0.1520722
0.16087072
0.1623254
0.15404236
0.19755742
0.17668256
0.15262131
0.17675962
0.16016388
0.19399102
0.17609029
0.19914709
0.16880836
0.15069543
0.17802404
0.17358842
0.16848531
0.19362794
0.18371281
0.16079193
0.2189009
0.1528713
0.15633833
0.15566258
0.15928505
0.15730576
0.17404959
0.15929633
0.16785187
0.15555404
0.2145063
0.22380887
0.2532991
0.17168163
0.15719576
0.17572175
0.22022404
0.1831381
0.19740742
0.15738367
0.18391594
0.1438326
0.1503478
0.18948692
0.16813277
0.14216112
0.17010404
0.22894439
0.15646425
0.15840521
0.18897195
0.16098315
0.15694338
0.19540851
0.1636741
0.19878118
0.19566178
0.17599927
0.17471057
0.19063367
0.19420326
0.21434434
0.1696521
0.17893067
0.17798397
0.18167308
0.16265723
0.20395644
0.16921532
0.1537585
0.1455628
0.18379973
0.15380722
0.18057762
0.1607512
0.17111275
0.16525692
0.1705051
0.19605991
0.17918818
0.189679
0.19779381
0.16900332
0.16008355
0.23671441
0.1893187
0.18737033
0.18448189
0.181177
0.18927243
0.15266776
0.16888162
0.18369801
0.19381677
0.16143768
0.17706531
0.15116131
0.23452
0.17648926
0.18180525
0.16481707
0.1702459
0.22254471
0.15396243
0.16574468
0.18206477
0.17907737
0.16319606
0.16986518
0.1825613
0.17986658
0.19048105
0.20809798
0.1418256
0.15000911
0.16779566
0.15942743
0.19531538
0.18817168
0.15770882
0.18162261
0.21977898
0.15800898
0.1628207
0.1767686
0.16344613
0.19962052
0.1742041
0.18139057
0.17245427
0.21919432
0.15973891
0.15727109
0.16042656
0.14954141
0.17007811
0.17585962
0.18779863
0.16481088
0.16043916
0.1822358
0.16443719
0.19693208
0.19932424
0.18560651
0.1729764
0.21384797
0.18164204
0.14188497
0.17241104
0.15854809
0.1727875
0.17296982
0.17626838
0.15751226
0.16066706
0.16207716
0.16372943
0.14077224
0.24341697
0.18106209
0.24137732
0.18376552
0.16851221
0.15659203
0.15723059
0.20116027
0.20383495
0.20584047
0.16778037
0.19128291
0.1651043
0.1993183
0.1843386
0.23559844
test_wealth_with_price_abs_mean
0.31082445
0.3090063
0.35884756
0.3252548
0.30115873
0.3505143
0.319867
0.3007448
0.31225878
0.30597246
0.30260438
0.36653247
0.30911157
0.34265572
0.31430575
0.3042082
0.35038728
0.3165935
0.32210705
0.3302197
0.31096843
0.32429266
0.31888255
0.3285329
0.33937463
0.32253388
0.32118222
0.326408
0.31066698
0.32288465
0.31450865
0.32548776
0.30865708
0.31764022
0.33772257
0.3124903
0.3242218
0.32793415
0.3081145
0.30565804
0.32667685
0.32969967
0.35281628
0.3068251
0.35635993
0.35458425
0.3072693
0.34482273
0.29983413
0.31296396
0.31949908
0.30555063
0.33171833
0.3020727
0.31131124
0.30879897
0.3504255
0.32729483
0.36969212
0.31505078
0.35118452
0.33154032
0.31966183
0.29589638
0.31647852
0.31153008
0.3068836
0.32476577
0.29848373
0.311011
0.32910097
0.3184849
0.3294063
0.3104224
0.29226738
0.327462
0.3956947
0.3077704
0.32283413
0.3017785
0.32054356
0.30292222
0.30771127
0.3095511
0.30487823
0.34002742
0.32320657
0.30090472
0.32275984
0.30681235
0.33317506
0.32146263
0.3374098
0.31482756
0.30026144
0.32119885
0.31917638
0.315765
0.335874
0.32633966
0.3097915
0.35732737
0.30095693
0.30441755
0.30429718
0.30897644
0.30527076
0.3178512
0.3061151
0.31411928
0.30482304
0.35471755
0.36081678
0.3788356
0.31806248
0.3052872
0.31905335
0.3542964
0.32441714
0.33493522
0.30458504
0.3272458
0.2931595
0.30058628
0.33376837
0.3124761
0.2939739
0.31803417
0.36047763
0.3055534
0.3089298
0.33228642
0.30815712
0.30584794
0.33477753
0.3122037
0.3405957
0.33534253
0.32141334
0.32057416
0.33082077
0.3368977
0.3537809
0.31453684
0.32322
0.31862515
0.32407203
0.3108009
0.34306237
0.3168418
0.30187634
0.29586717
0.32493332
0.30107537
0.32341775
0.31053478
0.31654105
0.3113105
0.3187026
0.3333933
0.32362938
0.33170128
0.33718172
0.31337163
0.30786735
0.36997166
0.32956496
0.3298195
0.32628217
0.3237612
0.3298098
0.30178407
0.31593406
0.3261352
0.33529207
0.30944717
0.32242113
0.29878932
0.36658308
0.32152322
0.32559827
0.3124917
0.3150049
0.35426968
0.3033052
0.3102618
0.32698375
0.32371363
0.31030452
0.31496486
0.32664526
0.32399547
0.3315406
0.3433128
0.29145005
0.29865035
0.31539506
0.30688182
0.33347765
0.32874796
0.30676943
0.3244967
0.3590254
0.30722558
0.31071088
0.32057607
0.30877042
0.34223324
0.31767967
0.32491907
0.31748733
0.3526453
0.30682635
0.30561647
0.3084155
0.2990628
0.31587633
0.31948638
0.32856014
0.31103268
0.30908254
0.32498142
0.31231835
0.33830428
0.33923033
0.3306607
0.31885558
0.34685203
0.32566547
0.29263762
0.31842822
0.30728227
0.3183695
0.3193693
0.3213337
0.30566305
0.3083486
0.3087044
0.31154418
0.29106018
0.36992356
0.32490486
0.36919758
0.32886562
0.3138412
0.30438074
0.3055783
0.3432855
0.3433415
0.34581992
0.31366357
0.33288506
0.31231603
0.3377006
0.32594696
0.36834407
test_wealth_with_price_variance
0.1618527
0.15898691
0.22156416
0.18090773
0.15355343
0.22040303
0.17515156
0.1502592
0.1654201
0.15930922
0.15534219
0.23872502
0.16557673
0.201153
0.16518766
0.15536222
0.20888937
0.17294778
0.17952143
0.18771464
0.16274166
0.17955981
0.17405139
0.18304808
0.1998867
0.17753467
0.17459524
0.18157695
0.16228506
0.17652701
0.16823848
0.18087694
0.1610528
0.17343031
0.19956312
0.1634477
0.1804633
0.18419887
0.15933576
0.15753509
0.18114632
0.18907723
0.22218716
0.15638144
0.21708108
0.21843798
0.15927072
0.20383374
0.15070389
0.16687445
0.17480567
0.15597676
0.18629655
0.15466397
0.16542393
0.16117966
0.21372658
0.18341395
0.24363634
0.16876203
0.21286435
0.18956508
0.17220697
0.14533937
0.17173262
0.16427231
0.15788679
0.17943986
0.15094669
0.16630578
0.18196513
0.17499381
0.18803795
0.16331328
0.14342919
0.18497479
0.2866066
0.16078208
0.1799332
0.15180846
0.17730327
0.1520722
0.16087072
0.1623254
0.15404236
0.19755742
0.17668256
0.15262131
0.17675962
0.16016388
0.19399102
0.17609029
0.19914709
0.16880836
0.15069543
0.17802404
0.17358842
0.16848531
0.19362794
0.18371281
0.16079193
0.2189009
0.1528713
0.15633833
0.15566258
0.15928505
0.15730576
0.17404959
0.15929633
0.16785187
0.15555404
0.2145063
0.22380887
0.2532991
0.17168163
0.15719576
0.17572175
0.22022404
0.1831381
0.19740742
0.15738367
0.18391594
0.1438326
0.1503478
0.18948692
0.16813277
0.14216112
0.17010404
0.22894439
0.15646425
0.15840521
0.18897195
0.16098315
0.15694338
0.19540851
0.1636741
0.19878118
0.19566178
0.17599927
0.17471057
0.19063367
0.19420326
0.21434434
0.1696521
0.17893067
0.17798397
0.18167308
0.16265723
0.20395644
0.16921532
0.1537585
0.1455628
0.18379973
0.15380722
0.18057762
0.1607512
0.17111275
0.16525692
0.1705051
0.19605991
0.17918818
0.189679
0.19779381
0.16900332
0.16008355
0.23671441
0.1893187
0.18737033
0.18448189
0.181177
0.18927243
0.15266776
0.16888162
0.18369801
0.19381677
0.16143768
0.17706531
0.15116131
0.23452
0.17648926
0.18180525
0.16481707
0.1702459
0.22254471
0.15396243
0.16574468
0.18206477
0.17907737
0.16319606
0.16986518
0.1825613
0.17986658
0.19048105
0.20809798
0.1418256
0.15000911
0.16779566
0.15942743
0.19531538
0.18817168
0.15770882
0.18162261
0.21977898
0.15800898
0.1628207
0.1767686
0.16344613
0.19962052
0.1742041
0.18139057
0.17245427
0.21919432
0.15973891
0.15727109
0.16042656
0.14954141
0.17007811
0.17585962
0.18779863
0.16481088
0.16043916
0.1822358
0.16443719
0.19693208
0.19932424
0.18560651
0.1729764
0.21384797
0.18164204
0.14188497
0.17241104
0.15854809
0.1727875
0.17296982
0.17626838
0.15751226
0.16066706
0.16207716
0.16372943
0.14077224
0.24341697
0.18106209
0.24137732
0.18376552
0.16851221
0.15659203
0.15723059
0.20116027
0.20383495
0.20584047
0.16778037
0.19128291
0.1651043
0.1993183
0.1843386
0.23559844
price
1.5425469
1.544722
1.5511937
1.4734566
1.7994375
1.5427883
1.6929353
1.614819
1.6185164
1.6960262
1.6432614
1.6245564
1.6976317
1.5450736
1.4807211
1.6170038
1.5939118
1.6817304
1.632702
1.5675635
1.638618
1.4635892
1.5906909
1.3802061
1.5030808
1.6253273
1.5984958
1.6615587
1.5642966
1.5190716
1.6809369
1.521867
1.6280364
1.6918126
1.5790938
1.5513674
1.6942621
1.4832382
1.5692453
1.7081507
1.6310126
1.5521271
1.6534969
1.5530337
1.5296142
1.5686908
1.597407
1.56885
1.6623156
1.6900474
1.5709442
1.5894377
1.4525858
1.6981529
1.6111565
1.6308074
1.5590762
1.6036031
1.6109911
1.6060795
1.648491
1.6141262
1.526989
1.7311922
1.5636936
1.6285
1.6415408
1.6739331
1.826512
1.7041589
1.6790264
1.5952566
1.6739521
1.7300893
1.7505332
1.4502091
1.6414814
1.8095096
1.5850998
1.6401986
1.5931822
1.5800102
1.6350005
1.8399305
1.5717893
1.6673217
1.4944947
1.6772921
1.5392575
1.6630614
1.6201998
1.5260532
1.6185913
1.5046542
1.6923816
1.6313273
1.6959932
1.5691234
1.4906981
1.617647
1.5750308
1.5493066
1.6853379
1.7084918
1.666682
1.542102
1.6098651
1.7018187
1.6266983
1.5616736
1.5947893
1.6478969
1.4470117
1.594958
1.5113266
1.6214261
1.7918508
1.6131045
1.6766835
1.6124604
1.594776
1.577656
1.7614001
1.6091508
1.5430233
1.7745379
1.6507523
1.716871
1.5260234
1.6583078
1.515515
1.4792798
1.5956306
1.6132433
1.5072064
1.5835989
1.5560305
1.643552
1.6716931
1.7382022
1.5978065
1.6895432
1.655278
1.6924237
1.6371411
1.6143286
1.5754855
1.5482144
1.5838597
1.4556513
1.7619323
1.6727026
1.6500436
1.6592395
1.5328727
1.490413
1.6134139
1.6495476
1.4468788
1.6035795
1.719126
1.6622741
1.4863702
1.6117461
1.6504668
1.429533
1.6275375
1.57249
1.5169334
1.6749315
1.6606332
1.6405349
1.703594
1.4845772
1.5557809
1.5820689
1.6123397
1.7696135
1.5128855
1.6086321
1.5562168
1.6170005
1.6782408
1.6775062
1.6271806
1.6782538
1.6659486
1.6935048
1.6547177
1.5635953
1.6942911
1.4929826
1.5746605
1.6233227
1.8100417
1.7837064
1.6040672
1.7388923
1.4984659
1.6307509
1.5842077
1.676258
1.5462697
1.5801948
1.5554683
1.5158552
1.6578962
1.5864232
1.6352088
1.6142954
1.6035919
1.5891825
1.583868
1.5941017
1.5991745
1.67138
1.5396447
1.707449
1.5157609
1.5913142
1.5548732
1.6108048
1.7325265
1.6049687
1.4152699
1.5706673
1.6244638
1.5759501
1.5275321
1.7372953
1.6688242
1.5944334
1.5602552
1.6332121
1.5036207
1.6171124
1.606448
1.6269312
1.6307936
1.7834966
1.600742
1.5225643
1.6142234
1.4908892
1.6942928
1.7189643
1.6338906
1.5730174
1.4689893
1.5552826
1.6743096
1.5827243
1.6762807
1.4994142
1.505947
1.4171036
train_time
0.46448039999999935
0.3289895999999999
0.3424470000000017
0.3289559000000004
0.42691699999999955
0.31357249999999937
0.31015060000000005
0.32941630000000544
0.32909559999999516
0.3358464999999953
0.3286130999999983
0.4545464999999993
0.31579509999999544
0.32968420000000265
0.33194299999999544
0.3297276999999994
0.33424320000000307
0.3286627999999894
0.3328044999999946
0.4873678999999953
0.3113665999999995
0.33021730000000105
0.3353334999999902
0.33115929999999594
0.33570899999999426
0.31532270000001006
0.3208213999999998
0.5462342000000007
0.31848199999998883
0.34295899999999335
0.32287970000000144
0.42310489999999845
0.3196265999999923
0.31665230000001543
0.30806590000000256
0.30731279999997696
0.42278489999998214
0.4110528999999872
0.6339216000000079
0.32782620000000406
0.31735100000000216
0.4323445999999933
0.3122050999999999
0.32018059999998627
0.32055170000001
0.31869950000000813
0.30853979999997705
0.326410199999998
0.32180980000001114
0.34540979999999877
0.3044433999999967
0.32711750000001416
0.34241159999999127
0.3271979000000158
0.36844010000001504
0.32487359999998944
0.32405770000002576
0.32426430000001005
0.3346700000000169
0.3221796999999924
0.31617520000000354
0.32916410000001406
0.3429480000000069
0.3122096999999826
0.7016452999999956
0.33026540000003024
0.32261629999999286
0.31928329999999505
0.3369327999999996
0.2997912000000156
0.30685950000003004
0.3300785999999789
0.3101475999999934
0.32044250000001284
0.3366358000000105
0.3123078000000419
0.37376900000003843
0.3455103000000008
0.3414594000000193
0.3210493999999926
0.7829111000000353
0.3353472999999667
0.3254259999999931
0.3340235000000007
0.31238810000002104
0.3221854000000235
0.4442051000000333
0.34531080000004977
0.32502730000004476
0.3172769000000244
0.3881241999999929
0.3089927999999986
0.34922149999999874
0.32613870000000134
0.5361798000000135
0.3665134999999964
0.32848039999998946
0.3049940999999876
0.331399499999975
0.36128730000001497
0.3111671000000342
0.30521360000000186
0.33004850000003216
0.3046653999999762
0.30507019999998874
0.31492090000000417
0.30540390000004436
0.32716870000001563
0.3386641000000168
0.31113519999996697
0.3251563000000033
0.3408281999999758
0.32081039999997074
0.4082159999999817
0.39637620000002016
0.3032751999999732
0.34287619999997787
0.3337488000000235
0.32223260000000664
0.31153030000001536
0.3081130999999573
0.4874470000000315
1.0875120000000038
0.3425559000000362
0.3251099999999951
0.3093752000000336
0.31572899999997617
0.31446619999996983
0.3440987999999834
0.31468659999995907
0.30917859999999564
0.31793449999997847
0.3204236999999921
0.3129367999999886
0.3106705000000147
0.30469460000006166
0.33105000000000473
0.3068849
0.31112530000007155
0.3114094999999679
0.31524259999991955
0.2985757999999805
0.3167515000000094
0.3132453999999143
0.3109883000000764
0.2984236999999439
0.3169923000000381
0.30943360000003395
0.32224859999996625
1.1779606000000058
0.30589579999991656
0.3152471000000787
0.32362669999997706
0.29952879999996185
0.30338700000004337
0.30425800000000436
0.32008910000001833
0.31644489999996495
0.31405930000005355
0.2980711999999812
0.3204845000000205
0.31645639999999275
0.33930799999996
0.3310215999999855
0.31914470000003803
0.30798360000005687
0.30189310000002934
0.31412299999999505
0.3169333999999253
0.316854899999953
0.3032623000000285
0.30939200000000255
0.31483689999993203
0.6047016999999641
0.3180360000000064
0.3069120999999768
0.3110891999999694
0.3110787000000528
0.31101699999999255
0.32270789999995486
1.3455986000000166
0.305820400000016
0.3056748000000198
0.30249109999999746
0.31931230000009236
0.2995946000000913
0.3022756999999956
0.32217419999994945
0.32043290000001434
0.32361680000008164
0.3925551000000951
0.4014435000000276
0.31081490000008216
0.314056800000003
0.3150772000000188
0.32388319999995474
0.30517470000006597
0.3237113999999792
0.3258637000000135
0.3099635999999464
0.30693840000003547
0.33161970000003294
0.33062440000003335
0.3071654000000308
0.3251476000000366
0.3100329999999758
0.33095269999989796
0.3171298999999408
0.30617080000001806
0.3059398999999985
0.31215290000000095
0.31338080000000446
0.3685248000000456
0.3297082000000273
0.3291319999999587
0.30819270000006327
1.5853882999999769
0.32211870000003273
0.32268649999991794
0.33729379999999765
0.31420489999993606
0.31448409999995874
0.30650100000002567
0.35414209999999
0.3434386999999788
0.314632999999958
0.3432185000000345
0.32284070000002885
0.40414989999999307
0.31560239999998885
0.3173159000000396
0.31443960000001425
0.3299140999999963
0.3297033999999712
0.3058356999999887
0.3155379999999468
0.32933730000002015
0.3367226999999957
0.3079187999999249
0.30523669999990943
0.33192860000008295
0.3294991000000209
0.3232436000000689
0.3064606000000367
0.3106730999999172
0.3260634000000664
0.3104518000000098
0.33345540000004803
0.3259546000000455
0.30764750000003005
0.30944300000010116
0.33195419999992737
0.31005070000003343
0.3213924000000361
0.3296408999999585
0.31350879999990866


