================================================================================
=== continuous-time
train_risk
2.6656342
2.4184253
2.5301049
2.7112665
2.6185567
2.70742
2.613278
2.485334
2.6929798
2.7376072
2.6620216
2.5529919
2.8086824
2.559399
2.4847312
2.567351
2.7020764
2.7238464
2.6314743
2.68519
2.6094077
2.4808404
2.569986
2.3876588
2.80148
2.7323277
2.6586132
2.7103925
2.7084804
2.7687256
2.7319272
2.6355004
2.9037638
2.7211134
2.4883726
2.672602
2.789085
2.488817
2.5282347
2.8081028
2.632929
2.7542143
2.7323897
2.5301526
2.663279
2.7093978
2.5399652
2.7006001
2.77812
2.7782183
2.6492534
2.8695757
2.7342412
2.662674
2.5782804
2.7386143
2.52732
2.6481826
2.5602422
2.8803406
2.608348
2.64103
2.5137658
2.9056954
2.828507
2.6030133
2.6847339
2.9309497
2.8049996
2.6182816
2.7565994
2.6282718
2.7721162
2.856841
2.634668
2.5539606
2.715084
2.8306224
2.7185507
2.5872684
2.6589277
2.573891
2.555526
2.7316077
2.6099072
2.6137512
2.5783396
3.0256734
2.69877
2.7014956
2.5471961
2.7240646
2.473532
2.7889688
2.7125733
2.6380708
2.6021156
2.6321313
2.718802
2.7357514
2.5742407
2.640906
2.6569078
2.699016
2.7728035
2.525829
2.626031
2.8599637
2.7315314
2.6313612
2.608232
2.5223637
2.762868
3.0411818
2.4725146
2.7905385
2.8455455
2.4683812
2.5833607
2.6587186
2.7611268
2.8182826
2.803158
2.571735
2.5316956
2.8994918
2.6172442
2.622791
2.6034026
2.7272785
2.6441941
2.5315783
2.502422
2.5915356
2.49904
2.5364313
2.7219236
2.7770443
2.5493746
2.7940214
2.785139
2.617905
2.7917519
2.7786977
2.8328032
2.7331142
2.6687632
2.653172
2.657603
2.5569215
2.6626785
2.751566
2.5587058
2.6423366
2.4907835
2.4712918
2.69391
2.7593758
2.665881
2.7427158
2.6436293
2.7842185
2.4537866
2.6443162
2.9716008
2.6125054
2.6750417
2.6333187
2.540272
2.7986827
2.7272158
2.6290183
2.8837013
2.805026
2.5729883
2.8268137
2.5825326
2.7599292
2.6648574
2.711406
2.3369348
2.699849
2.6199398
2.824288
2.5712893
2.7933943
2.5088208
2.7263494
2.5927918
2.6798706
2.561973
2.5523872
2.6068182
2.7081275
2.8631895
2.6835456
2.6362567
2.7746794
2.7339375
2.6810877
2.6096892
2.6469831
2.7315109
2.68935
2.6510808
2.6251802
2.6303425
2.6334202
2.6006885
2.824562
2.4873464
2.691594
2.853684
2.6814964
2.6132388
2.8984487
2.5519042
2.6856494
2.5675583
2.7012184
2.4295056
2.5410726
2.6494884
2.535827
2.4428139
2.5195324
2.6552382
2.655962
2.5412002
2.7398982
2.5462964
2.6767614
2.4797726
2.6425235
2.564617
2.5851011
2.8204331
2.6020365
2.6992097
2.7335894
2.6887627
2.7318723
2.432975
2.633038
2.6750894
2.8302064
3.1618936
2.7802825
2.4349039
2.526988
2.6630874
2.8330772
2.5905683
2.436829
2.556183
2.59494
test_risk
2.6172967
2.5402498
2.5534332
2.7461836
2.672232
2.7382174
2.668232
2.5477202
2.7158756
2.803808
2.7147658
2.5796382
2.8033676
2.5478597
2.4697604
2.5738173
2.6574285
2.7828553
2.6340575
2.6599467
2.6179867
2.5669744
2.5526319
2.4143176
2.847768
2.7002225
2.6867788
2.7109537
2.7546804
2.7120633
2.729403
2.5365114
2.9345694
2.7104473
2.5466485
2.6154113
2.7685196
2.4884782
2.581814
2.7947402
2.637938
2.7525406
2.7116187
2.5815353
2.6749153
2.765552
2.5726542
2.6708667
2.7856536
2.7367086
2.6812847
2.8690715
2.626085
2.6946542
2.6292045
2.7940118
2.565395
2.6712306
2.5446622
2.8458622
2.634054
2.7005503
2.5192199
2.8068597
2.8240526
2.5926213
2.7119243
2.8687787
2.8127453
2.7039506
2.695974
2.6342156
2.718666
2.8348315
2.6785097
2.516356
2.7018218
2.8162344
2.7016046
2.6008759
2.6940827
2.5636363
2.5629716
2.7852654
2.563372
2.6251478
2.578672
3.0773108
2.7368302
2.7043986
2.5304484
2.7286053
2.525067
2.7501516
2.680908
2.6897116
2.5875251
2.6426394
2.6981077
2.7293513
2.6174064
2.6375232
2.6840808
2.727402
2.7633727
2.5481043
2.6188304
2.8158987
2.769086
2.6032407
2.652786
2.599053
2.7686462
3.0260236
2.4899013
2.6773872
2.9134805
2.5465558
2.5848038
2.662591
2.7355387
2.7775996
2.7648911
2.5727155
2.5602093
2.8655782
2.6591225
2.5998876
2.5937555
2.787238
2.6941435
2.550094
2.4758892
2.6127808
2.5598466
2.5623307
2.6297934
2.669351
2.6993332
2.8520634
2.8134701
2.677024
2.7884374
2.739146
2.8193312
2.6958923
2.6435504
2.587573
2.6149921
2.552277
2.668439
2.7602284
2.5754738
2.633303
2.5182867
2.5448077
2.7237506
2.8177269
2.6316562
2.8011904
2.7004163
2.8220127
2.4936316
2.6236506
2.9058533
2.6579046
2.690265
2.6068203
2.5610478
2.76166
2.689234
2.667196
2.8816717
2.7758892
2.5760431
2.767315
2.5668793
2.7235725
2.7036266
2.6426613
2.445632
2.6611805
2.6048124
2.8225768
2.5618799
2.8140721
2.5847743
2.6726544
2.6976693
2.6641815
2.6125386
2.5614107
2.5192864
2.6612267
2.849693
2.7320297
2.6567512
2.7210102
2.7305155
2.699037
2.596998
2.644143
2.6967607
2.6401067
2.6929111
2.6485636
2.6363626
2.6150146
2.5834522
2.7245424
2.6430166
2.690406
2.862713
2.723278
2.6238751
2.858355
2.5588386
2.7211683
2.5519557
2.6912398
2.5330143
2.5411139
2.740524
2.5805392
2.4498577
2.6310155
2.650287
2.6450877
2.5941975
2.715069
2.5794852
2.7354681
2.5107296
2.628485
2.5625756
2.5740075
2.8622248
2.600378
2.6899805
2.7266245
2.7445006
2.695212
2.5049565
2.6227214
2.6803875
2.7830617
3.1353583
2.71595
2.483738
2.4966629
2.7276826
2.855773
2.6405513
2.457739
2.5701284
2.6828673
test_mean_value
-0.0016130911
0.00049747014
-0.0037685034
0.0044470746
-0.00052416057
0.0012909846
-0.0011453914
-0.00012898874
0.0020168615
-0.0027326283
0.00014024743
0.00016121313
-0.0014339776
-0.0009965806
0.00027701078
0.0031142517
0.0002915356
0.0026143924
-0.0001460924
-0.001702306
7.8992765e-05
-0.0003105451
-0.00069110683
0.0021325666
0.0009954971
0.0001057498
0.0028131264
-0.001113557
0.0015908333
0.0005536877
0.0050561894
0.0028668432
0.002458905
-0.0052977474
0.0005873003
0.0034894056
-0.0015802969
-0.0023816172
0.00077777583
-0.0012346174
-5.5161967e-05
-0.00050326774
-0.0015311798
-0.00089181686
-0.00040480559
0.002752328
-0.00084991497
-0.0035781816
0.0013748902
0.0007971998
-0.00126013
-0.0008227895
-0.0009786901
-0.0013969764
0.0016164411
0.0009709762
0.0013347181
0.0019216646
0.00038655996
-0.005388672
-0.0004323469
-0.0019652224
1.13527085e-05
0.0052688792
-0.00028648655
-0.0010873801
0.0016216423
-0.0017779568
0.002977755
0.00085197826
0.0028385012
-0.00025060278
0.0042108884
0.0034202822
0.0015271982
-0.001055829
-0.0012465211
0.00027390782
0.002158864
-0.00013813416
0.0019992995
0.0018579729
-0.00022981766
-0.00012416468
-0.0004932717
0.00043319658
-0.0009147379
-0.0038964613
0.0034128143
-0.000748962
-7.52883e-05
-0.0011905171
-0.0005655986
-0.0005944723
0.0033513666
-0.0004607739
0.002615157
0.005148064
-0.004883497
0.00040820136
0.0011508527
-7.663956e-05
0.00049801497
-2.3820387e-05
-0.0011221558
-0.00083652104
0.0031646336
0.0014480967
-0.0011165385
0.00048749486
0.0011023
-0.0015893555
0.0022096625
-0.00066482316
-0.0021218501
-0.0014694075
-0.00069869246
0.0005611774
-0.0020709992
-0.0015989748
-0.00065118656
0.00031183602
0.00015426919
0.0029839
0.0024815768
0.005348785
-0.0012061818
-0.0006630366
-0.0022000049
0.0013563572
0.00027275097
0.0020600883
0.0007161246
0.0004485139
-0.0012896145
-0.0022137023
-0.0006301948
0.0017849433
-0.0015295875
-0.0007866394
0.006207632
-0.0033169803
0.0016153549
0.00040292257
0.0052952003
0.0040600714
-0.0028685243
0.0020236548
0.00075804733
-0.0028802727
-0.001635066
0.0008329207
0.00055293203
0.0021588972
-0.0015838903
0.0011857233
-0.0010439092
0.0020363652
-0.00070562534
0.0031912387
0.0013353036
0.0026679249
-0.0028257289
0.0013003119
0.0018000152
-5.3854437e-05
-0.0013262775
-0.0019146994
0.0014804779
-0.0033559122
-0.0007136229
0.0017087136
0.0010672674
-0.0031823758
-0.00033466952
-0.002169954
0.0003868131
0.0030295413
0.00096190657
0.0006050353
0.0009134085
0.0001575803
-0.0012078667
-0.003790251
0.0016535934
-0.0006138327
-0.00027047205
0.0036817754
-0.0016188439
0.00042761056
-0.0021382656
0.001394326
-0.0015151041
-0.0028737236
-0.0035021168
-0.0011691356
-0.0013107745
0.003395459
0.0031174386
-0.0005813822
0.00033565614
-0.0012061823
0.0015748539
-9.153442e-05
-0.003857306
-0.0019132423
-0.000876692
0.0013189854
-0.0009897479
-0.0013106877
0.0044614384
9.910215e-05
-0.0019093468
0.0004974063
0.0011526314
0.0041570277
-0.0021498436
-0.0035267652
0.0019840908
0.00012516482
-0.0006843949
0.0004718358
0.0029507836
0.00068963866
-0.004996942
-0.00048637085
0.0033881646
0.00077542884
0.0016937142
-0.0015105918
0.0017772482
0.0005267747
-0.0007347545
-0.00021047931
-0.0028968556
-0.000518301
0.0019830754
0.00026852923
0.000663349
0.0005617022
-0.0011381597
0.0020068428
0.00018009834
-0.003945596
-0.0018336559
-0.00047101482
-0.0029396636
0.00028741083
0.0002086897
0.0011413753
0.0018619964
0.002810541
-0.00428526
-0.0023332583
0.0024188627
-0.0009947518
test_mean_abs_value
0.7874603
0.7532513
0.75958204
1.0264676
0.75439686
0.98494875
0.8163484
0.75618875
0.87405765
0.908856
0.90666175
0.7306369
0.9375292
0.79743624
0.72253084
0.7799543
0.8179334
0.9215327
0.78542733
0.85958487
0.7751403
0.8301153
0.80430585
0.72203493
1.0615352
0.86063004
0.8438754
0.8807049
1.0117005
0.90737987
0.9374244
0.76417106
1.1020043
0.83450264
0.8047236
0.8043327
0.8912832
0.783977
0.8442861
0.9970992
0.80808216
0.9391731
0.8690565
0.8677449
0.9097128
0.9449453
0.77865493
0.93680197
0.9731537
0.8672833
0.9051918
1.0164251
0.92202204
0.9155693
0.84133875
1.002585
0.769151
0.8495032
0.72161657
1.0456039
0.8414729
0.8758851
0.75389373
0.9064896
1.08315
0.73418945
0.87883085
0.94580376
0.89750475
0.8592683
0.7983481
0.85051656
0.86825764
0.87898153
0.82622045
0.80016756
0.82279986
0.9130543
0.9171739
0.7913227
0.8804858
0.7716448
0.7551352
0.8450093
0.77297735
0.7864864
0.7813634
1.2329695
0.9875877
0.8820759
0.7150058
0.9176391
0.7224877
0.94972354
0.7925504
0.8359336
0.7409445
0.81955814
0.9345368
0.9033326
0.81480384
0.8245856
0.8467456
0.87887913
0.95623606
0.7852726
0.7895656
0.95787954
0.93263394
0.79696256
0.87604314
0.7462481
0.91665155
1.1945271
0.73912364
0.88349885
1.0589155
0.7851127
0.77443385
0.855579
0.8857763
0.97600484
0.8531063
0.7540796
0.7856887
0.94391805
0.8420965
0.75999933
0.8018236
0.9800421
0.89559263
0.8291969
0.7331477
0.80389714
0.77990645
0.7923938
0.8265526
0.8385638
0.90794235
0.97325855
0.9136459
0.85262936
0.93940324
0.9052464
1.0692056
0.80955845
0.8335685
0.8208054
0.822373
0.77457535
0.8061171
0.9135688
0.7638018
0.8658062
0.71121746
0.75383437
0.90624857
0.966492
0.9308198
0.9491838
0.8449215
0.96433365
0.7719919
0.80229986
1.117582
0.90495795
0.9000442
0.8263827
0.8288243
0.9008039
0.85765314
0.80155766
0.94021666
0.9637032
0.7843841
0.9137006
0.74200916
0.86495876
0.9360757
0.8118195
0.70430845
0.81191653
0.7223102
0.921182
0.7700082
0.97091943
0.7672383
0.8255369
0.80357265
0.83291614
0.78262657
0.84489447
0.73317444
0.83165413
0.9260765
0.87805706
0.8225303
0.81156266
0.89321995
0.8588901
0.8329971
0.8292859
0.9037181
0.8098908
0.907761
0.8940398
0.871912
0.8354504
0.72483516
0.8853411
0.77653116
0.8751253
1.028534
0.87637943
0.7912698
1.0442466
0.7863231
0.89064217
0.76468104
0.86803806
0.78109956
0.75468594
0.8468402
0.7887223
0.7330664
0.84982896
0.8288559
0.8508363
0.8269399
0.82570934
0.7234869
0.89223284
0.7491277
0.82825804
0.81665605
0.7572905
1.0417697
0.8131972
0.91263294
0.86035615
0.9197102
0.90510386
0.7481488
0.8625216
0.83232796
0.87551486
1.2503853
0.9112185
0.78950274
0.76943815
0.87489676
1.0481515
0.83528304
0.72244185
0.8223094
0.90411025
test_variance_value
0.9361771
0.862554
0.87639153
1.480914
0.863771
1.3781334
1.0119487
0.8699556
1.1448282
1.205505
1.2094558
0.8134501
1.2897521
0.95264727
0.7975518
0.9184446
1.0216527
1.256356
0.9279428
1.0948697
0.9080355
1.0301628
0.9680456
0.796081
1.5795479
1.1018908
1.0594032
1.1423129
1.4487354
1.1963292
1.2941605
0.9131541
1.6898487
1.0387001
0.98208195
0.976665
1.1790961
0.9327602
1.0654613
1.4118087
1.0073428
1.302461
1.139818
1.104743
1.2210349
1.2887682
0.9177268
1.2826473
1.3521253
1.1347103
1.1899533
1.481175
1.2353368
1.2244747
1.0580132
1.4453518
0.89531857
1.087874
0.7951301
1.5506581
1.0504732
1.1412226
0.8625554
1.2227098
1.6182024
0.8218347
1.1424699
1.2940189
1.1801108
1.1128329
0.952244
1.0714374
1.1235449
1.1510904
1.023169
0.96589464
1.0116688
1.2265962
1.2300261
0.94276464
1.1419542
0.9057775
0.8677579
1.0703393
0.9074109
0.93100935
0.9444026
2.036387
1.385068
1.1479417
0.7812118
1.2244066
0.7965621
1.307118
0.945472
1.0605294
0.838145
1.0110351
1.261839
1.1971027
0.9977889
1.0537286
1.0690585
1.1391355
1.3219875
0.95904464
0.938866
1.3365295
1.3058492
0.95865244
1.1269855
0.84751934
1.2346381
1.9303145
0.831631
1.1705849
1.5754578
0.9277698
0.9065027
1.0794777
1.1645
1.3768377
1.0790159
0.8611253
0.93338645
1.2930652
1.0546541
0.8751487
0.9691282
1.4038576
1.1978769
1.0287018
0.82083726
0.99563086
0.91747737
0.9447668
1.0333341
1.0748057
1.2217274
1.3872738
1.2299652
1.0758039
1.2902074
1.2021228
1.578118
1.0032088
1.0455186
1.0064471
1.0452383
0.94274235
0.97768337
1.2159289
0.8865573
1.1154306
0.7737862
0.891284
1.1922178
1.3583218
1.2491324
1.327559
1.0765932
1.3404573
0.9138129
0.9697149
1.7233205
1.1999863
1.1974269
1.0252168
1.0299292
1.2218664
1.0890636
0.96546495
1.2846826
1.3344208
0.9264324
1.233006
0.83539724
1.1056373
1.2759951
1.0094159
0.75912714
0.9959076
0.79529333
1.251005
0.90239847
1.3496014
0.89035416
1.0198112
0.97407466
1.0589908
0.9233998
1.058619
0.8188215
1.0329444
1.2433786
1.1461859
1.0242965
1.001903
1.1847483
1.0949616
1.0320196
1.0287338
1.2027984
1.0112852
1.2087162
1.1733454
1.1200584
1.0379997
0.80112535
1.161692
0.9393917
1.151953
1.4979159
1.157056
0.94217986
1.5248888
0.932966
1.1652913
0.8945633
1.1069989
0.9285915
0.8648224
1.0891788
0.9400895
0.8334636
1.0687759
1.027613
1.0698363
1.0335382
1.0378625
0.79694885
1.1666312
0.8653186
1.0282482
1.0012046
0.8705493
1.542818
0.99835837
1.2153453
1.0944183
1.2284659
1.2203894
0.85383016
1.1089315
1.0407442
1.1546581
2.0955837
1.2432828
0.9365862
0.8949587
1.1519583
1.5388268
1.0382937
0.7963465
1.0074981
1.2069654
test_mean_costs
0.0
0.0
0.0
0.0
0.0
0.0
0.0
0.0
0.0
0.0
0.0
0.0
0.0
0.0
0.0
0.0
0.0
0.0
0.0
0.0
0.0
0.0
0.0
0.0
0.0
0.0
0.0
0.0
0.0
0.0
0.0
0.0
0.0
0.0
0.0
0.0
0.0
0.0
0.0
0.0
0.0
0.0
0.0
0.0
0.0
0.0
0.0
0.0
0.0
0.0
0.0
0.0
0.0
0.0
0.0
0.0
0.0
0.0
0.0
0.0
0.0
0.0
0.0
0.0
0.0
0.0
0.0
0.0
0.0
0.0
0.0
0.0
0.0
0.0
0.0
0.0
0.0
0.0
0.0
0.0
0.0
0.0
0.0
0.0
0.0
0.0
0.0
0.0
0.0
0.0
0.0
0.0
0.0
0.0
0.0
0.0
0.0
0.0
0.0
0.0
0.0
0.0
0.0
0.0
0.0
0.0
0.0
0.0
0.0
0.0
0.0
0.0
0.0
0.0
0.0
0.0
0.0
0.0
0.0
0.0
0.0
0.0
0.0
0.0
0.0
0.0
0.0
0.0
0.0
0.0
0.0
0.0
0.0
0.0
0.0
0.0
0.0
0.0
0.0
0.0
0.0
0.0
0.0
0.0
0.0
0.0
0.0
0.0
0.0
0.0
0.0
0.0
0.0
0.0
0.0
0.0
0.0
0.0
0.0
0.0
0.0
0.0
0.0
0.0
0.0
0.0
0.0
0.0
0.0
0.0
0.0
0.0
0.0
0.0
0.0
0.0
0.0
0.0
0.0
0.0
0.0
0.0
0.0
0.0
0.0
0.0
0.0
0.0
0.0
0.0
0.0
0.0
0.0
0.0
0.0
0.0
0.0
0.0
0.0
0.0
0.0
0.0
0.0
0.0
0.0
0.0
0.0
0.0
0.0
0.0
0.0
0.0
0.0
0.0
0.0
0.0
0.0
0.0
0.0
0.0
0.0
0.0
0.0
0.0
0.0
0.0
0.0
0.0
0.0
0.0
0.0
0.0
0.0
0.0
0.0
0.0
0.0
0.0
0.0
0.0
0.0
0.0
0.0
0.0
0.0
0.0
0.0
0.0
0.0
0.0
0.0
0.0
0.0
0.0
0.0
0.0
test_mean_abs_costs
0.0
0.0
0.0
0.0
0.0
0.0
0.0
0.0
0.0
0.0
0.0
0.0
0.0
0.0
0.0
0.0
0.0
0.0
0.0
0.0
0.0
0.0
0.0
0.0
0.0
0.0
0.0
0.0
0.0
0.0
0.0
0.0
0.0
0.0
0.0
0.0
0.0
0.0
0.0
0.0
0.0
0.0
0.0
0.0
0.0
0.0
0.0
0.0
0.0
0.0
0.0
0.0
0.0
0.0
0.0
0.0
0.0
0.0
0.0
0.0
0.0
0.0
0.0
0.0
0.0
0.0
0.0
0.0
0.0
0.0
0.0
0.0
0.0
0.0
0.0
0.0
0.0
0.0
0.0
0.0
0.0
0.0
0.0
0.0
0.0
0.0
0.0
0.0
0.0
0.0
0.0
0.0
0.0
0.0
0.0
0.0
0.0
0.0
0.0
0.0
0.0
0.0
0.0
0.0
0.0
0.0
0.0
0.0
0.0
0.0
0.0
0.0
0.0
0.0
0.0
0.0
0.0
0.0
0.0
0.0
0.0
0.0
0.0
0.0
0.0
0.0
0.0
0.0
0.0
0.0
0.0
0.0
0.0
0.0
0.0
0.0
0.0
0.0
0.0
0.0
0.0
0.0
0.0
0.0
0.0
0.0
0.0
0.0
0.0
0.0
0.0
0.0
0.0
0.0
0.0
0.0
0.0
0.0
0.0
0.0
0.0
0.0
0.0
0.0
0.0
0.0
0.0
0.0
0.0
0.0
0.0
0.0
0.0
0.0
0.0
0.0
0.0
0.0
0.0
0.0
0.0
0.0
0.0
0.0
0.0
0.0
0.0
0.0
0.0
0.0
0.0
0.0
0.0
0.0
0.0
0.0
0.0
0.0
0.0
0.0
0.0
0.0
0.0
0.0
0.0
0.0
0.0
0.0
0.0
0.0
0.0
0.0
0.0
0.0
0.0
0.0
0.0
0.0
0.0
0.0
0.0
0.0
0.0
0.0
0.0
0.0
0.0
0.0
0.0
0.0
0.0
0.0
0.0
0.0
0.0
0.0
0.0
0.0
0.0
0.0
0.0
0.0
0.0
0.0
0.0
0.0
0.0
0.0
0.0
0.0
0.0
0.0
0.0
0.0
0.0
0.0
test_variance_costs
0.0
0.0
0.0
0.0
0.0
0.0
0.0
0.0
0.0
0.0
0.0
0.0
0.0
0.0
0.0
0.0
0.0
0.0
0.0
0.0
0.0
0.0
0.0
0.0
0.0
0.0
0.0
0.0
0.0
0.0
0.0
0.0
0.0
0.0
0.0
0.0
0.0
0.0
0.0
0.0
0.0
0.0
0.0
0.0
0.0
0.0
0.0
0.0
0.0
0.0
0.0
0.0
0.0
0.0
0.0
0.0
0.0
0.0
0.0
0.0
0.0
0.0
0.0
0.0
0.0
0.0
0.0
0.0
0.0
0.0
0.0
0.0
0.0
0.0
0.0
0.0
0.0
0.0
0.0
0.0
0.0
0.0
0.0
0.0
0.0
0.0
0.0
0.0
0.0
0.0
0.0
0.0
0.0
0.0
0.0
0.0
0.0
0.0
0.0
0.0
0.0
0.0
0.0
0.0
0.0
0.0
0.0
0.0
0.0
0.0
0.0
0.0
0.0
0.0
0.0
0.0
0.0
0.0
0.0
0.0
0.0
0.0
0.0
0.0
0.0
0.0
0.0
0.0
0.0
0.0
0.0
0.0
0.0
0.0
0.0
0.0
0.0
0.0
0.0
0.0
0.0
0.0
0.0
0.0
0.0
0.0
0.0
0.0
0.0
0.0
0.0
0.0
0.0
0.0
0.0
0.0
0.0
0.0
0.0
0.0
0.0
0.0
0.0
0.0
0.0
0.0
0.0
0.0
0.0
0.0
0.0
0.0
0.0
0.0
0.0
0.0
0.0
0.0
0.0
0.0
0.0
0.0
0.0
0.0
0.0
0.0
0.0
0.0
0.0
0.0
0.0
0.0
0.0
0.0
0.0
0.0
0.0
0.0
0.0
0.0
0.0
0.0
0.0
0.0
0.0
0.0
0.0
0.0
0.0
0.0
0.0
0.0
0.0
0.0
0.0
0.0
0.0
0.0
0.0
0.0
0.0
0.0
0.0
0.0
0.0
0.0
0.0
0.0
0.0
0.0
0.0
0.0
0.0
0.0
0.0
0.0
0.0
0.0
0.0
0.0
0.0
0.0
0.0
0.0
0.0
0.0
0.0
0.0
0.0
0.0
0.0
0.0
0.0
0.0
0.0
0.0
test_mean_wealth
-1.6639372
-1.5773728
-1.6178256
-1.4825143
-1.8023001
-1.592557
-1.645855
-1.5779741
-1.6365005
-1.7763753
-1.6188158
-1.672184
-1.765608
-1.5249237
-1.5050163
-1.602431
-1.6117407
-1.60028
-1.7148173
-1.6292708
-1.6876822
-1.4985898
-1.5135893
-1.3856518
-1.5038432
-1.6428864
-1.6765447
-1.7239584
-1.506198
-1.5456487
-1.6368222
-1.4623388
-1.5444955
-1.7648555
-1.4645827
-1.6100239
-1.7063315
-1.42676
-1.5014088
-1.6655176
-1.5620521
-1.5953896
-1.6388266
-1.488448
-1.5675296
-1.6248065
-1.6036667
-1.4726083
-1.631012
-1.7163341
-1.6060162
-1.6393471
-1.4621086
-1.6613963
-1.5972433
-1.6241198
-1.6119229
-1.6492419
-1.6083626
-1.5949076
-1.6327399
-1.5695461
-1.5622708
-1.7307688
-1.4931157
-1.6948514
-1.6731577
-1.7514784
-1.8002119
-1.6394514
-1.7791806
-1.6350154
-1.6820868
-1.8418626
-1.7468896
-1.4538376
-1.7216827
-1.7717963
-1.5950274
-1.6448771
-1.6499968
-1.5746768
-1.6318349
-1.8140904
-1.5787388
-1.6963656
-1.5267961
-1.6674968
-1.5937017
-1.6572028
-1.6063792
-1.5456202
-1.5905153
-1.4437158
-1.7758578
-1.6486461
-1.6823257
-1.6235927
-1.5223031
-1.5431612
-1.6312355
-1.5699583
-1.6936836
-1.692601
-1.6494772
-1.4357773
-1.664432
-1.7664225
-1.6634456
-1.626597
-1.5547899
-1.6964895
-1.4371504
-1.5610116
-1.5199108
-1.602281
-1.7830232
-1.544296
-1.6442603
-1.6574842
-1.6473246
-1.6223502
-1.8326377
-1.6358705
-1.5588734
-1.7628785
-1.6594468
-1.689794
-1.5792189
-1.6153679
-1.546839
-1.495944
-1.489357
-1.5742738
-1.5547439
-1.581125
-1.6176887
-1.5627055
-1.5860195
-1.7347741
-1.6627262
-1.677892
-1.6427606
-1.7116996
-1.5789868
-1.6938325
-1.568967
-1.5807143
-1.5224899
-1.4417782
-1.73832
-1.7488753
-1.6392769
-1.5825212
-1.5799872
-1.4873587
-1.6321839
-1.6974881
-1.4714061
-1.6506541
-1.6659437
-1.728997
-1.4307268
-1.6718562
-1.5637795
-1.449371
-1.5903981
-1.5733813
-1.4420633
-1.6877211
-1.6532439
-1.7147079
-1.7424186
-1.522639
-1.6109637
-1.6592698
-1.6409931
-1.764096
-1.5126781
-1.6092372
-1.4711635
-1.6863209
-1.7231258
-1.6407642
-1.5740056
-1.6394162
-1.6507528
-1.6733731
-1.7312604
-1.6116233
-1.6814623
-1.4935026
-1.5746505
-1.6991707
-1.8366605
-1.7772855
-1.6120656
-1.7192109
-1.5114118
-1.674008
-1.5549003
-1.6713067
-1.4857548
-1.5894353
-1.6207349
-1.5171537
-1.5755587
-1.5752536
-1.6801262
-1.6512303
-1.5868685
-1.5651565
-1.5927798
-1.6671181
-1.6796947
-1.7085723
-1.5813915
-1.6685516
-1.5523723
-1.6615375
-1.496833
-1.5602962
-1.7278911
-1.6292285
-1.4050375
-1.5889543
-1.6664574
-1.606499
-1.5439802
-1.7054883
-1.6852841
-1.6591861
-1.4813786
-1.6163208
-1.5393958
-1.645345
-1.5562906
-1.5993477
-1.6367272
-1.761046
-1.6253564
-1.5409762
-1.5183673
-1.4310234
-1.7028893
-1.7710967
-1.7188396
-1.5292636
-1.448041
-1.4936208
-1.6786228
-1.642533
-1.6340983
-1.4785036
-1.5535783
-1.4354829
test_mean_abs_wealth
1.6654365
1.5792099
1.6191003
1.4961389
1.8025895
1.5993081
1.6482
1.5799195
1.6398582
1.7783313
1.6231773
1.6728646
1.76809
1.5282718
1.5072347
1.6044173
1.6142983
1.6071469
1.7156779
1.6320876
1.6888355
1.5036876
1.5174859
1.390333
1.518703
1.6460443
1.6790633
1.7257442
1.517785
1.5525554
1.6415353
1.4660107
1.5604297
1.7659812
1.4695265
1.612887
1.7092272
1.4320737
1.506806
1.6707106
1.5654428
1.6015905
1.6422232
1.4945831
1.57298
1.6302155
1.605365
1.482079
1.6363387
1.7182323
1.6103413
1.6472136
1.4709526
1.6648798
1.600639
1.6308985
1.6136357
1.6517398
1.6095294
1.6050259
1.6350715
1.5753831
1.5641583
1.7336009
1.5087423
1.6955124
1.6758301
1.7551496
1.802136
1.6429131
1.7800251
1.6375494
1.6841136
1.8427681
1.7479483
1.4590219
1.7233968
1.7741458
1.6001267
1.6464477
1.6531636
1.5768538
1.6330076
1.8148795
1.5806558
1.6973953
1.529845
1.6829686
1.6002926
1.6603153
1.6074293
1.5530618
1.5917071
1.4580475
1.7765191
1.6512173
1.6831462
1.6261586
1.5302778
1.5511086
1.633529
1.5731767
1.6956415
1.6952763
1.6546527
1.4411614
1.6658771
1.7690226
1.6679897
1.6284493
1.5600212
1.6971903
1.4520173
1.5809665
1.5220798
1.6062436
1.7875472
1.5469359
1.6456397
1.6596566
1.6507009
1.6283414
1.8335935
1.6371664
1.5616946
1.7663082
1.6616007
1.6905634
1.5820239
1.6222295
1.5528798
1.5009735
1.4919759
1.5771097
1.5575802
1.5832952
1.6199844
1.5669508
1.5914438
1.7389845
1.6680362
1.6802231
1.6484596
1.7147293
1.5893413
1.6953272
1.5728074
1.5836682
1.5266341
1.4463118
1.739389
1.7509987
1.6405696
1.5864983
1.5813136
1.4900407
1.635981
1.7020389
1.480624
1.656372
1.6684225
1.7322118
1.4356598
1.6734312
1.5780413
1.4595705
1.5950075
1.5765506
1.4493518
1.6906314
1.656263
1.7160361
1.7460626
1.5329564
1.6128476
1.6632445
1.6419951
1.7654228
1.5212574
1.6114504
1.4733526
1.6875324
1.7235799
1.646977
1.5761517
1.6451795
1.6519942
1.6754354
1.7321906
1.6143867
1.6826037
1.498612
1.5761577
1.700889
1.8382826
1.7787027
1.6149199
1.720247
1.520806
1.6766716
1.5585338
1.6732739
1.4946028
1.5921245
1.6247823
1.5238644
1.579962
1.5786656
1.680769
1.6547952
1.5888946
1.5706297
1.602556
1.6697465
1.6809337
1.7138461
1.5837698
1.6717833
1.5545359
1.6642114
1.5006517
1.5624034
1.7295053
1.6307806
1.4089473
1.5923154
1.6683977
1.6095557
1.5476936
1.7068723
1.6858517
1.6629907
1.4844959
1.61895
1.5426793
1.6465578
1.568945
1.6019349
1.6406705
1.7624271
1.629614
1.5476315
1.5209439
1.4402438
1.7043219
1.7727468
1.7331705
1.53671
1.4526556
1.4968264
1.6810348
1.6504403
1.6364236
1.4808521
1.5569316
1.4476041
test_variance_wealth
0.20299478
0.20688573
0.19830506
0.33322203
0.17457907
0.2840058
0.21799287
0.20855321
0.24860168
0.23653021
0.26160952
0.18812628
0.23570803
0.23031084
0.21073237
0.2101211
0.22656465
0.29628652
0.19255696
0.23255219
0.195541
0.24682406
0.2354926
0.23171285
0.3666403
0.2407026
0.22430015
0.21892774
0.32421827
0.29287785
0.25609213
0.23046818
0.39633092
0.2000168
0.2470456
0.22011846
0.24555886
0.24139257
0.24764624
0.28167483
0.23224723
0.2806563
0.24386574
0.25910255
0.2594037
0.28658953
0.20681405
0.29245597
0.2938836
0.2164619
0.255629
0.32233375
0.28083867
0.23573901
0.23123267
0.2908325
0.20606135
0.22284041
0.19747972
0.3239646
0.22297266
0.27352354
0.20716311
0.24835934
0.3680422
0.1851168
0.2372338
0.27524677
0.22920299
0.23722173
0.18859614
0.22316802
0.23080643
0.20770751
0.19757156
0.24111535
0.21284321
0.24004193
0.26290682
0.2059842
0.23930746
0.21319276
0.19753058
0.19447367
0.20981084
0.19746555
0.22404163
0.42814717
0.28235748
0.2417729
0.19578056
0.30710417
0.19854526
0.358193
0.18760328
0.22617297
0.18801358
0.22409518
0.29598632
0.30410016
0.21384715
0.2313206
0.21653043
0.23661542
0.27085656
0.24768879
0.20538601
0.24070361
0.2551578
0.20928438
0.26334086
0.18751033
0.3671472
0.44445938
0.21048985
0.24190773
0.283423
0.22033778
0.20016956
0.22503285
0.25216964
0.28377005
0.19769078
0.19784905
0.21929239
0.27107674
0.2213244
0.18902954
0.22167398
0.28626958
0.27434373
0.24085054
0.21658161
0.2251861
0.22164185
0.21419415
0.2194828
0.24800532
0.2564409
0.25874728
0.28450748
0.22292426
0.2798063
0.23259862
0.3277898
0.20584099
0.24322477
0.22346309
0.23851971
0.23855148
0.19492537
0.23261367
0.19850424
0.23904328
0.19868948
0.2220307
0.26435998
0.2711455
0.28529906
0.26773024
0.22621103
0.26563412
0.23737317
0.20375124
0.3765129
0.3061534
0.25816658
0.23181011
0.26511276
0.23616566
0.23558286
0.20268108
0.28165662
0.3342907
0.21083558
0.2623391
0.19462547
0.21013626
0.30232954
0.21986295
0.21275178
0.2032973
0.1790722
0.2982542
0.21063618
0.30237406
0.19826747
0.21874033
0.19491777
0.22878562
0.1958192
0.24571599
0.20186569
0.2066625
0.23404475
0.20572066
0.22979893
0.20059542
0.31363854
0.22946079
0.23885721
0.20962587
0.30582923
0.2232207
0.2446854
0.2764086
0.24709293
0.2373373
0.18677562
0.2514274
0.21622899
0.2632847
0.33799282
0.2331686
0.19779746
0.29075718
0.2133377
0.24619284
0.21326578
0.23476543
0.22961257
0.21058261
0.21077204
0.20359918
0.22886646
0.23989508
0.21294057
0.2381281
0.23530324
0.2095169
0.18407911
0.25527138
0.22249301
0.22314903
0.22851086
0.19565384
0.34621522
0.22027904
0.24582686
0.21187048
0.27658275
0.27860203
0.21403699
0.29726762
0.20798
0.21496856
0.42864242
0.2777494
0.23490821
0.22250144
0.23158798
0.31888103
0.22288221
0.21494144
0.23037589
0.32335624
test_wealth_with_price_abs_mean
0.34529057
0.34954655
0.34303284
0.4261988
0.32413942
0.4003087
0.3532695
0.35048345
0.37699473
0.3709253
0.38690737
0.3357424
0.36739
0.366568
0.35380614
0.35062572
0.36043707
0.40832046
0.3380746
0.3668689
0.3403213
0.37639523
0.36947027
0.36845338
0.4461399
0.37189534
0.36008975
0.35777652
0.42242968
0.40908268
0.38006175
0.36322948
0.46458453
0.34216464
0.376513
0.35651052
0.37591875
0.37265906
0.3749023
0.40067595
0.3626978
0.39697826
0.3727604
0.3848554
0.38238323
0.40573043
0.34880424
0.40170756
0.41153744
0.35176855
0.38351378
0.42507112
0.39482483
0.36714843
0.36431044
0.4033315
0.3487965
0.35756657
0.34296146
0.42100486
0.36077705
0.3939891
0.35031018
0.37730554
0.4481188
0.3327541
0.37048364
0.39782363
0.3640323
0.36698845
0.33346552
0.35996708
0.36469892
0.34663442
0.34138182
0.37186095
0.35172045
0.37200266
0.3861418
0.3484933
0.3712262
0.35302937
0.34276116
0.3351603
0.35070077
0.34206286
0.35829487
0.48619315
0.39899445
0.37401596
0.34229642
0.4202909
0.34398395
0.44762102
0.33369246
0.3597619
0.33517462
0.3597607
0.40899745
0.41576403
0.35242945
0.36190283
0.35449752
0.36942342
0.39195386
0.37458873
0.34774873
0.3710749
0.37683412
0.34989598
0.38872075
0.33483878
0.45275375
0.49171406
0.35280865
0.36984947
0.40071318
0.35926077
0.3442936
0.3624389
0.38035357
0.39991015
0.34089094
0.34239724
0.35708156
0.39515865
0.35915494
0.3357174
0.35793364
0.39855996
0.39343533
0.37138087
0.35774624
0.35934335
0.3595953
0.35420746
0.35611454
0.3742698
0.37783605
0.37914616
0.40243003
0.3605261
0.3970986
0.3647849
0.42612517
0.34388718
0.37309292
0.36004338
0.36668286
0.36660764
0.3386194
0.36792713
0.3427451
0.36972928
0.3438042
0.35794935
0.39206642
0.3923514
0.39863452
0.38367116
0.3603224
0.39185762
0.36903387
0.3459551
0.4544421
0.41406947
0.38295776
0.36569074
0.38774738
0.36454603
0.36835656
0.34471607
0.40254387
0.43469968
0.35281408
0.3868855
0.3403806
0.3514592
0.41296765
0.3554214
0.35586292
0.34428596
0.3282474
0.4111389
0.35097495
0.41683215
0.3428881
0.35667568
0.3368623
0.36109602
0.3402305
0.37525746
0.34671608
0.3467994
0.37021273
0.3463034
0.36290336
0.3400345
0.41989034
0.36373547
0.37178907
0.3491955
0.41547677
0.35661152
0.37221852
0.39671478
0.3762435
0.3707145
0.33425984
0.38057673
0.3515792
0.3850264
0.4338507
0.3646315
0.34107974
0.40669468
0.35310635
0.3772243
0.3526103
0.3696128
0.36405373
0.35157183
0.34716544
0.3463423
0.365348
0.37334856
0.35200512
0.37208182
0.3675441
0.34678385
0.33249903
0.38352758
0.35961136
0.35961238
0.3640048
0.34095082
0.43279746
0.3577475
0.37535474
0.352469
0.4007239
0.39601234
0.3542979
0.41027063
0.34797934
0.35063064
0.4861624
0.39000216
0.36907738
0.36069545
0.36413747
0.423511
0.35969883
0.3569978
0.36622143
0.424765
test_wealth_with_price_variance
0.20299478
0.20688573
0.19830506
0.33322203
0.17457907
0.2840058
0.21799287
0.20855321
0.24860168
0.23653021
0.26160952
0.18812628
0.23570803
0.23031084
0.21073237
0.2101211
0.22656465
0.29628652
0.19255696
0.23255219
0.195541
0.24682406
0.2354926
0.23171285
0.3666403
0.2407026
0.22430015
0.21892774
0.32421827
0.29287785
0.25609213
0.23046818
0.39633092
0.2000168
0.2470456
0.22011846
0.24555886
0.24139257
0.24764624
0.28167483
0.23224723
0.2806563
0.24386574
0.25910255
0.2594037
0.28658953
0.20681405
0.29245597
0.2938836
0.2164619
0.255629
0.32233375
0.28083867
0.23573901
0.23123267
0.2908325
0.20606135
0.22284041
0.19747972
0.3239646
0.22297266
0.27352354
0.20716311
0.24835934
0.3680422
0.1851168
0.2372338
0.27524677
0.22920299
0.23722173
0.18859614
0.22316802
0.23080643
0.20770751
0.19757156
0.24111535
0.21284321
0.24004193
0.26290682
0.2059842
0.23930746
0.21319276
0.19753058
0.19447367
0.20981084
0.19746555
0.22404163
0.42814717
0.28235748
0.2417729
0.19578056
0.30710417
0.19854526
0.358193
0.18760328
0.22617297
0.18801358
0.22409518
0.29598632
0.30410016
0.21384715
0.2313206
0.21653043
0.23661542
0.27085656
0.24768879
0.20538601
0.24070361
0.2551578
0.20928438
0.26334086
0.18751033
0.3671472
0.44445938
0.21048985
0.24190773
0.283423
0.22033778
0.20016956
0.22503285
0.25216964
0.28377005
0.19769078
0.19784905
0.21929239
0.27107674
0.2213244
0.18902954
0.22167398
0.28626958
0.27434373
0.24085054
0.21658161
0.2251861
0.22164185
0.21419415
0.2194828
0.24800532
0.2564409
0.25874728
0.28450748
0.22292426
0.2798063
0.23259862
0.3277898
0.20584099
0.24322477
0.22346309
0.23851971
0.23855148
0.19492537
0.23261367
0.19850424
0.23904328
0.19868948
0.2220307
0.26435998
0.2711455
0.28529906
0.26773024
0.22621103
0.26563412
0.23737317
0.20375124
0.3765129
0.3061534
0.25816658
0.23181011
0.26511276
0.23616566
0.23558286
0.20268108
0.28165662
0.3342907
0.21083558
0.2623391
0.19462547
0.21013626
0.30232954
0.21986295
0.21275178
0.2032973
0.1790722
0.2982542
0.21063618
0.30237406
0.19826747
0.21874033
0.19491777
0.22878562
0.1958192
0.24571599
0.20186569
0.2066625
0.23404475
0.20572066
0.22979893
0.20059542
0.31363854
0.22946079
0.23885721
0.20962587
0.30582923
0.2232207
0.2446854
0.2764086
0.24709293
0.2373373
0.18677562
0.2514274
0.21622899
0.2632847
0.33799282
0.2331686
0.19779746
0.29075718
0.2133377
0.24619284
0.21326578
0.23476543
0.22961257
0.21058261
0.21077204
0.20359918
0.22886646
0.23989508
0.21294057
0.2381281
0.23530324
0.2095169
0.18407911
0.25527138
0.22249301
0.22314903
0.22851086
0.19565384
0.34621522
0.22027904
0.24582686
0.21187048
0.27658275
0.27860203
0.21403699
0.29726762
0.20798
0.21496856
0.42864242
0.2777494
0.23490821
0.22250144
0.23158798
0.31888103
0.22288221
0.21494144
0.23037589
0.32335624
price
1.6635737
1.5772324
1.6177429
1.484545
1.8021185
1.5943954
1.6454494
1.577457
1.637006
1.7763625
1.6189373
1.6717634
1.7671838
1.5251653
1.5054071
1.6012533
1.611136
1.6000962
1.7138047
1.6310467
1.6880281
1.4987072
1.5141286
1.384136
1.503841
1.6419764
1.676172
1.724287
1.5063403
1.5442684
1.6375518
1.4637702
1.5441761
1.7656398
1.4632676
1.6101234
1.7081615
1.4261596
1.4999716
1.6650805
1.5629649
1.5949564
1.638492
1.4894228
1.5671196
1.6252928
1.604986
1.4726143
1.6301506
1.7166162
1.6086274
1.639714
1.4620711
1.6627799
1.5989932
1.6226045
1.6131037
1.6501024
1.6078581
1.595858
1.632886
1.5691804
1.5633242
1.7304945
1.4926112
1.696064
1.6764916
1.7513988
1.8007667
1.6398585
1.7780582
1.6357201
1.6807961
1.8431989
1.7480047
1.4537365
1.7216897
1.773171
1.595799
1.6458468
1.6503552
1.5753804
1.6305186
1.8141024
1.578964
1.69674
1.5276506
1.6664238
1.5937328
1.6573892
1.6079416
1.5461344
1.5896449
1.444667
1.7763697
1.6480833
1.6825557
1.6229033
1.5220069
1.5440633
1.6320038
1.5718035
1.6944988
1.6926757
1.6498786
1.4358363
1.665532
1.7661577
1.6644182
1.627146
1.5548956
1.697054
1.4365631
1.5603497
1.5190483
1.6024855
1.7844918
1.5439022
1.6451585
1.6584322
1.6472594
1.622725
1.833088
1.6351616
1.5599403
1.7623503
1.6585653
1.6896256
1.5783079
1.6150215
1.5469921
1.4984201
1.488361
1.5748521
1.5529244
1.5802828
1.6212282
1.5625441
1.5873072
1.7370756
1.662782
1.6796272
1.6430032
1.7120372
1.5798244
1.6928879
1.568838
1.5815977
1.522715
1.4416544
1.7401183
1.7495778
1.63935
1.5822438
1.5804136
1.4871027
1.6312383
1.6986573
1.4725065
1.6495622
1.667542
1.7279599
1.4313319
1.6710057
1.5672961
1.4499166
1.5902743
1.5745019
1.4433625
1.6885467
1.6546639
1.713614
1.7416624
1.523453
1.6109663
1.657859
1.6403458
1.7641568
1.5138792
1.6090264
1.4721091
1.6865022
1.7239478
1.64096
1.5752652
1.6377597
1.6504819
1.6746994
1.7306237
1.611156
1.6805823
1.4929438
1.5751352
1.7000297
1.8372083
1.7777473
1.6113052
1.7207242
1.5129323
1.6744576
1.5548007
1.6720538
1.4858247
1.5898099
1.6219685
1.517344
1.5780455
1.5748912
1.6815854
1.6523663
1.5874443
1.5649036
1.591882
1.6682186
1.6789072
1.7080795
1.5827087
1.6696115
1.5545257
1.6618068
1.4957281
1.5611445
1.7276343
1.6299529
1.4056149
1.5884356
1.6674752
1.6064049
1.5426236
1.7054058
1.6844925
1.6585646
1.4804418
1.6178274
1.539701
1.6455691
1.5571395
1.5993255
1.63752
1.761444
1.6249794
1.5413954
1.5181937
1.432977
1.702245
1.7721627
1.7168771
1.5290498
1.4486167
1.4934596
1.6765392
1.6413077
1.6333256
1.4783568
1.5538081
1.4379647
train_time
0.38229249999999926
0.3363865000000015
0.3510939999999998
0.3748219000000006
0.4507429999999992
0.34758919999999804
0.3214800000000011
0.3845887999999995
0.32544150000000016
0.3710519999999988
0.32117999999999824
0.5178180999999995
0.3219009999999969
0.32861860000000576
0.34305840000000387
0.35458899999999716
0.3546703000000022
0.3357625000000013
0.36084100000000063
0.5056751000000048
0.311498499999999
0.3235987000000051
0.3733100000000036
0.4479994000000005
0.4417542000000054
0.36267039999999895
0.35483070000000794
0.5652821999999986
0.34443410000000085
0.3268752000000035
0.34599719999999934
0.3617880000000042
0.3641369999999995
0.3233616999999924
0.42266039999999805
0.37367030000000057
0.3478193000000118
0.34741209999999967
0.600962299999992
0.3487754999999879
0.3367824999999982
0.43535599999998453
0.3396879999999953
0.33024090000000683
0.3558700000000101
0.34408480000001873
0.34421570000000656
0.35865960000000996
0.3503545000000088
0.3368347999999912
0.3531499999999994
0.351774899999981
0.33015499999999065
0.35202389999997763
0.3425762999999904
0.3428021000000001
0.4106129999999837
0.34175500000000625
0.3659232999999915
0.4340238000000056
0.3911609000000169
0.410803699999974
0.4047563999999966
0.32663610000000176
0.6923926000000051
0.3339089000000115
0.37256540000001337
0.331940000000003
0.3180377000000192
0.3473663999999985
0.3175425999999959
0.3505886000000089
0.354814800000014
0.3466562000000124
0.3288770999999997
0.342576600000001
0.33055219999999963
0.3114458000000013
0.33743959999998197
0.36464580000000524
0.934766599999989
0.4132505999999694
0.3325315999999816
0.3273619999999937
0.336898299999973
0.4748036999999954
0.4269803999999908
0.4530310999999756
0.42233950000002096
0.336759700000016
0.5380394000000024
0.3452465000000302
0.3764104999999631
0.3453369000000066
0.2959361000000058
0.32167910000003985
0.34678810000002613
0.3025397000000112
0.32524910000000773
0.34557010000003174
0.33469580000001997
0.34137870000000703
0.32125660000002654
0.34411130000000867
0.334390199999973
0.325115100000005
0.3793972999999937
0.31439840000001595
0.3229119999999739
0.4146360999999956
0.3360683000000222
0.3487625999999864
0.356933099999992
0.5202686000000085
0.4087741999999821
0.3860950000000116
0.5173413999999639
0.49153390000003583
0.3273863000000006
0.32842720000002146
0.31135649999998805
0.38104479999998375
1.1509001000000012
0.34530590000002803
0.3088467000000037
0.3290888000000223
0.3190625999999952
0.32859630000001516
0.34914609999998447
0.3125451999999882
0.3842756000000236
0.3338275000000408
0.40587540000001354
0.3274868999999967
0.38550129999998717
0.45834070000000793
0.5003533000000289
0.5189739999999574
0.34525780000001305
0.32580380000001696
0.46104700000000776
0.38254649999998946
0.3258973999999739
0.38400740000003
0.40667799999999943
0.4004375999999752
0.3096332000000075
0.31648509999996577
0.32162909999999556
1.1545795000000112
0.3119884000000184
0.3465992000000142
0.36173459999997704
0.37732470000003104
0.3370222000000922
0.31898820000003525
0.32910259999994196
0.3169731000000411
0.3267796999999746
0.3303106000000753
0.34122530000001916
0.3334385000000566
0.33643840000002
0.3312497000000576
0.32137999999997646
0.32870949999994536
0.3334310000000187
0.31208490000005895
0.35719699999992827
0.3773153000000775
0.3275055000000293
0.3267963000000691
0.3224116999999751
0.3161279999999351
0.33020549999992
0.3789864000000307
0.4293394999999691
0.3057496999999785
0.31387280000001283
0.30860229999996136
1.4392563999999766
0.33104210000010426
0.34008719999997084
0.3142381000000114
0.36044140000001335
0.3231577000000243
0.31582890000004227
0.335077100000035
0.3184893000000102
0.33837180000000444
0.3639188000000786
0.32945089999998345
0.3634137000000237
0.29797659999996995
0.5453390000000127
0.39095370000006824
1.0632385000000113
0.8065037000000075
0.588695400000006
0.4128970000000436
0.35116819999996096
0.4679442999999992
0.3963085000000319
0.31340430000000197
0.3168805999999904
0.3173573999999917
0.30922239999995327
0.43742280000003575
0.4394184000000223
0.41217380000000503
0.31903009999996357
0.32625080000002527
0.31431750000001557
0.32617320000008476
0.31700899999998455
0.3220479000000296
1.61262499999998
0.3142396999999164
0.3196394000000282
0.47658290000003944
0.3246589000000313
0.3213133999998945
0.3604348999999729
0.33655529999998635
0.3905892000000222
0.35209599999996044
0.35798320000003514
0.32580989999996746
0.3671719999999823
0.34159090000002834
0.4048306000000821
0.3377305000000206
0.33289400000001024
0.32931989999997313
0.32256599999993796
0.34415549999994255
0.3174198000000388
0.3611636999999064
0.3168438000000151
0.3193223000000671
0.29910319999999047
0.2996524000000136
0.3049250999999913
0.32708180000008724
0.3061754000000292
0.3337284000000409
0.3263684999999441
0.33282789999998386
0.33118560000002617
0.30585849999999937
0.3162608000000091
0.32029959999999846
0.3271197999999913
0.3199361999999155
0.3254094999999779
0.32284069999991516


