================================================================================
=== continuous-time
train_risk
2.030944
1.9981782
2.0289748
2.0738583
2.028483
1.9962529
2.0273635
2.0030217
2.0429435
2.0019164
2.0088007
2.007117
2.0232449
1.9621097
1.9933839
2.0194178
2.0034227
2.0648122
2.0557988
2.029598
1.9962949
2.0030394
2.0420938
1.965522
1.996979
2.0248938
1.9194627
1.9590857
1.9671383
1.9487057
2.0302713
2.0273871
2.0098863
2.0503504
1.9960881
1.989255
2.1190226
2.0543482
1.9871212
2.0289636
2.056521
2.0488665
2.1018918
1.9874781
2.0526752
2.032658
2.0759249
2.0711932
2.0447302
2.028756
1.9468129
1.9851221
2.014628
2.007836
2.061084
2.0864599
2.0063388
2.0279794
2.0788367
2.0387998
2.0850825
2.0510526
2.0591092
2.0337985
1.9858958
1.9848036
2.0314782
2.0443196
2.0158725
2.0526304
2.0559704
2.0367012
2.0122705
2.0271783
2.0850403
2.0046604
2.039739
2.101282
2.0432851
1.9991906
2.0212028
2.0470839
2.050305
2.082709
2.0063553
2.0568268
1.9407378
2.0414736
2.0630963
2.028092
2.0463789
2.0273166
2.0014787
2.0136569
2.0362618
2.0192282
2.0478017
2.0631607
1.9497759
1.9415865
2.0111659
2.03447
2.022338
1.9966389
2.0277286
1.988908
2.0524547
2.084748
2.036715
2.0264611
1.9698473
2.0227673
1.9663025
2.0402522
2.0222816
2.0233684
2.08912
2.006421
2.0649836
1.9850819
2.0635219
1.9844157
2.1082146
1.9932857
1.9775144
2.1388054
2.1056864
2.0652122
1.9988506
2.0656106
1.9812179
2.0461972
2.017731
1.9943104
1.9978976
1.9900101
2.0302486
2.0336506
2.0043213
2.054045
2.0284896
2.0838401
2.0551648
2.0805874
2.019765
2.0742846
2.043635
1.9922775
2.0092502
1.9909713
2.0608268
1.9891175
1.9713415
1.990912
2.0310953
2.0257037
2.0036192
2.0148306
2.0583093
2.0418053
1.9454497
2.025671
2.0093675
2.0397522
2.076242
1.92055
2.0399191
2.1187365
1.9978279
2.1014102
2.0153005
1.9951924
2.0952573
1.9564
1.9377843
2.0025067
1.9707912
2.0475833
1.9822149
2.1096914
2.0072925
2.0105486
2.0535145
2.098597
2.078854
2.0607853
2.025672
2.033582
2.0240667
1.9987259
2.0387623
2.078149
1.9782206
2.0572054
2.1009257
2.0945022
1.9755187
2.0334706
1.9945896
2.1410677
2.0102742
2.0849676
2.01915
2.008055
2.0633297
1.9944702
2.0283656
1.9965373
1.977234
2.018232
2.0344758
2.0485106
1.9395845
2.0329916
2.077837
1.9898742
2.0729682
2.0934405
1.9329164
2.0585897
2.0104063
2.005192
2.0990758
1.9542521
1.924117
1.9742337
2.0470786
2.040405
2.0231116
2.078807
2.1065402
2.0800843
2.0943716
2.0437534
2.0345213
2.0466676
1.9963179
2.0438178
1.9996765
2.0826283
2.066005
2.0130782
2.0662043
2.053384
2.0105603
2.0181253
2.0350795
2.055408
2.0486317
2.0437415
2.0316453
2.0937436
2.0891383
2.0203702
1.953732
1.9476261
test_risk
2.043294
2.0109394
2.0267308
2.04983
2.0431473
2.0048957
2.0574772
2.0320551
2.066644
1.9945426
2.0013096
2.0073137
2.0386746
1.9866474
2.0262368
2.0356998
2.0237231
2.0395288
2.0455089
2.0253317
2.0330646
1.9977677
2.0476122
1.9612062
1.9935461
2.0340855
1.9393897
1.9858476
1.9781637
1.9565022
2.0218067
2.0504944
2.0074782
2.0400093
2.0256214
2.0013037
2.0996768
2.0622363
2.0128958
2.0440931
2.055727
2.0431228
2.078512
1.9714612
2.0559132
2.0335186
2.071189
2.0466945
2.0496953
2.0410483
1.9797999
1.9969001
2.0168247
2.0305533
2.08155
2.0891464
2.0271592
2.0139172
2.0226095
2.029622
2.067636
2.0252678
2.0633628
2.0312457
1.9864564
2.015155
2.0446582
2.0532553
2.0168164
2.041004
2.0546331
2.0578992
2.0273516
2.0492795
2.058343
2.0120301
2.050003
2.0750885
2.0539598
2.0125031
2.011796
2.0355723
2.0529225
2.0867078
2.0048575
2.0261743
1.9840324
2.0520701
2.0595145
2.0167253
2.043275
2.014427
2.017399
2.015885
2.0336137
2.0534806
2.05589
2.0359137
1.9474252
1.9531935
2.0002248
2.0199666
2.0090864
1.9985899
2.036404
2.0058057
2.0589893
2.087651
2.0437224
2.0103598
1.9777963
2.0403469
1.946187
2.0317163
1.9928145
2.0529644
2.1011078
1.9984792
2.0664454
1.9838284
2.0858724
1.9818528
2.0911553
1.9945538
1.9917096
2.1307588
2.0513206
2.0794077
1.9947047
2.0994833
2.0125961
2.0234559
1.9998544
2.0141315
2.0021496
2.0077758
2.0297482
2.0235665
2.019537
2.0819237
2.0401437
2.0938008
2.066392
2.0638568
2.0470614
2.0397344
2.0200822
2.008943
1.9861095
1.984491
2.0558443
1.9964118
1.9665687
2.0130608
2.059449
2.0293903
1.989887
2.0108697
2.0672195
2.0225403
1.9509679
2.0368562
2.0114045
2.038415
2.0497713
1.9414419
2.0538661
2.1148388
1.9846429
2.1021707
1.9982654
1.995074
2.0750747
1.9595513
1.922347
1.9949319
1.9647347
2.055202
1.9935197
2.0997355
2.0062847
1.9931185
2.0293312
2.1043997
2.0816765
2.038011
2.0440745
2.0511355
2.0323927
2.0095267
2.0546181
2.0418944
1.9820616
2.0766459
2.081106
2.0795572
1.9837813
2.0506248
2.0019498
2.0928438
2.0184247
2.1009536
2.0313883
2.015124
2.0496814
1.9745109
2.0352137
2.0206914
1.992527
2.0368176
2.0218973
2.0771441
1.9426287
2.0432768
2.0530949
1.9999906
2.0560308
2.0872653
1.9501238
2.0467927
2.0129912
2.0162797
2.0790904
1.95129
1.9357493
1.9898641
2.0451124
2.0361755
1.9966017
2.078464
2.1124105
2.0973413
2.1099036
2.0522945
2.0206807
2.0264442
2.0187345
2.0586433
2.0193813
2.0900185
2.062533
2.023587
2.0556262
2.0363925
2.008982
2.0288053
2.0369701
2.0445366
2.0111852
2.0426292
2.0690937
2.0723574
2.0795925
2.0515435
1.9557813
1.9629864
test_mean_value
0.0008126758
9.577266e-05
-0.0007927402
0.0003722294
0.0012461913
-0.0009013658
0.00081340905
0.0008167106
0.0031826615
4.7796588e-05
-0.0011824856
-2.0014875e-05
0.0006856108
-0.00054016244
-0.0010624375
-0.0016191958
-0.00031495656
0.002064571
0.001218944
9.693332e-05
-0.0010090434
0.00017895931
-0.00025138515
0.00039570092
-0.0024508298
-0.0008755661
0.0004826707
0.00011916998
-0.00079946587
-0.00020143112
-0.0003458324
-0.0010992106
0.00022389952
0.001932086
-0.001832639
0.0010866743
-0.0009948944
-5.276673e-06
0.0019434867
0.0012956333
-0.00020711654
-0.00012237226
0.00043661526
0.00012381742
-0.0005027194
0.00018656725
-0.00016973822
-0.0017505914
-0.0016521611
0.0018355164
-0.00064598443
0.00011542645
0.0006684021
-0.0020144754
0.00045319533
-9.797834e-05
0.00026753632
-0.00065833994
0.0016288144
0.00014891141
-0.0001395297
0.00035182317
9.838685e-05
0.0008373478
0.0011716516
0.0005390815
0.0003880207
-3.2137796e-05
0.0001610879
-0.00065952167
-0.00023962164
0.0010681145
0.0008704808
-0.0005271556
0.00059874525
0.00046694203
-0.00022606547
0.00022020988
0.00073363667
0.00080687937
-0.00025822775
-0.0018082006
0.0010089995
0.0015549823
-0.00033301066
0.0011446659
-5.080455e-05
-0.0004458968
-0.0010457471
-0.00018507925
8.422057e-05
-0.00054622354
0.000954082
0.002162601
0.0015717938
0.00034729342
0.0007373751
-0.0013732539
0.0012090186
0.0010225632
-0.00034241876
-3.35823e-05
0.000572806
0.00014161399
-0.00027092913
-0.0018587105
0.000107749096
-0.0012744155
0.0008553368
0.00026776342
-8.034027e-05
-0.0005073257
0.00011823622
0.0007059827
0.0006831821
0.0013246711
3.6410318e-05
0.00012874235
-8.4148756e-05
8.329034e-05
-0.00089999556
0.00034365314
-0.00045201016
0.00094640546
-0.0005092532
0.00025898704
0.00028223064
0.0013352851
-0.0004158629
0.000939144
0.0008837595
0.000115947754
-0.00064094056
-4.8553866e-05
-0.000119462304
-0.00028716642
0.0004741742
-0.0010337249
0.00035634186
0.0014974348
0.00076990464
-0.00018781218
0.0013210344
-0.00040600807
-0.0007822024
0.00040694315
0.00018296806
0.0014748628
-0.0011418775
0.00049272116
-0.0008767687
0.00016985572
-0.00032250065
0.0004078107
-0.0006412716
0.0008653205
0.0005250478
-0.0007929058
0.00041547537
-0.000700863
-0.002485852
0.00031585607
-0.00062619324
0.00028967194
-0.0003982242
-0.00015544245
-0.00035308514
0.00021180224
-0.00045270173
-0.0008727186
0.00045960426
0.00017157855
-0.0012161254
-0.0010290688
-0.0007613832
-7.00777e-05
0.00014030767
0.00037168062
0.0006610455
0.00085652224
0.0005514348
0.0004472625
-0.0006983161
-2.713206e-05
0.0013047821
0.0002995928
0.0003635106
-0.00050768227
0.00023400426
-0.00036151672
0.00012915062
9.2461036e-05
0.00038573457
0.0005472088
-0.0002238895
-0.00038432592
0.0007670495
0.0014658085
0.00030082816
0.00013877214
-0.0024852422
0.0003308193
0.00041897982
0.00071010593
0.0016138095
0.001464379
-0.0012937208
-0.0009669032
-5.5486325e-05
0.0002411521
-0.00042870076
-0.000699187
0.00032298072
-0.001674914
0.0009751012
0.0014440864
-0.0005429785
-0.0011085775
0.0008328009
0.0012899331
-4.7833255e-05
0.0004904903
-0.001159348
0.0013791779
0.000418223
-0.00029082774
-0.00083323626
0.00026445274
-0.0009843726
0.0009885689
0.00017303362
0.00013078003
-3.745581e-05
0.00013842911
0.0010979796
0.0010784029
0.00022061211
2.2686043e-05
0.0005198362
-3.9044255e-05
0.0013239796
-0.0017259542
0.0005436156
0.0004503362
0.00033316528
0.00022798804
-0.0005717886
-0.00063796487
-0.001711711
0.0007755656
-6.1791696e-05
-0.00050897413
-4.2963857e-05
0.0008354797
-0.00074360793
-4.6313537e-05
test_mean_abs_value
0.36001962
0.36540195
0.36607683
0.36947516
0.36276466
0.35100064
0.3694784
0.35815606
0.36840424
0.36439148
0.35617313
0.35366523
0.35428408
0.35066617
0.36174554
0.3690433
0.36831805
0.36656058
0.36791214
0.3663487
0.3666457
0.35403287
0.37681916
0.34217215
0.36159283
0.36171877
0.35202765
0.35559952
0.3566805
0.35537973
0.3561994
0.3604289
0.35162565
0.36613283
0.3547671
0.35428342
0.37151724
0.3584075
0.3672911
0.36214522
0.36070108
0.3580064
0.36430898
0.35965672
0.37280446
0.3646672
0.3740492
0.3667718
0.3658438
0.3650027
0.36365855
0.35056806
0.36132932
0.37116334
0.3722552
0.36465666
0.36352107
0.3455648
0.3495165
0.3593615
0.3848372
0.36117324
0.3802978
0.36150554
0.359803
0.35494158
0.36354393
0.36744547
0.36493155
0.37016854
0.3547333
0.37538952
0.3562848
0.36575586
0.36282897
0.35532573
0.3662627
0.36717185
0.37530565
0.35885394
0.36262524
0.35963872
0.3671953
0.3618135
0.36533603
0.36332357
0.35912246
0.35777682
0.35952926
0.35495925
0.36317056
0.35939115
0.36190042
0.3492028
0.3646481
0.36034328
0.36254928
0.37750834
0.36118618
0.3476803
0.36615437
0.36319095
0.36611253
0.3506351
0.3769371
0.3589636
0.37286466
0.37185088
0.36110818
0.35980865
0.3504618
0.361478
0.35308498
0.35799924
0.3599647
0.35790938
0.3627155
0.3545955
0.3668502
0.35801107
0.36208534
0.34897578
0.35900426
0.35514826
0.3708466
0.36587703
0.36336002
0.3690962
0.3650198
0.3784116
0.3571732
0.3619813
0.36158034
0.34581655
0.35212418
0.3613953
0.34568638
0.3682163
0.3628513
0.36952364
0.35539758
0.36072502
0.36936042
0.36160514
0.35849848
0.36181483
0.3584798
0.36658058
0.35026398
0.3641416
0.37167114
0.35746345
0.35702997
0.36584195
0.35721466
0.3705478
0.36471894
0.35897228
0.35503426
0.36334434
0.35393143
0.3706192
0.36725062
0.35649678
0.3665207
0.3423361
0.3767223
0.39052957
0.3565541
0.38033596
0.36359987
0.35198274
0.38126245
0.35480925
0.3541131
0.36045483
0.35467002
0.37356412
0.35334045
0.37020802
0.35681477
0.35756475
0.35592926
0.36968654
0.36966023
0.36716917
0.36501467
0.3711786
0.34912974
0.3560584
0.35596582
0.36174428
0.34932992
0.37239996
0.3572031
0.355049
0.35970253
0.362011
0.35172635
0.35831374
0.36243388
0.37704515
0.3565774
0.3526904
0.3613241
0.35165736
0.34529123
0.36847648
0.3732947
0.35999805
0.3545707
0.36674088
0.36342168
0.3612966
0.35927016
0.34545198
0.37267306
0.36658138
0.3510403
0.36566952
0.3572314
0.36688638
0.35966292
0.34739092
0.3584347
0.36835927
0.36136267
0.37272522
0.3556811
0.36307558
0.37035188
0.3683531
0.39629257
0.38027227
0.36560345
0.36299965
0.37589267
0.38029686
0.3548503
0.36518016
0.36333212
0.36008218
0.37611938
0.36465156
0.35705304
0.36067885
0.3597958
0.3879777
0.36200273
0.36010775
0.35159588
0.36420423
0.36597285
0.36474752
0.3529896
0.3531837
test_variance_value
0.20246474
0.20870651
0.20955138
0.21301264
0.2052838
0.19248007
0.21307777
0.19999242
0.21161462
0.20705785
0.19825834
0.1956846
0.196589
0.19235004
0.20397875
0.21210326
0.21158494
0.21020558
0.21183968
0.20938277
0.20982039
0.1956601
0.22170135
0.18316765
0.20433979
0.20445003
0.19373393
0.19821551
0.19848359
0.19715512
0.19876555
0.2025998
0.19319248
0.20910524
0.19665098
0.19604112
0.21501975
0.20106834
0.21068777
0.20487629
0.20338023
0.19974287
0.20719135
0.20201008
0.2167475
0.20813937
0.21773471
0.20956464
0.20860215
0.20817046
0.2065483
0.19243449
0.20368157
0.21472752
0.2163006
0.20808676
0.20617758
0.18642545
0.1910643
0.20176768
0.23047642
0.20327103
0.22583903
0.20425642
0.20234263
0.19671057
0.20620766
0.21120134
0.20796178
0.2143117
0.19678341
0.22028811
0.19862035
0.20860933
0.2057116
0.19726165
0.20960352
0.21035697
0.21970464
0.20156501
0.20516886
0.20183721
0.2103855
0.20485763
0.20811552
0.20594089
0.20124105
0.200001
0.20166346
0.19693255
0.2054003
0.20179397
0.20411891
0.19056262
0.20767497
0.20273437
0.20550692
0.2214066
0.20434429
0.18897237
0.20937146
0.20587292
0.20907675
0.1923623
0.22196043
0.20119338
0.21645352
0.21533723
0.20381252
0.20239681
0.19210409
0.20380238
0.19547048
0.20023522
0.20266649
0.20012584
0.20523253
0.19688933
0.20992687
0.20029257
0.2046753
0.19019961
0.20102625
0.196861
0.21393424
0.20885335
0.20645165
0.21249476
0.20776068
0.22341432
0.19940853
0.20460035
0.20360371
0.18715477
0.19376361
0.2041568
0.18701454
0.21146677
0.20528632
0.21287337
0.1974568
0.20306394
0.21352467
0.20411776
0.20062158
0.20478708
0.20082308
0.21036717
0.19117276
0.20707212
0.21532741
0.19961815
0.19909501
0.20901789
0.19941054
0.21412273
0.20801027
0.20111789
0.19720091
0.20601997
0.19601628
0.21426533
0.21070273
0.19915752
0.20994405
0.18282332
0.22114964
0.23841003
0.19862519
0.22497839
0.2065442
0.19319008
0.22734144
0.19645335
0.19597581
0.20319736
0.19659218
0.21768467
0.19552214
0.21370073
0.19874093
0.2003233
0.19804607
0.2128815
0.21355239
0.20984693
0.20776665
0.21507415
0.19060643
0.19805457
0.19775383
0.20404461
0.19070926
0.21627955
0.19941168
0.1970988
0.20219171
0.20441079
0.19367586
0.20071983
0.20526181
0.22256657
0.1989571
0.19435097
0.20404407
0.19317599
0.18666843
0.21115679
0.21694997
0.20281899
0.19636773
0.21032679
0.20629427
0.20387319
0.20153037
0.18662277
0.216602
0.2094941
0.19267984
0.20864175
0.19949664
0.20969212
0.20194037
0.18896034
0.19998063
0.21215014
0.20409441
0.21670096
0.1973375
0.2061081
0.21386972
0.21135475
0.2437759
0.22497468
0.20870355
0.20551166
0.22014599
0.22473383
0.19731337
0.20794176
0.20612642
0.20261326
0.22104464
0.20775919
0.1994445
0.20330784
0.20200534
0.2345598
0.20495148
0.20298924
0.19317858
0.207166
0.20943324
0.20808765
0.19457242
0.19513153
test_mean_costs
0.0
0.0
0.0
0.0
0.0
0.0
0.0
0.0
0.0
0.0
0.0
0.0
0.0
0.0
0.0
0.0
0.0
0.0
0.0
0.0
0.0
0.0
0.0
0.0
0.0
0.0
0.0
0.0
0.0
0.0
0.0
0.0
0.0
0.0
0.0
0.0
0.0
0.0
0.0
0.0
0.0
0.0
0.0
0.0
0.0
0.0
0.0
0.0
0.0
0.0
0.0
0.0
0.0
0.0
0.0
0.0
0.0
0.0
0.0
0.0
0.0
0.0
0.0
0.0
0.0
0.0
0.0
0.0
0.0
0.0
0.0
0.0
0.0
0.0
0.0
0.0
0.0
0.0
0.0
0.0
0.0
0.0
0.0
0.0
0.0
0.0
0.0
0.0
0.0
0.0
0.0
0.0
0.0
0.0
0.0
0.0
0.0
0.0
0.0
0.0
0.0
0.0
0.0
0.0
0.0
0.0
0.0
0.0
0.0
0.0
0.0
0.0
0.0
0.0
0.0
0.0
0.0
0.0
0.0
0.0
0.0
0.0
0.0
0.0
0.0
0.0
0.0
0.0
0.0
0.0
0.0
0.0
0.0
0.0
0.0
0.0
0.0
0.0
0.0
0.0
0.0
0.0
0.0
0.0
0.0
0.0
0.0
0.0
0.0
0.0
0.0
0.0
0.0
0.0
0.0
0.0
0.0
0.0
0.0
0.0
0.0
0.0
0.0
0.0
0.0
0.0
0.0
0.0
0.0
0.0
0.0
0.0
0.0
0.0
0.0
0.0
0.0
0.0
0.0
0.0
0.0
0.0
0.0
0.0
0.0
0.0
0.0
0.0
0.0
0.0
0.0
0.0
0.0
0.0
0.0
0.0
0.0
0.0
0.0
0.0
0.0
0.0
0.0
0.0
0.0
0.0
0.0
0.0
0.0
0.0
0.0
0.0
0.0
0.0
0.0
0.0
0.0
0.0
0.0
0.0
0.0
0.0
0.0
0.0
0.0
0.0
0.0
0.0
0.0
0.0
0.0
0.0
0.0
0.0
0.0
0.0
0.0
0.0
0.0
0.0
0.0
0.0
0.0
0.0
0.0
0.0
0.0
0.0
0.0
0.0
0.0
0.0
0.0
0.0
0.0
0.0
test_mean_abs_costs
0.0
0.0
0.0
0.0
0.0
0.0
0.0
0.0
0.0
0.0
0.0
0.0
0.0
0.0
0.0
0.0
0.0
0.0
0.0
0.0
0.0
0.0
0.0
0.0
0.0
0.0
0.0
0.0
0.0
0.0
0.0
0.0
0.0
0.0
0.0
0.0
0.0
0.0
0.0
0.0
0.0
0.0
0.0
0.0
0.0
0.0
0.0
0.0
0.0
0.0
0.0
0.0
0.0
0.0
0.0
0.0
0.0
0.0
0.0
0.0
0.0
0.0
0.0
0.0
0.0
0.0
0.0
0.0
0.0
0.0
0.0
0.0
0.0
0.0
0.0
0.0
0.0
0.0
0.0
0.0
0.0
0.0
0.0
0.0
0.0
0.0
0.0
0.0
0.0
0.0
0.0
0.0
0.0
0.0
0.0
0.0
0.0
0.0
0.0
0.0
0.0
0.0
0.0
0.0
0.0
0.0
0.0
0.0
0.0
0.0
0.0
0.0
0.0
0.0
0.0
0.0
0.0
0.0
0.0
0.0
0.0
0.0
0.0
0.0
0.0
0.0
0.0
0.0
0.0
0.0
0.0
0.0
0.0
0.0
0.0
0.0
0.0
0.0
0.0
0.0
0.0
0.0
0.0
0.0
0.0
0.0
0.0
0.0
0.0
0.0
0.0
0.0
0.0
0.0
0.0
0.0
0.0
0.0
0.0
0.0
0.0
0.0
0.0
0.0
0.0
0.0
0.0
0.0
0.0
0.0
0.0
0.0
0.0
0.0
0.0
0.0
0.0
0.0
0.0
0.0
0.0
0.0
0.0
0.0
0.0
0.0
0.0
0.0
0.0
0.0
0.0
0.0
0.0
0.0
0.0
0.0
0.0
0.0
0.0
0.0
0.0
0.0
0.0
0.0
0.0
0.0
0.0
0.0
0.0
0.0
0.0
0.0
0.0
0.0
0.0
0.0
0.0
0.0
0.0
0.0
0.0
0.0
0.0
0.0
0.0
0.0
0.0
0.0
0.0
0.0
0.0
0.0
0.0
0.0
0.0
0.0
0.0
0.0
0.0
0.0
0.0
0.0
0.0
0.0
0.0
0.0
0.0
0.0
0.0
0.0
0.0
0.0
0.0
0.0
0.0
0.0
test_variance_costs
0.0
0.0
0.0
0.0
0.0
0.0
0.0
0.0
0.0
0.0
0.0
0.0
0.0
0.0
0.0
0.0
0.0
0.0
0.0
0.0
0.0
0.0
0.0
0.0
0.0
0.0
0.0
0.0
0.0
0.0
0.0
0.0
0.0
0.0
0.0
0.0
0.0
0.0
0.0
0.0
0.0
0.0
0.0
0.0
0.0
0.0
0.0
0.0
0.0
0.0
0.0
0.0
0.0
0.0
0.0
0.0
0.0
0.0
0.0
0.0
0.0
0.0
0.0
0.0
0.0
0.0
0.0
0.0
0.0
0.0
0.0
0.0
0.0
0.0
0.0
0.0
0.0
0.0
0.0
0.0
0.0
0.0
0.0
0.0
0.0
0.0
0.0
0.0
0.0
0.0
0.0
0.0
0.0
0.0
0.0
0.0
0.0
0.0
0.0
0.0
0.0
0.0
0.0
0.0
0.0
0.0
0.0
0.0
0.0
0.0
0.0
0.0
0.0
0.0
0.0
0.0
0.0
0.0
0.0
0.0
0.0
0.0
0.0
0.0
0.0
0.0
0.0
0.0
0.0
0.0
0.0
0.0
0.0
0.0
0.0
0.0
0.0
0.0
0.0
0.0
0.0
0.0
0.0
0.0
0.0
0.0
0.0
0.0
0.0
0.0
0.0
0.0
0.0
0.0
0.0
0.0
0.0
0.0
0.0
0.0
0.0
0.0
0.0
0.0
0.0
0.0
0.0
0.0
0.0
0.0
0.0
0.0
0.0
0.0
0.0
0.0
0.0
0.0
0.0
0.0
0.0
0.0
0.0
0.0
0.0
0.0
0.0
0.0
0.0
0.0
0.0
0.0
0.0
0.0
0.0
0.0
0.0
0.0
0.0
0.0
0.0
0.0
0.0
0.0
0.0
0.0
0.0
0.0
0.0
0.0
0.0
0.0
0.0
0.0
0.0
0.0
0.0
0.0
0.0
0.0
0.0
0.0
0.0
0.0
0.0
0.0
0.0
0.0
0.0
0.0
0.0
0.0
0.0
0.0
0.0
0.0
0.0
0.0
0.0
0.0
0.0
0.0
0.0
0.0
0.0
0.0
0.0
0.0
0.0
0.0
0.0
0.0
0.0
0.0
0.0
0.0
test_mean_wealth
-1.6268747
-1.5823585
-1.6038707
-1.6273657
-1.6248764
-1.5852463
-1.6362424
-1.6146199
-1.6463002
-1.5679277
-1.5788314
-1.5887288
-1.6233195
-1.5654485
-1.6039737
-1.6098454
-1.5981569
-1.6178352
-1.6256267
-1.6011114
-1.6094964
-1.574793
-1.6191471
-1.5397099
-1.5658153
-1.6133559
-1.5082083
-1.562795
-1.5514842
-1.525881
-1.6056662
-1.6367108
-1.5903072
-1.6183885
-1.6077453
-1.5807631
-1.6849043
-1.6507679
-1.5855879
-1.6238271
-1.6406583
-1.62855
-1.6651032
-1.54079
-1.6331303
-1.6113396
-1.651663
-1.626923
-1.6316388
-1.6227852
-1.5491532
-1.578047
-1.5916295
-1.6018919
-1.6625171
-1.6777643
-1.6038984
-1.6006674
-1.6088802
-1.6107358
-1.6373163
-1.6052566
-1.635144
-1.6116724
-1.5578926
-1.5967474
-1.62735
-1.636151
-1.5908355
-1.618781
-1.6430316
-1.635133
-1.6104889
-1.629217
-1.6400516
-1.5928966
-1.6282941
-1.65832
-1.630184
-1.5932825
-1.5873272
-1.6189051
-1.6344669
-1.6742165
-1.5822787
-1.6057192
-1.5576303
-1.6404518
-1.6463596
-1.5998731
-1.6257735
-1.592241
-1.5968024
-1.6004589
-1.6134545
-1.6396085
-1.6392711
-1.6060144
-1.5128347
-1.5274426
-1.5711838
-1.5964688
-1.5821909
-1.5807455
-1.6081215
-1.5787429
-1.6342473
-1.6706508
-1.6269375
-1.589629
-1.556843
-1.622961
-1.5180686
-1.6154885
-1.564133
-1.6390053
-1.6936777
-1.5759424
-1.6503987
-1.5547634
-1.6743886
-1.5637814
-1.6837524
-1.5752214
-1.555842
-1.7242522
-1.6363536
-1.6628894
-1.5668528
-1.6798521
-1.590398
-1.6033144
-1.572573
-1.6011834
-1.5825016
-1.586679
-1.6217495
-1.596148
-1.5959262
-1.6674079
-1.6259779
-1.6863858
-1.645614
-1.6526791
-1.633024
-1.6173886
-1.5973283
-1.5791357
-1.5668137
-1.5544792
-1.63001
-1.5693244
-1.53599
-1.5867221
-1.6470816
-1.6060294
-1.5595247
-1.5892229
-1.6587408
-1.6005671
-1.522381
-1.6125954
-1.5846763
-1.6229315
-1.6296911
-1.519074
-1.6288826
-1.6885705
-1.5612693
-1.6858265
-1.571765
-1.5748247
-1.6481205
-1.5318297
-1.490327
-1.5701098
-1.5375959
-1.6314167
-1.5699055
-1.6847452
-1.5826358
-1.569625
-1.6143174
-1.6912318
-1.6658235
-1.6157101
-1.6255935
-1.6291511
-1.6220255
-1.5880771
-1.6432326
-1.6231825
-1.5628372
-1.6551685
-1.670679
-1.6746709
-1.5563469
-1.6305696
-1.581103
-1.6886787
-1.5952481
-1.6827613
-1.6146607
-1.5977705
-1.631222
-1.5501001
-1.6272782
-1.5971464
-1.5566992
-1.6192832
-1.6056454
-1.6604246
-1.5057427
-1.6255513
-1.6371331
-1.5822167
-1.6321092
-1.674202
-1.5213276
-1.6262987
-1.5917515
-1.5904292
-1.6710861
-1.5271652
-1.5007998
-1.5557486
-1.6289017
-1.609887
-1.5762268
-1.666893
-1.7018901
-1.6851904
-1.6805305
-1.6243713
-1.5936667
-1.6048332
-1.5865124
-1.6303762
-1.6022813
-1.6792136
-1.6480192
-1.6046157
-1.6241505
-1.6152898
-1.5875875
-1.6070656
-1.6189123
-1.60777
-1.5889052
-1.6286745
-1.6626289
-1.6601332
-1.6649963
-1.6309555
-1.5274702
-1.5356218
test_mean_abs_wealth
1.6268747
1.5823585
1.6038707
1.6273657
1.6248764
1.5852463
1.6362424
1.6146199
1.6463002
1.5679277
1.5788314
1.5887288
1.6233195
1.5654485
1.6039737
1.6098454
1.5981569
1.6178352
1.6256267
1.6011114
1.6094964
1.574793
1.6191471
1.539711
1.5658153
1.6133561
1.5082083
1.562795
1.5514842
1.525881
1.6056662
1.6367108
1.5903072
1.6183885
1.6077453
1.5807631
1.6849043
1.6507679
1.5855879
1.6238271
1.6406583
1.62855
1.6651032
1.54079
1.6331303
1.6113396
1.651663
1.626923
1.6316388
1.6227852
1.5491532
1.578047
1.5916295
1.6018919
1.6625171
1.6777643
1.6038984
1.6006674
1.6088802
1.6107358
1.6373163
1.6052566
1.635144
1.6116724
1.5578926
1.5967474
1.62735
1.636151
1.5908355
1.618781
1.6430316
1.635133
1.6104889
1.629217
1.6400516
1.5928966
1.6282941
1.65832
1.630184
1.5932825
1.5873272
1.6189051
1.6344669
1.6742165
1.5822787
1.6057192
1.5576303
1.6404518
1.6463596
1.5998731
1.6257735
1.592241
1.5968024
1.6004589
1.6134545
1.6396085
1.6392711
1.6060148
1.5128347
1.5274426
1.5711838
1.5964688
1.5821909
1.5807455
1.6081215
1.5787429
1.6342473
1.6706508
1.6269375
1.589629
1.556843
1.622961
1.5180686
1.6154885
1.564133
1.6390053
1.6936777
1.5759424
1.6503987
1.5547634
1.6743886
1.5637814
1.6837524
1.5752214
1.5558428
1.7242522
1.6363536
1.6628894
1.5668528
1.6798521
1.590398
1.6033144
1.572573
1.6011834
1.5825016
1.586679
1.6217495
1.596148
1.5959262
1.6674079
1.6259787
1.6863858
1.645614
1.6526791
1.633024
1.6173886
1.5973283
1.5791358
1.5668137
1.5544792
1.63001
1.5693244
1.53599
1.5867221
1.6470816
1.6060294
1.5595247
1.5892229
1.6587408
1.6005671
1.522381
1.6125954
1.5846763
1.6229315
1.6296911
1.519074
1.6288826
1.6885705
1.5612693
1.6858265
1.571765
1.5748247
1.6481205
1.5318297
1.490327
1.5701098
1.5375959
1.6314167
1.5699055
1.6847452
1.5826358
1.569625
1.6143174
1.6912318
1.6658235
1.6157101
1.6255935
1.6291511
1.6220255
1.5880771
1.6432326
1.6231825
1.5628372
1.6551685
1.670679
1.6746709
1.5563469
1.6305696
1.581103
1.6886787
1.5952481
1.6827613
1.6146607
1.5977705
1.631222
1.5501001
1.6272782
1.5971464
1.5566992
1.6192832
1.6056454
1.6604246
1.5057428
1.6255513
1.6371331
1.5822167
1.6321092
1.674202
1.5213276
1.6262987
1.5917515
1.5904299
1.6710861
1.5271652
1.5007998
1.5557486
1.6289017
1.609887
1.5762268
1.666893
1.7018901
1.6851904
1.6805305
1.6243713
1.5936667
1.6048332
1.5865124
1.6303762
1.6022813
1.6792136
1.6480192
1.6046157
1.6241505
1.6152898
1.5875875
1.6070656
1.6189123
1.6077719
1.5889052
1.6286745
1.6626289
1.6601332
1.6649963
1.6309555
1.5274702
1.5356218
test_variance_wealth
0.040829245
0.04292301
0.042195007
0.041948244
0.04103063
0.041134946
0.04173251
0.04096886
0.041346505
0.042753343
0.041971307
0.04122849
0.040623534
0.0416301
0.04179006
0.04219251
0.04240814
0.041938234
0.041654505
0.042275347
0.04204286
0.04189657
0.043150626
0.04164162
0.04274804
0.041630063
0.04348008
0.04199185
0.042655565
0.043361448
0.040656246
0.040058102
0.04080536
0.041740153
0.041093677
0.041480474
0.040372394
0.039894722
0.04268134
0.04134396
0.040643435
0.04045539
0.04007064
0.04332119
0.041999146
0.04166875
0.041471623
0.04147662
0.041064695
0.041208472
0.043248985
0.041314654
0.042185344
0.04274027
0.041325066
0.039878104
0.041782334
0.04016366
0.040095285
0.041176267
0.043417454
0.041430928
0.04293927
0.041266084
0.042747274
0.0409749
0.041018534
0.041025892
0.042829037
0.04204451
0.039894283
0.042110167
0.040798154
0.04146822
0.04086592
0.04121806
0.04166051
0.0406911
0.04213079
0.04141091
0.042350974
0.040970646
0.041290242
0.039866813
0.042102173
0.04160584
0.042513642
0.040089563
0.04022529
0.041034374
0.040932905
0.041905176
0.041668177
0.04042117
0.041614648
0.040318374
0.04073928
0.04329329
0.04415138
0.042636268
0.04327273
0.042087913
0.04267115
0.041163225
0.042988054
0.04247207
0.042029988
0.041012038
0.041043643
0.041868106
0.04145366
0.04092866
0.043132324
0.040932797
0.0428402
0.040291026
0.0390603
0.042120207
0.040778104
0.04281269
0.039687604
0.041161902
0.039150193
0.041344836
0.044259455
0.03890669
0.040577777
0.04071159
0.042869072
0.04115266
0.041679014
0.0415994
0.042770978
0.04024415
0.041153092
0.04189161
0.039386775
0.042569205
0.042094503
0.040687308
0.040444195
0.039115563
0.041709043
0.04010889
0.040248957
0.041734647
0.04169229
0.04311624
0.041306455
0.043285083
0.04263038
0.04243965
0.04303005
0.042467836
0.039879777
0.042110607
0.043318894
0.041643903
0.03921296
0.04190885
0.042863995
0.042382848
0.04279707
0.040539388
0.04137648
0.04185698
0.042368244
0.04254496
0.04202377
0.041116104
0.0425856
0.041435868
0.042759128
0.04291622
0.043930776
0.042316332
0.04285363
0.042340048
0.041813828
0.040370747
0.04202548
0.0421506
0.040647395
0.040012237
0.04075984
0.04178994
0.041138683
0.041951854
0.039862327
0.041771006
0.03994378
0.041089747
0.04147755
0.041491907
0.03956116
0.03866012
0.042778738
0.041441947
0.04143458
0.038698852
0.042165477
0.041177154
0.040755942
0.040890712
0.040914234
0.042189796
0.039233997
0.04258906
0.044265717
0.04102942
0.040759824
0.0407888
0.044696867
0.041075945
0.040545035
0.040874373
0.04199201
0.040178183
0.042948637
0.04158074
0.041750707
0.042621363
0.039407503
0.042472783
0.04430809
0.043886352
0.04088788
0.042629533
0.04143306
0.03989752
0.03971396
0.04006975
0.04344134
0.042934064
0.042636573
0.041544877
0.04370208
0.043066315
0.040849317
0.03986215
0.040489927
0.041190673
0.04323443
0.041777685
0.041590843
0.04171809
0.04087298
0.044448853
0.041938186
0.040654097
0.03907648
0.040303756
0.040407058
0.04145231
0.043058395
0.042704772
test_wealth_with_price_abs_mean
0.15929128
0.16296692
0.16182081
0.16119681
0.15970674
0.15971786
0.16094854
0.15957272
0.16014919
0.16271946
0.16140811
0.16002159
0.15894595
0.16086344
0.16093327
0.16161132
0.16222192
0.16127452
0.16076027
0.1617928
0.16147126
0.16119584
0.16335393
0.16088514
0.16273513
0.16066675
0.1640678
0.16157265
0.16253537
0.16385429
0.15890986
0.1577475
0.15940174
0.16110812
0.15994492
0.16049449
0.15836145
0.15749238
0.16268887
0.16010852
0.1590486
0.15857819
0.15783297
0.16374144
0.16133216
0.16069281
0.16035733
0.16045915
0.15976734
0.16008615
0.16392182
0.16040704
0.16176736
0.16266954
0.15996726
0.1575594
0.16115741
0.15803608
0.15808026
0.15974152
0.163798
0.16046174
0.16289964
0.15992327
0.16281286
0.15955514
0.15961511
0.15967107
0.16313009
0.16163486
0.15776409
0.1615664
0.15927748
0.1602933
0.1592922
0.1598927
0.16064838
0.15893984
0.16147082
0.16056365
0.16208585
0.1597487
0.16005015
0.15734066
0.16173589
0.16090204
0.16250734
0.15802309
0.15837845
0.15971278
0.15933894
0.16140752
0.1609684
0.15843694
0.16077532
0.158336
0.15883009
0.16374773
0.16525939
0.16279969
0.16369797
0.16170573
0.1627577
0.15994883
0.16310124
0.16221909
0.16139948
0.15957038
0.15977137
0.16121247
0.16053417
0.15947534
0.16367309
0.15949225
0.16290052
0.15825891
0.15592839
0.16173264
0.15923719
0.1629299
0.15703017
0.16012397
0.15608278
0.1603877
0.16526848
0.15559426
0.15875679
0.1588018
0.16298741
0.15966953
0.16091059
0.16070585
0.16273813
0.15828334
0.16007198
0.16128512
0.15671778
0.16237308
0.16145247
0.15894079
0.1586189
0.15599063
0.16092384
0.15800568
0.15822282
0.16092446
0.16093452
0.16340406
0.16006422
0.16378061
0.16230159
0.16210797
0.16322736
0.16246252
0.15729773
0.16153109
0.1638418
0.16089885
0.15625863
0.16140455
0.16311054
0.1620745
0.16276993
0.15882021
0.16031867
0.16151232
0.16191389
0.16202366
0.16143164
0.15963832
0.1625946
0.16053775
0.16265956
0.16318157
0.16496457
0.1621233
0.16287555
0.16212614
0.16104878
0.15827064
0.16144434
0.16187982
0.15886082
0.15752587
0.15913922
0.1609635
0.15986913
0.1612981
0.1573588
0.16110046
0.15763256
0.15960772
0.16066533
0.16041277
0.15686686
0.15518369
0.16285284
0.16030806
0.16068096
0.1553046
0.16169979
0.15988326
0.15908954
0.15944132
0.1592477
0.16178305
0.15631431
0.16256367
0.16551821
0.15968522
0.15919797
0.15918049
0.16614388
0.15982273
0.15861785
0.15946305
0.16150118
0.15791036
0.16331205
0.16077848
0.16117334
0.16250347
0.15676859
0.16250083
0.1656885
0.16497181
0.15956965
0.162585
0.16044296
0.1574055
0.15696277
0.15778688
0.16378397
0.1629832
0.16255492
0.16058679
0.16427462
0.1632364
0.1593775
0.15739645
0.15869111
0.15986437
0.16333409
0.16105463
0.16061155
0.16075435
0.15955748
0.16558519
0.16134565
0.15907423
0.15603654
0.15845177
0.15820038
0.16049735
0.16342452
0.16281247
test_wealth_with_price_variance
0.040829245
0.04292301
0.042195007
0.041948244
0.04103063
0.041134946
0.04173251
0.04096886
0.041346505
0.042753343
0.041971307
0.04122849
0.040623534
0.0416301
0.04179006
0.04219251
0.04240814
0.041938234
0.041654505
0.042275347
0.04204286
0.04189657
0.043150626
0.04164162
0.04274804
0.041630063
0.04348008
0.04199185
0.042655565
0.043361448
0.040656246
0.040058102
0.04080536
0.041740153
0.041093677
0.041480474
0.040372394
0.039894722
0.04268134
0.04134396
0.040643435
0.04045539
0.04007064
0.04332119
0.041999146
0.04166875
0.041471623
0.04147662
0.041064695
0.041208472
0.043248985
0.041314654
0.042185344
0.04274027
0.041325066
0.039878104
0.041782334
0.04016366
0.040095285
0.041176267
0.043417454
0.041430928
0.04293927
0.041266084
0.042747274
0.0409749
0.041018534
0.041025892
0.042829037
0.04204451
0.039894283
0.042110167
0.040798154
0.04146822
0.04086592
0.04121806
0.04166051
0.0406911
0.04213079
0.04141091
0.042350974
0.040970646
0.041290242
0.039866813
0.042102173
0.04160584
0.042513642
0.040089563
0.04022529
0.041034374
0.040932905
0.041905176
0.041668177
0.04042117
0.041614648
0.040318374
0.04073928
0.04329329
0.04415138
0.042636268
0.04327273
0.042087913
0.04267115
0.041163225
0.042988054
0.04247207
0.042029988
0.041012038
0.041043643
0.041868106
0.04145366
0.04092866
0.043132324
0.040932797
0.0428402
0.040291026
0.0390603
0.042120207
0.040778104
0.04281269
0.039687604
0.041161902
0.039150193
0.041344836
0.044259455
0.03890669
0.040577777
0.04071159
0.042869072
0.04115266
0.041679014
0.0415994
0.042770978
0.04024415
0.041153092
0.04189161
0.039386775
0.042569205
0.042094503
0.040687308
0.040444195
0.039115563
0.041709043
0.04010889
0.040248957
0.041734647
0.04169229
0.04311624
0.041306455
0.043285083
0.04263038
0.04243965
0.04303005
0.042467836
0.039879777
0.042110607
0.043318894
0.041643903
0.03921296
0.04190885
0.042863995
0.042382848
0.04279707
0.040539388
0.04137648
0.04185698
0.042368244
0.04254496
0.04202377
0.041116104
0.0425856
0.041435868
0.042759128
0.04291622
0.043930776
0.042316332
0.04285363
0.042340048
0.041813828
0.040370747
0.04202548
0.0421506
0.040647395
0.040012237
0.04075984
0.04178994
0.041138683
0.041951854
0.039862327
0.041771006
0.03994378
0.041089747
0.04147755
0.041491907
0.03956116
0.03866012
0.042778738
0.041441947
0.04143458
0.038698852
0.042165477
0.041177154
0.040755942
0.040890712
0.040914234
0.042189796
0.039233997
0.04258906
0.044265717
0.04102942
0.040759824
0.0407888
0.044696867
0.041075945
0.040545035
0.040874373
0.04199201
0.040178183
0.042948637
0.04158074
0.041750707
0.042621363
0.039407503
0.042472783
0.04430809
0.043886352
0.04088788
0.042629533
0.04143306
0.03989752
0.03971396
0.04006975
0.04344134
0.042934064
0.042636573
0.041544877
0.04370208
0.043066315
0.040849317
0.03986215
0.040489927
0.041190673
0.04323443
0.041777685
0.041590843
0.04171809
0.04087298
0.044448853
0.041938186
0.040654097
0.03907648
0.040303756
0.040407058
0.04145231
0.043058395
0.042704772
price
1.6273229
1.5821965
1.6041172
1.628067
1.6247224
1.5854793
1.6362472
1.6159871
1.6463507
1.567771
1.5789502
1.58894
1.6231071
1.5654273
1.6043656
1.6103917
1.5990475
1.6183627
1.6264716
1.6008378
1.6093283
1.5743089
1.6193217
1.5402485
1.5652196
1.6141528
1.5090762
1.5633416
1.5520663
1.5265201
1.6058232
1.6371788
1.5897969
1.6186632
1.6075178
1.5814694
1.6845865
1.6511025
1.5861454
1.6243001
1.6397736
1.6282977
1.6646457
1.5415455
1.6330132
1.6120298
1.6518734
1.6266568
1.6317567
1.6238751
1.548726
1.5779016
1.5915138
1.6012373
1.6631006
1.6779195
1.6039138
1.6008661
1.6088523
1.6106526
1.6383342
1.6061181
1.6350505
1.6114752
1.5578866
1.5961182
1.6269374
1.6367159
1.5910339
1.6192393
1.6438047
1.6356459
1.6107675
1.6295278
1.6404864
1.5923655
1.6287955
1.6590568
1.6305065
1.5937308
1.5879524
1.6191546
1.6346264
1.6739855
1.5824268
1.6046333
1.5575279
1.6402023
1.6468631
1.6000863
1.6265498
1.5918546
1.5964799
1.6007599
1.6138377
1.6393206
1.6391904
1.6062573
1.5130036
1.5278537
1.5720013
1.5966849
1.5819666
1.5814958
1.6077583
1.5793686
1.6347814
1.6708748
1.6273301
1.5899559
1.5568033
1.6233724
1.5186911
1.6157682
1.5645716
1.6392584
1.6940467
1.5756624
1.6504487
1.5550244
1.6750058
1.563969
1.6839666
1.575076
1.5565953
1.7247694
1.6362389
1.6627041
1.5674491
1.6802981
1.5904564
1.6041675
1.5728905
1.6006644
1.5819322
1.5862342
1.6210064
1.5962824
1.5964608
1.6675758
1.6260766
1.6858984
1.6451764
1.6521252
1.6331134
1.617252
1.5971719
1.5797379
1.566749
1.5552855
1.630206
1.569233
1.5359288
1.5869642
1.6470973
1.6063741
1.5605564
1.5900018
1.6598918
1.6003518
1.5226357
1.613443
1.5852511
1.6231707
1.6296465
1.5196207
1.6293273
1.6887641
1.561548
1.6859123
1.5720308
1.5747406
1.6480684
1.5323902
1.490725
1.5700023
1.5379006
1.6316297
1.5704843
1.6849184
1.583299
1.5697213
1.6144754
1.691104
1.6661919
1.6153947
1.6251662
1.6296278
1.6223164
1.588317
1.6436838
1.6237086
1.5629581
1.655056
1.671199
1.6749742
1.5564592
1.6308874
1.5816244
1.6894844
1.5955263
1.6833457
1.6150758
1.5989933
1.6308862
1.5504744
1.6275995
1.5971599
1.5567294
1.6198173
1.6052659
1.6610197
1.5063076
1.6250671
1.6371949
1.5825377
1.6320863
1.6747279
1.5218168
1.6267285
1.5921153
1.5913616
1.6710297
1.5264393
1.5008956
1.555908
1.6291304
1.609855
1.5764071
1.6664798
1.7017398
1.6853772
1.6808819
1.624279
1.593777
1.604944
1.586758
1.6305631
1.6018099
1.680034
1.6477315
1.605214
1.6250819
1.615123
1.5874165
1.6069909
1.6188846
1.60884
1.5894938
1.6287876
1.6626914
1.6603806
1.6651447
1.631212
1.5271409
1.5352827
train_time
0.48861259999999973
0.3198049999999988
0.3396840999999995
0.30327170000000336
0.438569600000001
0.3122860000000003
0.2880775
0.3667482999999976
0.30745809999999096
0.31161700000001247
0.3015745999999808
0.7335099000000014
0.2979190000000074
0.3049696999999867
0.3367216000000042
0.29554719999998724
0.3131255000000124
0.323929000000021
0.4872540999999728
0.3405926000000363
0.30027860000001283
0.3294602999999938
0.2975890000000163
0.3364650999999981
0.29686870000000454
0.31871740000002546
0.4820505000000139
0.35837770000000546
0.8284866999999849
0.2906330000000139
0.2964236999999912
0.3151879000000122
0.41467660000000706
0.29542980000002217
0.32580989999996746
0.8865088999999671
0.4319524000000001
0.5665961000000834
1.0035341000000244
0.3243277000000262
0.684293700000012
0.3342693000000736
0.30029339999998683
0.31473940000000766
0.30906709999999293
0.36948039999992943
0.29797820000010233
0.38404099999991104
0.31017770000005385
0.7212733000000071
0.6254106000000093
0.5086095000000341
0.3542216999999255
0.31092279999995753
0.31903410000006716
0.32695830000000115
0.3531985000000759
0.39888829999995323
0.31834950000006756
0.32435580000003483
0.6012008999999807
0.3137153999999782
0.3633168000000069
0.8041471000000229
0.3165242000000035
0.3102185999999847
0.30533709999997427
0.5495594000001347
0.3568822999998247
0.29989230000001044
0.30618649999996705
0.38396579999994174
0.3417457000000468
0.3369281000000228
0.5938312999999198
0.479218899999978
0.4445041000001311
0.5090040999998564
0.48801449999996294
1.0031753000000663
0.3680547999999817
0.33894550000013624
0.3296560999999656
0.36844440000004397
0.38779730000010204
0.34280839999996715
0.31685590000006414
0.40192910000018855
0.3368876000001819
0.4160880999997971
0.30096630000002733
0.3580721999999241
0.3034973000001173
0.3018036999999367
0.3060170000001108
0.29774059999999736
0.3018609999999171
0.29170270000008713
0.9070566999998846
0.3025992000000315
0.30254680000007284
0.3050680999999713
0.30995670000015707
0.3097553000000062
0.30031819999999243
0.30025339999997414
0.31869140000003426
0.30663589999994656
0.2978344999999081
0.2962718000001132
0.2954941999998937
0.3212690999998813
0.29887940000003255
0.299089899999899
0.30195419999995465
0.29801339999994525
0.3052786999999171
0.30145279999987906
0.3235873000000993
0.30623209999998835
1.0254403000001275
0.29848329999981615
0.29988350000007813
0.2968409000000065
0.31890470000007554
0.33982240000000274
0.29320159999997486
0.292115400000057
0.2909400999999434
0.30347070000016174
0.3051794999998947
0.30754369999999653
0.3639272999998866
0.29164300000002186
0.31024600000000646
0.3011937000001126
0.3019380999999157
0.3308914000003824
0.3086902000000009
0.2970514999997249
0.3183883000001515
0.3233872999999221
0.3171274999999696
0.29651160000003074
0.3520381000002999
0.3084953000002315
0.3039550999997118
1.159833300000173
0.28907010000011724
0.29504969999970854
0.28791000000001077
0.31502739999996265
0.31492779999962295
0.2907278999996379
0.36736240000027465
0.28529299999991053
0.29296709999971426
0.2997342999997272
0.2974735000002511
0.30291239999996833
0.3295517999999902
0.3186985000002096
0.33211009999968155
0.3137158999998064
0.3373756000000867
0.3339138000001185
0.309867899999972
0.31458910000037577
0.3203902999998718
0.3040771000000859
0.3256069999997635
0.3179606999997304
0.3018081999998685
0.3134099000003516
0.30636839999988297
0.3085590000000593
0.28905699999995704
0.3234525999996549
1.3624467000004188
0.3081765000001724
0.30609340000000884
0.3585649999999987
0.33023980000007214
0.29728590000013355
0.32214299999986906
0.2936751000002005
0.2902678000000378
0.3145375999997668
0.2997512000001734
0.29976950000036595
0.29741039999998975
0.2914448999999877
0.3246970999998666
0.29681780000009894
0.3188375000004271
0.333672000000206
0.3980447999997523
0.2887805999998818
0.30387289999998757
0.3380514000000403
0.2997666000001118
0.31285139999999956
0.31887170000027254
0.2968662999996923
0.3118739999999889
0.3155629999996563
0.29759380000041347
0.4286365999996633
0.41446989999985817
0.34187169999995604
0.3376438000000235
0.34058239999967554
0.33544969999957175
0.3075269000000844
1.9901460000000952
0.34785839999995005
0.36716800000021976
0.3203286000002663
0.3194866000003458
0.4460291000000325
0.4562559000000874
0.32383109999955195
0.3405228999999963
0.37923389999969004
0.578395499999715
0.3079271999999946
0.32547359999989567
0.4418943999999101
0.31165980000014315
0.2950957999996717
0.29491809999990437
0.30034729999988485
0.32698430000027656
0.3012542999999823
0.30232980000027965
0.33606819999977233
0.40295219999961773
0.3394969000000856
0.328676600000108
0.325285200000053
0.2938690000000861
0.3278363999997964
0.2921006999999918
0.3379417999999532
0.3347954999999274
0.3213522000000921
0.32737200000019584
0.3021072000001368
0.35299369999984265
0.3078509999995731
0.29533500000025015
0.30370200000015757
0.29620359999989887
0.31231560000014724
0.29931770000030156
0.3122073999998065


