================================================================================
=== deep network w. relu
train_risk
6.024214
6.2882633
6.023279
6.340202
6.4005337
6.240548
6.234327
6.110942
6.388983
6.049171
5.966671
5.9489236
6.1773314
5.9742174
6.128646
6.125371
5.8606887
6.0182004
6.001201
6.31136
6.5131545
6.0074673
6.018834
6.067995
6.0676584
5.6759133
6.0373125
6.0763044
6.0544333
6.0790253
6.1400366
5.82739
test_risk
6.030499
6.2703676
6.04126
6.3222976
6.3978944
6.248782
6.2450686
6.1276813
6.393402
6.04562
5.943936
5.9498816
6.1826096
5.978453
6.116194
6.121904
5.8340797
6.0262322
6.012196
6.3071446
6.49933
6.006124
6.0130506
6.070177
6.0648108
5.698709
6.0455785
6.0592556
6.0567465
6.0724387
6.1360583
5.827818
test_mean_value
0.2323997
0.06712868
0.06160743
-0.029494995
0.13183135
0.019758036
-0.0026000158
0.040351614
0.16108297
0.033382133
0.15978476
-0.018602863
-0.022323692
-0.016126465
0.28226703
0.13257994
-0.044252835
0.24484356
1.0890566
0.58337665
0.061938882
-0.022884255
-0.013945286
0.0011064343
-0.017374622
-0.006634211
0.007113043
-0.020156967
0.1750931
0.0832553
-0.029452872
0.12613131
test_mean_abs_value
0.31551364
0.23000962
0.2260298
0.18922275
0.31231502
0.10508785
0.12586316
0.122336455
0.25391865
0.20451193
0.26566768
0.1318224
0.17102562
0.1189493
0.34230506
0.19704235
0.12218751
0.3249534
1.1261907
0.637336
0.30746368
0.122256905
0.14649637
0.15204988
0.123789385
0.058536068
0.11570562
0.135218
0.2924675
0.18483631
0.17950293
0.24490166
test_variance_value
0.112126805
0.079893045
0.07999015
0.057425894
0.14158513
0.017589238
0.025163855
0.021936547
0.092069395
0.067282625
0.08891803
0.027419
0.046486463
0.02229234
0.11581904
0.05679802
0.024786826
0.13495728
0.8108315
0.3889052
0.14700256
0.023577943
0.03433453
0.036727674
0.02421266
0.005471699
0.021478256
0.028948827
0.15164044
0.05322711
0.050350353
0.10031869
test_mean_costs
0.026520144
0.1307753
0.016226143
0.016657192
0.020303795
0.11997155
0.00035951266
0.018392427
0.0012864881
0.021957535
0.015542037
0.0004494589
0.14774475
0.020342186
0.016944855
0.019767903
0.0019826961
0.015934918
0.13931505
0.11807418
0.16306551
0.01781109
0.14657934
0.18730508
0.0002464998
0.00045154986
0.0010435178
0.0023896135
0.014726865
0.0030217925
0.08340296
0.00048554962
test_mean_abs_costs
0.026520144
0.1307753
0.016226143
0.016657192
0.020303795
0.11997155
0.00035951266
0.018392427
0.0012864881
0.021957535
0.015542037
0.0004494589
0.14774475
0.020342186
0.016944855
0.019767903
0.0019826961
0.015934918
0.13931505
0.11807418
0.16306551
0.01781109
0.14657934
0.18730508
0.0002464998
0.00045154986
0.0010435178
0.0023896135
0.014726865
0.0030217925
0.08340296
0.00048554962
test_variance_costs
0.00031303486
0.0013683969
0.00022760073
0.00016831432
0.00031970965
0.00026082576
7.97468e-05
0.00021711706
0.0009408931
0.00058145355
0.00084600615
8.289615e-05
0.0001779768
0.00028317625
0.0012255823
0.00022512994
0.00011257935
0.0012795911
0.0016229084
0.00013046949
0.0009934866
0.0003612521
0.0001464885
0.00015018333
0.00015847564
0.000111730245
0.0005633107
0.00010646416
3.557321e-05
0.000562267
0.00010763229
0.00024020199
test_mean_wealth
-2.8513167
-3.0542994
-2.9462774
-2.9343143
-3.028532
-3.1729386
-3.1476562
-3.1259267
-3.0377038
-2.9232664
-2.9041789
-3.047309
-3.2003462
-3.0675755
-2.8202133
-2.9334514
-2.9844348
-2.7416935
-2.1739173
-2.770563
-3.2247245
-3.0758753
-3.0641646
-3.032148
-2.969011
-2.8764017
-2.9645374
-3.0679004
-2.831755
-2.8058798
-3.2241898
-2.8377748
test_mean_abs_wealth
2.8664842
3.0599005
2.9516354
2.936719
3.0430448
3.1732068
3.1484988
3.126745
3.050193
2.9279377
2.9102948
3.0479586
3.2008672
3.0679371
2.837705
2.9409637
2.9848256
2.7617176
2.4677079
2.8807292
3.233383
3.0762532
3.0645115
3.0331252
2.9699013
2.8766854
2.9667919
3.0694125
2.87342
2.8179173
3.2252595
2.847564
test_variance_wealth
2.1860404
2.2147937
2.0422873
2.212938
2.4058046
1.8985616
1.9882314
1.845051
2.466969
1.9826767
1.9340926
1.7210642
1.8328606
1.7101531
2.2931025
2.1279628
1.646111
2.191959
3.8525815
3.2411158
2.386721
1.7430396
1.7517806
1.9170824
1.8547834
1.6670908
2.0001633
1.9181787
2.488826
2.2796924
1.7651516
1.9240699
test_wealth_with_price_abs_mean
1.2055756
1.1986284
1.1537778
1.1934205
1.2506957
1.1054759
1.1382205
1.0938485
1.2827725
1.1308018
1.1271032
1.0514588
1.0894476
1.0485452
1.2456238
1.1817588
1.0284528
1.2046381
1.7201142
1.4830537
1.2451502
1.0591097
1.064081
1.1186515
1.0905392
1.0402229
1.1393932
1.1193148
1.2726637
1.2272606
1.0654694
1.1203868
test_wealth_with_price_variance
2.1860404
2.2147937
2.0422873
2.212938
2.4058046
1.8985616
1.9882314
1.845051
2.4669693
1.9826767
1.9340926
1.7210642
1.8328606
1.7101531
2.2931025
2.1279626
1.646111
2.191959
3.8525815
3.2411158
2.386721
1.7430396
1.7517806
1.9170824
1.8547834
1.6670908
2.0001633
1.9181787
2.488826
2.2796924
1.7651516
1.9240699
price
3.060226
2.9962044
2.9992878
2.8968492
3.1492538
3.0767183
3.1487007
3.1571739
3.1969721
2.9401171
3.0531776
3.033666
3.0325298
3.0348778
3.0919116
3.05253
2.9504974
2.9721785
3.126958
3.245261
3.1264882
3.039529
2.9087696
2.8475833
2.958391
2.871337
2.9754784
3.053958
2.9958494
2.8938084
3.1170857
2.967877
train_time
94.569362
57.80747000000002
71.97379690000002
73.52851270000002
78.97907500000002
60.302898500000026
142.7488601
96.77848310000002
103.45009400000004
84.59852719999992
72.19857290000004
109.3088736000002
72.280442
96.64174279999997
91.56345929999998
94.71875670000009
89.64454279999995
84.47008699999992
98.9922274999999
87.89243509999983
112.0033782999999
119.52627100000018
95.58885899999996
103.28463220000003
202.42481260000022
159.51278270000012
204.67555790000006
142.7761000999999
126.67645040000025
137.93670389999988
81.94953159999977
203.36619800000017


