================================================================================
=== deep network w. relu
train_risk
6.224517
6.2689524
6.21874
5.9454827
6.323712
6.357755
6.499222
6.414346
6.624798
6.247138
6.035958
6.4306536
6.385847
6.376045
6.474215
6.248779
6.0306005
6.297492
6.275445
6.6812816
6.6848226
6.315168
6.1246758
6.2190948
6.4796515
6.400045
6.2515283
6.478784
6.1864424
6.0977697
6.5579205
6.295741
test_risk
6.2346735
6.2570515
6.2157125
5.9609923
6.3344727
6.3583393
6.4799037
6.4117923
6.6211753
6.2642994
6.0285983
6.4253163
6.3744216
6.371186
6.4794264
6.2366066
6.0416446
6.290964
6.2826853
6.6600776
6.6972337
6.3001657
6.123686
6.2087526
6.4772377
6.408107
6.254047
6.4893217
6.179319
6.080961
6.5404177
6.281341
test_mean_value
-0.020211255
-0.03281887
-0.021016058
0.27081013
0.123197235
0.0024984563
-0.019181533
-0.015102781
0.14881866
-0.04530102
0.5478763
-0.0111592645
0.05845763
-0.027485263
0.06903069
0.11567295
0.06381774
-0.018273633
-0.031162193
-0.034988653
0.059021056
0.28894243
0.21220514
-0.05103881
-0.010832948
0.0604489
-0.020321015
0.052064877
0.21933956
-0.09514447
0.6270829
0.012891811
test_mean_abs_value
0.10511758
0.29879284
0.18828866
0.39429858
0.20034483
0.22776921
0.24456291
0.23465782
0.2310189
0.18964614
0.6132289
0.24898301
0.24040048
0.19886415
0.25281402
0.413415
0.18410702
0.1562543
0.17842159
0.15215194
0.38869277
0.43641266
0.32632405
0.32844153
0.10988211
0.1578364
0.23321931
0.1824899
0.27825382
0.16006371
0.6997141
0.072307095
test_variance_value
0.017595647
0.155684
0.056071535
0.19848415
0.049629
0.08875487
0.09434677
0.08857593
0.068227775
0.057579566
0.36938706
0.09907507
0.09408024
0.06422876
0.100416
0.26772174
0.05057846
0.03920713
0.050993215
0.03626337
0.23779301
0.23443249
0.14603125
0.17360483
0.019703925
0.039913677
0.086565755
0.055729654
0.10417165
0.054338615
0.41950032
0.008571939
test_mean_costs
0.0030447443
0.00053654704
0.014522342
0.00060961436
0.0014843987
0.00051309797
0.016968781
0.0023959142
0.0025004155
0.0011097249
0.0022486835
0.09886383
0.0020517027
0.0025681646
0.09887413
0.0027157457
0.013007954
0.11681011
0.002482285
0.00066501246
0.05673167
0.001161006
0.013440187
0.012452345
0.018116692
0.1021219
0.0021375467
0.0132530555
0.0034490053
0.0020595093
0.018133717
0.001472662
test_mean_abs_costs
0.0030447443
0.00053654704
0.014522342
0.00060961436
0.0014843987
0.00051309797
0.016968781
0.0023959142
0.0025004155
0.0011097249
0.0022486835
0.09886383
0.0020517027
0.0025681646
0.09887413
0.0027157457
0.013007954
0.11681011
0.002482285
0.00066501246
0.05673167
0.001161006
0.013440187
0.012452345
0.018116692
0.1021219
0.0021375467
0.0132530555
0.0034490053
0.0020595093
0.018133717
0.001472662
test_variance_costs
0.0004715367
0.0002036695
0.000263208
0.0002119834
0.00072446535
0.00016103948
0.00017193823
0.00034520563
0.0007717663
0.00052995177
0.001552545
0.00038579086
0.00010763896
0.00038027525
0.0007583788
0.00031039558
0.00037241794
0.001486146
0.000429344
0.0003117812
0.0013629769
0.00048996136
0.00024537335
0.00020381906
0.0017850003
0.0020925524
0.00027111027
0.00048270883
0.0014515135
8.54058e-05
0.0007103835
0.00054194505
test_mean_wealth
-3.1335652
-3.0412593
-3.0563326
-2.6303062
-3.071125
-3.0460594
-3.139528
-3.2129605
-3.0263622
-2.958441
-2.4432411
-3.0976887
-3.030178
-2.9905982
-3.0595298
-2.865777
-2.823469
-3.1306987
-3.1118138
-3.260512
-3.1232088
-2.7185555
-2.7283273
-2.8945255
-3.02802
-2.9476519
-2.967386
-3.0671847
-2.7331069
-3.027167
-2.5672042
-2.9646988
test_mean_abs_wealth
3.1343634
3.0476043
3.0630672
2.6712549
3.0773408
3.0509434
3.1457255
3.2183452
3.0398731
2.959783
2.5476685
3.1038322
3.0425599
2.9952939
3.0664818
2.886483
2.829595
3.1318128
3.1145325
3.2615666
3.1457124
2.7690642
2.7563245
2.9107547
3.0289423
2.9517117
2.977877
3.0766582
2.7636616
3.027282
2.7345984
2.9661484
test_variance_wealth
2.0138001
2.2233117
2.1885276
2.4460363
2.2924595
2.2139475
2.3991308
2.2125583
2.7199857
2.1195474
2.913325
2.367216
2.430096
2.4224222
2.4069645
2.3737853
2.0784445
2.0313706
2.1140556
2.383376
2.767106
2.7791681
2.476621
2.3186567
2.379664
2.408148
2.2971256
2.4767942
2.5423284
1.8777825
3.8127348
2.1758356
test_wealth_with_price_abs_mean
1.1454107
1.2011391
1.1934167
1.2812432
1.2302918
1.1934847
1.2497619
1.1948042
1.3477119
1.1669292
1.4421568
1.2428311
1.2618437
1.262648
1.248209
1.2394814
1.1615465
1.1447215
1.1718243
1.250694
1.3380321
1.366889
1.2856526
1.2190958
1.2476224
1.2506018
1.2217296
1.2715931
1.3033247
1.1022167
1.6458926
1.1897757
test_wealth_with_price_variance
2.0138001
2.2233117
2.1885276
2.4460363
2.2924595
2.2139475
2.3991308
2.2125583
2.7199857
2.1195474
2.913325
2.367216
2.430096
2.4224222
2.4069645
2.3737853
2.0784445
2.0313706
2.1140556
2.383376
2.767106
2.7791681
2.476621
2.3186567
2.379664
2.408148
2.2971256
2.4767942
2.5423284
1.8777825
3.8127348
2.1758356
price
3.118073
3.0165403
3.0274012
2.8989203
3.1952481
3.051016
3.1102421
3.203848
3.1816182
2.9116268
2.992635
2.9904444
3.090538
2.9643757
3.0340312
2.9881208
2.8797379
3.0033834
3.0811577
3.2316904
3.130318
3.0109198
2.929112
2.8344212
3.0035594
2.9099698
2.950952
3.1090238
2.9565082
2.9361196
3.1874106
2.9813278
train_time
85.2298108
96.519837
66.03778439999999
92.58985799999999
121.04937129999996
126.31198920000008
82.63743669999997
82.66963520000002
85.88582960000008
98.94533649999994
123.34822989999998
62.8483497000002
98.71272670000008
102.6470776000001
59.45978800000012
111.17523830000005
83.53505810000001
61.75096789999998
108.7079538999999
186.72591509999984
66.65562759999966
146.11540779999996
104.68163340000001
90.99120670000002
116.20189339999979
80.12502670000003
121.78900170000043
104.09421879999991
121.0823720999997
153.31443279999985
117.72416980000025
190.34281639999972


