================================================================================
=== twin network
train_time
41.9278914
39.79832970000001
42.3036285
40.84208550000005
40.91999529999998
40.35014209999997
41.08298209999998
40.25324649999993
41.85104510000019
40.85864409999999
43.00561440000001
41.16024359999983
42.448703900000055
41.83811549999973
41.57263499999999
40.71850549999999
41.350263899999845
47.48730239999986
41.24509960000023
42.0265002000001
43.575342699999965
41.52835600000026
41.40431979999994
41.542142799999965
42.89630159999979
41.69094889999997
42.59457310000016
44.07710709999992
42.78437380000014
41.85568020000028
44.04284819999975
41.563426300000174


================================================================================
=== continuous-time
train_risk
6.1138573
6.148059
6.465655
6.486598
6.288942
6.395154
5.7174797
6.0624094
6.2267456
5.9971423
6.173922
6.5531635
6.1791897
6.2582836
6.010703
5.78869
6.4009967
6.1389914
6.329916
6.6232123
6.079339
6.202685
6.2340145
5.8565555
6.5027847
6.0451307
6.2895594
5.826295
5.863289
5.818034
5.8502235
5.983212
test_risk
6.107957
6.1399527
6.461018
6.488992
6.2870026
6.381729
5.7117915
6.054054
6.228661
6.001823
6.1673617
6.5602736
6.1758614
6.252189
6.0098963
5.7841225
6.3933225
6.133817
6.3285394
6.6228666
6.0867343
6.1923532
6.2354345
5.858255
6.5031166
6.057954
6.2848973
5.832899
5.870034
5.808328
5.849617
5.979225
test_mean_value
-0.004260222
-0.010889909
-0.004436254
-0.0056876238
-0.011289729
-0.0048215194
0.0019409856
-0.004778545
-0.008404588
0.0007332228
-0.0063113174
-0.012115076
-0.0073296623
-0.0051192096
-0.0067506623
-0.0039268704
-0.009703776
-0.007269616
-0.0019281638
-0.014401377
-0.008560561
-0.009132763
-0.0032182897
-0.0007129081
-0.007986476
0.0047632884
-0.00883058
0.00025825415
-0.0028892225
-0.0075512165
-0.0061708256
-0.0077274065
test_mean_abs_value
1.3325528
1.2902514
1.6069778
1.4696507
1.4190426
1.6020793
1.3529156
1.2626755
1.4294604
1.3751055
1.3369027
1.7915288
1.442672
1.464594
1.298598
1.251258
1.4904683
1.4483106
1.4796491
1.5683652
1.3970568
1.3719779
1.4791065
1.3040346
1.5563437
1.4578462
1.4061556
1.4345087
1.3194412
1.3490218
1.395353
1.4175558
test_variance_value
2.7122312
2.5469499
3.8044684
3.2690744
3.0759127
3.88725
2.8150437
2.455041
3.1125448
2.8854032
2.7776997
4.6774597
3.1502569
3.2789564
2.5905
2.4965498
3.3527608
3.1720161
3.321093
3.6558225
2.9704392
2.9350517
3.2934895
2.6048636
3.6435928
3.2099462
3.0512216
3.1075656
2.6510208
2.771724
2.9791956
3.0279744
test_mean_costs
1.1677039
1.1847223
1.1806233
1.2663089
1.1933796
1.0739934
0.9238429
1.1609175
1.1888009
1.0666488
1.1500983
1.1540688
1.1048346
1.1089184
1.1326712
1.0331558
1.1658624
1.1074568
1.1723735
1.2870443
1.1310202
1.1715432
1.1624966
1.0376285
1.236662
1.0845814
1.1870856
0.9790459
1.0565243
1.0154808
1.0050951
1.0731795
test_mean_abs_costs
1.1677039
1.1847223
1.1806233
1.2663089
1.1933796
1.0739934
0.9238429
1.1609175
1.1888009
1.0666488
1.1500983
1.1540688
1.1048346
1.1089184
1.1326712
1.0331558
1.1658624
1.1074568
1.1723735
1.2870443
1.1310202
1.1715432
1.1624966
1.0376285
1.236662
1.0845814
1.1870856
0.9790459
1.0565243
1.0154808
1.0050951
1.0731795
test_variance_costs
0.05615685
0.052910525
0.07825633
0.07160849
0.065254495
0.07303213
0.04658547
0.05028837
0.066854075
0.056577682
0.057333823
0.09494079
0.063101605
0.062093228
0.051242936
0.04623971
0.066095516
0.06226901
0.0674285
0.08139118
0.060975477
0.05988887
0.068720095
0.04767691
0.079421565
0.06242455
0.06300266
0.05542647
0.05053733
0.05078534
0.05498402
0.058593825
test_mean_wealth
-4.345131
-4.4072485
-4.3922305
-4.6590595
-4.43316
-4.0539293
-3.6006043
-4.330387
-4.417903
-4.041379
-4.2929597
-4.3192053
-4.148706
-4.1709766
-4.238359
-3.933907
-4.3463116
-4.163245
-4.3618736
-4.7245364
-4.243373
-4.353507
-4.332566
-3.9479048
-4.566204
-4.086805
-4.4114766
-3.766614
-4.010285
-3.8809748
-3.8446245
-4.0542564
test_mean_abs_wealth
4.345306
4.4073133
4.393148
4.659198
4.4333806
4.055608
3.6026819
4.330432
4.418107
4.0417204
4.2930894
4.3209953
4.149073
4.1717534
4.2384715
3.934259
4.3468227
4.1640134
4.362372
4.7247124
4.243729
4.3537025
4.332915
3.9483964
4.5665083
4.087452
4.411705
3.768246
4.010718
3.8817387
3.8454633
4.054872
test_variance_wealth
0.6777372
0.65416294
0.9120422
0.701337
0.72127086
0.96784174
0.8844122
0.6507854
0.70919436
0.75466967
0.6931713
1.0201073
0.7712674
0.8782746
0.6798996
0.7231008
0.87885785
0.8037662
0.7847574
0.7385744
0.72679406
0.7189334
0.76374924
0.75554687
0.79024523
0.8033974
0.7370012
0.87083757
0.73554945
0.78137726
0.8111601
0.7840449
test_wealth_with_price_abs_mean
1.2208631
1.2333859
1.2682168
1.3122336
1.2483362
1.1721227
1.0604861
1.2133545
1.2418965
1.142779
1.2031184
1.2610837
1.1717463
1.2008395
1.1931933
1.1193371
1.2497877
1.1892917
1.2374951
1.3316804
1.1978065
1.2292871
1.2290192
1.1243712
1.2935326
1.1707544
1.2477548
1.0981464
1.1396728
1.1126215
1.1049169
1.158348
test_wealth_with_price_variance
0.6777372
0.65416294
0.9120422
0.701337
0.72127086
0.96784174
0.8844122
0.6507854
0.70919436
0.75466967
0.6931713
1.0201073
0.7712674
0.8782746
0.6798996
0.7231008
0.87885785
0.8037662
0.7847574
0.7385744
0.72679406
0.7189334
0.76374924
0.75554687
0.79024523
0.8033974
0.7370012
0.87083757
0.73554945
0.78137726
0.8111601
0.7840449
price
3.1791177
3.2236242
3.2105672
3.3902438
3.2408187
2.9829037
2.676095
3.1694248
3.2305126
2.9755692
3.1441057
3.1620538
3.0468218
3.0625882
3.1045194
2.8990474
3.1813443
3.0566278
3.1901317
3.436695
3.1109228
3.1855261
3.1704319
2.9111328
3.3336127
3.0019693
3.2236607
2.7897177
2.950953
2.865559
2.8425014
2.983169
train_time
3.3332936000000046
3.6812698999999895
2.7812344000000166
2.1567331999999624
2.1479590000000144
3.6477921000000606
4.7025432000000364
3.647585700000036
2.5204661999998734
4.663260399999899
3.6547937000000275
3.4398025000000416
2.8054167000000234
4.299054900000101
3.994824200000039
2.774368500000037
2.5063568999999006
3.7792414999998982
2.832159600000068
2.2999445999998898
3.8521504999998797
2.8457002000000102
6.996071399999892
3.5888934000004156
2.225347700000384
2.2377588999997897
2.2438508999994156
3.571518799999467
4.188267700000324
3.244180800000322
2.24475910000001
2.9064276999997674


================================================================================
=== continuous time feature map
train_risk
5.902834
5.9091806
6.1794124
6.235141
6.0344143
6.1275153
5.529663
5.8382673
6.065754
5.773722
5.6640315
5.2884374
5.9318824
6.011205
5.81131
5.70226
5.7717175
5.906911
6.0277243
6.3990097
5.8547106
5.480381
6.005367
5.6547117
6.295152
5.837993
5.936491
5.6378016
5.6604757
5.7274914
5.650174
5.7887864
test_risk
5.8997855
5.903469
6.172405
6.243773
6.0302243
6.116799
5.52841
5.837622
6.0688224
5.781688
5.668917
5.2901425
5.9274974
6.0123253
5.812677
5.7000303
5.7699156
5.908338
6.032134
6.4000783
5.8675246
5.4675307
6.010504
5.6591167
6.3014483
5.8494253
5.932589
5.645773
5.6659093
5.721327
5.6535687
5.794325
test_mean_value
0.00043802167
-0.0031655768
0.13679385
0.0064984662
0.007542746
0.15178117
0.007255237
0.0031050865
-0.017608136
0.016822081
0.9619914
2.842986
0.04473717
0.002829312
0.0013478727
0.023567062
1.161752
0.023424303
0.20769337
-0.0040012794
-0.00619422
1.5927069
0.00029562978
0.0073117386
0.013933504
0.023635982
0.33592087
0.026893875
0.0020671121
-0.0067112423
0.0070604444
0.005209298
test_mean_abs_value
1.3105081
1.2621483
1.7071372
1.5264595
1.450115
1.8226076
1.5239389
1.2355413
1.4231813
1.4867966
1.5618973
3.1652489
1.586375
1.5608882
1.2943997
1.2288737
1.8510519
1.5116811
1.5839677
1.6140246
1.4208134
1.9727165
1.5272537
1.3454242
1.5468382
1.5362033
1.47897
1.561268
1.3555034
1.4153467
1.5098112
1.465282
test_variance_value
2.6161625
2.433477
4.2329016
3.4963112
3.2037253
4.9481974
3.51562
2.3493738
3.1117513
3.3235357
3.1579797
6.4194217
3.7539465
3.678479
2.563663
2.3816283
4.21617
3.4328403
3.7280345
3.861216
3.0849872
3.708116
3.5173178
2.735713
3.6049018
3.5164218
3.2581768
3.6386902
2.7811265
3.018607
3.450056
3.2291315
test_mean_costs
0.8670929
0.84617394
0.9358053
0.9593638
0.8908413
1.0086282
0.81923306
0.83991885
0.9019093
0.8751508
1.032257
1.0836997
0.94873893
0.88046306
0.8585333
0.8357195
1.0126264
0.88172317
0.951488
0.9511167
0.8428854
1.0308063
0.8959943
0.81463224
0.91535574
0.88994277
0.9327305
0.8435759
0.81896764
0.85450286
0.8456394
0.8545732
test_mean_abs_costs
0.8670929
0.84617394
0.9358053
0.9593638
0.8908413
1.0086282
0.81923306
0.83991885
0.9019093
0.8751508
1.032257
1.0836997
0.94873893
0.88046306
0.8585333
0.8357195
1.0126264
0.88172317
0.951488
0.9511167
0.8428854
1.0308063
0.8959943
0.81463224
0.91535574
0.88994277
0.9327305
0.8435759
0.81896764
0.85450286
0.8456394
0.8545732
test_variance_costs
0.018985566
0.016388599
0.029978083
0.023265257
0.021052266
0.037051592
0.024461241
0.015493344
0.020991368
0.02326463
0.021824593
0.030820973
0.028455336
0.024909567
0.017955547
0.016942244
0.02598022
0.023678713
0.026070759
0.02364296
0.019856207
0.021176614
0.023193488
0.01918886
0.023960933
0.026151745
0.021018941
0.02554904
0.01886274
0.021277366
0.02439089
0.022467285
test_mean_wealth
-4.0398216
-4.060976
-4.0061827
-4.3399286
-4.1117887
-3.8319616
-3.4906802
-4.001505
-4.140215
-3.8337922
-3.2068155
-1.3937352
-3.9405434
-3.934573
-3.9561224
-3.7089767
-3.0216198
-3.9068177
-3.9313667
-4.3782086
-3.952872
-2.6109304
-4.0625496
-3.716884
-4.2229776
-3.8732939
-3.8123698
-3.6045084
-3.7677722
-3.719157
-3.6719377
-3.8227134
test_mean_abs_wealth
4.040081
4.0611234
4.0093737
4.3403707
4.112532
3.838503
3.49451
4.0016804
4.1407156
3.834597
3.2360947
2.1608148
3.9416056
3.93626
3.9563372
3.7096589
3.1366315
3.9084082
3.934195
4.3789387
3.953582
2.7849078
4.0635624
3.7178142
4.2240477
3.8745248
3.8146942
3.607883
3.7686367
3.7204638
3.673747
3.8239298
test_variance_wealth
0.80969
0.7984533
1.1797645
0.8758588
0.8881665
1.2647876
1.0098537
0.7952007
0.8861205
0.8803693
1.6986833
4.9787393
0.91524726
1.0408807
0.80708194
0.89404196
2.5042784
0.96139926
1.0909628
0.97745514
0.8834157
2.738705
0.9231503
0.8806541
1.0246775
0.92191225
1.1156853
1.0089393
0.85449237
0.9454378
0.93382484
0.91612285
test_wealth_with_price_abs_mean
1.0244713
1.0059925
1.0947342
1.1101782
1.0578594
1.1453593
1.0586431
1.0026647
1.0801164
1.0452266
1.0104957
2.1657758
1.0804077
1.1006789
1.0180666
1.0119201
1.1708628
1.0634161
1.0382586
1.1289172
1.0374713
1.2774149
1.0832343
1.0094473
1.1031758
1.065794
0.9692977
1.0558692
1.0104567
1.057994
1.043455
1.0421999
test_wealth_with_price_variance
0.80969
0.7984533
1.1797645
0.8758588
0.8881665
1.2647876
1.0098537
0.7952007
0.8861205
0.8803693
1.6986833
4.9787393
0.91524726
1.0408807
0.80708194
0.89404196
2.5042784
0.96139926
1.0909628
0.97745514
0.8834157
2.738705
0.9231503
0.8806541
1.0246775
0.92191225
1.1156853
1.0089393
0.85449237
0.9454378
0.93382484
0.91612285
price
3.1791177
3.2236242
3.2105672
3.3902438
3.2408187
2.9829037
2.676095
3.1694248
3.2305126
2.9755692
3.1441057
3.1620538
3.0468218
3.0625882
3.1045194
2.8990474
3.1813443
3.0566278
3.1901317
3.436695
3.1109228
3.1855261
3.1704319
2.9111328
3.3336127
3.0019693
3.2236607
2.7897177
2.950953
2.865559
2.8425014
2.983169
train_time
10.799570600000003
14.214271200000013
16.976167599999997
10.959526900000014
17.14509769999995
8.750721799999951
12.83299890000012
11.004651599999988
7.5813705999999
16.370512899999994
18.241215600000032
23.134798500000215
14.197086000000127
13.266164000000117
10.461400099999992
8.608451900000091
11.04373029999988
11.439655099999982
11.40985210000008
7.059504299999844
11.680679600000076
30.475530499999877
11.729923699999745
10.745489599999928
7.489351799999895
10.649314000000231
15.558086200000616
11.234679999999571
17.526599900000292
10.130577799999628
18.54282179999973
10.88752900000054


================================================================================
=== deep network
train_risk
6.7405605
6.34219
6.425628
6.7493296
6.2264104
5.9681764
5.726503
6.9753184
7.0171695
5.8832784
6.3670144
6.6021876
5.9709907
7.420887
6.7116895
5.7190647
5.5896482
6.6771145
7.193222
6.4868803
7.086767
6.467316
7.2439427
5.705539
7.7596526
5.9965873
6.196305
5.6550093
5.713086
6.819691
5.7308683
5.898237
test_risk
6.7359347
6.337749
6.415329
6.7629642
6.2384214
5.9660244
5.728262
6.9751444
7.025589
5.902992
6.378854
6.6100187
5.975559
7.415048
6.7132754
5.726282
5.587773
6.681095
7.200453
6.4939175
7.114059
6.4850464
7.2583337
5.7194004
7.7536097
6.0056643
6.1939197
5.671348
5.7221074
6.8090253
5.740714
5.906928
test_mean_value
-0.005023101
-0.00968072
0.26658478
0.018628748
0.015827699
0.5495051
0.0124412635
0.018245492
0.009197825
0.017471777
1.8010352
2.103805
0.100810766
0.03298208
0.013001486
0.023034263
2.3928092
0.03598501
0.39804614
0.002082259
-0.009508609
2.4389799
-0.008696768
0.0057670968
0.021115838
0.024589531
0.70820385
0.03503063
0.001950162
0.02433501
0.008708797
0.0077041094
test_mean_abs_value
1.1081269
0.9944856
1.6824135
1.4025944
1.322176
1.8402878
1.3685615
0.8845426
1.3091837
1.3544397
2.1206324
2.6949425
1.521569
1.2791528
0.9415954
1.1543429
2.6645193
1.3407407
1.5069939
1.5522047
1.291263
2.7173176
1.027096
1.3263152
0.95929843
1.4934
1.4985758
1.5373232
1.3123683
1.0611217
1.4407897
1.4216864
test_variance_value
1.9169104
1.5135692
4.0802164
3.0032883
2.7176545
5.144525
2.870995
1.2433426
2.6370826
2.7398224
3.8819222
6.5854654
3.4627354
2.5714386
1.3692522
2.1243198
5.485556
2.7048304
3.3695211
3.5364797
2.5573938
5.3788404
1.7656361
2.663177
1.4961557
3.284641
3.0305023
3.5460892
2.6109908
1.7096623
3.159968
3.0269165
test_mean_costs
0.9032152
0.63492787
0.7742408
1.0776385
0.7820593
1.0264779
0.69226724
1.0328003
0.98374724
0.68706423
1.7110598
1.8033994
0.8318844
1.1789917
0.8106714
0.7106681
1.1748493
0.99652773
1.3674879
0.81404036
1.2698152
2.078885
0.82446074
0.7144441
0.93452764
0.72032297
0.839809
0.73157936
0.7273615
0.9695573
0.7278113
0.73181415
test_mean_abs_costs
0.9032152
0.63492787
0.7742408
1.0776385
0.7820593
1.0264779
0.69226724
1.0328003
0.98374724
0.68706423
1.7110598
1.8033994
0.8318844
1.1789917
0.8106714
0.7106681
1.1748493
0.99652773
1.3674879
0.81404036
1.2698152
2.078885
0.82446074
0.7144441
0.93452764
0.72032297
0.839809
0.73157936
0.7273615
0.9695573
0.7278113
0.73181415
test_variance_costs
0.019550031
0.01279184
0.035664782
0.026748624
0.0198449
0.076746225
0.022226421
0.016310824
0.031801008
0.027058579
0.06365028
0.06969242
0.040036764
0.03252076
0.016826427
0.018431716
0.075932994
0.028062576
0.047168564
0.03186935
0.020542894
0.094899744
0.02575155
0.022665342
0.03876343
0.028376844
0.027910972
0.031745266
0.021284452
0.022758737
0.028740186
0.023208482
test_mean_wealth
-4.081405
-3.8562448
-3.714827
-4.446073
-3.994722
-3.4520874
-3.3585284
-4.179246
-4.195247
-3.645056
-3.0465744
-2.8526158
-3.7676153
-4.2029486
-3.896607
-3.584458
-1.9527855
-4.0090613
-4.157014
-4.235049
-4.3831162
-2.812736
-4.0000086
-3.6182404
-4.234967
-3.7027204
-3.3471653
-3.484375
-3.676283
-3.8031652
-3.5524611
-3.6974595
test_mean_abs_wealth
4.0820704
3.8564525
3.7230818
4.446641
3.9954267
3.4721582
3.363233
4.179815
4.197432
3.6460638
3.1176307
2.997528
3.769347
4.2062707
3.898727
3.5851014
2.3289165
4.0121384
4.1625466
4.2358904
4.383887
2.9942362
4.0021296
3.6197524
4.236555
3.7046747
3.3594744
3.4887757
3.6772099
3.805673
3.554533
3.6990676
test_variance_wealth
1.6703311
1.4072878
1.8024316
1.3072121
1.1749843
1.6117026
1.3178501
1.8358121
1.9329053
1.1823403
2.8750365
3.6703305
1.1330675
2.3871007
1.8149474
1.0396639
3.7589738
1.6889012
2.2388456
1.2274451
1.7610003
3.7461157
2.2777233
1.0519335
2.635224
1.2834961
1.9354959
1.1669592
0.9893483
1.9852064
1.1327024
1.1520144
test_wealth_with_price_abs_mean
1.2719218
1.0738192
1.143109
1.2792059
1.0627577
1.0608555
1.0701596
1.3650635
1.370126
1.0230783
1.3397586
1.5275049
1.0317941
1.5425142
1.2461286
0.98506474
1.7622098
1.2981037
1.4371216
1.1052057
1.5129744
1.5273726
1.3613297
1.0052766
1.4650072
1.071695
1.1073228
1.0337445
0.9939929
1.3441017
1.0292743
1.03613
test_wealth_with_price_variance
1.6703311
1.4072878
1.8024316
1.3072121
1.1749843
1.6117026
1.3178501
1.8358121
1.9329053
1.1823403
2.8750365
3.6703305
1.1330675
2.3871007
1.8149474
1.0396639
3.7589738
1.6889012
2.2388456
1.2274451
1.7610003
3.7461157
2.2777233
1.0519335
2.635224
1.2834961
1.9354959
1.1669592
0.9893483
1.9852064
1.1327024
1.1520144
price
3.1791177
3.2236242
3.2105672
3.3902438
3.2408187
2.9829037
2.676095
3.1694248
3.2305126
2.9755692
3.1441057
3.1620538
3.0468218
3.0625882
3.1045194
2.8990474
3.1813443
3.0566278
3.1901317
3.436695
3.1109228
3.1855261
3.1704319
2.9111328
3.3336127
3.0019693
3.2236607
2.7897177
2.950953
2.865559
2.8425014
2.983169
train_time
56.28583250000001
90.0108117
108.6357903
65.12284629999999
103.93310759999997
122.40037789999997
121.54875809999999
53.22668769999996
56.35007410000003
140.12147130000017
59.04134060000001
59.467651999999816
113.95160010000018
54.187033699999574
54.89512870000044
171.64792599999964
136.4563331999998
55.56915549999985
57.00462030000017
127.06729529999984
63.912257099999806
66.24414490000026
46.150431000000026
165.86221240000032
46.43578079999952
139.50306509999973
221.47144740000022
188.3367816
148.8011317999999
57.79188690000046
130.2301637999999
132.03294559999995


================================================================================
=== twin network feature map
train_risk
5.910766
5.9347653
6.2190886
6.2457485
6.0599785
6.096417
5.5568414
5.857432
6.071269
5.799983
5.746464
5.489884
5.9645686
6.029245
5.83657
5.699246
5.802929
5.9250226
6.0335836
6.428978
5.8814034
5.486214
6.0234423
5.6754375
6.3112593
5.8643155
5.958107
5.649558
5.687025
5.7770376
5.667417
5.797436
test_risk
5.9071274
5.930544
6.209526
6.2545776
6.055771
6.088869
5.55716
5.854421
6.077868
5.8073688
5.7531433
5.491238
5.962291
6.0294485
5.8381705
5.6949573
5.797357
5.925838
6.0386643
6.426795
5.8940744
5.4735737
6.0310574
5.6788096
6.3181505
5.8773556
5.9564466
5.658382
5.6936445
5.774268
5.6705756
5.8007345
test_mean_value
-0.0001691638
-0.0019123221
0.13761117
0.004217723
0.0043302197
0.18282628
0.008731594
0.0045174207
0.00274795
0.015695296
0.8070227
1.917092
0.042397097
0.004200185
0.0005440516
0.028429579
1.1313369
0.021615043
0.21699762
-0.002074936
-0.005771123
1.8292209
0.0022485908
0.007948042
0.017105095
0.024961459
0.33718917
0.029281667
0.0024344989
-0.003106274
0.007993881
0.0054366738
test_mean_abs_value
1.3079796
1.2497426
1.6861825
1.48963
1.4450674
1.8201011
1.498285
1.2245011
1.3908124
1.4600167
1.5051383
2.4866412
1.5683686
1.5396967
1.2816035
1.2234962
1.8241383
1.4912132
1.5802542
1.6171318
1.4028358
2.1308076
1.5088505
1.3191798
1.5490229
1.5103664
1.4493456
1.5367845
1.3308309
1.4174025
1.4871714
1.45167
test_variance_value
2.6028476
2.381994
4.126163
3.3349664
3.1828413
4.9227195
3.4107995
2.3021684
2.965538
3.211405
3.1164865
5.620775
3.6840146
3.5768092
2.512826
2.3553605
4.108925
3.3408377
3.7153597
3.8718503
3.0156775
3.8905346
3.4209733
2.6370735
3.6173658
3.4004009
3.1331959
3.5252721
2.6775155
3.031897
3.362249
3.1677136
test_mean_costs
0.847464
0.8308518
0.9287062
0.9334836
0.8750275
0.98104364
0.80380595
0.8231125
0.86916137
0.85173047
1.0189476
1.04002
0.9378204
0.86143833
0.8476644
0.8119648
1.0025377
0.8645703
0.9290722
0.96774507
0.82856166
1.0173445
0.8784253
0.7925101
0.91617566
0.8697348
0.90770906
0.8115589
0.798074
0.87113357
0.83624434
0.83607817
test_mean_abs_costs
0.847464
0.8308518
0.9287062
0.9334836
0.8750275
0.98104364
0.80380595
0.8231125
0.86916137
0.85173047
1.0189476
1.04002
0.9378204
0.86143833
0.8476644
0.8119648
1.0025377
0.8645703
0.9290722
0.96774507
0.82856166
1.0173445
0.8784253
0.7925101
0.91617566
0.8697348
0.90770906
0.8115589
0.798074
0.87113357
0.83624434
0.83607817
test_variance_costs
0.020743294
0.017208602
0.030620255
0.023834998
0.023977252
0.044386484
0.026298942
0.015753338
0.023517948
0.027068323
0.028135631
0.033206217
0.02927722
0.0271405
0.021358956
0.016869247
0.02780956
0.024429759
0.02804958
0.02852251
0.020532876
0.026752256
0.027009683
0.01925282
0.026165523
0.029441131
0.024265377
0.030189358
0.021397058
0.022738334
0.029549142
0.025541158
test_mean_wealth
-4.0208
-4.0444
-3.9982662
-4.316329
-4.0991874
-3.7733319
-3.4737768
-3.9832861
-4.087111
-3.8114986
-3.3484747
-2.2759495
-3.9319649
-3.9141772
-3.9460573
-3.6803596
-3.0419462
-3.8914742
-3.8996465
-4.3929105
-3.9381251
-2.3609545
-4.043028
-3.6941254
-4.220626
-3.8517604
-3.7860801
-3.5701034
-3.746511
-3.7321827
-3.6616092
-3.8039908
test_mean_abs_wealth
4.021187
4.044593
4.0011845
4.3167243
4.100057
3.7813797
3.4780023
3.9834855
4.087806
3.8123713
3.367892
2.5281057
3.933048
3.9159858
3.9463332
3.6810694
3.1518679
3.893159
3.9026513
4.3937
3.938907
2.6585069
4.0441017
3.6950033
4.2218
3.853057
3.788564
3.5740225
3.7474184
3.7337835
3.6635697
3.805378
test_variance_wealth
0.84844893
0.8497017
1.2118372
0.90363604
0.9328532
1.326924
1.0569392
0.83207154
0.9451349
0.91796774
1.6120988
3.1808538
0.94812846
1.0817431
0.8485309
0.9083191
2.507444
0.9923307
1.147164
0.9978241
0.92238986
3.4905536
0.95613563
0.9184943
1.0722245
0.9668258
1.1809903
1.0648749
0.8962602
0.9892205
0.9656383
0.95350605
test_wealth_with_price_abs_mean
1.0239723
1.0116483
1.097871
1.0999398
1.0624975
1.1292647
1.0591779
1.001884
1.059603
1.0382379
1.0093294
1.4970299
1.0809871
1.0968038
1.0233265
0.99757147
1.180035
1.0608038
1.0397242
1.14419
1.038069
1.4753983
1.0765367
1.005252
1.1164894
1.0610094
0.98007643
1.0497298
1.0065469
1.0776255
1.0445122
1.0411322
test_wealth_with_price_variance
0.84844893
0.8497017
1.2118372
0.90363604
0.9328532
1.326924
1.0569392
0.83207154
0.9451349
0.91796774
1.6120988
3.1808538
0.94812846
1.0817431
0.8485309
0.9083191
2.507444
0.9923307
1.147164
0.9978241
0.92238986
3.4905536
0.95613563
0.9184943
1.0722245
0.9668258
1.1809903
1.0648749
0.8962602
0.9892205
0.9656383
0.95350605
price
3.1791177
3.2236242
3.2105672
3.3902438
3.2408187
2.9829037
2.676095
3.1694248
3.2305126
2.9755692
3.1441057
3.1620538
3.0468218
3.0625882
3.1045194
2.8990474
3.1813443
3.0566278
3.1901317
3.436695
3.1109228
3.1855261
3.1704319
2.9111328
3.3336127
3.0019693
3.2236607
2.7897177
2.950953
2.865559
2.8425014
2.983169
train_time
22.241864099999987
14.703485699999987
11.456245599999988
11.878424799999948
14.412679799999978
12.924440600000025
14.528922200000125
11.16984239999988
6.715528199999881
16.72084270000005
12.645474299999933
14.000890899999831
14.496281000000181
13.160923800000091
10.839724399999795
10.96305700000039
11.999293200000011
11.411019500000293
16.94570509999994
7.025768100000278
11.827783400000044
30.940971999999874
17.955786599999556
11.257164200000261
7.136672100000396
9.922699799999464
16.300512900000285
23.213498699999946
16.648229000000356
10.053275500000382
14.003585700000258
19.463475800000197


