================================================================================
=== twin network
train_time
39.9149126
41.34191419999999
40.314505999999994
40.479909099999986
40.15214290000006
40.21088610000004
42.551802499999894
40.599700299999995
40.45283500000005
41.02894489999994
40.20864239999992
40.35711190000029
40.885362800000166
40.47447889999967
41.069969899999705
41.68063059999986
41.63336329999993
51.17742099999987
41.367727000000286
41.30524279999963
40.63526230000025
41.643289000000095
40.797685500000625
41.17151769999964
41.708799899999576
41.74580799999967
41.476208699999916
43.19589779999933
41.319308099999944
41.38520160000007
46.56737260000045
43.34640990000025


================================================================================
=== continuous-time
train_risk
6.7656345
6.4981065
6.583285
7.3088527
6.6467533
6.655204
5.969785
6.34823
6.682127
6.4844656
6.6160116
6.4376087
6.4495883
6.3396134
6.2250304
6.011723
6.5257926
6.6908197
6.5265536
6.8935103
6.4694705
6.539909
6.6634827
6.2098513
7.123301
6.3990335
6.586853
6.1107297
6.7145495
6.518565
6.3915777
6.3933234
test_risk
6.7672744
6.5014257
6.57683
7.3111773
6.640455
6.650315
5.9899583
6.35458
6.682488
6.495608
6.6175175
6.4335113
6.446069
6.349674
6.218816
6.0206757
6.5401206
6.7173214
6.5411806
6.892603
6.4580617
6.537638
6.6740603
6.2034006
7.122534
6.397545
6.5889854
6.1023474
6.7089915
6.5193925
6.3943386
6.3861465
test_mean_value
-0.008181406
-0.013377157
-0.009284002
-0.00070721743
-0.01107283
-0.0074290894
-0.003640149
-0.0063219187
0.00041484027
-0.00411068
0.0007780839
-0.010169642
0.007501507
-0.006304032
-0.0024457653
-0.004615171
-0.0076515526
-0.0055041276
-0.008036251
-0.0076384665
-0.0025816944
-0.01275922
-0.005821979
-0.0037162253
-0.006410711
-0.0052704997
-0.012283845
-0.0035472848
-0.0055467947
-0.005778426
-0.0051596006
-0.00571424
test_mean_abs_value
1.5914375
1.5178441
1.5172158
2.1795099
1.4838951
1.9014465
1.4862903
1.5129297
1.6793066
1.7045549
1.7595236
1.4196923
1.7360176
1.5809691
1.4406755
1.4805342
1.6297153
1.8283334
1.5325619
1.7246176
1.5240625
1.6762401
1.6427143
1.4688536
2.1613238
1.6465569
1.6496654
1.5992216
1.9970005
1.7405056
1.760774
1.5391178
test_variance_value
3.8009787
3.486375
3.5013902
6.6194415
3.3505943
5.2067633
3.4318433
3.4580312
4.284313
4.2693157
4.5678706
3.0846832
4.505501
3.7389388
3.1685112
3.3287125
4.0075283
4.864164
3.5464811
4.4300084
3.5188353
4.1862526
4.033133
3.2898357
6.4978013
4.0835147
4.0588517
3.821629
5.640332
4.478734
4.6087575
3.6602795
test_mean_costs
1.3110082
1.2126938
1.2564635
1.3232546
1.295965
1.1087453
0.92169493
1.1504093
1.1538697
1.107426
1.1315738
1.2074162
1.0704694
1.1098186
1.118114
1.0018543
1.1517137
1.1359466
1.2277287
1.306926
1.1982491
1.1613469
1.2450509
1.0873005
1.2038937
1.0703232
1.1911966
0.9894033
1.0954597
1.046139
1.0250922
1.1011266
test_mean_abs_costs
1.3110082
1.2126938
1.2564635
1.3232546
1.295965
1.1087453
0.92169493
1.1504093
1.1538697
1.107426
1.1315738
1.2074162
1.0704694
1.1098186
1.118114
1.0018543
1.1517137
1.1359466
1.2277287
1.306926
1.1982491
1.1613469
1.2450509
1.0873005
1.2038937
1.0703232
1.1911966
0.9894033
1.0954597
1.046139
1.0250922
1.1011266
test_variance_costs
0.08514196
0.07514497
0.07607079
0.1455177
0.07390134
0.10041917
0.057434555
0.07103198
0.08388315
0.08210112
0.08928076
0.065360375
0.085423924
0.07314035
0.061727334
0.06045281
0.08203924
0.09571659
0.07576097
0.09873427
0.074415684
0.08435777
0.08601595
0.06316304
0.1344715
0.07471837
0.083618015
0.06880894
0.10744724
0.07823607
0.08476114
0.072521076
test_mean_wealth
-4.7966647
-4.4993944
-4.6232123
-4.8309693
-4.748565
-4.1646857
-3.593735
-4.2990956
-4.309434
-4.170636
-4.2419662
-4.4817805
-4.0424604
-4.1789517
-4.1900024
-3.8390837
-4.3052382
-4.2562118
-4.5338016
-4.784643
-4.4480534
-4.3246655
-4.586459
-4.1031966
-4.468289
-4.0414944
-4.4300685
-3.7959597
-4.126808
-3.9762154
-3.9083407
-4.1403613
test_mean_abs_wealth
4.7968082
4.4996433
4.6234174
4.833364
4.748634
4.168721
3.5977664
4.2997093
4.3111916
4.172893
4.24428
4.48194
4.046207
4.1802726
4.190446
3.8409371
4.3061495
4.259152
4.5341005
4.785174
4.448356
4.325871
4.5870857
4.1041436
4.47323
4.044436
4.4309645
3.7994356
4.1331315
3.982361
3.9127464
4.141329
test_variance_wealth
0.8330811
0.85938585
0.8288827
1.3160655
0.7849145
1.2642614
1.0921376
0.9045519
1.0985568
1.1323884
1.1551961
0.82234764
1.1419873
0.99130726
0.8883194
0.9943796
0.99347305
1.2495502
0.8569131
0.93458474
0.8747111
1.0096005
0.9248639
0.9288315
1.4448949
1.1166946
0.97907674
1.0970018
1.3549112
1.3219306
1.1989309
0.9598005
test_wealth_with_price_abs_mean
1.3669413
1.2879171
1.3198085
1.4398226
1.3483294
1.2658296
1.0996355
1.2448345
1.2729694
1.2481674
1.2679543
1.2786787
1.2143675
1.2256147
1.21614
1.146039
1.2567917
1.2905922
1.2986097
1.3767035
1.2788173
1.2639624
1.3243382
1.1991925
1.3649853
1.2109835
1.2886608
1.1512877
1.2689366
1.2352629
1.1915289
1.2041746
test_wealth_with_price_variance
0.8330811
0.85938585
0.8288827
1.3160655
0.7849145
1.2642614
1.0921376
0.9045519
1.0985568
1.1323884
1.1551961
0.82234764
1.1419873
0.99130726
0.8883194
0.9943796
0.99347305
1.2495502
0.8569131
0.93458474
0.8747111
1.0096005
0.9248639
0.9288315
1.4448949
1.1166946
0.97907674
1.0970018
1.3549112
1.3219306
1.1989309
0.9598005
price
3.4862695
3.2868166
3.3684092
3.5103576
3.4541292
3.0557623
2.6728182
3.1486142
3.155311
3.0627065
3.1098769
3.2751923
2.9734662
3.0686054
3.0730424
2.8350174
3.1533027
3.116037
3.3070674
3.4778807
3.2507367
3.1660507
3.3407092
3.0137963
3.2662773
2.9741588
3.2367053
2.8089654
3.0324376
2.9275186
2.883274
3.0412886
train_time
2.189040399999996
4.211723699999993
2.674136799999985
2.154150100000038
2.404140600000005
1.912894900000083
2.173125300000038
2.691239099999848
2.981204299999945
2.7037273999999343
2.977595000000065
5.48275139999987
3.262289000000237
2.1587510999997903
1.9096544000003632
2.509473000000071
2.4498782999999094
2.4980977000000166
2.2211507000001802
3.5713434999997844
2.2551398999999037
2.5177763000001505
2.5360679999994318
4.936397399999805
4.407203300000219
2.7934066999996503
3.1379705999997896
4.7251627999994525
3.057721799999854
1.9831652000002578
8.163494099999298
2.852743200000077


================================================================================
=== continuous time feature map
train_risk
6.5254884
6.2652144
6.38346
7.0825953
6.442225
6.4113054
5.7532234
6.144496
6.2210283
6.2396135
6.359529
6.1966753
6.2036223
6.173135
6.0252523
5.869819
6.296446
5.790606
6.329732
6.6235127
6.2557
6.389969
6.426466
5.994387
6.837011
6.3247466
6.383693
5.9119816
6.4675703
6.2790813
6.196626
6.2476196
test_risk
6.5235124
6.267137
6.378829
7.08687
6.436473
6.4025974
5.773812
6.145752
6.230967
6.2500334
6.3602014
6.1946054
6.203786
6.186068
6.0178204
5.8772607
6.312741
5.8288274
6.346312
6.622792
6.2459207
6.382627
6.438567
5.9951177
6.836948
6.3285117
6.3821874
5.913494
6.4604707
6.2862787
6.204481
6.242502
test_mean_value
-0.0020705608
-0.0025031613
-0.007691763
0.008049967
-0.00957171
0.0006888319
0.0018763462
0.0026559087
0.2840613
0.030637518
0.009075816
-0.00251428
0.024177851
0.007937143
0.003875232
0.0052223317
0.044134997
2.4569833
0.007752541
0.027172286
0.009357633
0.013827341
0.006079379
-0.00057079777
0.012692429
0.0019659824
-0.00740962
0.000443718
0.013686409
0.033427157
-0.0007449436
0.040019378
test_mean_abs_value
1.6214697
1.5287411
1.5368866
2.2971182
1.4166838
2.0917428
1.6945022
1.5373373
1.7813336
1.8225149
1.9232599
1.3886641
1.9394588
1.6393055
1.458576
1.5784092
1.7545934
2.9155054
1.605842
1.7774266
1.5263975
1.7249289
1.6666381
1.5210268
2.3151436
1.7977146
1.7190138
1.7470112
2.196327
1.9188908
1.924786
1.7201248
test_variance_value
3.9264736
3.553406
3.59594
7.41859
3.0541484
6.256429
4.352317
3.588576
4.759914
4.83465
5.4027467
2.9586556
5.559733
3.9983356
3.2422671
3.7721827
4.6064734
7.832154
3.8696861
4.6547546
3.5445373
4.3961415
4.116244
3.4943912
7.5547137
4.8076487
4.3626595
4.5290217
6.789878
5.289473
5.469927
4.4867396
test_mean_costs
0.9837955
0.91784495
0.9641433
1.0928427
0.93592846
0.95990855
0.85073256
0.90165377
0.92126715
0.90636003
0.94617796
0.87613165
0.9511714
0.89588827
0.8750074
0.8762279
0.9885168
1.286298
0.9793423
1.0099946
0.9166867
0.9730208
0.95701015
0.8629433
1.0175742
0.9707914
0.94379735
0.8647565
0.9584844
0.89834213
0.94324344
1.016909
test_mean_abs_costs
0.9837955
0.91784495
0.9641433
1.0928427
0.93592846
0.95990855
0.85073256
0.90165377
0.92126715
0.90636003
0.94617796
0.87613165
0.9511714
0.89588827
0.8750074
0.8762279
0.9885168
1.286298
0.9793423
1.0099946
0.9166867
0.9730208
0.95701015
0.8629433
1.0175742
0.9707914
0.94379735
0.8647565
0.9584844
0.89834213
0.94324344
1.016909
test_variance_costs
0.0288393
0.02545982
0.026135426
0.063683555
0.02257132
0.048576415
0.03241983
0.02687776
0.033940475
0.034514707
0.0403555
0.020794282
0.042221993
0.028683592
0.023880813
0.028646521
0.034582343
0.051660605
0.02932879
0.03490953
0.02581555
0.035520107
0.031357534
0.025357215
0.058207612
0.038780086
0.032098528
0.03376856
0.052682724
0.038923364
0.043979827
0.036646686
test_mean_wealth
-4.463341
-4.193671
-4.3293
-4.5917997
-4.3870277
-4.007731
-3.517256
-4.0413623
-3.7931848
-3.9348218
-4.0482726
-4.142841
-3.906486
-3.9507802
-3.9405751
-3.7036197
-4.0902543
-1.9440755
-4.269626
-4.4529014
-4.154552
-4.109753
-4.286517
-3.8756938
-4.262866
-3.934726
-4.1777954
-3.667322
-3.9705997
-3.789213
-3.8220773
-4.01041
test_mean_abs_wealth
4.4637957
4.1943436
4.329897
4.598157
4.3872333
4.015887
3.5246732
4.042439
3.7992322
3.939891
4.0533886
4.143194
3.9135134
3.9532378
3.9414878
3.7069356
4.0929866
2.61982
4.2704315
4.4540377
4.155209
4.1119585
4.287686
3.8774643
4.273872
3.9405165
4.1798897
3.673448
3.9827034
3.8009415
3.83036
4.012632
test_variance_wealth
1.0258472
1.0242412
1.0238227
1.578422
0.9763538
1.4464747
1.218185
1.0552008
1.4552171
1.3327911
1.3611816
0.9884319
1.3105625
1.193835
1.0180578
1.1242831
1.2103714
5.7885895
1.0418638
1.1448596
1.0442346
1.2067018
1.0890346
1.0665612
1.7059323
1.3747343
1.1872659
1.2314845
1.5517749
1.546114
1.367801
1.1932117
test_wealth_with_price_abs_mean
1.1641247
1.1141181
1.15271
1.3630469
1.114198
1.2543433
1.1301321
1.1138021
1.0906626
1.1774427
1.2307574
1.0775517
1.2105995
1.1418157
1.0864896
1.1158427
1.1867684
1.8819963
1.1584358
1.194565
1.1176198
1.1812744
1.1544865
1.0967754
1.3394446
1.2340214
1.1807269
1.1419739
1.2675021
1.2190726
1.2241027
1.2009792
test_wealth_with_price_variance
1.0258472
1.0242412
1.0238227
1.578422
0.9763538
1.4464747
1.218185
1.0552008
1.4552171
1.3327911
1.3611816
0.9884319
1.3105625
1.193835
1.0180578
1.1242831
1.2103714
5.7885895
1.0418638
1.1448596
1.0442346
1.2067018
1.0890346
1.0665612
1.7059323
1.3747343
1.1872659
1.2314845
1.5517749
1.546114
1.367801
1.1932117
price
3.4862695
3.2868166
3.3684092
3.5103576
3.4541292
3.0557623
2.6728182
3.1486142
3.155311
3.0627065
3.1098769
3.2751923
2.9734662
3.0686054
3.0730424
2.8350174
3.1533027
3.116037
3.3070674
3.4778807
3.2507367
3.1660507
3.3407092
3.0137963
3.2662773
2.9741588
3.2367053
2.8089654
3.0324376
2.9275186
2.883274
3.0412886
train_time
13.703771499999995
9.459031799999991
8.521736999999973
7.824860999999942
8.966050399999972
13.516795799999954
13.750635099999954
9.43183759999988
14.237733800000115
13.543428400000039
9.553403400000207
16.529574700000012
13.754861899999923
7.396364400000039
11.286741099999745
8.0199290999999
7.898880900000222
15.394050300000345
7.116304499999842
11.349359499999991
13.07110270000021
19.237810999999965
10.526401399999486
11.58409440000014
16.06741510000029
9.245738399999937
8.113846399999602
14.736295200000313
10.045067500000187
11.754158599999755
11.187165199999981
9.099046899999848


================================================================================
=== deep network
train_risk
6.5346165
6.358047
6.983871
6.986554
7.014123
6.380551
5.836992
6.238141
6.8391128
6.204928
6.3017664
6.259679
6.1830215
6.180468
6.0176816
6.6366563
6.2795677
5.532714
6.284576
7.3105693
6.99455
6.3236637
6.473624
5.961992
6.7472677
6.2382197
7.2163544
5.99804
6.4647818
6.2386084
6.184001
6.121584
test_risk
6.5390863
6.3631625
6.9871573
6.9894266
7.018234
6.3781867
5.857842
6.2435374
6.835979
6.2209296
6.313477
6.2661014
6.1869555
6.1972747
6.0287895
6.6395855
6.299578
5.568173
6.312569
7.316429
6.9904733
6.3248143
6.492431
5.973117
6.7513433
6.2375526
7.226399
6.002854
6.461236
6.251065
6.1933646
6.125488
test_mean_value
-0.0039297137
-0.0030531136
0.009004785
0.009800732
-0.020461552
-1.3245231e-05
0.0025259834
-0.003265918
0.4814679
0.034701653
0.004484007
-0.003019989
0.020963823
0.0058412366
0.0017329601
0.013353396
0.04600162
4.025039
-0.0028735313
0.055176765
0.030179868
0.012780594
0.006543478
-0.0018030425
0.014065305
0.028078195
0.014451888
0.00087650085
0.015893994
0.04563561
-0.0043609333
0.029722162
test_mean_abs_value
1.5844054
1.4674431
1.340955
2.374441
1.5073003
2.1312447
1.5912449
1.4850485
1.6199338
1.8643154
1.926508
1.3343412
1.9102254
1.6597283
1.4907142
1.4154847
1.6884912
4.2179728
1.5408703
1.6349293
1.4606129
1.7968073
1.6885501
1.5396085
2.365997
1.8094685
1.4155381
1.7121361
2.2469673
1.9508392
1.9512098
1.6948131
test_variance_value
3.7333772
3.2818375
2.7997484
7.838939
3.5270004
6.531171
3.8570821
3.374682
4.1278725
5.0687647
5.4602513
2.7643018
5.449037
4.072801
3.4065974
3.146306
4.2954607
10.515238
3.5613022
4.01806
3.3194106
4.7622633
4.19209
3.6018896
7.8993254
4.832529
3.0009482
4.357528
7.088348
5.526834
5.6512294
4.3815475
test_mean_costs
0.9005807
0.86895454
1.0862153
0.9924397
1.1909999
0.8864421
0.7407326
0.8306075
1.2501775
0.85477525
0.8753426
0.827574
0.866031
0.8195108
0.86537296
1.0634729
0.8429279
1.8069366
0.8661858
1.2041916
1.1383535
0.8737611
0.8751822
0.82294756
0.9725915
0.8805269
1.0878272
0.7558071
0.8760186
0.86210835
0.83260304
0.88867414
test_mean_abs_costs
0.9005807
0.86895454
1.0862153
0.9924397
1.1909999
0.8864421
0.7407326
0.8306075
1.2501775
0.85477525
0.8753426
0.827574
0.866031
0.8195108
0.86537296
1.0634729
0.8429279
1.8069366
0.8661858
1.2041916
1.1383535
0.8737611
0.8751822
0.82294756
0.9725915
0.8805269
1.0878272
0.7558071
0.8760186
0.86210835
0.83260304
0.88867414
test_variance_costs
0.03204765
0.026882483
0.028870583
0.076101825
0.03640131
0.061879005
0.03455311
0.026194237
0.053354148
0.04565035
0.051605124
0.01974497
0.05201035
0.03229417
0.026923282
0.03357556
0.036975365
0.1809793
0.030401899
0.054764565
0.036975753
0.042814504
0.034383148
0.030931469
0.072549425
0.038521416
0.04159047
0.034734532
0.058516063
0.046989754
0.048128035
0.047395535
test_mean_wealth
-4.3819857
-4.145331
-4.4346757
-4.4896464
-4.652989
-3.9349666
-3.4066064
-3.9762378
-3.9246886
-3.879173
-3.982029
-4.094789
-3.8245597
-3.8764987
-3.933083
-3.8827336
-3.9427989
-0.8966585
-4.1670957
-4.6190934
-4.3553963
-4.0115404
-4.204225
-3.8369303
-4.2165103
-3.8183491
-4.2999635
-3.5579395
-3.8859262
-3.7407706
-3.7150528
-3.8924723
test_mean_abs_wealth
4.3825893
4.1460247
4.435306
4.5002213
4.6539845
3.9479163
3.414951
3.9776344
3.9367836
3.8865416
3.9894485
4.0952926
3.8346255
3.8796966
3.9346356
3.887131
3.9467719
2.146331
4.16796
4.62313
4.3569636
4.0157356
4.206145
3.8396027
4.234785
3.827669
4.301783
3.5663116
3.905178
3.7594693
3.7284548
3.8962371
test_variance_wealth
1.1383634
1.1785685
1.5671293
1.7585105
1.4136308
1.5986931
1.4357115
1.2287515
2.0733392
1.4416478
1.4508716
1.1355603
1.4493943
1.3188741
1.1056719
1.8178903
1.3614086
6.4862027
1.1121793
1.8291652
1.747721
1.3557123
1.2966243
1.1400342
1.8521653
1.5107617
1.9863648
1.4554467
1.7862011
1.7017316
1.5706316
1.2435148
test_wealth_with_price_abs_mean
1.1395823
1.1236575
1.3416073
1.3562521
1.4061663
1.2549305
1.1242914
1.1212039
1.3044434
1.1815478
1.2152791
1.0920926
1.1978158
1.1369848
1.114335
1.385041
1.137022
2.6326394
1.1097311
1.4464405
1.4133768
1.1709555
1.16346
1.0998832
1.358069
1.2085867
1.4209384
1.1403036
1.2842422
1.2407062
1.2163033
1.1414584
test_wealth_with_price_variance
1.1383634
1.1785685
1.5671293
1.7585105
1.4136308
1.5986931
1.4357115
1.2287515
2.0733392
1.4416478
1.4508716
1.1355603
1.4493943
1.3188741
1.1056719
1.8178903
1.3614086
6.4862027
1.1121793
1.8291652
1.747721
1.3557123
1.2966243
1.1400342
1.8521653
1.5107617
1.9863648
1.4554467
1.7862011
1.7017316
1.5706316
1.2435148
price
3.4862695
3.2868166
3.3684092
3.5103576
3.4541292
3.0557623
2.6728182
3.1486142
3.155311
3.0627065
3.1098769
3.2751923
2.9734662
3.0686054
3.0730424
2.8350174
3.1533027
3.116037
3.3070674
3.4778807
3.2507367
3.1660507
3.3407092
3.0137963
3.2662773
2.9741588
3.2367053
2.8089654
3.0324376
2.9275186
2.883274
3.0412886
train_time
92.03640650000001
91.2805079
59.045492800000034
85.81369640000003
101.72180639999999
111.80695099999991
129.24277559999996
108.59389889999989
56.60773829999994
148.4245844999998
117.69957
153.85671839999986
105.95223459999988
105.64163300000018
162.5947186000003
56.8771198999998
146.39542630000005
115.79284039999993
139.79787399999987
60.04739190000009
70.86959840000009
143.43035950000012
100.71624149999934
187.9918101000003
118.26724379999996
113.75074829999994
90.92094929999985
114.63663149999957
102.98031540000011
122.21734859999924
101.03865350000069
125.83203870000034


================================================================================
=== twin network feature map
train_risk
6.5503955
6.278031
6.39531
7.109411
6.4114814
6.42475
5.7785897
6.2244763
6.24445
6.256032
6.3800097
6.2155604
6.2135334
6.193912
6.041815
5.9255867
6.321617
5.8525295
6.340231
6.6523504
6.2588577
6.3866034
6.434214
6.015974
6.856088
6.30828
6.3885713
5.9304547
6.4833856
6.2922597
6.22064
6.1594663
test_risk
6.5471835
6.280293
6.3921223
7.1148076
6.4039016
6.417847
5.796133
6.22359
6.253464
6.266828
6.381325
6.215441
6.2141533
6.205781
6.0368433
5.9334207
6.3373003
5.8882213
6.355819
6.6498656
6.254376
6.3785057
6.4473114
6.019766
6.857096
6.3146133
6.3893833
5.932475
6.4769964
6.2983665
6.229743
6.1523466
test_mean_value
-0.005737515
-0.002440134
-0.0012702862
0.014854806
-0.007639078
-0.0018653118
0.0032241473
-0.007024029
0.26927912
0.03268596
0.008876762
-0.0039077257
0.024143388
0.004648233
0.005789725
-0.0036910565
0.038255427
1.9701678
0.009057325
0.026156005
0.0021607606
0.013768724
0.007686825
0.0005245984
0.017613877
0.001803146
0.001015094
0.00085661304
0.01625086
0.03610556
-0.009053803
0.030549591
test_mean_abs_value
1.5754946
1.515449
1.5269341
2.2024941
1.4360914
2.0878072
1.666009
1.468271
1.7731426
1.7982479
1.9083887
1.3850486
1.9246824
1.6120988
1.4399052
1.5638998
1.7407062
2.5898523
1.5959173
1.7644274
1.5201064
1.7352102
1.6689724
1.5050331
2.3023965
1.8036017
1.7018032
1.7238227
2.1855469
1.9011513
1.8849096
1.6768432
test_variance_value
3.7131877
3.48189
3.552707
6.8265185
3.1411495
6.23171
4.211973
3.2662916
4.728519
4.698177
5.3360453
2.9498277
5.471203
3.87454
3.1547453
3.7076075
4.5336156
7.058919
3.820967
4.5859246
3.508425
4.4096785
4.1262827
3.4266078
7.4516454
4.8331957
4.2899737
4.4104257
6.729279
5.1999454
5.254702
4.252275
test_mean_costs
0.96845955
0.90258324
0.956467
1.0667106
0.9299859
0.9507315
0.8310153
0.8995823
0.9163766
0.8916312
0.9433139
0.87062234
0.9364986
0.8895966
0.85574585
0.88098496
0.97493577
1.2212597
0.962444
0.9997833
0.90308
0.95408547
0.94751674
0.8556509
1.0077684
0.9512826
0.94126964
0.84996676
0.95225096
0.88605577
0.9178956
0.9365054
test_mean_abs_costs
0.96845955
0.90258324
0.956467
1.0667106
0.9299859
0.9507315
0.8310153
0.8995823
0.9163766
0.8916312
0.9433139
0.87062234
0.9364986
0.8895966
0.85574585
0.88098496
0.97493577
1.2212597
0.962444
0.9997833
0.90308
0.95408547
0.94751674
0.8556509
1.0077684
0.9512826
0.94126964
0.84996676
0.95225096
0.88605577
0.9178956
0.9365054
test_variance_costs
0.02608068
0.025576945
0.025549987
0.059374955
0.023365721
0.052730814
0.03358944
0.0253749
0.033830363
0.036489796
0.04165558
0.020947073
0.046540786
0.03257105
0.02519165
0.03294106
0.03497277
0.05244781
0.029997276
0.034863207
0.027043244
0.038751144
0.03302595
0.026862662
0.054688327
0.03351473
0.031726193
0.037862107
0.057370845
0.039627645
0.043821905
0.037232086
test_mean_wealth
-4.451672
-4.1783466
-4.315202
-4.558863
-4.3791523
-4.001108
-3.496191
-4.0489707
-3.8030765
-3.9180446
-4.0456076
-4.138725
-3.8918476
-3.9477775
-3.919399
-3.7172902
-4.082553
-2.3658528
-4.2514234
-4.443706
-4.148142
-4.0908766
-4.2754164
-3.867306
-4.248139
-3.91538
-4.166843
-3.6521192
-3.9618018
-3.7742481
-3.8050382
-3.9394763
test_mean_abs_wealth
4.451993
4.179028
4.3157997
4.564164
4.379391
4.0101533
3.503846
4.049716
3.8092704
3.9232588
4.051331
4.13917
3.8994548
3.950302
3.9203637
3.7205994
4.0854983
2.7859828
4.2523346
4.4449368
4.1488533
4.0933867
4.2768164
3.8691404
4.2594466
3.9209645
4.1690516
3.658797
3.9740903
3.7871735
3.8124304
3.941863
test_variance_wealth
1.0328417
1.0469866
1.0340072
1.630019
0.968342
1.4717078
1.2475083
1.0897602
1.4689097
1.3691335
1.3866493
1.0050628
1.3499229
1.2127521
1.0541978
1.15425
1.2322066
4.515556
1.0797572
1.180224
1.059091
1.2609441
1.1205289
1.1008348
1.7422887
1.3851616
1.1906899
1.2677878
1.5940409
1.5788729
1.3785862
1.1427948
test_wealth_with_price_abs_mean
1.1541041
1.1091306
1.1435773
1.3493369
1.1097397
1.2545193
1.1210742
1.1204714
1.0984932
1.175171
1.2326542
1.078157
1.2104865
1.1422695
1.0811173
1.1277492
1.1851372
1.6105798
1.1559385
1.1963954
1.1169443
1.1857126
1.156331
1.1004524
1.3379953
1.2256315
1.1726857
1.139429
1.2724317
1.2168323
1.2104716
1.139328
test_wealth_with_price_variance
1.0328417
1.0469866
1.0340072
1.630019
0.968342
1.4717078
1.2475083
1.0897602
1.4689097
1.3691335
1.3866494
1.0050628
1.3499229
1.2127521
1.0541978
1.15425
1.2322066
4.515556
1.0797572
1.180224
1.059091
1.2609441
1.1205289
1.1008348
1.7422887
1.3851616
1.1906899
1.2677878
1.5940409
1.5788729
1.3785862
1.1427948
price
3.4862695
3.2868166
3.3684092
3.5103576
3.4541292
3.0557623
2.6728182
3.1486142
3.155311
3.0627065
3.1098769
3.2751923
2.9734662
3.0686054
3.0730424
2.8350174
3.1533027
3.116037
3.3070674
3.4778807
3.2507367
3.1660507
3.3407092
3.0137963
3.2662773
2.9741588
3.2367053
2.8089654
3.0324376
2.9275186
2.883274
3.0412886
train_time
7.038470499999988
13.935024699999985
8.590549500000009
6.932233999999994
17.671364700000026
11.056867799999964
15.336092700000108
8.699334099999987
14.372952299999952
14.354233900000054
12.496728399999938
16.392163900000014
13.620672900000045
7.083838300000025
11.255990600000132
8.00469989999965
8.345650000000205
15.470805000000382
7.302085100000113
11.370983499999966
11.943045900000016
8.138767700000244
10.625696599999173
8.986768599999778
16.077274899999793
9.53595310000037
8.190182899999854
16.05532299999959
10.015364300000329
11.627510100000109
7.350706000000173
15.914903400000185


