================================================================================
=== twin network
train_time
40.4636581
41.92912560000002
42.210819699999945
42.72625750000009
42.395788100000004
50.41266559999997
41.90346260000001
42.09770060000005
41.55549709999991
41.35336150000012
42.618546700000024
49.148309600000175
41.46896310000011
42.098881399999755
41.949848400000064
41.38149019999992
45.59918459999972
64.78880199999958
42.047917999999754
42.43013150000024
42.130923200000325
42.000934299999244
43.59673879999991
43.47353900000053
43.821097299999565
45.206030700000156
43.17262320000009
44.58769510000002
45.88815309999973
42.82968810000057
42.98117110000021
44.12154240000018


================================================================================
=== continuous-time
train_risk
5.4084783
5.541804
5.663202
5.883402
5.675361
5.472338
5.347032
5.3584156
5.6280723
5.4206257
5.3974047
5.2881184
5.647979
5.594868
5.4921703
5.5884137
5.648535
5.430077
5.5552154
5.8835073
5.6240373
5.7444134
5.497102
5.318091
5.61302
5.5064993
5.628176
5.397644
5.350338
5.3572755
5.3086705
5.4326167
test_risk
5.401399
5.5530763
5.6548324
5.893919
5.6704636
5.4781656
5.3371606
5.3585186
5.6303277
5.417888
5.395791
5.2885776
5.6517158
5.5956597
5.4935737
5.58492
5.652084
5.4357533
5.555991
5.882433
5.615764
5.7439632
5.5007424
5.3191113
5.6148
5.508579
5.622276
5.3985815
5.3509045
5.3592315
5.3095894
5.428299
test_mean_value
-0.0015888275
0.00087258266
-0.004914606
-0.00908417
-0.0010441641
-0.007274021
-0.0045158113
-0.006608984
-0.009402903
-0.0074289977
-0.003917465
-0.0035949412
-0.0036956917
-0.007275478
-0.0028204636
-0.0043279114
-0.011588137
-0.0015003333
-0.005658953
-0.004698287
-0.0014949018
-0.0105863465
-0.005845499
-0.0068327626
-0.008530761
-0.0043600188
-0.006196842
-0.0006396088
-0.005576046
-0.001368294
-0.0023583998
-0.0030259225
test_mean_abs_value
0.96253705
1.060639
1.0149142
1.1407083
1.0600362
0.9821533
0.97739244
0.939372
1.0612198
0.99212974
0.92641586
0.9273099
1.0024178
0.95631766
0.97886103
0.99024093
0.96713823
0.9786886
0.986354
1.0834349
1.0935749
0.98625714
0.9662453
0.9966314
1.015027
0.945484
1.0363427
0.987124
1.0021542
1.0433538
0.94363326
0.9303827
test_variance_value
1.442779
1.7374358
1.5993642
2.005123
1.7511609
1.5048394
1.4857363
1.376685
1.7340955
1.5277904
1.3442632
1.3426365
1.5617127
1.421711
1.4931741
1.5240798
1.4588122
1.4996558
1.5136534
1.8169811
1.8478401
1.5142181
1.4522791
1.5300268
1.5937719
1.3917339
1.6708164
1.5094694
1.5566933
1.6793016
1.3862773
1.3501984
test_mean_costs
1.0867904
1.1127899
1.1628993
1.2097994
1.1504165
1.1055937
1.04293
1.067032
1.1404648
1.078795
1.0919214
1.0474824
1.1748283
1.1616443
1.1133597
1.1395378
1.1797425
1.0851057
1.1424934
1.233848
1.127049
1.2139195
1.12086
1.0417129
1.1458883
1.1377165
1.1504133
1.0763565
1.0493984
1.0354537
1.0548996
1.1069436
test_mean_abs_costs
1.0867904
1.1127899
1.1628993
1.2097994
1.1504165
1.1055937
1.04293
1.067032
1.1404648
1.078795
1.0919214
1.0474824
1.1748283
1.1616443
1.1133597
1.1395378
1.1797425
1.0851057
1.1424934
1.233848
1.127049
1.2139195
1.12086
1.0417129
1.1458883
1.1377165
1.1504133
1.0763565
1.0493984
1.0354537
1.0548996
1.1069436
test_variance_costs
0.028867288
0.036015917
0.03305009
0.0439939
0.036603846
0.030840233
0.028358134
0.026522294
0.03629222
0.03057355
0.026823055
0.02593599
0.03308494
0.029944679
0.03034393
0.031126177
0.030777968
0.029794298
0.031556547
0.04016193
0.038407113
0.033039328
0.029613143
0.029836344
0.033378474
0.028544545
0.035473846
0.03011764
0.0305912
0.032169204
0.027003838
0.027235482
test_mean_wealth
-4.101579
-4.1829762
-4.3379073
-4.48348
-4.2969685
-4.157172
-3.9693582
-4.042064
-4.2646255
-4.077903
-4.1140585
-3.983696
-4.3681736
-4.331268
-4.181565
-4.263051
-4.38886
-4.0918536
-4.2669654
-4.5540943
-4.2212195
-4.492138
-4.2062387
-3.961892
-4.2852025
-4.2550693
-4.2967267
-4.0695996
-3.9843576
-3.9395728
-3.9996076
-4.158932
test_mean_abs_wealth
4.101582
4.182981
4.3379154
4.48348
4.2969685
4.157172
3.969366
4.042064
4.2646365
4.077903
4.1140585
3.983696
4.3681736
4.331268
4.1815677
4.263051
4.38886
4.0918584
4.266966
4.554096
4.2212257
4.492138
4.2062454
3.9618924
4.2852025
4.2550697
4.2967286
4.069604
3.9843714
3.9395962
3.999616
4.158935
test_variance_wealth
0.368487
0.4057494
0.3785608
0.40516925
0.3977459
0.37234598
0.40124103
0.3705162
0.3961313
0.38024348
0.35676396
0.37048677
0.35813883
0.34690294
0.36988595
0.37255904
0.34670517
0.37927106
0.36064273
0.3827394
0.41489425
0.34081352
0.36251128
0.39374262
0.3746953
0.34961206
0.3782704
0.3801032
0.3948132
0.42533922
0.37060577
0.352834
test_wealth_with_price_abs_mean
1.1063606
1.134158
1.1774589
1.2239984
1.1672173
1.121635
1.0701298
1.0874863
1.1563815
1.0995717
1.1073389
1.0688014
1.1865764
1.1725515
1.1322275
1.154135
1.190085
1.104192
1.1540374
1.2446829
1.1446562
1.2207807
1.1356081
1.0658141
1.158921
1.150126
1.1653264
1.0968345
1.0720193
1.0645994
1.0751668
1.1198113
test_wealth_with_price_variance
0.368487
0.4057494
0.3785608
0.40516925
0.3977459
0.37234598
0.40124103
0.3705162
0.3961313
0.38024348
0.35676396
0.37048677
0.35813883
0.34690294
0.36988595
0.37255904
0.34670517
0.37927106
0.36064273
0.3827394
0.41489425
0.34081352
0.36251128
0.39374262
0.3746953
0.34961206
0.3782704
0.3801032
0.3948132
0.42533922
0.37060577
0.352834
price
3.0137188
3.069662
3.1758301
3.2734563
3.147149
3.052621
2.9253938
2.9739635
3.125893
2.997695
3.0231988
2.9365847
3.1941204
3.1702962
3.0656793
3.1243558
3.2100503
3.0071692
3.1268344
3.3213508
3.0977242
3.280537
3.086022
2.9205425
3.1415668
3.1185122
3.146519
2.9928842
2.936601
2.9044845
2.945061
3.0546303
train_time
3.1696849
9.279279599999995
6.078263399999969
5.65465759999995
2.9813729999999623
4.623600900000042
3.429013599999962
3.8997291000000587
3.1916106999999556
6.272983900000099
4.433943199999931
4.8897133000000395
4.422810099999879
4.176807300000291
3.529917800000021
4.036072500000046
5.988399399999707
3.1831905999997616
3.3192189999999755
7.387150200000178
3.8743107000000236
3.767114700000093
5.773872599999777
5.294823799999904
4.802173299999595
5.378214800000023
4.917411899999934
5.894703400000253
8.532452999999805
5.563796700000239
3.9082711000000927
7.89019289999942


================================================================================
=== continuous time feature map
train_risk
5.099125
5.3074684
5.3914747
5.617262
5.352377
5.2467585
5.1071157
5.1159873
5.319421
5.159244
5.123645
5.0595403
5.380138
5.3258934
5.1356134
5.2586265
5.2599273
5.139061
4.934164
5.4066796
5.3565526
5.454992
5.26226
5.095454
5.3066754
5.2711535
5.3758984
5.1585217
5.09934
5.115017
5.084995
5.095027
test_risk
5.1044827
5.3177457
5.3864064
5.624303
5.353106
5.2503433
5.1043797
5.1195254
5.314445
5.160818
5.12575
5.063659
5.386292
5.3289886
5.142661
5.254054
5.264303
5.148487
4.9355392
5.413284
5.349027
5.4632316
5.2674437
5.1016264
5.307124
5.2788205
5.3775287
5.162405
5.1015906
5.1261635
5.086744
5.088963
test_mean_value
0.2290726
0.068352245
0.0016224696
0.06286689
0.18705519
0.08355162
0.033508804
0.03115821
0.21268655
0.082305215
0.20090751
0.005980297
0.018736197
0.0074148946
0.35189015
0.268534
0.34585112
0.22707652
1.3774017
0.6227489
0.058411982
0.0030665577
0.014522572
0.02831893
0.13756277
0.020167718
0.057501134
0.009744064
0.11176765
0.09272947
0.016535778
0.24231514
test_mean_abs_value
0.9211365
1.0227795
0.95368934
1.1399344
1.04851
0.951975
0.9465122
0.88763845
1.0440576
0.9661178
0.87314725
0.86432755
0.9345325
0.88231725
0.9691367
0.95442426
0.921323
0.9541537
1.5382562
1.140329
1.0831442
0.9072081
0.89668965
0.96466345
0.9699557
0.8570614
0.9993588
0.94600976
0.98306113
1.0480282
0.8862512
0.8571996
test_variance_value
1.2787958
1.611734
1.4055762
1.9901117
1.6759733
1.3991824
1.3806411
1.2177418
1.651841
1.431988
1.1654084
1.1605283
1.3530293
1.2015545
1.3594805
1.3718009
1.2355907
1.3875945
1.6288038
1.6684996
1.8058826
1.2744801
1.2438427
1.4284832
1.4408721
1.1439943
1.5527179
1.3791319
1.4739143
1.6693383
1.2143757
1.1070007
test_mean_costs
0.7289623
0.76019895
0.7207487
0.83862215
0.8013923
0.7533955
0.71140075
0.7023035
0.798725
0.74072874
0.75651616
0.67797315
0.7428189
0.7227381
0.74900526
0.7826735
0.7399286
0.7856304
0.8613464
0.825408
0.7699623
0.73811406
0.7305796
0.71748126
0.7592807
0.73513836
0.76648194
0.7095614
0.72899693
0.7449135
0.70397115
0.7122664
test_mean_abs_costs
0.7289623
0.76019895
0.7207487
0.83862215
0.8013923
0.7533955
0.71140075
0.7023035
0.798725
0.74072874
0.75651616
0.67797315
0.7428189
0.7227381
0.74900526
0.7826735
0.7399286
0.7856304
0.8613464
0.825408
0.7699623
0.73811406
0.7305796
0.71748126
0.7592807
0.73513836
0.76648194
0.7095614
0.72899693
0.7449135
0.70397115
0.7122664
test_variance_costs
0.006554738
0.008685994
0.0074443007
0.010962643
0.0092608305
0.007468988
0.007883946
0.0066292114
0.009067241
0.008213566
0.0069563324
0.006144742
0.0068788994
0.006253276
0.006638492
0.00765921
0.00629159
0.008595153
0.0072247237
0.008558455
0.009520784
0.0062226914
0.0069061527
0.0077955606
0.0075311875
0.0064722984
0.008243466
0.0076138056
0.008329434
0.009462687
0.006878898
0.0060607768
test_mean_wealth
-3.5130897
-3.7629056
-3.88922
-4.040352
-3.759845
-3.7141483
-3.5998042
-3.6395683
-3.7007964
-3.6501024
-3.5738285
-3.6046114
-3.913732
-3.877671
-3.4624999
-3.6333249
-3.5916073
-3.5638015
-2.6027577
-3.518207
-3.804226
-4.0026793
-3.7955902
-3.6025085
-3.7525015
-3.827963
-3.8490973
-3.6924207
-3.5466123
-3.554935
-3.6297848
-3.5189137
test_mean_abs_wealth
3.513156
3.7629437
3.889235
4.0404015
3.7598848
3.7141976
3.5998359
3.639575
3.700949
3.6501272
3.573838
3.6046114
3.9137337
3.877671
3.4626122
3.6334286
3.5921712
3.5638595
2.6420965
3.5215712
3.804314
4.0026865
3.7956016
3.6025398
3.7525113
3.8279638
3.8491135
3.6924508
3.54674
3.5550964
3.629802
3.5189505
test_variance_wealth
0.5943305
0.56775093
0.51909536
0.5840642
0.59962726
0.55015767
0.51868826
0.49542964
0.6289154
0.5233944
0.5520886
0.4827727
0.49918398
0.4775153
0.66555756
0.636225
0.7035952
0.584547
1.4965172
0.9510118
0.5678016
0.4862595
0.4909409
0.5111154
0.56081945
0.47859734
0.53887194
0.49348602
0.5696094
0.5802303
0.47672084
0.5821634
test_wealth_with_price_abs_mean
0.7383899
0.8402496
0.8355112
0.8975414
0.80321026
0.81315345
0.8094541
0.7934913
0.79364246
0.79666656
0.7461774
0.7904241
0.8332522
0.8161271
0.7234032
0.76280075
0.73644197
0.7635115
1.0244508
0.7817041
0.8517199
0.83023876
0.82187897
0.8106216
0.7853817
0.81653583
0.83556664
0.81663144
0.7891979
0.8184778
0.79908127
0.7172145
test_wealth_with_price_variance
0.5943305
0.56775093
0.51909536
0.5840642
0.59962726
0.55015767
0.51868826
0.49542964
0.6289154
0.5233944
0.5520886
0.4827727
0.49918398
0.4775153
0.66555756
0.636225
0.7035952
0.584547
1.4965172
0.9510118
0.5678016
0.4862595
0.4909409
0.5111154
0.56081945
0.47859734
0.53887194
0.49348602
0.5696094
0.5802303
0.47672084
0.5821634
price
3.0137188
3.069662
3.1758301
3.2734563
3.147149
3.052621
2.9253938
2.9739635
3.125893
2.997695
3.0231988
2.9365847
3.1941204
3.1702962
3.0656793
3.1243558
3.2100503
3.0071692
3.1268344
3.3213508
3.0977242
3.280537
3.086022
2.9205425
3.1415668
3.1185122
3.146519
2.9928842
2.936601
2.9044845
2.945061
3.0546303
train_time
20.643877500000002
18.9156806
19.93672559999999
17.543716800000084
14.966701100000023
25.24691530000007
26.825476699999854
25.498988299999837
25.313125300000138
20.794351199999937
15.066634799999974
21.205763999999817
21.35729029999993
32.05877250000003
35.82486280000012
28.19785069999989
35.72722980000026
15.84643159999996
27.609099000000242
30.714275600000292
44.751101599999856
38.5704353000001
23.6416135999998
28.524287100000038
46.77675480000016
27.254318399999647
24.246916899999633
36.9369329000001
36.693280100000266
40.58028529999956
46.35328130000016
33.88479029999962


================================================================================
=== deep network
train_risk
6.55654
6.769548
6.7095895
6.888919
6.580211
6.880488
6.5781317
5.591029
6.6838484
6.4541397
5.537342
6.5267377
6.7140927
6.7565293
5.798088
6.582619
6.7964964
6.7264695
5.217022
5.758712
6.5771675
6.9340496
5.8245363
5.666594
6.6378756
6.5010595
7.16418
5.575306
5.5208187
5.561325
6.629145
6.18883
test_risk
6.5584273
6.7782974
6.6970057
6.886488
6.5801854
6.8717384
6.575466
5.5993185
6.6735263
6.459174
5.5351925
6.5364313
6.7002544
6.7776957
5.805415
6.5787168
6.801553
6.76005
5.2201767
5.7782984
6.5607686
6.9345655
5.831004
5.672476
6.629063
6.517199
7.1624875
5.5861998
5.5180316
5.575976
6.6346035
6.1797724
test_mean_value
0.60160804
0.18596888
0.008044041
0.1451688
0.36458164
0.1478763
0.06259899
0.042536058
0.3455665
0.21769656
0.27651525
0.0015311192
0.06781172
0.012378652
1.0527682
0.50883675
0.50468343
0.6596046
2.1553648
1.0041742
0.12488672
0.0032139437
0.013279495
0.031013334
0.2614453
0.21812153
0.076921664
0.011295426
0.33119324
0.13325377
0.025352377
0.4656963
test_mean_abs_value
0.9662228
0.71192646
0.5876327
0.8910637
0.78280973
0.76800835
0.60975325
0.5570903
0.8482848
0.8177542
0.6511317
0.5035708
0.4705092
0.4931159
1.2843713
0.8239314
0.7789769
0.99852437
2.210778
1.2745172
0.82201505
0.52166253
0.5458048
0.61550766
0.54651964
0.70628786
0.8384887
0.75485736
0.8671243
0.8640066
0.5501181
0.6916627
test_variance_value
1.088149
0.77927977
0.58656704
1.2445145
0.85101616
0.93410975
0.6141358
0.4800266
1.0277549
1.0477958
0.5766878
0.46195427
0.3646531
0.43217975
1.3781418
0.86263126
0.7623018
1.2818975
1.8308712
1.4279841
1.070274
0.48447984
0.47778118
0.61120427
0.44594416
0.7512765
1.1500258
0.8595908
1.0479287
1.0930783
0.52245677
0.66403383
test_mean_costs
1.2029752
1.1587658
0.94171363
1.0759829
0.8465332
1.3199763
1.0209298
0.3554733
1.2148293
0.9269797
0.48274934
0.91818285
0.6536529
0.96642
0.5971456
1.1270686
1.210959
0.73587656
0.94270617
0.78119296
0.93998563
1.0481448
0.3593753
0.37197024
0.65855277
0.4517679
1.3301873
0.49352738
0.5045307
0.4867105
1.0826374
0.5790464
test_mean_abs_costs
1.2029752
1.1587658
0.94171363
1.0759829
0.8465332
1.3199763
1.0209298
0.3554733
1.2148293
0.9269797
0.48274934
0.91818285
0.6536529
0.96642
0.5971456
1.1270686
1.210959
0.73587656
0.94270617
0.78119296
0.93998563
1.0481448
0.3593753
0.37197024
0.65855277
0.4517679
1.3301873
0.49352738
0.5045307
0.4867105
1.0826374
0.5790464
test_variance_costs
0.035164345
0.049100585
0.04218395
0.039507683
0.030340051
0.016025187
0.035357166
0.0054863095
0.06094778
0.021752806
0.0054552304
0.034113687
0.03227037
0.024207925
0.02685449
0.06823298
0.0928163
0.07627908
0.024981393
0.023242574
0.025073893
0.022664081
0.008071932
0.0076688007
0.0596493
0.025708532
0.016108623
0.0070714075
0.011243048
0.010547428
0.045195553
0.06332299
test_mean_wealth
-3.614567
-4.0438557
-4.103763
-4.1954107
-3.6274593
-4.2164044
-3.880243
-3.2813601
-3.9840207
-3.700962
-3.2244537
-3.8492703
-3.7754908
-4.1163893
-2.609762
-3.7374172
-3.9038053
-3.0815196
-1.9061543
-3.092567
-3.9077744
-4.312563
-3.425629
-3.2543032
-3.527891
-3.346639
-4.393382
-3.4748354
-3.1027205
-3.2562075
-3.9996347
-3.1623125
test_mean_abs_wealth
3.620377
4.0441008
4.103899
4.1956744
3.6301122
4.216738
3.880415
3.2814472
3.9853432
3.702767
3.2247849
3.8495686
3.776475
4.116432
2.6655154
3.7410257
3.9067597
3.1566715
2.0997725
3.1018672
3.9081843
4.3125854
3.425799
3.2547011
3.5323558
3.3572571
4.3936086
3.4749029
3.1055233
3.256964
3.9997983
3.1883557
test_variance_wealth
2.0070672
1.5896248
1.4783218
1.5340011
1.8795787
1.5770117
1.5570505
1.1497438
1.6058416
1.6902176
1.1787149
1.5434934
1.8785229
1.5254457
2.3561597
1.8606286
1.9365975
3.2199311
2.6068134
1.6717409
1.53746
1.4608935
1.242627
1.2424275
2.1130388
2.2967758
1.7043566
0.9866567
1.288344
1.1717483
1.4749956
2.228901
test_wealth_with_price_abs_mean
1.2275269
1.2720685
1.2265334
1.234022
1.147958
1.3974897
1.2568918
0.88406384
1.2242713
1.1751773
0.878043
1.2293617
1.1825912
1.2451844
1.2764335
1.1917114
1.2413381
1.420506
1.6341017
1.0419846
1.1807344
1.2784933
0.92288417
0.92050546
1.1944096
1.2244033
1.4741431
0.87676424
0.90729684
0.90077287
1.2948766
1.190969
test_wealth_with_price_variance
2.0070672
1.5896248
1.4783218
1.5340011
1.8795787
1.5770117
1.5570505
1.1497438
1.6058416
1.6902176
1.1787149
1.5434934
1.8785229
1.5254457
2.3561597
1.8606286
1.9365975
3.2199311
2.6068134
1.6717409
1.53746
1.4608935
1.242627
1.2424275
2.1130388
2.2967758
1.7043566
0.9866567
1.288344
1.1717483
1.4749956
2.228901
price
3.0137188
3.069662
3.1758301
3.2734563
3.147149
3.052621
2.9253938
2.9739635
3.125893
2.997695
3.0231988
2.9365847
3.1941204
3.1702962
3.0656793
3.1243558
3.2100503
3.0071692
3.1268344
3.3213508
3.0977242
3.280537
3.086022
2.9205425
3.1415668
3.1185122
3.146519
2.9928842
2.936601
2.9044845
2.945061
3.0546303
train_time
49.86731279999999
50.44095749999997
51.74061619999998
51.61034760000007
56.644809200000054
61.53281190000007
53.92660500000011
180.37331139999992
59.16346580000004
56.16626849999989
188.28425059999972
57.8706087999999
51.85716709999997
65.88705449999998
163.2131617
59.505516799999896
61.02038040000025
56.40269770000032
152.46301839999978
145.7371532999996
68.95880149999994
124.55588689999968
197.44344060000003
192.19261089999964
62.39866499999971
64.32304610000028
163.14818670000022
163.80780549999963
193.26133449999998
226.7396464000003
77.71500560000004
69.37894869999946


================================================================================
=== twin network feature map
train_risk
5.139249
5.3639903
5.446941
5.654308
5.4129906
5.293009
5.1924486
5.1716266
5.3605595
5.2359858
5.174832
5.134476
5.4217253
5.3770843
5.1933575
5.2976437
5.30414
5.15425
4.969134
5.4396315
5.41434
5.5050693
5.329879
5.153514
5.384014
5.286797
5.4552913
5.221985
5.1598063
5.1875787
5.160919
5.1477895
test_risk
5.1453834
5.3724575
5.441065
5.6583953
5.4162126
5.294699
5.1885185
5.177627
5.35411
5.238085
5.1754265
5.140526
5.428103
5.381272
5.2023716
5.294619
5.306456
5.162931
4.972276
5.4507475
5.406082
5.512522
5.3345065
5.1605897
5.3877845
5.29814
5.457726
5.2289586
5.16427
5.2000537
5.161145
5.139033
test_mean_value
0.24959604
0.07712245
0.0055876873
0.06876757
0.19336359
0.09973974
0.03902741
0.039257806
0.23543939
0.0858606
0.21976188
0.006976547
0.022553565
0.013716802
0.381123
0.29803854
0.41089773
0.28877747
1.5324943
0.6448882
0.066358306
0.00684389
0.013566591
0.031163743
0.13658816
0.022660032
0.072643526
0.012393212
0.12478683
0.10475447
0.023125503
0.2750631
test_mean_abs_value
0.8800427
0.9796937
0.8904694
1.1019375
0.9840386
0.8893798
0.87017614
0.8273152
1.0019367
0.92717713
0.8205048
0.8147654
0.88388294
0.8319415
0.9152747
0.90673214
0.88533944
0.9215472
1.6471231
1.1016032
1.0201204
0.8531942
0.8389472
0.89305764
0.92242974
0.81820935
0.96116036
0.87874645
0.90593046
0.9821068
0.8192224
0.8067298
test_variance_value
1.1558648
1.4693854
1.2165014
1.8487015
1.4708394
1.2184383
1.1619005
1.0610268
1.5159972
1.3183306
1.0255711
1.0308039
1.2076291
1.067429
1.1965971
1.2251946
1.1005175
1.2668467
1.6120843
1.5250334
1.5978262
1.121981
1.083939
1.2254174
1.2995667
1.0428568
1.4297078
1.1875196
1.2497147
1.467549
1.0385796
0.9631052
test_mean_costs
0.6838364
0.70749557
0.6375328
0.78250223
0.73503506
0.68788147
0.6136565
0.640046
0.74485636
0.70388794
0.6933379
0.6333487
0.6811989
0.6581766
0.67313045
0.7229905
0.67057276
0.70629156
0.8005915
0.76861215
0.7036863
0.6670692
0.6594827
0.6372742
0.71789783
0.6418611
0.7188113
0.6147185
0.6356839
0.69384634
0.6434759
0.63786465
test_mean_abs_costs
0.6838364
0.70749557
0.6375328
0.78250223
0.73503506
0.68788147
0.6136565
0.640046
0.74485636
0.70388794
0.6933379
0.6333487
0.6811989
0.6581766
0.67313045
0.7229905
0.67057276
0.70629156
0.8005915
0.76861215
0.7036863
0.6670692
0.6594827
0.6372742
0.71789783
0.6418611
0.7188113
0.6147185
0.6356839
0.69384634
0.6434759
0.63786465
test_variance_costs
0.008444789
0.010247963
0.0076204524
0.012220294
0.010622738
0.007838496
0.0069812727
0.007932825
0.010466136
0.008982762
0.008646843
0.0076720277
0.008281857
0.0068166046
0.008643494
0.00851663
0.0075378506
0.008276108
0.009126379
0.011253084
0.010810985
0.006894326
0.006970419
0.009295021
0.009187238
0.0058343452
0.0076225004
0.007320802
0.009030066
0.012594791
0.0091079855
0.0064542536
test_mean_wealth
-3.4474404
-3.701432
-3.8020387
-3.978331
-3.6871793
-3.632446
-3.4965415
-3.5692112
-3.6241748
-3.6097062
-3.4917958
-3.5589907
-3.8482947
-3.8068078
-3.357392
-3.5441372
-3.4572048
-3.4227617
-2.3869102
-3.439272
-3.7300036
-3.9278574
-3.7254493
-3.5194569
-3.7120934
-3.7321935
-3.7862842
-3.5949287
-3.4402802
-3.4918427
-3.5626998
-3.411764
test_mean_abs_wealth
3.4474947
3.7014697
3.8020463
3.9784107
3.6872249
3.6325073
3.4965997
3.5692146
3.6244218
3.6097264
3.4918184
3.5589924
3.8482985
3.8068097
3.3575985
3.5442762
3.4583
3.4229047
2.4686768
3.4441476
3.7301035
3.9278636
3.7254589
3.5194852
3.712101
3.7322
3.7863092
3.594956
3.4403994
3.4919643
3.5627162
3.411862
test_variance_wealth
0.6775025
0.6588841
0.6161333
0.6546111
0.7017517
0.6377772
0.64969426
0.5847853
0.7294765
0.6077437
0.6568909
0.5687743
0.5820984
0.5649817
0.80764973
0.7387988
0.8628581
0.70606035
1.8779527
1.0861506
0.6668583
0.5778627
0.5854729
0.61304325
0.6558186
0.56370336
0.6462394
0.61116797
0.6957584
0.67726755
0.5797141
0.71678835
test_wealth_with_price_abs_mean
0.7451223
0.83357686
0.8116357
0.8765283
0.8020635
0.7951532
0.7930506
0.78177786
0.79493207
0.8015798
0.7503371
0.7913209
0.81857485
0.7994888
0.7531886
0.7660474
0.7650234
0.7479668
1.2018057
0.82415324
0.837182
0.81219965
0.80724084
0.7944493
0.79914737
0.7855913
0.832209
0.79604685
0.78116095
0.8139622
0.7932391
0.7347401
test_wealth_with_price_variance
0.6775025
0.6588841
0.6161333
0.6546111
0.7017517
0.6377772
0.64969426
0.5847853
0.7294765
0.6077437
0.6568909
0.5687743
0.5820984
0.5649817
0.80764973
0.7387988
0.8628581
0.70606035
1.8779527
1.0861506
0.6668583
0.5778627
0.5854729
0.61304325
0.6558186
0.56370336
0.6462394
0.61116797
0.6957584
0.67726755
0.5797141
0.71678835
price
3.0137188
3.069662
3.1758301
3.2734563
3.147149
3.052621
2.9253938
2.9739635
3.125893
2.997695
3.0231988
2.9365847
3.1941204
3.1702962
3.0656793
3.1243558
3.2100503
3.0071692
3.1268344
3.3213508
3.0977242
3.280537
3.086022
2.9205425
3.1415668
3.1185122
3.146519
2.9928842
2.936601
2.9044845
2.945061
3.0546303
train_time
22.919173299999983
18.694469000000026
33.951123300000006
17.373982299999966
17.69743010000002
21.08357460000002
36.38997949999998
24.01476189999994
24.7437903
22.018408000000136
15.577427600000192
16.084483999999975
20.77170709999973
30.310629800000243
29.295994600000085
31.656518500000402
35.86787400000003
28.456271300000026
31.40935049999962
25.283097700000326
44.017541000000165
48.50366610000037
23.599377999999888
28.179868400000487
20.456915699999627
39.727351099999396
43.41171620000023
45.92740309999954
39.52224379999916
21.43223229999967
31.13046530000065
37.33910939999987


