================================================================================
=== deep network w. relu
train_risk
6.89639
7.0744553
6.613071
6.8703866
7.7420416
7.60625
7.6555104
7.0501766
8.3779
6.5143294
6.8314915
7.7951837
7.332903
8.029037
7.2530947
6.884623
6.820887
6.5253572
6.3962784
6.750317
7.170513
7.531449
7.9312267
6.7882457
7.3412967
6.9384356
6.9036527
7.6721497
6.794172
7.8207984
7.30208
6.8021855
test_risk
6.9063516
7.0620008
6.6207275
6.876484
7.7496076
7.6100526
7.653446
7.0630374
8.355808
6.526351
6.84232
7.806071
7.3343854
8.0336895
7.2603903
6.8958983
6.8430715
6.513276
6.400553
6.754705
7.1752
7.5262184
7.944698
6.79473
7.3407826
6.930152
6.9164395
7.6932893
6.810532
7.81723
7.3110676
6.800865
test_mean_value
0.61594296
0.042071957
0.0009582056
-0.0030963442
-0.038309988
-0.0060914867
0.018495822
0.02389498
-0.09794481
0.005261749
0.022527413
0.008443668
-0.0023227003
-0.008125362
-0.0019634892
0.21110108
-0.014076064
0.00082983694
0.014831101
-0.0053583467
-0.025117727
-0.038311638
0.006714403
0.013577663
0.012297921
-0.0183096
0.89219266
-0.044396196
0.005884066
-0.008101677
-0.0015375114
1.213389
test_mean_abs_value
3.0524046
2.4020474
2.668687
1.6037205
1.9510648
2.371019
2.1185977
2.6935942
1.0017728
2.476766
2.0554779
2.2693062
2.8540602
2.270464
2.6602862
3.0000446
1.9252884
1.8933272
2.0473897
2.2410474
1.5370492
1.6810519
2.1351433
1.7783211
2.3174517
1.5356702
3.1710486
1.2678696
1.9186594
2.0598965
2.266301
3.185592
test_variance_value
13.335265
8.147747
9.820215
4.038735
5.6600294
8.185463
6.7476687
10.248737
1.6253564
8.517887
6.1881356
7.709222
11.300824
7.7145863
10.008822
12.6226225
5.6199045
5.4059296
6.113577
7.180133
3.702342
4.5052514
6.9716277
4.9249163
7.6759167
3.8080783
14.22229
2.5925884
5.573815
6.4744973
7.327559
14.296652
test_mean_costs
1.0762926
0.89578986
0.8725165
0.85393405
0.8502623
1.0001416
0.8571111
0.8478094
0.106282055
0.8454945
0.7535718
1.0475997
1.0651925
1.0980709
0.846094
1.0028026
0.8956458
0.80204296
0.75698996
0.87930906
0.8824234
0.88220596
1.0215579
0.7390433
1.1009353
0.7822791
1.2330182
0.5994044
0.9414885
1.0844288
0.9036295
1.1330354
test_mean_abs_costs
1.0762926
0.89578986
0.8725165
0.85393405
0.8502623
1.0001416
0.8571111
0.8478094
0.106282055
0.8454945
0.7535718
1.0475997
1.0651925
1.0980709
0.846094
1.0028026
0.8956458
0.80204296
0.75698996
0.87930906
0.8824234
0.88220596
1.0215579
0.7390433
1.1009353
0.7822791
1.2330182
0.5994044
0.9414885
1.0844288
0.9036295
1.1330354
test_variance_costs
0.16324557
0.086481474
0.09755705
0.043028165
0.048428334
0.067378275
0.07585957
0.09547997
0.00563605
0.08588425
0.048600793
0.060887787
0.13255581
0.052225403
0.08889187
0.14378096
0.033754706
0.04877778
0.049520217
0.07386692
0.021648042
0.041363146
0.04148004
0.035932016
0.10835841
0.03889821
0.20798968
0.02911487
0.05575698
0.047495037
0.06890114
0.20550947
test_mean_wealth
-3.4254391
-3.8728786
-3.595646
-3.865083
-4.3187184
-3.9520266
-3.9564507
-3.8063903
-3.3974934
-3.6250873
-3.6083565
-3.9844413
-4.1759357
-4.014789
-4.060476
-3.6824548
-3.592138
-3.6080897
-3.3585854
-4.0249915
-3.9287553
-4.090983
-3.7346818
-3.6185067
-4.086973
-3.6815712
-3.343788
-3.9110742
-4.2195063
-3.7903614
-4.397416
-2.852451
test_mean_abs_wealth
3.5979555
3.9083576
3.6704462
3.8786898
4.357194
4.0054803
3.99844
3.8806126
3.642044
3.6751535
3.6544206
4.0313497
4.242971
4.060864
4.107299
3.8082004
3.6196306
3.631758
3.3928385
4.045318
3.9375465
4.1046267
3.799933
3.642867
4.1196747
3.693575
3.5602658
3.9440103
4.2259436
3.844352
4.4098115
3.1857643
test_variance_wealth
3.8695953
2.616486
2.71037
2.505236
3.4113927
3.5595028
3.7087224
3.2633512
6.476855
2.38585
2.8353183
3.7990348
3.1160798
4.107554
2.9876761
3.4140322
2.4886894
2.340528
2.2987654
2.1318681
2.5157945
2.9383404
4.431101
2.618092
2.7561548
2.5896907
4.2330174
3.700427
1.8155549
3.878147
2.318885
4.953704
test_wealth_with_price_abs_mean
1.5581034
1.4526986
1.495113
1.4709414
1.6590089
1.7014638
1.699618
1.6038901
2.0507178
1.4164828
1.4845328
1.7722257
1.6647446
1.8529304
1.5467677
1.593743
1.4491628
1.4101549
1.3516624
1.393464
1.4642915
1.5661322
1.8608413
1.4366803
1.5918075
1.4502579
1.5912862
1.6387492
1.3476
1.7653098
1.4348891
1.6728549
test_wealth_with_price_variance
3.8695953
2.616486
2.71037
2.505236
3.4113927
3.5595028
3.7087224
3.2633512
6.476855
2.38585
2.835318
3.7990348
3.1160798
4.107554
2.9876761
3.4140322
2.4886894
2.340528
2.2987654
2.1318681
2.5157945
2.9383404
4.431101
2.618092
2.7561548
2.5896907
4.2330174
3.700427
1.8155549
3.878147
2.318885
4.953704
price
2.9652157
3.0268922
2.7305937
3.0230446
3.4402575
2.9654753
3.117056
2.9861913
3.2059479
2.7922993
2.8787315
2.9421132
3.1256185
2.9101648
3.204319
2.8976693
2.6833944
2.812532
2.6124692
3.1475945
3.0247731
3.1870704
2.7248135
2.890154
3.0124989
2.8891196
3.0070877
3.2733378
3.2852798
2.70245
3.5068054
2.9392118
train_time
124.7689374
55.062295000000006
71.9183984
77.31985459999999
54.91997040000001
62.63009570000003
72.71277409999999
85.81113770000002
84.20487500000002
117.45003710000003
89.12337130000003
110.56316069999991
68.51062079999997
77.42545339999992
80.88950049999994
100.3030404000001
88.5808007999999
81.77265949999992
87.09460190000004
96.50742050000008
66.90553980000004
71.06119030000013
89.5390487000002
100.74541760000011
35.73779450000029
108.51841229999991
74.17209349999985
95.72646789999999
146.36864639999976
36.988811599999735
73.31283170000006
120.05903910000006


