================================================================================
=== deep network w. relu
train_risk
7.1211715
7.029373
7.0525403
7.3653975
7.5796704
7.159481
7.507722
7.47137
7.402794
7.2924027
6.951228
7.172135
7.229716
7.065858
6.9916477
6.9398494
6.8906255
7.140624
6.8919654
6.957282
7.472646
7.1549706
6.9466996
6.8513994
6.938816
6.971502
7.2682576
7.2915883
7.7841005
6.989029
7.5075374
7.44146
test_risk
7.1357837
7.0334163
7.0575027
7.377566
7.579429
7.153315
7.510651
7.473103
7.404192
7.299517
6.9358783
7.198103
7.23281
7.073687
6.997001
6.9497166
6.8839793
7.1472993
6.906638
6.9607887
7.4854364
7.166469
6.9380703
6.862603
6.93654
6.9639115
7.2715755
7.289827
7.7833138
7.0042305
7.521753
7.439731
test_mean_value
-0.009363414
0.005576094
-0.001677595
-0.010899105
-0.0234118
0.022648662
0.0037476476
-0.00013430993
-0.004274781
0.026547799
0.006963538
0.009711124
0.0017564931
0.0068722283
0.012786431
0.021392064
0.00972032
0.004331304
0.012764812
-0.0057042674
-0.0031768044
-0.0024647943
-0.0010848589
0.011715342
0.012941627
0.011877568
0.0054263193
0.0051433034
0.026393894
0.007370775
0.004570397
0.0010643345
test_mean_abs_value
3.0149357
3.0138214
3.0185447
2.9752202
2.9873762
3.0134053
2.9983065
2.9863408
2.8709211
2.7042096
2.9920325
2.9753375
3.0233104
3.014752
3.030835
3.03561
3.0151691
3.0261421
2.9926028
3.018408
3.0058305
3.0220935
2.9938645
2.9935603
2.841488
3.0212235
3.0077183
2.96085
2.6453462
3.0070703
2.9894798
2.9818628
test_variance_value
12.615157
12.648389
12.701285
12.246865
12.364555
12.6640415
12.410285
12.333941
11.473064
10.565681
12.533497
12.304347
12.651761
12.67147
12.840792
12.900514
12.713813
12.694508
12.53556
12.711974
12.47139
12.69314
12.502064
12.584843
11.32767
12.748934
12.54094
12.139772
10.082065
12.676618
12.386563
12.320726
test_mean_costs
0.9926333
0.9477648
0.96122706
1.0562075
1.1142185
0.9925693
1.0967065
1.0988567
1.0256625
0.8497161
0.918577
0.99837565
1.0213231
0.96305203
0.9466667
0.92931396
0.9029424
0.9858385
0.9029926
0.9375453
1.0882019
0.99915445
0.9187474
0.8899346
0.893609
0.9378253
1.0347241
1.036301
1.008276
0.9394615
1.1052182
1.0673395
test_mean_abs_costs
0.9926333
0.9477648
0.96122706
1.0562075
1.1142185
0.9925693
1.0967065
1.0988567
1.0256625
0.8497161
0.918577
0.99837565
1.0213231
0.96305203
0.9466667
0.92931396
0.9029424
0.9858385
0.9029926
0.9375453
1.0882019
0.99915445
0.9187474
0.8899346
0.893609
0.9378253
1.0347241
1.036301
1.008276
0.9394615
1.1052182
1.0673395
test_variance_costs
0.13848932
0.13277808
0.13774057
0.14929847
0.17540063
0.14459975
0.1540444
0.16224381
0.13527057
0.0981259
0.1271413
0.13653234
0.1483416
0.13679652
0.13644406
0.12822497
0.12306832
0.13818108
0.12412789
0.13304618
0.15753171
0.14663617
0.12676564
0.122146115
0.113053724
0.13216932
0.14350533
0.13761288
0.11803113
0.13183136
0.16160874
0.14967085
test_mean_wealth
-3.9060612
-3.7444692
-3.788435
-4.3192134
-4.7125006
-3.9411945
-4.5064607
-4.4933977
-4.216573
-3.5773325
-3.608352
-3.9458194
-4.094546
-3.8143432
-3.676771
-3.5486465
-3.4822414
-3.9018457
-3.4912443
-3.625338
-4.462636
-3.9781954
-3.575827
-3.4390817
-3.4468062
-3.6189334
-4.1207404
-4.1314507
-4.4477124
-3.6203003
-4.491397
-4.3653283
test_mean_abs_wealth
4.015161
3.8746758
3.9094403
4.384424
4.7516074
4.045992
4.5625906
4.545958
4.2818346
3.705879
3.7515268
4.0432305
4.183011
3.929466
3.8173866
3.7119844
3.6516435
4.010594
3.6568542
3.769796
4.52403
4.075642
3.724029
3.6136162
3.6025667
3.7692697
4.20419
4.21329
4.4911942
3.7643607
4.551227
4.432346
test_variance_wealth
3.5115695
3.6693983
3.6030903
3.0838757
2.7615783
3.4983964
3.0609004
2.9377468
3.1986217
4.4398804
3.7452433
3.464501
3.3494203
3.5638618
3.7845395
3.9338088
3.9583538
3.546699
3.9313548
3.7796514
3.0956514
3.4107876
3.799772
3.9838598
3.804975
3.852577
3.3172934
3.2934513
3.5890493
3.8292315
3.0701437
3.14907
test_wealth_with_price_abs_mean
1.7180635
1.7210257
1.7173618
1.6714853
1.64879
1.712095
1.6929749
1.6689075
1.6687207
1.8448337
1.7194254
1.7068216
1.7033759
1.711652
1.741108
1.7551011
1.7539524
1.7205199
1.7463285
1.7401469
1.6948062
1.6997486
1.7335428
1.7493199
1.7071868
1.7515992
1.6999636
1.6977024
1.7462108
1.7433125
1.6928202
1.68431
test_wealth_with_price_variance
3.5115695
3.6693983
3.6030903
3.0838757
2.7615783
3.4983964
3.0609004
2.9377468
3.1986217
4.4398804
3.7452433
3.464501
3.3494203
3.5638618
3.7845395
3.9338088
3.9583538
3.546699
3.9313548
3.7796514
3.0956514
3.4107876
3.799772
3.9838598
3.804975
3.852577
3.3172934
3.2934513
3.5890493
3.8292315
3.0701437
3.14907
price
2.915299
2.8060741
2.8352158
3.2669601
3.604354
2.963165
3.4175024
3.3993254
3.2010207
2.7574937
2.6967933
2.9593854
3.0827656
2.8615534
2.742125
2.6351495
2.5865557
2.9267797
2.6017587
2.686721
3.3792858
2.9862761
2.658079
2.5624313
2.569318
2.6906645
3.0983884
3.1027231
3.4840403
2.6898322
3.3963923
3.310834
train_time
75.418897
95.02928690000002
79.1750026
65.31919870000002
147.6199355
76.45164319999992
106.23482939999997
91.90763500000003
75.1690751000001
124.83721530000003
115.28916200000003
59.15283850000014
106.89801229999989
100.05312909999998
105.44763809999995
59.37521339999989
75.18734799999993
95.40211619999991
76.23520020000001
82.81764369999996
107.58044949999999
97.2163415
84.81326089999993
99.08378939999966
81.85567159999982
83.54050700000016
85.15405360000022
70.35884729999998
77.62764210000023
102.34026900000026
84.73022990000027
89.43468799999982


