================================================================================
=== deep network w. relu
train_risk
6.4901204
6.6680875
6.363539
6.491459
6.611713
6.3273654
6.9986973
6.6703215
6.7874055
6.5899806
6.5750494
6.6006184
6.8353662
6.4474554
6.584312
6.718699
6.4415445
6.454115
6.552468
7.006296
6.790897
6.393224
6.502114
5.9916506
6.5733824
6.428354
6.7168546
6.9637833
6.3347354
6.6341968
7.0879245
6.643596
test_risk
6.496941
6.660666
6.379953
6.475321
6.61424
6.325718
7.0006065
6.6763377
6.790093
6.5674963
6.568357
6.604445
6.8389525
6.447511
6.5832033
6.705381
6.459642
6.455371
6.5559545
7.0330005
6.796687
6.4058733
6.5016575
6.001738
6.5620418
6.441503
6.7073045
6.939692
6.3234434
6.6251535
7.102892
6.663031
test_mean_value
-0.044506736
-0.07207027
0.04990074
0.15554732
-0.02482189
-0.016227419
-0.070619896
0.007990375
-0.007651578
-0.046172805
-0.08279055
0.0119044315
0.005470584
-0.021040624
0.45531633
-0.030166196
-0.017710097
0.012123286
-0.021737946
-0.09866467
-0.0562356
-0.0276435
0.06901496
-0.014993642
0.02738694
-0.045605756
0.11526774
-0.06044574
-0.018678179
0.16460554
0.88074386
-0.036933497
test_mean_abs_value
0.3844244
0.35209042
0.14223531
0.33911565
0.15434779
0.08201733
0.49854308
0.23272681
0.37213063
0.4063913
0.29320928
0.1856132
0.39613476
0.080494605
0.56972444
0.29266176
0.16233157
0.16613165
0.26375973
0.23524332
0.5608986
0.20904219
0.1317113
0.10271482
0.23370723
0.39363864
0.25750667
0.40462652
0.110286996
0.44780013
0.8926974
0.19883883
test_variance_value
0.25303102
0.19751097
0.029569713
0.16130827
0.037599493
0.010590431
0.3906814
0.085863516
0.21992077
0.26153812
0.14312877
0.056253497
0.25257292
0.010197752
0.43915147
0.13714172
0.042435393
0.045190103
0.1114403
0.09572482
0.5043201
0.07251664
0.02726268
0.016670227
0.08648269
0.24471726
0.09907299
0.25617945
0.019270416
0.29338402
0.8507708
0.062383864
test_mean_costs
0.12136416
0.01842018
0.0024329964
0.011495103
0.0018336432
0.0005181917
0.0015015362
0.015365731
0.0015004067
0.014134858
0.017834628
0.14928427
0.00217723
0.06698239
0.06075121
0.0016907967
0.00042515234
0.013579978
0.013673593
0.0023167988
0.066445
0.0028117036
0.0074925353
0.015144888
0.11203434
0.0019955516
0.0046881856
0.09193339
0.0016985264
0.070386834
0.12288058
0.07289007
test_mean_abs_costs
0.12136416
0.01842018
0.0024329964
0.011495103
0.0018336432
0.0005181917
0.0015015362
0.015365731
0.0015004067
0.014134858
0.017834628
0.14928427
0.00217723
0.06698239
0.06075121
0.0016907967
0.00042515234
0.013579978
0.013673593
0.0023167988
0.066445
0.0028117036
0.0074925353
0.015144888
0.11203434
0.0019955516
0.0046881856
0.09193339
0.0016985264
0.070386834
0.12288058
0.07289007
test_variance_costs
0.0040510446
0.0007186555
0.00041137854
2.2366848e-05
5.9227088e-05
0.00016565721
1.8267081e-05
0.0005068226
0.00026311525
0.001094481
0.0004418002
0.0006110803
0.00022706302
0.00030629127
0.0019650715
0.00032336786
0.00021609639
0.00069852936
0.00049654196
0.0004632548
0.0002681413
0.00040097936
0.003494521
9.9390105e-05
0.0009278403
0.0002738174
0.0027905214
0.0004667014
0.0001493475
6.256234e-05
0.0006165532
0.00021830636
test_mean_wealth
-3.3223896
-3.0315974
-2.9254303
-2.764687
-3.2055368
-3.0114574
-3.2256744
-3.2443018
-3.1424093
-2.9313717
-3.0259004
-3.0783732
-3.101944
-3.0523894
-2.6667433
-3.0249207
-2.915855
-2.9370682
-3.0487645
-3.2974143
-3.1820996
-3.0123305
-2.88093
-2.8405805
-3.1108687
-2.9241316
-2.897694
-3.2642543
-3.026274
-2.868095
-2.4921715
-3.0948074
test_mean_abs_wealth
3.3259556
3.046735
2.9319813
2.8042421
3.2072062
3.012678
3.2457314
3.2500668
3.1862638
2.9631703
3.0351465
3.0830088
3.1224742
3.0527093
2.7888894
3.035891
2.9201488
2.945618
3.0550494
3.3018396
3.21535
3.015561
2.8922756
2.8426564
3.1157851
2.9477682
2.9242003
3.2738438
3.0288749
2.9058146
3.0178254
3.0991623
test_variance_wealth
2.165566
2.756649
2.4154022
2.914082
2.2883017
2.319942
2.9700398
2.5095692
3.05826
2.7981346
2.6503286
2.5499032
2.8587265
2.3805819
3.5902646
2.865931
2.4518402
2.552965
2.6124825
2.9608104
2.8314269
2.205641
2.755111
2.0255015
2.4588745
2.479386
3.0248597
2.7552886
2.3054218
2.8983996
6.742515
2.6228585
test_wealth_with_price_abs_mean
1.1843628
1.3351355
1.2524635
1.3862464
1.2109956
1.234513
1.3835042
1.2782449
1.4034252
1.3400192
1.3154702
1.2882373
1.3548065
1.2496942
1.5628175
1.3764129
1.2586974
1.2927539
1.307983
1.3885884
1.3323213
1.1822482
1.3560504
1.1444072
1.2626015
1.2487243
1.4171503
1.3297836
1.2292402
1.3644911
2.1679554
1.3101292
test_wealth_with_price_variance
2.165566
2.756649
2.4154022
2.914082
2.2883017
2.319942
2.9700398
2.5095692
3.05826
2.7981346
2.6503286
2.5499032
2.8587265
2.3805819
3.5902646
2.865931
2.4518402
2.552965
2.6124825
2.9608104
2.8314269
2.205641
2.755111
2.0255015
2.4588745
2.479386
3.0248597
2.7552886
2.3054218
2.8983996
6.742515
2.6228585
price
3.165885
2.9501963
2.9751668
2.9073646
3.188598
2.9965763
3.1566033
3.2405684
3.1371527
2.8751085
2.9328072
2.9387412
3.1034365
2.9640093
3.0606709
2.9964805
2.9012291
2.942768
3.0162165
3.2056122
3.0662422
2.98666
2.9439175
2.810837
3.0303493
2.8790855
3.0107822
3.1226523
3.0143523
2.968917
3.2586813
2.99044
train_time
73.355002
82.4680137
91.82404939999998
83.75957549999998
82.1434855
85.79992670000001
84.59776809999994
75.50478929999997
104.01207420000003
73.07239630000004
91.86159109999994
75.90723400000002
71.35010869999996
55.438969799999995
49.37106420000009
73.46738930000015
134.49929989999987
88.85096629999998
80.54516780000017
119.70208060000004
61.549681800000144
143.48210359999985
137.1087438999998
100.6291213999998
77.90374119999979
118.6211014999999
130.48536289999993
74.7848726000002
107.82485799999995
75.24266579999994
90.3395903999999
70.37815080000018


