================================================================================
=== twin network
train_time
41.197429299999996
42.48788640000001
41.023198399999956
41.835383399999955
42.048430399999916
41.12443890000009
40.42810880000002
41.52132940000001
43.18787559999987
43.53153980000002
41.79568039999981
48.98012249999965
26.78936049999993
42.691841999999724
41.98958270000003
41.82454860000007
46.223568500000056
63.23171460000003
42.59782059999998
42.13356279999971
42.403112599999986
42.17210940000041
42.346332500000244
43.10336269999971
43.07273009999972
46.14550700000018
44.570711700000174
45.31509790000018
51.53246339999987
42.80308049999985
43.29010170000038
43.23774609999964


================================================================================
=== continuous-time
train_risk
5.4206257
5.329483
5.501547
5.607543
5.5536056
5.3313127
5.30679
5.3761983
5.5506754
5.299795
5.3412356
5.189704
5.5388665
5.4552016
5.4083953
5.4868274
5.718028
5.369492
5.6131735
5.687031
5.4508886
5.6165843
5.5017457
5.1544933
5.544719
5.555398
5.5076747
5.397006
5.282648
5.1502776
5.2405076
5.3953204
test_risk
5.420013
5.3269734
5.504395
5.608281
5.539559
5.334482
5.309067
5.381804
5.546162
5.2919145
5.341757
5.188021
5.5377445
5.4528337
5.4116426
5.488658
5.714479
5.370434
5.606974
5.690853
5.453785
5.611311
5.5006504
5.159874
5.5511866
5.55715
5.505775
5.3998537
5.286559
5.1565776
5.2402105
5.3923793
test_mean_value
-0.008589407
-0.003868151
-0.008369183
-0.0043615354
-0.0024618
-0.0043092743
-0.0011149612
-0.0045963936
-0.0049637267
-0.0043350444
-0.0065394016
0.0007239036
-0.005449247
-0.007437052
-0.0035541474
-0.0061187716
-0.0072393194
-0.005055961
-0.009604526
-0.006507357
-0.0023301833
-0.007866675
-0.0071244985
-0.0045132586
-0.0017140546
-0.0070262915
-0.004541957
-0.0046739564
-0.006893598
-0.004070559
-0.0006684389
-0.0025446904
test_mean_abs_value
0.9320298
0.8987437
0.93142503
0.9682678
0.98665524
0.88320744
0.91170484
0.91985077
0.9923317
0.9273079
0.8745179
0.8960339
0.96389055
0.9206156
0.9825917
0.9360717
1.0147941
0.9747309
1.0025841
0.9463888
1.0135231
0.94674176
0.95326424
0.8935286
0.99957925
1.0069001
0.9690337
0.99271154
0.96651393
0.8929043
0.91305405
0.9425386
test_variance_value
1.3517717
1.2647792
1.3492527
1.452114
1.508751
1.2137238
1.2947359
1.3097376
1.5244335
1.3542074
1.1949819
1.2515687
1.4430443
1.3195305
1.4893894
1.3597405
1.5909404
1.474919
1.5625362
1.3918917
1.5963392
1.3954928
1.4137528
1.2399626
1.5522078
1.5668124
1.4477401
1.51908
1.4446566
1.2391077
1.2995459
1.3789439
test_mean_costs
1.1096853
1.0856923
1.1498451
1.174495
1.1472652
1.0950176
1.0719609
1.1007404
1.1496391
1.0631796
1.1015579
1.0330839
1.1488498
1.1305014
1.0968925
1.143775
1.2020767
1.0828685
1.164821
1.2167572
1.1031345
1.1840992
1.1399763
1.0265292
1.1354042
1.1483356
1.1409675
1.084381
1.0535225
1.0232309
1.0499908
1.104919
test_mean_abs_costs
1.1096853
1.0856923
1.1498451
1.174495
1.1472652
1.0950176
1.0719609
1.1007404
1.1496391
1.0631796
1.1015579
1.0330839
1.1488498
1.1305014
1.0968925
1.143775
1.2020767
1.0828685
1.164821
1.2167572
1.1031345
1.1840992
1.1399763
1.0265292
1.1354042
1.1483356
1.1409675
1.084381
1.0535225
1.0232309
1.0499908
1.104919
test_variance_costs
0.027079232
0.025352906
0.028160375
0.030570893
0.031856656
0.02449588
0.025371311
0.026496913
0.032374576
0.026991287
0.024062535
0.024092339
0.030594742
0.027413564
0.030421773
0.028513364
0.03453889
0.029702812
0.03323776
0.030358106
0.033083383
0.029803112
0.029954106
0.023877837
0.03249492
0.033349257
0.030268406
0.030747836
0.028999515
0.023406694
0.025088917
0.028545802
test_mean_wealth
-4.168208
-4.099019
-4.2959766
-4.3718643
-4.283508
-4.1249604
-4.0563016
-4.144135
-4.2918234
-4.028305
-4.1464086
-3.9364722
-4.2909927
-4.23702
-4.128191
-4.275325
-4.4582567
-4.0858426
-4.338161
-4.5032754
-4.148566
-4.401621
-4.2658553
-3.915235
-4.2509933
-4.2874
-4.2668552
-4.0942307
-3.996753
-3.9015245
-3.9838672
-4.153474
test_mean_abs_wealth
4.168208
4.099019
4.2959766
4.3718657
4.2835093
4.1249604
4.0563016
4.144135
4.2918234
4.028305
4.1464086
3.9364722
4.2909927
4.2370234
4.1281986
4.2753296
4.4582567
4.0858426
4.3381615
4.5032754
4.148566
4.401621
4.2658553
3.915235
4.2509933
4.2874
4.2668552
4.0942373
3.996762
3.901531
3.9838672
4.153474
test_variance_wealth
0.33544034
0.32738706
0.32137415
0.33162126
0.34091616
0.31978023
0.3379808
0.329574
0.34237838
0.34237394
0.31349042
0.34005055
0.32870856
0.32168466
0.35191497
0.32466334
0.34174958
0.35080522
0.34432054
0.30899575
0.36181825
0.31801832
0.33069074
0.33788338
0.350797
0.34240675
0.3341201
0.36190167
0.35444432
0.34191462
0.34178346
0.33411038
test_wealth_with_price_abs_mean
1.1210965
1.0994565
1.1594617
1.1836528
1.1565905
1.1074364
1.0871761
1.1128256
1.1592546
1.0801519
1.1128184
1.0498482
1.1574613
1.1410264
1.1118387
1.1540992
1.2111574
1.0994736
1.1745464
1.2252908
1.1167392
1.1914684
1.1503338
1.0450948
1.1479276
1.1587974
1.1518934
1.1013626
1.0704695
1.0408293
1.0673293
1.1174122
test_wealth_with_price_variance
0.33544034
0.32738706
0.32137415
0.33162126
0.34091616
0.31978023
0.3379808
0.329574
0.34237838
0.34237394
0.31349042
0.34005055
0.32870856
0.32168466
0.35191497
0.32466334
0.34174958
0.35080522
0.34432054
0.30899575
0.36181825
0.31801832
0.33069074
0.33788338
0.350797
0.34240675
0.3341201
0.36190167
0.35444432
0.34191462
0.34178346
0.33411038
price
3.0603423
3.0130706
3.1465735
3.198505
3.1390042
3.0295596
2.984791
3.0444443
3.144562
2.964682
3.0449772
2.9048562
3.1436925
3.106813
3.0318735
3.131831
3.2570677
3.0022762
3.1749437
3.28471
3.0477226
3.21858
3.1267097
2.8882964
3.1160908
3.1397293
3.1263328
3.010025
2.9445317
2.8802578
2.9337447
3.049402
train_time
3.3509235000000004
3.1451099000000227
5.068242499999997
3.1983609000000115
8.003253299999983
9.208593999999948
8.10532790000002
7.957054599999992
3.272463000000016
5.577872099999922
8.06317369999988
3.861386500000208
4.70936120000033
5.686983699999928
3.5879761000001054
5.416527599999881
4.854978299999857
4.328043100000286
4.411174100000153
4.904420000000755
3.9311134999998103
10.339438999999402
4.932276399999864
5.450179499999649
6.079478499999823
3.9518541000006735
4.0045924999994895
7.151671399999941
8.277676900000188
4.0828072000003885
10.899175499999728
3.602956999999151


================================================================================
=== continuous time feature map
train_risk
5.156635
5.1039
5.1655273
5.2534504
5.2612395
5.074966
4.9483614
5.1367316
5.279726
5.063751
5.035393
4.9494724
5.2677946
5.181024
5.1674314
5.1311183
5.4130445
5.053079
5.333309
4.9628215
4.9992127
5.25986
5.2093444
4.9695673
5.2512465
5.294209
5.2228155
5.191039
4.99079
4.9661837
4.92765
4.621661
test_risk
5.153573
5.105505
5.1726503
5.2539506
5.2437425
5.0777063
4.953924
5.1406374
5.2697043
5.0617256
5.034294
4.953137
5.2697973
5.1852784
5.1699076
5.134251
5.4112954
5.06078
5.3291554
4.9697666
5.0017056
5.2628236
5.2105722
4.976822
5.260403
5.298666
5.22313
5.1941614
4.9945736
4.976434
4.931832
4.620869
test_mean_value
0.031136312
0.006872901
0.18875441
0.21458116
0.088934846
0.020000452
0.46356255
0.030960431
0.035204384
0.084227964
0.16506793
0.029500287
0.03127146
0.023997385
0.052908223
0.3133193
0.13260423
0.255063
0.04182166
1.1801922
0.672132
0.23726256
0.17505902
0.008968915
0.19985075
0.08173593
0.07261441
0.022970056
0.24641041
0.0076888953
0.34660152
2.3419359
test_mean_abs_value
0.87540394
0.83610153
0.8533729
0.9134172
0.9403397
0.8029662
0.9344037
0.8633962
0.9349288
0.89369106
0.7990605
0.8352572
0.9174538
0.8465282
0.95221823
0.8892064
0.9734746
0.95312566
0.9689764
1.3633951
1.1176138
0.8858972
0.90862834
0.8290276
0.9870513
0.9914626
0.9139147
0.96989715
0.9523325
0.82586986
0.8931425
2.3892593
test_variance_value
1.1820834
1.0878558
1.1040819
1.2488545
1.3618753
1.0005667
1.1810455
1.1474531
1.355419
1.248446
0.9751135
1.0822957
1.294436
1.11147
1.3883406
1.1423162
1.4455006
1.3615655
1.4529685
1.281293
1.4964825
1.1744361
1.2572137
1.0638896
1.4818208
1.5118626
1.2746019
1.444045
1.3540105
1.0559475
1.1469569
2.1675303
test_mean_costs
0.70027834
0.72043246
0.710599
0.7317152
0.73114026
0.6861008
0.7354223
0.71868515
0.7253116
0.7661915
0.68458617
0.65740305
0.726642
0.6885244
0.7440647
0.73619753
0.7858665
0.74836004
0.7649026
0.721524
0.8417641
0.7344864
0.7539166
0.70214367
0.8016219
0.7663266
0.7305463
0.75322086
0.7348967
0.6716002
0.73734
0.91294885
test_mean_abs_costs
0.70027834
0.72043246
0.710599
0.7317152
0.73114026
0.6861008
0.7354223
0.71868515
0.7253116
0.7661915
0.68458617
0.65740305
0.726642
0.6885244
0.7440647
0.73619753
0.7858665
0.74836004
0.7649026
0.721524
0.8417641
0.7344864
0.7539166
0.70214367
0.8016219
0.7663266
0.7305463
0.75322086
0.7348967
0.6716002
0.73734
0.91294885
test_variance_costs
0.0060414444
0.0063886424
0.00518902
0.006454361
0.006461472
0.0053250315
0.005951243
0.0063029355
0.006562039
0.0077411523
0.0046878825
0.005553972
0.006344205
0.005164621
0.007730369
0.0056349994
0.0075029572
0.0069641774
0.0075288843
0.004190268
0.008577634
0.005619999
0.0063942303
0.0065289573
0.008620663
0.0075411317
0.0068480996
0.008471474
0.0067732297
0.005639856
0.006087185
0.006120211
test_mean_wealth
-3.7190757
-3.7230184
-3.6596067
-3.710142
-3.7759862
-3.691734
-3.2550852
-3.7265227
-3.8273277
-3.642754
-3.5578296
-3.532015
-3.8320642
-3.7636085
-3.718901
-3.5483096
-3.9022028
-3.4912152
-3.8868165
-2.8213425
-3.2127328
-3.7068787
-3.697612
-3.5773673
-3.715646
-3.8166287
-3.7792778
-3.7354264
-3.424823
-3.5381343
-3.3239465
-1.6170231
test_mean_abs_wealth
3.7190838
3.7230184
3.6596236
3.7101896
3.7760098
3.691734
3.257985
3.7265294
3.8273335
3.642761
3.5578344
3.5320265
3.8320644
3.7636151
3.7189429
3.5483992
3.9022179
3.4912949
3.8868313
2.8399434
3.2153044
3.706885
3.6976407
3.5773742
3.7156935
3.8166628
3.7792842
3.735453
3.4249086
3.5381353
3.324044
1.9412415
test_variance_wealth
0.46930188
0.43132898
0.5402436
0.56702316
0.5045472
0.43396536
0.7665028
0.4557905
0.48628655
0.46356666
0.4986947
0.46025997
0.4706256
0.46266857
0.48506206
0.59447855
0.53727
0.57792896
0.48543084
1.2513877
0.8402483
0.5607978
0.5344233
0.44231296
0.5710197
0.5217635
0.48170578
0.48920032
0.57892483
0.46805754
0.6133596
2.644567
test_wealth_with_price_abs_mean
0.7810342
0.802148
0.72307813
0.7342878
0.7817253
0.7683774
0.72440463
0.7916874
0.80490285
0.79274946
0.7034487
0.7554509
0.80214214
0.77715576
0.806951
0.7004664
0.79892
0.7263621
0.8260066
0.9352033
0.7346696
0.717252
0.7520968
0.79018295
0.7859149
0.81541115
0.7821849
0.8351554
0.72255874
0.77816904
0.69846135
1.7027477
test_wealth_with_price_variance
0.46930188
0.43132898
0.5402436
0.56702316
0.5045472
0.43396536
0.7665028
0.4557905
0.48628655
0.46356666
0.4986947
0.46025997
0.4706256
0.46266857
0.48506206
0.59447855
0.53727
0.57792896
0.48543084
1.2513877
0.8402483
0.5607978
0.5344233
0.44231296
0.5710197
0.5217635
0.48170578
0.48920032
0.57892483
0.46805754
0.6133596
2.644567
price
3.0603423
3.0130706
3.1465735
3.198505
3.1390042
3.0295596
2.984791
3.0444443
3.144562
2.964682
3.0449772
2.9048562
3.1436925
3.106813
3.0318735
3.131831
3.2570677
3.0022762
3.1749437
3.28471
3.0477226
3.21858
3.1267097
2.8882964
3.1160908
3.1397293
3.1263328
3.010025
2.9445317
2.8802578
2.9337447
3.049402
train_time
27.71900860000001
15.3991628
29.913663299999996
23.831923500000016
27.079652099999976
28.62673989999996
21.954618299999993
16.03843649999999
24.59783920000018
19.828866199999993
28.295655399999987
33.36589060000006
33.42813860000024
27.827278000000206
16.639199400000052
27.739210700000058
20.68336390000013
36.97161090000009
30.41472500000009
35.772398400000384
21.92573590000029
30.884803900000406
20.751058099999682
25.188621399999647
29.67492619999939
24.280067800000324
34.612240099999326
23.51157250000051
35.5373368999999
29.641993700000057
36.81999170000017
46.116372299999966


================================================================================
=== deep network
train_risk
6.378597
6.424396
6.4790397
6.799402
6.7183614
6.186451
6.488129
6.461156
6.321514
5.640826
5.820029
5.534139
7.018751
5.713388
6.406584
6.8444853
6.3638716
6.4889717
5.8775196
5.5847254
6.6087985
6.966649
7.740244
5.3868
6.60469
5.7802844
6.151687
6.690286
5.4121532
5.5984774
6.8883276
5.083446
test_risk
6.372922
6.421253
6.4820337
6.8115687
6.7027197
6.1802783
6.492135
6.4703636
6.3164067
5.6429415
5.8088045
5.539934
7.0216174
5.704123
6.408798
6.856551
6.3705387
6.5094733
5.867393
5.6004357
6.6168966
6.9619813
7.7358046
5.400304
6.608629
5.793349
6.154254
6.690806
5.424663
5.613011
6.900592
5.083354
test_mean_value
0.05421107
-0.0032840536
0.5205926
1.122851
0.22170901
0.06459969
1.1222937
0.29054123
0.02430447
0.21681592
0.67830664
0.043801196
0.07226357
0.03389009
0.2562043
0.9918227
0.21534474
0.5489285
0.06988407
1.699927
1.2585481
0.75248885
0.4839803
0.00661451
0.50230116
0.19380885
0.11100322
0.07316251
0.38126022
0.02115698
0.8095815
3.2317183
test_mean_abs_value
0.5015389
0.4229102
0.83698934
1.4887122
0.70030165
0.4437474
1.3354383
0.7594505
0.41549876
0.6307985
0.9199544
0.5414102
0.58987796
0.53463835
0.7566433
1.2340249
0.84931195
0.90297174
0.68340343
1.7782121
1.5090525
1.0488043
0.90739745
0.5637269
0.9791576
0.77711624
0.6821377
0.64608616
0.85826814
0.28281727
1.0712192
3.2561584
test_variance_value
0.4332502
0.32708988
0.9610644
2.2762175
0.73968804
0.32429442
1.4985076
0.84617573
0.3357926
0.5899663
0.89605415
0.47421283
0.57521826
0.45532098
0.88121617
1.3411223
1.0535656
0.98799235
0.737699
1.584803
1.8312256
1.1492817
1.081276
0.49247095
1.2257496
0.8894567
0.7137733
0.6783906
0.9652984
0.1527397
1.1770768
2.8313682
test_mean_costs
0.8282555
0.8593639
0.6434351
0.88997495
1.1271573
0.56526613
1.3907143
0.6346571
0.6906865
0.41583216
0.22042124
0.39822027
1.298657
0.3771022
0.715542
1.407093
1.0976729
1.1489702
0.47335804
0.53102785
1.5861347
1.2838049
2.069796
0.35229734
1.3776512
0.49473017
0.81476647
1.0421041
0.55661774
0.16910094
1.5403122
1.3067979
test_mean_abs_costs
0.8282555
0.8593639
0.6434351
0.88997495
1.1271573
0.56526613
1.3907143
0.6346571
0.6906865
0.41583216
0.22042124
0.39822027
1.298657
0.3771022
0.715542
1.407093
1.0976729
1.1489702
0.47335804
0.53102785
1.5861347
1.2838049
2.069796
0.35229734
1.3776512
0.49473017
0.81476647
1.0421041
0.55661774
0.16910094
1.5403122
1.3067979
test_variance_costs
0.014639855
0.05126667
0.027422419
0.055501323
0.023278086
0.02471348
0.03913393
0.050416324
0.05147807
0.020694591
0.020375693
0.003924703
0.051856942
0.0071327724
0.040212452
0.02447354
0.016279908
0.0279222
0.010258299
0.051450226
0.06231041
0.03910809
0.07404581
0.003696613
0.021669798
0.01361768
0.008104778
0.019278735
0.008598454
0.0074483417
0.060904246
0.03546714
test_mean_wealth
-3.823978
-3.8721068
-3.2606046
-2.9601316
-4.039229
-3.5263002
-3.251646
-3.3829138
-3.8036025
-3.1598067
-2.580426
-3.2585313
-4.3630867
-3.4422936
-3.487082
-3.5407016
-4.131269
-3.59796
-3.5672095
-2.1111114
-3.3706875
-3.7409708
-4.7045703
-3.2298753
-3.989225
-3.4329593
-3.825109
-3.9741173
-3.1116943
-3.022167
-3.6639385
-1.1210898
test_mean_abs_wealth
3.8240347
3.872261
3.2993698
3.0921652
4.0393853
3.5267115
3.2935724
3.3897038
3.8036087
3.1626208
2.640102
3.2586937
4.3631973
3.442357
3.4908612
3.5583549
4.131301
3.606629
3.5673738
2.3246992
3.4142673
3.749936
4.705035
3.2299747
3.9898703
3.4336739
3.8251562
3.9743505
3.1133409
3.0226579
3.6773353
1.844724
test_variance_wealth
1.3803098
1.3606952
2.6185606
3.779812
1.5346571
1.5281436
2.6682496
2.1161706
1.3184211
1.3595829
2.384607
1.1103162
1.483478
1.1047492
1.8440864
2.5800617
1.1247121
2.0143957
1.1512328
3.0577168
2.7062736
2.3701317
2.0807366
1.0136137
1.5479926
1.2207389
1.1717151
1.5485668
1.1972098
1.3688807
2.4503224
3.9499416
test_wealth_with_price_abs_mean
1.1122015
1.1538436
1.2891452
1.5484161
1.2242175
1.0569041
1.3188306
1.1879734
1.0442486
0.9352653
1.286744
0.8788262
1.4044167
0.873871
1.1312491
1.318922
1.1123582
1.2286494
0.9043995
1.6751251
1.3319354
1.2919893
1.7721866
0.8420133
1.2223201
0.9024593
1.025767
1.257688
0.8771211
0.93728465
1.3785634
2.2548127
test_wealth_with_price_variance
1.3803098
1.3606952
2.6185606
3.779812
1.5346571
1.5281436
2.6682496
2.1161706
1.3184211
1.3595829
2.384607
1.1103162
1.483478
1.1047492
1.8440864
2.5800617
1.1247121
2.0143957
1.1512328
3.0577168
2.7062736
2.3701317
2.0807366
1.0136137
1.5479926
1.2207389
1.1717151
1.5485668
1.1972098
1.3688807
2.4503224
3.9499416
price
3.0603423
3.0130706
3.1465735
3.198505
3.1390042
3.0295596
2.984791
3.0444443
3.144562
2.964682
3.0449772
2.9048562
3.1436925
3.106813
3.0318735
3.131831
3.2570677
3.0022762
3.1749437
3.28471
3.0477226
3.21858
3.1267097
2.8882964
3.1160908
3.1397293
3.1263328
3.010025
2.9445317
2.8802578
2.9337447
3.049402
train_time
51.6061526
51.503776000000016
44.62357309999999
44.61734010000009
52.907560099999955
47.575359599999956
53.81131859999982
47.86893239999995
54.2880861000001
120.31737350000003
181.9425378000003
147.1721961000003
60.8064446999997
226.11165470000014
54.88057620000018
64.8861382
109.85488310000028
65.6917142999996
167.50446960000045
203.88129669999944
66.35701739999968
143.4560158000004
71.55623070000001
196.71903380000003
77.01831960000072
166.60518169999978
179.20816339999965
79.4358686000005
218.98292500000025
215.58923649999997
75.32724589999998
135.99951239999973


================================================================================
=== twin network feature map
train_risk
5.214233
5.176844
5.251529
5.305374
5.3168626
5.1451707
5.0773654
5.2092996
5.333793
5.0905056
5.1190987
5.033774
5.316339
5.253669
5.255283
5.1690598
5.4400735
5.101865
5.4337325
4.972931
5.0134907
5.30962
5.2725577
4.9991274
5.327374
5.302851
5.26779
5.2648587
5.065765
4.998614
4.9849935
4.740043
test_risk
5.207788
5.1746345
5.2623396
5.3049593
5.3017883
5.147795
5.0805774
5.2108502
5.321764
5.0867214
5.1173277
5.03635
5.3214927
5.2582984
5.2574754
5.175626
5.442237
5.1056414
5.4325304
4.9824314
5.016902
5.312372
5.277459
5.0080733
5.3395424
5.3083115
5.269191
5.2678285
5.0713253
5.0089064
4.991037
4.7346334
test_mean_value
0.035806585
0.009700711
0.20402947
0.24123104
0.09811426
0.024817772
0.4976413
0.041530434
0.041036643
0.13394552
0.17914268
0.042388942
0.039441768
0.033479013
0.0650647
0.3480715
0.15915018
0.2839807
0.04872759
1.3072623
0.80742824
0.2610449
0.20134558
0.008691568
0.24947701
0.09419279
0.08058678
0.024498101
0.29420197
0.0150337955
0.38639036
2.3327632
test_mean_abs_value
0.8079668
0.7699332
0.8027514
0.84837145
0.8867549
0.71581125
0.8679963
0.7829558
0.8817954
0.7982604
0.7410264
0.75328
0.86534
0.7748978
0.8851058
0.84654564
0.887482
0.8852868
0.9269288
1.4532499
1.1397485
0.81855905
0.8412678
0.76152676
0.901354
0.932106
0.8620825
0.89600027
0.86490476
0.7437811
0.82790536
2.375618
test_variance_value
1.0015563
0.9170494
0.9750514
1.0736561
1.2075748
0.79626817
0.9968358
0.94266737
1.2026968
0.99518585
0.83496577
0.87959194
1.1452621
0.93069655
1.2029891
1.0101026
1.195237
1.1747931
1.3271066
1.2673146
1.3614842
0.9947396
1.0706611
0.89723426
1.2345456
1.3320037
1.132142
1.2341807
1.0958854
0.8575131
0.96868443
2.080108
test_mean_costs
0.6118424
0.6197765
0.66625077
0.6554397
0.6511696
0.56513405
0.6914873
0.6262075
0.6551403
0.6090421
0.6436021
0.55436873
0.6404379
0.60383666
0.65502155
0.6586131
0.658191
0.6778397
0.71846205
0.6749745
0.78186065
0.6378417
0.68473595
0.58965176
0.7282201
0.6770192
0.6571572
0.64458126
0.62958276
0.562488
0.66496974
0.93101466
test_mean_abs_costs
0.6118424
0.6197765
0.66625077
0.6554397
0.6511696
0.56513405
0.6914873
0.6262075
0.6551403
0.6090421
0.6436021
0.55436873
0.6404379
0.60383666
0.65502155
0.6586131
0.658191
0.6778397
0.71846205
0.6749745
0.78186065
0.6378417
0.68473595
0.58965176
0.7282201
0.6770192
0.6571572
0.64458126
0.62958276
0.562488
0.66496974
0.93101466
test_variance_costs
0.006988702
0.0055083814
0.00633595
0.008206324
0.007146338
0.0053390306
0.008868061
0.00702763
0.007952506
0.0076232855
0.005618944
0.005342621
0.006317286
0.0064008213
0.0076224357
0.006189197
0.0078199785
0.009756005
0.0083551025
0.006707854
0.009503216
0.006739838
0.008007386
0.006341645
0.010854382
0.0077475384
0.0067900135
0.009487561
0.008231999
0.006316702
0.007490909
0.009423023
test_mean_wealth
-3.6259694
-3.6195345
-3.5999835
-3.6072164
-3.686836
-3.5659502
-3.1770716
-3.623475
-3.7513242
-3.435887
-3.5027707
-3.416092
-3.7376897
-3.669439
-3.6177013
-3.435973
-3.7479815
-3.391777
-3.83347
-2.647723
-3.0175333
-3.5864515
-3.6021447
-3.4651527
-3.592618
-3.7148645
-3.6979163
-3.6252587
-3.2717175
-3.4216774
-3.2117875
-1.6442616
test_mean_abs_wealth
3.6259816
3.6195362
3.6000016
3.6072812
3.686879
3.5659504
3.181728
3.6234872
3.7513385
3.4359157
3.5027757
3.4161022
3.7376897
3.669449
3.6177542
3.436092
3.748005
3.391896
3.8334968
2.6829948
3.0244734
3.58647
3.6021771
3.46516
3.5927086
3.7148964
3.6979244
3.6252947
3.2718093
3.4216847
3.2120466
1.9803461
test_variance_wealth
0.56882286
0.5488289
0.65121245
0.6900691
0.6119664
0.568375
0.95130867
0.57868105
0.57904726
0.63558644
0.5992064
0.59847397
0.56839675
0.58052033
0.6163141
0.7176616
0.6709779
0.69578075
0.5986162
1.5083034
1.0675727
0.6988556
0.65466154
0.5382865
0.72578996
0.5917477
0.57360166
0.62514323
0.76153547
0.5673748
0.7516939
2.7865505
test_wealth_with_price_abs_mean
0.75950664
0.7752027
0.74234134
0.7414103
0.77062964
0.7435347
0.7862778
0.77211386
0.7894775
0.74368954
0.72064364
0.7434017
0.77602684
0.76355827
0.7893976
0.7174354
0.7657173
0.73588115
0.8283735
1.0712266
0.81123805
0.7294285
0.7528734
0.7522933
0.7831569
0.7765835
0.76697737
0.8100992
0.74375486
0.7449306
0.72539485
1.7106264
test_wealth_with_price_variance
0.56882286
0.5488289
0.65121245
0.6900691
0.6119664
0.568375
0.95130867
0.57868105
0.57904726
0.63558644
0.5992064
0.59847397
0.56839675
0.58052033
0.6163141
0.7176616
0.6709779
0.69578075
0.5986162
1.5083034
1.0675727
0.6988556
0.65466154
0.5382865
0.72578996
0.5917477
0.57360166
0.62514323
0.76153547
0.5673748
0.7516939
2.7865505
price
3.0603423
3.0130706
3.1465735
3.198505
3.1390042
3.0295596
2.984791
3.0444443
3.144562
2.964682
3.0449772
2.9048562
3.1436925
3.106813
3.0318735
3.131831
3.2570677
3.0022762
3.1749437
3.28471
3.0477226
3.21858
3.1267097
2.8882964
3.1160908
3.1397293
3.1263328
3.010025
2.9445317
2.8802578
2.9337447
3.049402
train_time
36.41019750000001
14.311715299999946
17.75856650000003
23.561784999999986
25.999991600000044
29.926028000000088
25.328198799999882
14.745856199999935
24.408778500000153
27.448925099999997
18.2552969999997
32.14691579999999
41.78030799999988
28.043564799999785
20.976184000000103
27.161231200000202
42.39714490000006
35.24581380000018
30.2601994000006
35.55774569999994
20.3656675000002
30.073549200000343
19.21344709999994
31.009394599999723
24.73422970000047
53.69450289999986
40.839526799999476
29.940169699999387
49.72524529999919
29.670918099999653
43.09989229999974
31.944317299999966


