================================================================================
=== deep network w. relu
train_risk
6.7284575
7.414252
7.214774
8.217207
7.7887297
7.850895
7.8879614
7.521263
8.391634
7.8174076
8.031706
7.446869
8.226519
7.3129997
7.4430556
6.79116
7.9502497
8.194286
6.5303035
7.412353
7.3251634
7.8271255
7.802312
7.0256615
8.402819
7.874109
7.86715
7.9679756
8.167824
7.510278
8.206919
8.109653
test_risk
6.721895
7.416294
7.2300506
8.234174
7.8073893
7.8621597
7.8993707
7.55546
8.388976
7.8231573
8.026755
7.442237
8.221238
7.3158917
7.4456906
6.8024974
7.950288
8.216574
6.5227156
7.40464
7.3472476
7.81887
7.7925324
6.9972844
8.408589
7.886062
7.849996
7.9723554
8.154797
7.520077
8.210525
8.116563
test_mean_value
-0.008329612
-0.04624666
-0.03584858
-0.09064624
-0.049015824
-0.068895206
-0.039080963
-0.05151863
-0.07153263
-0.06829139
-0.09496028
-0.04860287
-0.107828416
-0.0576272
-0.04366019
-0.004663088
-0.13118254
0.32246676
-0.003941531
-0.05085307
-0.03877712
-0.08477536
-0.056375917
-0.022618232
-0.11388717
-0.104387745
-0.080687806
-0.09045298
-0.09786873
-0.02992216
-0.10919841
-0.1320884
test_mean_abs_value
1.132548
0.23289448
0.65922534
1.2267774
0.40865633
1.0478419
1.0893432
0.5500474
1.0001723
0.6914501
0.8663407
0.32773975
0.7417295
0.7943318
0.31914645
1.080286
0.7691992
0.80353034
1.1939646
1.1002396
0.28817832
0.47313368
0.32635748
0.7875396
0.9558455
0.7287036
0.36440754
0.98663795
1.1673912
1.1704396
1.4383371
0.9170972
test_variance_value
2.0016377
0.084572524
0.8669877
2.398083
0.2625032
1.9150634
1.9213965
0.5248878
1.5968468
0.8709164
1.2139847
0.16872288
0.9134545
1.0888171
0.18038516
1.9868625
0.9279487
1.1479496
2.2599275
1.991782
0.1364728
0.40829664
0.17956452
1.1666924
1.7626878
0.88705856
0.21311937
1.6130477
2.3432195
2.2630231
3.5418906
1.3196185
test_mean_costs
0.38815737
0.01020177
0.34493923
0.035002854
0.20892887
0.55022335
0.5973932
0.16240866
0.124314345
0.42192718
0.09164139
0.05010483
0.21331245
0.31488973
0.09605767
0.36078843
0.04202522
0.5383262
0.5307412
0.4429521
0.11470741
0.20952958
0.3401243
0.29130527
0.3430095
0.2712021
0.16717643
0.23164007
0.41886008
0.38267604
0.45896006
0.09263722
test_mean_abs_costs
0.38815737
0.01020177
0.34493923
0.035002854
0.20892887
0.55022335
0.5973932
0.16240866
0.124314345
0.42192718
0.09164139
0.05010483
0.21331245
0.31488973
0.09605767
0.36078843
0.04202522
0.5383262
0.5307412
0.4429521
0.11470741
0.20952958
0.3401243
0.29130527
0.3430095
0.2712021
0.16717643
0.23164007
0.41886008
0.38267604
0.45896006
0.09263722
test_variance_costs
0.013162147
0.00046484536
0.03577415
0.0047007147
0.0025073192
0.052424207
0.06984307
0.008756118
0.024013128
0.033847846
0.05137671
0.00040081504
0.044066288
0.026806386
0.0137098115
0.01546969
0.0076707364
0.09695372
0.0144829005
0.021975748
0.006265093
0.0246977
0.008329198
0.012870898
0.09665547
0.01569603
0.01170149
0.036702674
0.04707857
0.015832901
0.1512565
0.0010818075
test_mean_wealth
-3.231573
-2.9734232
-3.3778648
-3.0096743
-3.556426
-3.475901
-3.687389
-3.3837483
-3.437782
-3.4851308
-3.0503654
-3.206196
-3.4967937
-3.2676723
-3.253415
-3.177093
-3.0409856
-3.144295
-3.3932376
-3.5230172
-3.0327823
-3.3072355
-3.1673112
-3.1665766
-3.3438597
-3.254316
-3.3542714
-3.5681117
-3.8335664
-3.402684
-4.1153593
-3.2031286
test_mean_abs_wealth
3.2497437
2.993569
3.4012146
3.5971217
3.5836973
3.5164607
3.733091
3.4110096
3.6061535
3.5053701
3.2094967
3.2312398
3.5626597
3.309618
3.268673
3.2182002
3.1453278
3.2515943
3.406325
3.5550504
3.0451
3.3305814
3.1782687
3.2043898
3.488765
3.304591
3.369425
3.722031
3.9375043
3.4664423
4.259368
3.3429832
test_variance_wealth
2.7274036
4.075556
3.3822465
8.418425
4.0537734
4.260486
3.9895642
3.8836665
5.992808
4.0694537
5.7125835
3.9044597
5.3975616
3.7236915
3.7635753
3.1489956
4.830024
5.5034895
2.3236303
3.5140202
3.8412654
4.353763
4.379688
3.3712413
6.5211844
4.529908
4.526035
5.2867537
5.7071314
4.1601324
5.508029
5.124378
test_wealth_with_price_abs_mean
1.35327
1.6427554
1.5115258
2.3322387
1.6402842
1.7141259
1.6578537
1.6081673
1.984883
1.6722366
1.9673154
1.6053833
1.9213015
1.5811921
1.5739679
1.4614065
1.7478775
1.917654
1.2908229
1.5528378
1.5968231
1.7026231
1.7229104
1.4993414
2.117247
1.7335465
1.7620488
1.8643243
2.041282
1.6869771
1.9439478
1.7874559
test_wealth_with_price_variance
2.7274036
4.075556
3.3822465
8.418425
4.0537734
4.260486
3.9895642
3.8836665
5.992808
4.0694537
5.7125835
3.9044597
5.3975616
3.7236915
3.7635753
3.1489956
4.8300233
5.5034895
2.3236303
3.5140202
3.8412654
4.353763
4.379688
3.3712413
6.5211844
4.529908
4.526035
5.2867537
5.7071314
4.1601324
5.508029
5.124378
price
2.8382812
2.92075
3.0045977
2.8826637
3.309813
2.8542626
3.056308
3.1728644
3.2502978
3.0055351
2.862106
3.1136165
3.1748424
2.8983264
3.1209712
2.8049147
2.8699558
2.9307837
2.862469
3.0266845
2.881343
3.0261812
2.769164
2.8491857
2.8776078
2.889823
3.1018586
3.2547631
3.329822
2.996991
3.554025
2.9832807
train_time
76.84456999999999
66.6395302
84.54292949999999
70.88285480000002
35.98310449999997
59.79041790000002
37.89669959999998
88.60661250000004
76.97735869999997
93.49768569999992
89.23665619999997
52.813679699999966
60.24407689999998
106.86099249999984
77.60259659999997
131.8509094000001
142.2823343
61.76373699999999
117.20720649999998
84.75698720000014
92.44911849999994
136.86757260000013
48.91813060000004
65.35541859999967
119.06456190000017
120.61732000000029
74.2537226999998
74.92652279999993
91.27088810000032
130.02986169999986
156.23184059999994
81.16200260000005


