================================================================================
=== value network
train_time
7.5032260000000015
7.397463099999996
8.151884700000004
7.533391999999992
7.598143800000003
7.866874500000009
7.378717300000005
7.5185208000000046
7.382830999999982
7.375838700000003
7.421812299999999
7.375725299999999
4.701465199999973
2.8116140999999857
7.479854599999953
7.615884400000027
7.584360300000014
7.448746899999946
7.5650838999999905
7.300659900000028
7.543656800000008
7.5620270000000005
7.566349800000012
7.454398099999992
7.353163300000006
4.555270199999995
7.3873358999999255
7.5283309000000145
7.638136799999984
7.4750905000000785
7.541044899999974
7.470518800000036
9.240328900000009
7.415081799999939
7.469333400000096
7.593171999999981
7.443151499999999
4.61841359999994
7.490991399999984
7.473141800000008
4.605683499999941
7.290956800000004
7.648552999999993
7.535686100000021
8.23814429999993
7.505812600000013
9.148425599999996
8.87282140000002
7.447944999999891
7.504240299999992
7.6081208000000515
7.406230200000209
7.508543400000008
7.611428899999964
7.612337000000025
7.502294899999924
7.624663000000055
7.464876600000025
7.503825300000017
8.54273390000003
7.711640999999872
7.425610399999869
7.605940099999998
7.508337900000015
7.453392699999995
7.367790399999876
7.326482499999884
7.4522426999999425
7.481339100000014
2.4029284999999163
7.548068499999999
7.357481900000039
7.444555400000127
7.4613489000000754
7.584388600000011
7.432833599999867
7.368392500000027
7.509148200000027
7.745945200000051
7.50997150000012
7.378612700000076
7.337751000000026
7.537307999999939
2.0904759000000013
7.589433099999951
7.676542200000085
7.534784400000035
7.620739000000185
8.651700899999923
7.696052300000019
7.596970699999929
7.370126099999879
2.344449799999893
7.3597495999999865
7.573150800000349
12.75769709999986
8.783894099999998
8.224021500000163
7.538528399999905
8.345766100000219
7.772385400000076
9.900450900000124
11.818009900000106
2.756282299999839
10.078912899999978
9.717901800000163
5.08761850000019
8.676614699999845
8.930109699999775
7.728798600000118
10.562496099999862
7.607266099999833
7.906932200000028
4.770958900000096
9.12005279999994
8.655976900000041
7.748580200000106
8.849020499999824
9.041377000000011
8.232516499999747
9.30538690000003
7.631039500000043
7.709688099999767
7.590451300000041
10.188977700000123
7.408884799999669
7.631549899999754
7.704632399999809
test_delta_mean_squared_error
0.05716436728835106
0.057790607213974
0.06166084483265877
0.0480881929397583
0.05778300762176514
0.05798209086060524
0.05529356747865677
0.04837249219417572
0.040180306881666183
0.04317234456539154
0.049762412905693054
0.05355791002511978
0.05464143678545952
0.048316821455955505
0.05005691200494766
0.04689351096749306
0.05946297198534012
0.049072131514549255
0.0533917210996151
0.05058998987078667
0.060847967863082886
0.07670892775058746
0.056347060948610306
0.05565912276506424
0.04856351763010025
0.04246855899691582
0.053075700998306274
0.049510110169649124
0.053569305688142776
0.05799826979637146
0.047431040555238724
0.041441600769758224
0.04872554913163185
0.05310831591486931
0.05082621052861214
0.04302765801548958
0.05471666157245636
0.061067916452884674
0.06530548632144928
0.07099832594394684
0.05227699503302574
0.04750479385256767
0.05180887505412102
0.06049409136176109
0.07020369172096252
0.04782923683524132
0.06332852691411972
0.05759232118725777
0.05612047389149666
0.05011675879359245
0.051414113491773605
0.04588889330625534
0.05043787509202957
0.04481855779886246
0.059724364429712296
0.059370022267103195
0.061571501195430756
0.05011817067861557
0.052169863134622574
0.05541052669286728
0.0644540786743164
0.07336988300085068
0.06369079649448395
0.05618409439921379
0.05141880735754967
0.05212997645139694
0.05769882723689079
0.051693107932806015
0.043403260409832
0.04564788192510605
0.05648024380207062
0.06129167228937149
0.057614389806985855
0.06050487980246544
0.060134440660476685
0.04559682682156563
0.05319690704345703
0.046912528574466705
0.04870498925447464
0.05048516020178795
0.06533826142549515
0.046861495822668076
0.0440979078412056
0.04286715388298035
0.05781020224094391
0.054661158472299576
0.04733036085963249
0.04744888097047806
0.06831955909729004
0.05496373400092125
0.05121108889579773
0.06533536314964294
0.054542768746614456
0.04489300400018692
0.06185793876647949
0.07284418493509293
0.045770928263664246
0.05555751547217369
0.04659951478242874
0.04678450897336006
0.05535819008946419
0.04915904253721237
0.0658959448337555
0.038250576704740524
0.05281266197562218
0.043068017810583115
0.05429593473672867
0.043211329728364944
0.07342010736465454
0.04581668600440025
0.04944274201989174
0.06718539446592331
0.05605144426226616
0.06481090188026428
0.05052241310477257
0.06308048218488693
0.048538435250520706
0.04797912761569023
0.05139228701591492
0.057045236229896545
0.06278495490550995
0.053157102316617966
0.05123526230454445
0.04624924063682556
0.06310614943504333
0.04376084357500076
0.053741950541734695
0.051292598247528076
test_delta_mean_absolute_error
0.12437674403190613
0.1273239254951477
0.13452783226966858
0.10574143379926682
0.12737061083316803
0.1267215460538864
0.12131267040967941
0.10524675995111465
0.08780523389577866
0.0939866378903389
0.10829068720340729
0.11779668927192688
0.11874884366989136
0.10572808980941772
0.10871681571006775
0.10287217050790787
0.13090573251247406
0.10709075629711151
0.1173253133893013
0.11044596880674362
0.13358527421951294
0.16849316656589508
0.1233024075627327
0.12084071338176727
0.10686708241701126
0.09191187471151352
0.11583156883716583
0.10833386331796646
0.11677555739879608
0.1259923130273819
0.10402320325374603
0.0909939780831337
0.10605773329734802
0.11715088784694672
0.11124951392412186
0.09397946298122406
0.12011711299419403
0.13429413735866547
0.1425311267375946
0.15606877207756042
0.11414822936058044
0.1034485399723053
0.111973837018013
0.13331158459186554
0.1533239185810089
0.10461893677711487
0.1386565864086151
0.12717728316783905
0.1222202330827713
0.10983677953481674
0.11159215122461319
0.10020100325345993
0.11017757654190063
0.09810250997543335
0.1318550407886505
0.1292431801557541
0.1346084326505661
0.109811931848526
0.11365064233541489
0.12116043269634247
0.1416330188512802
0.1589905470609665
0.1395886242389679
0.12214131653308868
0.11155988276004791
0.11304954439401627
0.1275772899389267
0.11320778727531433
0.09496050328016281
0.10068676620721817
0.12402720749378204
0.133727565407753
0.12469524145126343
0.13266941905021667
0.13083896040916443
0.0994301587343216
0.11634399741888046
0.10198067128658295
0.106120765209198
0.10852039605379105
0.14451910555362701
0.1023334413766861
0.09629947692155838
0.09328268468379974
0.12649662792682648
0.11978475004434586
0.10423769801855087
0.10403594374656677
0.15065032243728638
0.12116214632987976
0.11280215531587601
0.14521509408950806
0.12136737257242203
0.09806478023529053
0.13522985577583313
0.15892603993415833
0.10009022057056427
0.12176501750946045
0.10122672468423843
0.10177285969257355
0.12149866670370102
0.10523995757102966
0.14514581859111786
0.08399849385023117
0.11485113948583603
0.09357179701328278
0.11889726668596268
0.09511969983577728
0.16150923073291779
0.09972289204597473
0.10786201059818268
0.14580784738063812
0.12239355593919754
0.140523299574852
0.11019320785999298
0.1391603648662567
0.10592144727706909
0.10395853966474533
0.11240363121032715
0.1257452517747879
0.13741916418075562
0.11765678226947784
0.11196834594011307
0.10138408839702606
0.1371711641550064
0.0954837054014206
0.11725527048110962
0.1122070923447609


================================================================================
=== twin network
train_time
2.5127059000000003
2.1973740000000035
2.8152892999999963
10.7197326
8.932018400000004
2.682773499999996
2.4941199000000154
2.468430799999993
5.535707900000006
9.055603999999988
9.085533499999997
2.532111399999991
5.621724999999969
8.902536700000041
8.894975399999964
9.128800599999977
9.391315700000007
9.486086499999999
8.937463999999977
8.784355399999981
8.905562299999985
2.485809599999982
8.7831415
2.951493100000107
2.599156100000073
5.5434721999999965
5.619609699999955
8.78564110000002
2.2465658999999505
9.838104899999962
2.819654700000001
8.843217700000082
8.894555299999979
9.076797899999974
9.130197599999974
8.852853799999934
8.978625800000032
3.336475299999961
2.8556813000000147
2.6153454999999894
5.565538899999979
9.005689499999903
2.4927509000000327
11.938118300000042
9.042501300000026
9.049972900000057
8.817791700000043
9.015042499999936
8.789520699999912
8.932994100000087
9.000128099999984
2.427199700000074
8.897126899999876
8.908259000000044
5.651198300000033
8.79528890000006
9.05743910000001
2.235970400000042
8.954645600000049
9.940890200000013
9.01121820000003
5.513444100000015
2.6882353000000876
8.767344000000094
8.812465299999985
2.092009500000131
9.16842100000008
2.2677880999999616
2.3616241999998238
2.9879201999999623
8.93777810000006
8.99236790000009
8.785408599999982
12.49134980000008
2.1609238999999434
9.18322020000005
8.683066200000212
8.746252400000003
2.3227567000001272
2.6225079000000733
2.7259264999997868
8.866256199999953
8.960646400000087
2.8920287999999346
9.00862630000006
8.997322599999961
9.302022999999963
3.0860099999999875
2.7749992000001384
8.747096900000088
8.947186600000123
2.6428048000000217
2.752171399999952
9.198425100000122
12.516521799999737
4.382670000000417
9.190943999999945
9.238112599999567
8.978027199999815
9.729214099999808
3.0636821000002783
12.994711899999857
10.25390809999999
3.1991964000003463
13.216174799999862
21.1167532999998
6.006024300000263
9.67796959999987
9.048053800000162
12.753418000000238
9.503500000000258
3.3766748000002735
14.531812200000331
5.7832845000002635
10.518150200000036
2.551602500000172
9.407931400000052
2.6726701999996294
2.832734099999925
10.235218599999826
8.909550800000034
9.185513000000356
2.377067200000056
9.165346000000227
2.212065700000039
9.121785700000146
8.860953199999585
8.988669299999856
test_delta_mean_squared_error
0.027646504342556
0.024194877594709396
0.02640802413225174
0.018236083909869194
0.01021749246865511
0.028044041246175766
0.02978098951280117
0.025527682155370712
0.009476655162870884
0.014725849032402039
0.01528078317642212
0.02464115619659424
0.022778162732720375
0.012701927684247494
0.009387957863509655
0.02231166884303093
0.017951669171452522
0.011575484648346901
0.0157124325633049
0.012538575567305088
0.01997510716319084
0.030260328203439713
0.012656002305448055
0.020499804988503456
0.028963912278413773
0.011182613670825958
0.016574330627918243
0.016959624364972115
0.028965584933757782
0.017431680113077164
0.032396383583545685
0.010692529380321503
0.01310392189770937
0.021414224058389664
0.018615970388054848
0.010000406764447689
0.01778143085539341
0.024495717138051987
0.028439700603485107
0.03413989767432213
0.011292892508208752
0.011795632541179657
0.027978379279375076
0.00994136929512024
0.01460060104727745
0.022139260545372963
0.011637060903012753
0.017084717750549316
0.016627173870801926
0.009416530840098858
0.01741955056786537
0.02898305468261242
0.011798003688454628
0.020500747486948967
0.01606961153447628
0.021829821169376373
0.012690529227256775
0.022794082760810852
0.008588324300944805
0.012012414634227753
0.018896298483014107
0.017445825040340424
0.024767281487584114
0.014308067038655281
0.015181796625256538
0.025365790352225304
0.00984162837266922
0.023596351966261864
0.02562251128256321
0.028013871982693672
0.017658501863479614
0.010217382572591305
0.012516345828771591
0.023498360067605972
0.022946303710341454
0.014050829224288464
0.015078122727572918
0.012663016095757484
0.02858498878777027
0.02450011484324932
0.026882044970989227
0.018846509978175163
0.015059388242661953
0.02469651587307453
0.01367175579071045
0.0201422106474638
0.016277030110359192
0.021444212645292282
0.02916734293103218
0.012053470127284527
0.015169905498623848
0.027307240292429924
0.03457970172166824
0.015204641968011856
0.01867523230612278
0.023059075698256493
0.023048413917422295
0.02178054302930832
0.018745465204119682
0.02184266410768032
0.027029242366552353
0.01921909675002098
0.01363450288772583
0.028243310749530792
0.01831163838505745
0.020867876708507538
0.016466815024614334
0.02367297001183033
0.014943601563572884
0.01056944951415062
0.020052418112754822
0.026297718286514282
0.02773353084921837
0.013963439501821995
0.01576283760368824
0.02271660976111889
0.015652773901820183
0.024441903457045555
0.02395188994705677
0.015067270025610924
0.013243773020803928
0.012704925611615181
0.03102695383131504
0.008914998732507229
0.026331840083003044
0.01335437037050724
0.011035207659006119
0.014384576119482517
test_delta_mean_absolute_error
0.06126011535525322
0.05303828790783882
0.05790603533387184
0.03921224921941757
0.022332826629281044
0.06036626920104027
0.06575529277324677
0.05586890131235123
0.02073773555457592
0.03195023909211159
0.03293983265757561
0.05445476621389389
0.049597322940826416
0.027261758223176003
0.020527921617031097
0.048281993716955185
0.0388077013194561
0.025091970339417458
0.03405278921127319
0.02720550261437893
0.043611202389001846
0.06597445160150528
0.027538293972611427
0.04378415644168854
0.06384046375751495
0.024293551221489906
0.03578895330429077
0.036058373749256134
0.06345765292644501
0.03759143128991127
0.07003992795944214
0.02325521409511566
0.027850937098264694
0.046711474657058716
0.03994167596101761
0.02160472795367241
0.03869909420609474
0.05433081090450287
0.06239062547683716
0.07563973218202591
0.02440023049712181
0.025760512799024582
0.06216791644692421
0.021384859457612038
0.03162223473191261
0.048015642911195755
0.025288324803113937
0.03731263056397438
0.03592852130532265
0.02052661031484604
0.03752649202942848
0.06342858821153641
0.02564084343612194
0.04478418081998825
0.03498297929763794
0.047225479036569595
0.027158185839653015
0.049076516181230545
0.01877313293516636
0.026091700419783592
0.04086128994822502
0.03820966184139252
0.05519931763410568
0.031173178926110268
0.03254730626940727
0.05648012086749077
0.0212920680642128
0.0518883652985096
0.056290753185749054
0.06173983961343765
0.03817294165492058
0.022099250927567482
0.027121299877762794
0.050975997000932693
0.05077814683318138
0.030311500653624535
0.032813552767038345
0.027358919382095337
0.06355578452348709
0.053330257534980774
0.059426188468933105
0.04038689658045769
0.03267618641257286
0.05448799580335617
0.030007153749465942
0.04356126859784126
0.03552071750164032
0.04768062010407448
0.06322731822729111
0.025864366441965103
0.03276843577623367
0.059241268783807755
0.07612122595310211
0.03308505192399025
0.04039626196026802
0.05035755783319473
0.05014469102025032
0.047351982444524765
0.040645781904459
0.04779905825853348
0.05993814766407013
0.04162616282701492
0.029497971758246422
0.06288072466850281
0.03972167521715164
0.04497892037034035
0.03479405492544174
0.05137721821665764
0.0324624627828598
0.022942176088690758
0.04328423738479614
0.05862480774521828
0.06100821867585182
0.030384162440896034
0.03388170152902603
0.04912900552153587
0.03401369974017143
0.053470537066459656
0.05260163173079491
0.0323973186314106
0.028585245832800865
0.02718554437160492
0.0685446709394455
0.01939881406724453
0.0572596900165081
0.028574712574481964
0.023980678990483284
0.030668705701828003


================================================================================
=== delta network
train_time
6.317711099999997
6.2206489000000005
6.327428700000006
6.869522599999996
6.388242300000002
7.0423430000000025
6.338370099999992
6.5171847999999954
6.4437269000000015
6.348370499999987
6.457053999999999
6.3015324000000135
6.494123999999999
6.491209999999967
6.458858399999997
6.254560099999992
6.278182100000038
8.345213000000001
6.330436099999986
6.5001481999999555
6.373669599999971
6.346284000000026
7.259001300000023
6.48249850000002
6.281562500000064
6.422288900000012
6.365174600000046
6.410056499999996
6.24888169999997
6.458298000000013
6.413091899999927
6.279498600000011
6.576150400000074
6.970579199999975
6.470324900000037
6.341565400000036
6.433136500000046
6.293237099999942
6.457771999999977
6.410785300000043
6.387187100000006
6.529831000000058
6.235224500000072
7.640261499999951
6.429307300000005
6.457355800000073
6.3571521000000075
6.437182099999973
6.507492399999819
6.405795900000157
6.412942699999803
6.246229999999969
6.473254999999881
6.370695099999921
6.412366499999962
6.47095430000013
6.4494656999997915
6.351494799999955
8.04036629999996
6.331331900000123
6.504611100000147
6.387646399999994
6.291517299999896
6.352436699999998
6.347072200000184
6.2781492999999955
6.354946800000107
6.386535200000026
6.445737899999813
6.451578499999869
6.221120700000029
6.420497299999852
6.356138699999974
6.763920599999892
6.282241399999975
6.23684870000011
6.303479000000152
6.447970299999952
6.415714499999922
6.3918019999998705
6.38966019999998
6.748413400000118
6.443458899999996
6.37099000000012
8.064430800000082
6.454303500000151
6.356879499999877
7.439901299999974
6.43925020000006
6.387294400000201
6.371487299999899
6.751366799999914
6.400087299999996
6.543258199999855
8.9435426
6.684946299999865
6.436643000000004
6.5338025999999445
6.752923899999587
6.614577299999837
8.365639099999953
12.252032800000052
7.455680599999596
6.752084600000217
9.298606700000164
9.6896227000002
6.769307800000206
6.669159800000216
6.5965470000001005
12.349108599999909
8.999147399999856
8.600147399999969
7.119802200000322
6.978947599999628
6.642227700000149
6.778284999999869
7.666368500000317
7.022908599999937
7.499773399999867
8.055778500000088
6.404794600000059
6.690671299999849
6.454505100000006
6.335682699999779
6.714736200000061
6.553775200000018
6.611042300000008
6.438169000000016
test_delta_mean_squared_error
0.01756351627409458
0.01759430766105652
0.01611294411122799
0.018011722713708878
0.01799246110022068
0.016985565423965454
0.0164202693849802
0.017143895849585533
0.016982655972242355
0.016875727102160454
0.017389284446835518
0.016908712685108185
0.01836921088397503
0.017282962799072266
0.016810566186904907
0.016399549320340157
0.017339615151286125
0.016496865078806877
0.016942089423537254
0.016340471804142
0.015993518754839897
0.015486757270991802
0.017008427530527115
0.016541894525289536
0.015740346163511276
0.016938958317041397
0.01907995529472828
0.018280580639839172
0.01542124804109335
0.017756907269358635
0.0179358571767807
0.017091043293476105
0.01639263890683651
0.01748298481106758
0.016792897135019302
0.016742417588829994
0.01685362681746483
0.017218157649040222
0.01705552451312542
0.017413150519132614
0.016028745099902153
0.016399290412664413
0.01779039204120636
0.01687156967818737
0.017030468210577965
0.017808465287089348
0.017141925171017647
0.017073916271328926
0.017376815900206566
0.016746850684285164
0.016095343977212906
0.015950074419379234
0.016615130007267
0.017905881628394127
0.017789846286177635
0.016481418162584305
0.016525696963071823
0.016674522310495377
0.01727421209216118
0.016899539157748222
0.018457705155014992
0.017946932464838028
0.017740270122885704
0.018370790407061577
0.017275558784604073
0.01670233905315399
0.018218230456113815
0.017714079469442368
0.018963318318128586
0.017023488879203796
0.016681496053934097
0.018096745014190674
0.016523318365216255
0.017024120315909386
0.018113039433956146
0.01791984774172306
0.017678771167993546
0.017314022406935692
0.01790209300816059
0.016824163496494293
0.017052674666047096
0.0171867236495018
0.016557861119508743
0.018746724352240562
0.0173044390976429
0.017862468957901
0.018335703760385513
0.01771146059036255
0.016780104488134384
0.016988150775432587
0.01874571479856968
0.017237840220332146
0.017075728625059128
0.015649976208806038
0.01608831249177456
0.018577521666884422
0.016673045232892036
0.01683815009891987
0.016332222148776054
0.016743207350373268
0.017085427418351173
0.01829928159713745
0.01684051752090454
0.01621859148144722
0.017984868958592415
0.01795816980302334
0.016728976741433144
0.01740340143442154
0.017183739691972733
0.016325093805789948
0.017156613990664482
0.017678769305348396
0.01675930991768837
0.01605975069105625
0.01728113181889057
0.01744604855775833
0.016706010326743126
0.016397735103964806
0.01832032948732376
0.01757144182920456
0.016937701031565666
0.016849718987941742
0.01722785271704197
0.017374390736222267
0.01831771619617939
0.017775509506464005
0.016597256064414978
0.017155161127448082
test_delta_mean_absolute_error
0.038766976445913315
0.03888475149869919
0.03539729118347168
0.03967313468456268
0.03960924595594406
0.03735285997390747
0.03610111400485039
0.03777541592717171
0.0373242013156414
0.037224337458610535
0.038537293672561646
0.03740491718053818
0.04052518308162689
0.03825068473815918
0.03716301545500755
0.03632146865129471
0.03831540420651436
0.036276865750551224
0.03746255859732628
0.03608323633670807
0.03521506115794182
0.03407635912299156
0.03763999789953232
0.03657364845275879
0.03467631712555885
0.03729776665568352
0.04189325124025345
0.04014519974589348
0.03386753797531128
0.03900885581970215
0.03961073234677315
0.03764161467552185
0.036224476993083954
0.03829890489578247
0.036940526217222214
0.03676791489124298
0.03706873208284378
0.03808392211794853
0.03774857148528099
0.03840741142630577
0.035375967621803284
0.036225806921720505
0.03922673314809799
0.037054579704999924
0.03749104589223862
0.03912915661931038
0.03778780624270439
0.03771830350160599
0.03823110833764076
0.036768604069948196
0.03558749705553055
0.03515494242310524
0.036655012518167496
0.03939926251769066
0.03936847671866417
0.03618376702070236
0.036285288631916046
0.036808114498853683
0.038175929337739944
0.03715044632554054
0.040552157908678055
0.0394635871052742
0.03905365616083145
0.040229108184576035
0.03802621737122536
0.03689925745129585
0.04025638848543167
0.03900753706693649
0.04187187924981117
0.037534624338150024
0.03682776913046837
0.039934203028678894
0.03642456606030464
0.037496332079172134
0.04001994431018829
0.03938855230808258
0.03905613720417023
0.03816888853907585
0.0393061563372612
0.037222202867269516
0.03756384178996086
0.037885237485170364
0.036372631788253784
0.04127400368452072
0.03821807727217674
0.03922456130385399
0.040439363569021225
0.038998283445835114
0.03682240471243858
0.03756394237279892
0.041306160390377045
0.03801283612847328
0.037525419145822525
0.03459859639406204
0.03542572259902954
0.04078134894371033
0.036851149052381516
0.03707800433039665
0.03595962002873421
0.036816470324993134
0.03781028464436531
0.04014429822564125
0.03700779378414154
0.03581247478723526
0.03970234468579292
0.03952304273843765
0.03685887157917023
0.03847294673323631
0.03778932988643646
0.036051299422979355
0.03785368800163269
0.038892317563295364
0.036967724561691284
0.035417910665273666
0.03813057020306587
0.038568537682294846
0.03690096735954285
0.036027491092681885
0.040377553552389145
0.038761258125305176
0.03737407922744751
0.03702295944094658
0.03784862160682678
0.0384439080953598
0.040459148585796356
0.0393013171851635
0.036438386887311935
0.037778936326503754


