================================================================================
=== value network
train_time
7.0654188
7.095534700000002
7.106924900000003
2.670346500000001
2.236456799999999
2.5618364999999983
2.8692483999999894
2.656426400000001
2.591364200000015
8.538889299999994
7.487646299999994
8.972599500000001
2.286178700000022
7.8552985000000035
4.506412799999964
2.3052278000000115
7.461736599999995
4.568933700000002
2.227526399999988
7.900740400000018
2.2150876999999696
7.330957399999988
2.4754278999999997
2.4434947000000307
2.2201828999999975
2.555399399999999
3.198703899999998
3.461966500000017
2.3002869000000032
2.464193899999998
2.3501390999999785
2.665876799999978
7.80233659999999
7.4367154000000255
7.409007900000006
2.3218885
2.0036618999999973
2.8250298000000384
5.82589059999998
2.1814439000000903
2.5559213000000227
7.488090900000088
7.900288900000078
2.126164899999935
6.314806199999907
8.059592700000053
2.1131619999999884
4.31762660000004
3.4434704999999894
2.6280216999999766
2.0573769000000084
2.426307500000007
8.575097899999946
2.1747665000000325
7.540361399999938
7.283848600000056
7.3800569
2.305341999999996
2.546807999999942
2.2415699000000586
7.499490899999955
2.530102299999953
2.384442100000115
7.434439999999995
7.395024400000011
2.090582999999924
2.6715553999999884
2.2796180000000277
7.511666400000195
7.391238300000168
7.505541899999798
2.0921952000001056
2.3378990000001068
7.760708499999964
1.9109068999998726
2.208160399999997
7.526678800000127
7.346202299999959
2.7055629000001318
2.1863762999998926
7.624376400000074
2.377925600000026
2.623572299999978
2.409533799999963
1.976483700000017
2.4442549000000326
2.320589800000107
7.296810699999924
2.2195271000000503
4.57581110000001
7.524411999999984
2.0161118999999417
1.938729199999898
4.6689239999998335
7.439958399999796
2.205372200000056
7.40165520000005
7.5078673999998955
2.343306499999926
2.021602199999961
8.109277499999962
2.135600600000089
7.43868539999994
7.603998000000047
8.551503400000001
8.764155000000073
3.0547610999999506
8.191792799999803
2.5289056999999957
8.036430100000189
2.266972399999986
2.5481000999998287
7.669935500000065
8.221093200000041
2.3836502000001474
7.697533700000122
5.413511299999982
2.6512208999999984
3.002533599999879
8.327795499999866
2.6124312000001737
4.75849769999968
1.879208700000163
10.31696060000013
11.721662599999945
8.91945910000004
8.715962200000376
8.778849799999989
test_delta_mean_squared_error
0.04206528887152672
0.034659430384635925
0.03367342799901962
0.04609987884759903
0.04662525653839111
0.057746171951293945
0.04068190976977348
0.0552109032869339
0.033314697444438934
0.03293284773826599
0.04305639863014221
0.03791557252407074
0.049876656383275986
0.030810119584202766
0.04213794320821762
0.04974484071135521
0.030559444800019264
0.03677474707365036
0.043322283774614334
0.03141148388385773
0.04422658309340477
0.029092976823449135
0.04067741334438324
0.05698203295469284
0.03916390612721443
0.03868767246603966
0.04539617523550987
0.05575843155384064
0.04798276349902153
0.047214120626449585
0.06010115519165993
0.0453975684940815
0.031963050365448
0.03993590921163559
0.0412166528403759
0.034930311143398285
0.05673995986580849
0.04606710374355316
0.05866523087024689
0.036918867379426956
0.050421763211488724
0.03722503408789635
0.03247982636094093
0.04986509308218956
0.056433673948049545
0.04229017719626427
0.04723592847585678
0.059523772448301315
0.06207956001162529
0.04513418674468994
0.03927922248840332
0.06030537933111191
0.034176453948020935
0.07725473493337631
0.052728280425071716
0.046023886650800705
0.03180458024144173
0.0482732430100441
0.051031019538640976
0.049634966999292374
0.04542136564850807
0.04240707680583
0.044340141117572784
0.05110088363289833
0.03377970680594444
0.05236651003360748
0.06293605268001556
0.041283100843429565
0.034521449357271194
0.03611905500292778
0.04389086365699768
0.07016262412071228
0.07534695416688919
0.03684823587536812
0.05172045901417732
0.041155409067869186
0.049790263175964355
0.037318065762519836
0.046271972358226776
0.052554912865161896
0.03290119394659996
0.03845435753464699
0.04819998890161514
0.054767951369285583
0.0413292795419693
0.046794064342975616
0.0519135519862175
0.03928206115961075
0.03734564408659935
0.03205495700240135
0.05557616800069809
0.06370636075735092
0.05090641602873802
0.02777690440416336
0.04314293712377548
0.05046674981713295
0.031209906563162804
0.03980277478694916
0.04038270190358162
0.04621954634785652
0.03105154074728489
0.05429967865347862
0.03769508749246597
0.05084499344229698
0.0370902419090271
0.049509938806295395
0.04500582069158554
0.03953107073903084
0.06777121126651764
0.04115654155611992
0.038095664232969284
0.03925228863954544
0.04781797528266907
0.05906488746404648
0.04747231304645538
0.052416954189538956
0.03535956144332886
0.03976726904511452
0.03406411409378052
0.04332971200346947
0.07745423913002014
0.0323246605694294
0.037475667893886566
0.043347958475351334
0.049063824117183685
0.03693339228630066
0.0442851223051548
0.042100679129362106
test_delta_mean_absolute_error
0.06341330707073212
0.0521957129240036
0.050330229103565216
0.06996778398752213
0.07173106074333191
0.0886644646525383
0.06138456240296364
0.08562228083610535
0.05135480687022209
0.05021800473332405
0.06301871687173843
0.05672617256641388
0.07549290359020233
0.04722222685813904
0.06367604434490204
0.07369724661111832
0.045632731169462204
0.05518169328570366
0.06513740867376328
0.047008950263261795
0.06488824635744095
0.04404396936297417
0.06181206926703453
0.08875034004449844
0.05814420059323311
0.05767574906349182
0.06807933747768402
0.08419530838727951
0.07062573730945587
0.06771824508905411
0.09289569407701492
0.06826630979776382
0.04739083722233772
0.06080920994281769
0.06171579286456108
0.05265390872955322
0.0856366977095604
0.0707903653383255
0.08848351240158081
0.05718697980046272
0.07464486360549927
0.05506293103098869
0.04989030212163925
0.07547402381896973
0.08547782152891159
0.06271675229072571
0.0726618692278862
0.08708786964416504
0.09172490239143372
0.06464435905218124
0.058478035032749176
0.09317419677972794
0.051634665578603745
0.12096429616212845
0.08000219613313675
0.06873524934053421
0.04853232577443123
0.07305455952882767
0.07686803489923477
0.07579638063907623
0.06968050450086594
0.06352666765451431
0.06763844937086105
0.07771393656730652
0.051347315311431885
0.08046051114797592
0.09254682064056396
0.06216621771454811
0.05106528103351593
0.054912861436605453
0.06586363166570663
0.10598006844520569
0.11073307693004608
0.05510192736983299
0.07791139930486679
0.06282346695661545
0.07489629089832306
0.05682678520679474
0.0697641521692276
0.07806674391031265
0.049842964857816696
0.057600438594818115
0.07257077842950821
0.08391094952821732
0.06100229546427727
0.0691637322306633
0.0753842368721962
0.05951941758394241
0.05810989812016487
0.04743596538901329
0.08243278414011002
0.09498683363199234
0.07538696378469467
0.042234618216753006
0.06543014943599701
0.07752551883459091
0.0467643104493618
0.05980405583977699
0.060009393841028214
0.0722668245434761
0.048015933483839035
0.08268160372972488
0.056468263268470764
0.07713006436824799
0.05506894364953041
0.07269860059022903
0.06756420433521271
0.059508852660655975
0.1034618616104126
0.06202744320034981
0.05821368843317032
0.059492964297533035
0.07082746177911758
0.08762849867343903
0.06908360868692398
0.07943104952573776
0.05259445309638977
0.05982651188969612
0.05153223127126694
0.06529578566551208
0.12269514054059982
0.04866614565253258
0.05826381966471672
0.06521513313055038
0.07231133431196213
0.05534106865525246
0.06610113382339478
0.06186120957136154


================================================================================
=== twin network
train_time
3.0648157000000005
3.1896012999999996
8.639304500000001
3.223049000000003
9.7915292
6.698711799999998
10.06210800000001
9.89571509999999
8.526271900000012
12.179586999999998
8.753472399999993
6.286052799999993
2.711114600000002
8.520034299999992
2.809669499999984
2.720059400000025
8.808903999999984
6.152425999999991
8.77175509999995
9.831638499999997
9.085037199999988
9.20236269999998
9.910009300000013
2.8325712999999837
8.934034800000006
9.103774799999997
10.244741599999998
5.508915000000002
8.735036100000002
3.2589424000000236
2.8818725000000995
8.773622400000022
8.836869800000045
8.577339199999983
8.605340700000056
8.482758999999987
8.889598699999965
9.882417400000008
6.394960800000035
2.69251799999995
5.345679099999984
8.514677000000006
9.168422299999975
8.760728099999938
9.748841299999981
9.519000000000005
5.581467299999986
3.251013100000023
9.158707499999991
11.729866399999992
8.851236300000096
3.0315713999999616
8.768935000000056
5.492989699999953
8.559459800000013
8.645666000000006
8.634995100000083
8.747295000000008
8.60836930000005
8.593997400000035
8.721606999999949
8.61310299999991
8.700397500000008
9.0063861000001
8.557700000000068
2.7096882000000733
8.708819100000028
9.19392589999984
8.708761600000116
8.951567000000068
8.741428600000063
8.620005499999934
9.139838399999917
11.878898899999967
8.898104200000034
8.730677200000173
8.736426400000028
9.519449099999974
11.478502400000025
2.6760750999999345
8.707993800000168
2.8208245000000716
8.605051900000035
3.2606210000001283
2.3682174000000487
2.8923509999999624
2.7593773000000965
8.55489609999995
8.63945479999984
5.42262269999992
8.746865700000171
8.619473599999992
8.87694079999983
5.4998714999999265
8.739827399999967
8.737094800000023
8.875330200000008
8.592637200000127
8.977840200000173
2.512045100000023
9.414373899999873
3.046723400000019
9.074477699999989
8.720883800000138
9.664685299999974
10.29410740000003
9.893291299999873
8.852714200000037
3.2440134999999373
10.193686099999923
9.44966640000007
2.981761400000096
5.7901019000000815
9.678507099999933
8.966412700000092
9.66708279999989
3.3965310999999474
7.08524280000006
9.947380000000067
3.9576233999996475
9.393340399999943
6.127768500000002
6.619364600000154
10.77053960000012
11.242483600000014
6.575252099999943
10.64476220000006
12.246828999999707
test_delta_mean_squared_error
0.025172159075737
0.014120076783001423
0.011387650854885578
0.02655690908432007
0.010785565711557865
0.012164079584181309
0.011340719647705555
0.009624049067497253
0.007544063031673431
0.008950441144406796
0.00897187739610672
0.011208861134946346
0.024505333974957466
0.010944336652755737
0.019423559308052063
0.026784664019942284
0.010017815046012402
0.010927887633442879
0.009692708030343056
0.00768647575750947
0.011614900082349777
0.010690932162106037
0.009034804068505764
0.024524370208382607
0.01082052942365408
0.009162922389805317
0.01013338752090931
0.012253056280314922
0.009303879924118519
0.02852119319140911
0.022154802456498146
0.009807094931602478
0.010521807707846165
0.012135055847465992
0.010491703636944294
0.00886099599301815
0.012247591279447079
0.008231140673160553
0.009421092458069324
0.029268482699990273
0.013334468007087708
0.010726255364716053
0.0114202331751585
0.008712385781109333
0.010229310020804405
0.013485245406627655
0.009251024574041367
0.025676390156149864
0.010207409039139748
0.008285588584840298
0.013047344982624054
0.02952392026782036
0.01012546755373478
0.017481474205851555
0.013209865428507328
0.013634772971272469
0.009850673377513885
0.010014388710260391
0.009007160551846027
0.005947270896285772
0.013078608550131321
0.009972718544304371
0.009819506667554379
0.010699459351599216
0.008705942891538143
0.02646571770310402
0.007819592021405697
0.011488671414554119
0.010305202566087246
0.011086168698966503
0.010438761673867702
0.008898074738681316
0.009938490577042103
0.01430775411427021
0.012849659658968449
0.010573480278253555
0.010105078108608723
0.008242132142186165
0.009140754118561745
0.019278312101960182
0.012711727991700172
0.016575101763010025
0.011253542266786098
0.022292641922831535
0.016897307708859444
0.034010592848062515
0.03864111006259918
0.009468324482440948
0.010254617780447006
0.010431217029690742
0.0076760174706578255
0.01177640538662672
0.012441003695130348
0.010768131352961063
0.012689786031842232
0.00959341786801815
0.014140324667096138
0.010727673768997192
0.010660967789590359
0.018177231773734093
0.009724411182105541
0.022379061207175255
0.009108114056289196
0.01648729294538498
0.01243081595748663
0.01317561138421297
0.009463409893214703
0.012982233427464962
0.027544327080249786
0.00860586017370224
0.0113469073548913
0.02490491420030594
0.024341825395822525
0.01006296742707491
0.01004267018288374
0.0097451601177454
0.027665790170431137
0.013770017772912979
0.00875832885503769
0.022824328392744064
0.009888214990496635
0.007108230143785477
0.012474693357944489
0.00811426155269146
0.010161959566175938
0.01221988070756197
0.008730554953217506
0.010272715240716934
test_delta_mean_absolute_error
0.03788680583238602
0.021563829854130745
0.017101040109992027
0.042420268058776855
0.01608479581773281
0.018400324508547783
0.01708008348941803
0.014503370970487595
0.01112134475260973
0.013268670067191124
0.013606490567326546
0.01703612692654133
0.03760306164622307
0.016580181196331978
0.028476785868406296
0.03923631086945534
0.01497839018702507
0.016602512449026108
0.014401006512343884
0.01163472793996334
0.01761491596698761
0.01608084887266159
0.01346629485487938
0.037101373076438904
0.016230657696723938
0.013770715333521366
0.015139451250433922
0.018141187727451324
0.013891390524804592
0.042782992124557495
0.03332752734422684
0.01480733510106802
0.01574961096048355
0.018385935574769974
0.01603679731488228
0.013591784983873367
0.018130209296941757
0.012357390485703945
0.014111263677477837
0.04506917670369148
0.020646104589104652
0.015938717871904373
0.017289716750383377
0.01293731015175581
0.015187084674835205
0.02012762427330017
0.013927100226283073
0.03824051842093468
0.015126923099160194
0.012446406297385693
0.01970691978931427
0.04495551064610481
0.014847799204289913
0.025615951046347618
0.019930245354771614
0.020010773092508316
0.014864287339150906
0.01476335246115923
0.01368049718439579
0.008977093733847141
0.019933147355914116
0.015219169668853283
0.015109898522496223
0.016782259568572044
0.013112062588334084
0.04008203372359276
0.011858462356030941
0.016645029187202454
0.015368825756013393
0.016741547733545303
0.015632379800081253
0.01317507866770029
0.014797368086874485
0.021411897614598274
0.018980039283633232
0.016077235341072083
0.015113987028598785
0.012354467064142227
0.013681638985872269
0.028200313448905945
0.01924321800470352
0.025628207251429558
0.01705962046980858
0.033941805362701416
0.025605415925383568
0.050782497972249985
0.06320259720087051
0.014109048061072826
0.01544256042689085
0.015829799696803093
0.011446022428572178
0.017622508108615875
0.01866808347404003
0.016259606927633286
0.01925949938595295
0.014446588233113289
0.020756997168064117
0.016032857820391655
0.016129616647958755
0.027649711817502975
0.014848713763058186
0.033442553132772446
0.01394624076783657
0.02509167790412903
0.01913364604115486
0.020145675167441368
0.014207565225660801
0.019808538258075714
0.04367785155773163
0.012908998876810074
0.016951628029346466
0.03749137744307518
0.03699660673737526
0.015133182518184185
0.015520590357482433
0.014731916598975658
0.04147599637508392
0.02013091742992401
0.013083362951874733
0.03048950992524624
0.014827429316937923
0.010572385974228382
0.01899239420890808
0.012231833301484585
0.015506100840866566
0.017843391746282578
0.013136249966919422
0.015729237347841263


================================================================================
=== delta network
train_time
2.4305538999999996
2.176371800000002
8.161315199999997
4.337159400000004
2.188080400000004
7.061914200000004
7.569765200000006
2.715699700000016
6.354522399999979
6.489578600000016
2.4455046999999865
6.704404699999998
3.9331524000000115
1.9239484999999945
6.192994099999964
6.467604399999971
2.1141653999999903
1.915440100000012
6.492270299999973
6.835491999999988
6.313126799999964
3.235254599999962
3.6311878999999863
1.8183033999999907
7.067513799999972
2.3506108999999924
2.31585240000004
1.8434844000000226
6.496980199999996
8.779125000000022
2.0842768999999635
6.606662599999936
6.303496799999948
2.134099200000037
2.1646511999999802
6.402671700000042
1.831736200000023
2.407593100000099
6.27158159999999
2.0627296000000115
2.126186100000041
6.409572600000047
1.9254298000000745
7.0133884000000535
2.779423500000007
1.879620100000011
6.781401599999981
2.484663599999976
2.140170000000012
7.384447900000055
1.9939867000000504
6.742279300000064
2.3512466000000813
6.4138889000000745
1.8698133999999982
2.167502000000013
2.2627549000000045
2.056325700000002
7.955877299999997
3.961107899999888
2.1336707000000388
2.1177632999999787
2.0160739000000376
6.441214999999829
6.219949999999926
2.5754188999999315
6.948275799999919
2.0153929000000517
6.5016048999998475
2.021604199999956
6.541798599999993
6.468049600000086
2.0796877000000222
1.9349064000000453
4.034795300000042
1.8579707000001235
1.8251953000001322
7.320145299999922
6.53244380000001
1.7684888999999657
6.273992200000066
1.9738345999999183
8.232505599999968
1.8969297000001006
2.223563500000182
6.4470102000000225
6.293556200000012
1.9565162000001237
6.438782799999899
1.7579041999999845
6.357510300000058
6.415740500000084
6.283613800000012
1.979426500000045
1.8096954000000096
1.7831519999999728
6.332838000000038
6.944331900000179
1.9988326000000143
6.566430300000093
7.260135699999864
9.384697599999981
1.8034509999999955
7.250411200000144
7.246065000000044
2.252500199999986
6.442209399999911
2.0207456000000548
2.251869799999895
6.632891499999914
1.9765576999998302
2.0595918999999867
1.9138212000000294
7.156119499999932
6.494229099999984
1.9672673999998551
2.5443599999998696
8.261873399999786
2.3101644000003034
7.008885799999916
2.0060254999998506
6.544546799999807
12.465134900000066
3.7887793999998394
8.565077199999905
7.881108900000072
8.385464200000115
2.461354399999891
test_delta_mean_squared_error
0.03179812431335449
0.024483636021614075
0.012272343039512634
0.010625593364238739
0.02606196515262127
0.01284028496593237
0.013324537314474583
0.026674438267946243
0.010798430070281029
0.010889061726629734
0.02954941801726818
0.011735229752957821
0.012852069921791553
0.03889526426792145
0.015991471707820892
0.010013743303716183
0.019128141924738884
0.024675363674759865
0.01210653968155384
0.009315119124948978
0.011765140108764172
0.031281549483537674
0.020252209156751633
0.03215299919247627
0.009596513584256172
0.028086621314287186
0.02666165865957737
0.033229511231184006
0.010584047064185143
0.011044234037399292
0.018457693979144096
0.011658990755677223
0.010397501289844513
0.025247765704989433
0.025178778916597366
0.01080865878611803
0.029093703255057335
0.02320815436542034
0.010173743590712547
0.024356063455343246
0.03444040194153786
0.013012134470045567
0.02919916808605194
0.010095929726958275
0.033273760229349136
0.025564612820744514
0.009989043697714806
0.03623390570282936
0.029325230047106743
0.011742575094103813
0.01437661238014698
0.010736113414168358
0.019472582265734673
0.014767814427614212
0.021643582731485367
0.02405448816716671
0.031329721212387085
0.029610037803649902
0.010887454263865948
0.01138325221836567
0.03670003265142441
0.02768789418041706
0.03692680597305298
0.011803918518126011
0.011671462096273899
0.027225280180573463
0.012110728770494461
0.03387909755110741
0.011395717039704323
0.025403842329978943
0.011232131160795689
0.010948876850306988
0.03390257805585861
0.03571787104010582
0.014148159883916378
0.02415788173675537
0.02940336987376213
0.01323761511594057
0.010485398583114147
0.026438184082508087
0.011433150619268417
0.026117514818906784
0.011437307111918926
0.02849646657705307
0.024466607719659805
0.012218000367283821
0.011034218594431877
0.027005130425095558
0.012115218676626682
0.03433939069509506
0.012073280289769173
0.011106424033641815
0.012281756848096848
0.01981440559029579
0.02491622231900692
0.02106441743671894
0.010092868469655514
0.011412892490625381
0.025567715987563133
0.011710744351148605
0.010996700264513493
0.011565536260604858
0.018835805356502533
0.014189539477229118
0.011986068449914455
0.023915451020002365
0.011391897685825825
0.028946952894330025
0.03065495379269123
0.009435351938009262
0.024068862199783325
0.018148481845855713
0.034588538110256195
0.010767730884253979
0.012980449013411999
0.01987198367714882
0.02292388491332531
0.012117565609514713
0.03387956693768501
0.011895604431629181
0.02901323325932026
0.012290813960134983
0.011466064490377903
0.03523257374763489
0.010660678148269653
0.011724117211997509
0.01091026421636343
0.01940527744591236
test_delta_mean_absolute_error
0.04814932122826576
0.03607333451509476
0.01831263117492199
0.015982430428266525
0.03945428133010864
0.019536137580871582
0.020159242674708366
0.03935134410858154
0.0158865787088871
0.01648169755935669
0.043675463646650314
0.017425423488020897
0.01953778602182865
0.06114369258284569
0.023975886404514313
0.014972653239965439
0.028743894770741463
0.03711419925093651
0.017727820202708244
0.013899533078074455
0.01781008578836918
0.048980843275785446
0.030493291094899178
0.04640596732497215
0.014163225889205933
0.041959017515182495
0.042240433394908905
0.05038686469197273
0.015577830374240875
0.016632527112960815
0.02751917392015457
0.017483968287706375
0.015678510069847107
0.03788124397397041
0.03763611987233162
0.016321180388331413
0.04527954384684563
0.03412478789687157
0.015304467640817165
0.03678261488676071
0.04814020171761513
0.01944439485669136
0.04333734139800072
0.014988008886575699
0.05299576371908188
0.03931098431348801
0.015242629684507847
0.052463099360466
0.04512232169508934
0.017421437427401543
0.022158529609441757
0.01613144390285015
0.029531268402934074
0.022574666887521744
0.03323405981063843
0.03768520429730415
0.04747914522886276
0.04695795476436615
0.01599537767469883
0.01733398251235485
0.05360264703631401
0.04016043245792389
0.05449570342898369
0.017949316650629044
0.01795801892876625
0.04111367464065552
0.018562061712145805
0.050855472683906555
0.016945842653512955
0.038834258913993835
0.01650415174663067
0.01635594293475151
0.052326105535030365
0.05156876519322395
0.02038830704987049
0.037088386714458466
0.04447099193930626
0.01953623630106449
0.01595853455364704
0.03879467397928238
0.0168379545211792
0.039526015520095825
0.017306195572018623
0.04126420244574547
0.036678772419691086
0.01842188462615013
0.0164499469101429
0.03921673074364662
0.0183270163834095
0.05327491834759712
0.017906295135617256
0.016814660280942917
0.018370233476161957
0.030069541186094284
0.03775866702198982
0.0314275324344635
0.015320362523198128
0.01706559583544731
0.03504529222846031
0.017372123897075653
0.016589341685175896
0.017203480005264282
0.02870168164372444
0.02079148404300213
0.017787791788578033
0.03534284979104996
0.017252463847398758
0.04434351995587349
0.043682463467121124
0.014228186570107937
0.03708784282207489
0.027312997728586197
0.05403017997741699
0.016396453604102135
0.019372694194316864
0.02989206276834011
0.03511400148272514
0.01833980716764927
0.05266779661178589
0.017955711111426353
0.04289327561855316
0.01807580329477787
0.01734301447868347
0.05332497879862785
0.016365231946110725
0.0176364965736866
0.016415739431977272
0.030086271464824677


