================================================================================
=== value network
train_time
2.0408421000000008
2.039432999999999
7.244685399999998
2.5214685000000046
1.7355976000000055
7.344220299999996
2.453139499999992
2.3452403000000004
2.1672596000000084
7.447915100000003
4.502918499999993
1.8126213999999834
2.035870700000004
7.588852599999996
7.243994599999979
2.2332758000000013
7.239543300000008
7.314323099999996
2.096557599999983
1.8653760999999633
7.690792799999997
2.323756500000002
9.110920799999974
1.8211815999999885
2.3418064999999615
2.0490156000000184
5.881145600000025
7.605105500000036
2.352826300000004
2.049193100000025
7.247578199999964
7.532941400000027
7.7767092000000275
1.8076914000000102
7.391796899999974
2.1291029999999864
1.8591460000000097
2.3509465000000205
8.117815999999948
2.3610345999999254
2.1407087000000047
7.299280899999985
2.171877600000016
2.4840306999999484
2.385157100000015
2.847244499999988
8.39573150000001
9.154353899999933
2.475116299999968
2.838542899999993
2.862789899999939
1.7177993999999899
3.069438800000057
2.3402373000000125
7.344053899999949
2.0500059999999394
1.739379299999996
2.1717889999999898
7.273233000000005
2.0805908999999474
7.174126300000012
1.7077828999999838
1.7277778999999782
1.9559335999999803
1.9753257999999505
1.9781295999999884
2.2045160000000124
1.8690350000000535
7.190369199999964
2.639903200000049
7.24644509999996
2.1669428000000153
3.0174509999999373
3.0558608999999706
1.8785199000000148
1.7503370000000587
1.6983011999999462
7.198064899999963
2.193285600000081
7.681813099999999
7.321110900000008
7.24563420000004
7.357183999999961
2.2817351000001054
7.23711030000004
7.182450499999959
2.2170337000000018
1.9269105999999283
7.258567299999868
7.330400700000155
3.40835600000014
7.214674900000091
7.285997499999894
7.408905000000004
7.270835699999907
1.821462899999915
2.028361299999915
3.220101300000124
2.2869014999998853
1.7589980000000196
7.581349199999977
1.863691400000107
2.1659224999998514
2.253716899999972
2.3182809999998426
5.22440040000015
2.174412200000006
1.963421599999947
4.560707999999977
4.536458699999912
7.333989700000075
3.289525700000013
2.258796699999948
7.221141400000079
1.9666233000000375
7.333609000000024
1.9891029000000344
1.9860555000000204
4.466400499999963
7.282940800000006
7.207810100000188
2.591038000000026
8.558951699999852
1.9066731000000345
7.381640100000141
2.2270238000000973
7.224316899999849
2.4066277999997965
test_delta_mean_squared_error
0.04101463407278061
0.037664081901311874
0.027825867757201195
0.0515994057059288
0.050396811217069626
0.05263250321149826
0.037964798510074615
0.0618128627538681
0.04952724277973175
0.032010268419981
0.04953894391655922
0.047047682106494904
0.05018816143274307
0.031524498015642166
0.047099899500608444
0.029192369431257248
0.03833848610520363
0.02829960361123085
0.030304692685604095
0.03744163736701012
0.0329468734562397
0.03396938741207123
0.034354317933321
0.05805245414376259
0.04215468838810921
0.050244636833667755
0.03197527304291725
0.03461376950144768
0.05196226015686989
0.049279388040304184
0.034906450659036636
0.017351754009723663
0.030496912077069283
0.033828165382146835
0.035844434052705765
0.031811874359846115
0.05987577885389328
0.04232482239603996
0.05210176110267639
0.04268266260623932
0.04758952185511589
0.021515386179089546
0.029664063826203346
0.02987992949783802
0.07330869883298874
0.06359728425741196
0.03948434814810753
0.039111215621232986
0.06283215433359146
0.05380522459745407
0.04897218942642212
0.04766106233000755
0.0583355538547039
0.04522402584552765
0.047062262892723083
0.0566493459045887
0.05835426598787308
0.07085966318845749
0.040444452315568924
0.03045455925166607
0.03030453808605671
0.045111481100320816
0.02832954190671444
0.057636212557554245
0.04320230334997177
0.0467064194381237
0.03660525009036064
0.0444972850382328
0.019824903458356857
0.03868001326918602
0.031968213617801666
0.05856375768780708
0.04343758895993233
0.031272854655981064
0.03723007068037987
0.05953076481819153
0.05539853870868683
0.03142824023962021
0.029339313507080078
0.025535574182868004
0.026081271469593048
0.041810858994722366
0.03873562812805176
0.0496937558054924
0.026947790756821632
0.032716281712055206
0.049710195511579514
0.05017939209938049
0.02760406769812107
0.03735923394560814
0.06380923092365265
0.04001801088452339
0.03401034325361252
0.026476668193936348
0.03497307375073433
0.03710277006030083
0.03373483568429947
0.038622330874204636
0.03572138398885727
0.062093429267406464
0.0504998043179512
0.057583604007959366
0.0495823472738266
0.04275611415505409
0.03903193771839142
0.043474603444337845
0.0477803498506546
0.04047844186425209
0.03142961859703064
0.02954322285950184
0.03559982031583786
0.04329151660203934
0.03463716059923172
0.03289839252829552
0.044858112931251526
0.0455763079226017
0.06563787907361984
0.06381174921989441
0.03977580741047859
0.030751114711165428
0.047290101647377014
0.055373989045619965
0.05231796205043793
0.042200688272714615
0.037465110421180725
0.061139874160289764
0.03141676262021065
0.0515434555709362
test_delta_mean_absolute_error
0.05191683769226074
0.04877738282084465
0.036254916340112686
0.06491000950336456
0.06505384296178818
0.06664896756410599
0.047311004251241684
0.07807014882564545
0.05876956507563591
0.04056762531399727
0.061997056007385254
0.06089245527982712
0.06559433788061142
0.04056934639811516
0.059047896414995193
0.03794710338115692
0.0498245470225811
0.03609386086463928
0.0391099788248539
0.04680955037474632
0.043244101107120514
0.04289718344807625
0.044666796922683716
0.07760018110275269
0.053539033979177475
0.06431347131729126
0.04102865979075432
0.04380401223897934
0.06663741916418076
0.06359975785017014
0.04524550214409828
0.022270450368523598
0.037840016186237335
0.04236326366662979
0.04638531059026718
0.04101946949958801
0.07839983701705933
0.05316014215350151
0.06674054265022278
0.05370107665657997
0.060342010110616684
0.027650905773043633
0.038154926151037216
0.03829624503850937
0.09447474777698517
0.08488474786281586
0.0494045689702034
0.0497741773724556
0.07987842708826065
0.07158385217189789
0.06398924440145493
0.06068512797355652
0.07769317179918289
0.05922388285398483
0.06078769266605377
0.07128512859344482
0.07228577882051468
0.08912614732980728
0.051572252064943314
0.03890940174460411
0.03827224671840668
0.05828624963760376
0.03505512699484825
0.07273416966199875
0.054443325847387314
0.06087956577539444
0.04792175441980362
0.057883743196725845
0.02526976726949215
0.049130965024232864
0.041039787232875824
0.07361695170402527
0.05594141408801079
0.03901537507772446
0.04907599464058876
0.0743127167224884
0.07245933264493942
0.04139139503240585
0.037540700286626816
0.03206348791718483
0.03378219157457352
0.05411530286073685
0.049949824810028076
0.06383921205997467
0.03561822324991226
0.042354658246040344
0.06574852019548416
0.06515085697174072
0.035851288586854935
0.0476842075586319
0.08277981728315353
0.050430987030267715
0.04331976920366287
0.0340408980846405
0.04423687234520912
0.04781712591648102
0.041986413300037384
0.04796011373400688
0.04543668031692505
0.07965250313282013
0.06475578993558884
0.07463588565587997
0.06478475779294968
0.0539415217936039
0.04729855805635452
0.05297842249274254
0.061781883239746094
0.052712634205818176
0.03895581141114235
0.03831559047102928
0.043844953179359436
0.05569510906934738
0.04607914015650749
0.04378674924373627
0.05653880164027214
0.05854428559541702
0.08510816097259521
0.08098804950714111
0.0509798564016819
0.04040069133043289
0.058426134288311005
0.07009914517402649
0.06576111167669296
0.05481583997607231
0.04785700887441635
0.07905718684196472
0.03963760659098625
0.06577642261981964


================================================================================
=== twin network
train_time
2.6536983999999997
2.8637105
4.016575100000001
2.3559703000000027
8.745659599999996
8.699571200000008
3.2743205000000017
2.2720008000000007
8.462964600000006
8.882639399999988
8.780493000000007
8.513302899999985
2.604209200000014
2.4474249999999813
2.338683500000002
8.636458499999975
8.671463400000022
9.042645199999981
2.416110599999996
2.990032900000017
3.299163799999974
4.102427699999964
8.996059899999977
2.8928015999999843
2.7025128000000223
8.437853000000018
8.206496399999992
3.2259070000000065
9.57963380000001
3.563055899999995
2.8745881000000395
5.333116200000006
8.803677100000016
8.967958399999986
3.1739681000000246
8.718571700000041
8.752755100000002
10.059884299999965
2.543401499999959
2.935600499999964
3.160053199999993
8.64888689999998
3.033574900000076
3.1212046000000555
2.782219400000031
2.817993499999943
2.139085399999999
9.039252200000078
2.985936199999969
9.877292699999998
2.63936369999999
9.093418199999974
9.336639700000092
2.8374053000000004
2.9921558000000914
5.431827799999951
2.9290137000000414
8.629803400000014
8.464439800000036
8.458219499999927
2.8136365999999953
8.519470299999966
8.424202799999989
8.402837200000022
2.7747267999999394
5.3863247999998976
8.628124200000002
8.562225900000044
2.693044299999997
2.8950810000000047
2.9747321000000966
2.6563176000000794
3.706980499999986
7.639219400000002
2.3028630999999677
2.772890299999972
2.1752537999999504
2.5651794000000336
2.844317399999909
3.197998699999971
2.5154907000001003
3.1082369999999173
3.048947799999951
2.8295040999998946
2.6722581999999875
2.5000052000000323
8.543414199999916
2.4981460999999854
8.725575899999967
2.813568900000064
2.2989787999999862
2.722432499999968
8.611824899999874
8.679146700000047
3.4301480000001447
8.60108799999989
8.624561800000038
3.400180399999954
11.18409029999998
8.573796899999934
2.3153692000000774
2.800433000000112
2.646731399999908
2.6797836999999163
2.25877689999993
2.8275679000000764
8.594154000000117
2.2790650000001733
8.491148800000019
8.543127299999924
8.68546769999989
8.5718738999999
11.832246300000179
8.662553799999841
5.362634599999865
2.9411408999999367
2.8570483000000877
2.4442841000000044
5.3446656000000985
2.6451896999999462
3.6275151000002097
8.550242100000105
6.570408999999927
8.672435399999813
3.343996900000093
8.887585800000124
3.027494700000034
2.7698513000000275
test_delta_mean_squared_error
0.03848036378622055
0.025345807895064354
0.02517925575375557
0.029988978058099747
0.009217553772032261
0.012949244119226933
0.04200588911771774
0.03491201624274254
0.009873175993561745
0.008966309949755669
0.010444983839988708
0.005721544846892357
0.05110295116901398
0.027835320681333542
0.01211437489837408
0.009911327622830868
0.009900529868900776
0.008378280326724052
0.01994115300476551
0.033734019845724106
0.02593565545976162
0.028021054342389107
0.007173663470894098
0.02288024313747883
0.021897075697779655
0.007775697857141495
0.005394272971898317
0.02025502361357212
0.010846205055713654
0.028704805299639702
0.015524529851973057
0.008214205503463745
0.008600234054028988
0.010298466309905052
0.011766144074499607
0.00999391544610262
0.010310252197086811
0.01017910335212946
0.02268003113567829
0.04346160963177681
0.02148991823196411
0.00783983152359724
0.01679595373570919
0.01631864532828331
0.017844276502728462
0.027022359892725945
0.017786763608455658
0.009695570915937424
0.03372553735971451
0.008377119898796082
0.058356426656246185
0.014327301643788815
0.0081455297768116
0.031076889485120773
0.033613551408052444
0.012938186526298523
0.016981516033411026
0.011111549101769924
0.008605756796896458
0.007838842459022999
0.02766391634941101
0.007747909985482693
0.008382507599890232
0.008895578794181347
0.023205116391181946
0.009963862597942352
0.008964572101831436
0.009319228120148182
0.015385862439870834
0.036232952028512955
0.019720764830708504
0.018001457676291466
0.018848316743969917
0.012015982531011105
0.02132604829967022
0.012756920419633389
0.03668460249900818
0.014078623615205288
0.02099417708814144
0.02006365917623043
0.02809634618461132
0.03687353804707527
0.049270790070295334
0.02659614011645317
0.016505612060427666
0.028257733210921288
0.01164654828608036
0.021935556083917618
0.009124106727540493
0.04069819673895836
0.025135716423392296
0.019064567983150482
0.010710029862821102
0.009950065053999424
0.02529475837945938
0.009155748412013054
0.009566141292452812
0.01648564450442791
0.010908526368439198
0.0077260383404791355
0.011129534803330898
0.014322243630886078
0.019797928631305695
0.04137543961405754
0.018727583810687065
0.019293302670121193
0.00849934108555317
0.039420198649168015
0.006686150562018156
0.00880559254437685
0.012714117765426636
0.012383559718728065
0.008863658644258976
0.008947497233748436
0.013223405927419662
0.04241953045129776
0.02892211079597473
0.035251155495643616
0.014759096316993237
0.013984699733555317
0.016249211505055428
0.008102862164378166
0.012680334970355034
0.006304299458861351
0.01512522529810667
0.008173936046659946
0.01694403775036335
0.020242497324943542
test_delta_mean_absolute_error
0.048583898693323135
0.030081896111369133
0.031408410519361496
0.04006625711917877
0.011853491887450218
0.0164202693849802
0.055357277393341064
0.04431920871138573
0.012161423452198505
0.011287180706858635
0.013112790882587433
0.007130286656320095
0.06797701865434647
0.03769699111580849
0.015667101368308067
0.012620378285646439
0.013047660700976849
0.010387742891907692
0.025497976690530777
0.03816579282283783
0.03190547227859497
0.03541570156812668
0.009065554477274418
0.029328912496566772
0.02765032649040222
0.009927522391080856
0.00694058695808053
0.027043966576457024
0.013821454718708992
0.03598479926586151
0.020683901384472847
0.010013467632234097
0.011053122580051422
0.012719445861876011
0.015556667931377888
0.012958107516169548
0.013028126209974289
0.012767010368406773
0.028957724571228027
0.05451003834605217
0.02652631141245365
0.010246348567306995
0.021486740559339523
0.020430656149983406
0.023016078397631645
0.0344737246632576
0.023506486788392067
0.012448168359696865
0.04241980239748955
0.0108093973249197
0.07691671699285507
0.01843154989182949
0.01039061788469553
0.0366780124604702
0.04233832284808159
0.016908664256334305
0.02155865728855133
0.014336328022181988
0.011076088063418865
0.009957455098628998
0.037410538643598557
0.01016237773001194
0.010456793941557407
0.011502680368721485
0.029512839391827583
0.012841084972023964
0.011462570168077946
0.011771232821047306
0.019198058173060417
0.04541068151593208
0.024330301210284233
0.023526331409811974
0.02300800010561943
0.015383199788630009
0.02701771818101406
0.015544394962489605
0.042323220521211624
0.018124353140592575
0.025830131024122238
0.02524568699300289
0.037218522280454636
0.04792305827140808
0.0680866464972496
0.03420881927013397
0.020481444895267487
0.03447944298386574
0.014929567463696003
0.02618809975683689
0.011680018156766891
0.054042208939790726
0.032391227781772614
0.02368786558508873
0.013938052579760551
0.012773722410202026
0.030678700655698776
0.011442547664046288
0.012372263707220554
0.021240903064608574
0.014218764379620552
0.009799585677683353
0.013928630389273167
0.01840238645672798
0.025469448417425156
0.05071123316884041
0.023301977664232254
0.02386954426765442
0.010924573056399822
0.05058921128511429
0.008538197726011276
0.011448273435235023
0.01613735966384411
0.015508698299527168
0.011372558772563934
0.011657027527689934
0.016982218250632286
0.05445316061377525
0.035336580127477646
0.04202699288725853
0.018841711804270744
0.01749289222061634
0.02089027874171734
0.010415543802082539
0.01592029631137848
0.008080155588686466
0.01953723654150963
0.010410064831376076
0.022267529740929604
0.026878245174884796


================================================================================
=== delta network
train_time
1.7280789999999993
1.4903909000000013
2.6573264000000023
1.7504580000000018
6.346887600000002
1.9643844000000001
2.010232799999997
1.571578500000001
6.8064833999999905
2.2509733999999924
1.7545627000000081
1.8155183999999736
1.8255465000000015
1.7116452999999865
2.025969800000013
2.003853599999985
1.720103800000004
6.266650800000008
1.7002497000000005
1.691647200000034
2.097933599999976
2.9108618000000206
2.329642100000001
1.5619836999999848
1.945831300000009
1.5839966000000345
6.522821300000032
1.5421309999999835
1.9634148999999752
1.6440575999999965
2.064437700000042
2.5412427999999636
2.2228332999999907
6.37291730000004
6.627411600000016
1.8957199000000173
1.7730351999999812
6.328315400000065
1.8988408000000163
2.270210700000007
1.9389883000000054
2.2434130000000323
1.5814182999999957
2.210312399999907
2.5494090999999344
1.9020881999999801
1.890351100000089
1.73446899999999
2.816287999999986
6.44888370000001
1.974670700000047
1.929817899999989
2.3129882000000634
2.204921900000045
6.274266799999964
2.0883251999999857
6.11117999999999
1.7276601000000937
3.747123899999906
2.0577590999999984
1.7658989000000247
1.6971543000000793
1.974471900000026
1.5860166999999592
1.634578499999975
6.122968299999911
6.334507799999983
1.7783609999999044
1.539118500000086
6.25751600000001
1.6653236999999308
1.8405188000000408
2.435904100000016
1.495873799999913
2.323748300000034
2.013546500000075
1.760289900000089
1.978211999999985
1.5949358000000302
1.82515740000008
1.7554035999999087
1.6255242000002
1.8363332000001265
2.1172645000001467
1.5673883999997997
1.8751457000000755
1.9102267000000666
2.157861799999864
2.2756253000000015
1.622784700000011
1.5018464999998287
1.898873999999978
2.114182000000028
2.3618675000000167
1.526394499999924
1.6397420999999213
1.7595527999999376
1.5068809999997939
2.5469717000000855
6.284805300000016
1.8199609000000692
1.6767529000001105
2.4238915999999335
1.947897299999795
1.963083099999949
1.7923909000001004
1.479388100000051
1.9957414000000426
6.5667641
2.1923229999999876
1.8348562000001039
1.9306856999999127
1.7069424999999683
2.0228263999999854
1.503238300000021
6.134735599999885
2.4487804999998843
6.024275399999851
1.82447349999984
1.916487099999813
4.027856499999871
1.6163656000001083
1.8774865000000318
1.685745999999881
1.4522864000000482
1.81104490000007
6.11838610000018
1.770997399999942
test_delta_mean_squared_error
0.04281662032008171
0.02222207374870777
0.03195715323090553
0.029198206961154938
0.009750564582645893
0.02220938168466091
0.028364388272166252
0.0461716428399086
0.012917731888592243
0.024865208193659782
0.02821444161236286
0.014773634262382984
0.030427996069192886
0.05748540163040161
0.0502915158867836
0.02201598510146141
0.03036058321595192
0.009077745489776134
0.020311426371335983
0.033551204949617386
0.03739369660615921
0.024450743570923805
0.016935016959905624
0.017664829269051552
0.038124553859233856
0.03678913041949272
0.009627137333154678
0.028835609555244446
0.059572719037532806
0.03280441462993622
0.03423691540956497
0.04966135323047638
0.019282789900898933
0.009764549322426319
0.0102610532194376
0.023541245609521866
0.04494462534785271
0.012279258109629154
0.02098517306149006
0.03393147140741348
0.056475188583135605
0.02064569853246212
0.03353526443243027
0.017505910247564316
0.058714546263217926
0.023020926862955093
0.019713709130883217
0.02100791409611702
0.02731277607381344
0.010863512754440308
0.012775955721735954
0.05747167021036148
0.017216315492987633
0.0323355495929718
0.012664685025811195
0.02421368844807148
0.01027107797563076
0.03081323578953743
0.022741807624697685
0.029452471062541008
0.0280567929148674
0.0246046744287014
0.02078760229051113
0.053623124957084656
0.036522820591926575
0.00792587362229824
0.010542748495936394
0.022753585129976273
0.019949238747358322
0.01166651863604784
0.022429214790463448
0.019845925271511078
0.028192386031150818
0.037257395684719086
0.01938594877719879
0.03979719430208206
0.014049092307686806
0.021020103245973587
0.04157530516386032
0.03806671127676964
0.01717432029545307
0.01984533853828907
0.024043504148721695
0.029226817190647125
0.013229667209088802
0.030369719490408897
0.013333450071513653
0.02186870574951172
0.01670975610613823
0.019932202994823456
0.027998898178339005
0.02255120500922203
0.032318830490112305
0.023925580084323883
0.04552514851093292
0.015696212649345398
0.03621552139520645
0.017315519973635674
0.03936091810464859
0.009163892827928066
0.03236179053783417
0.03815429285168648
0.021162662655115128
0.035506471991539
0.020974375307559967
0.040058430284261703
0.019106198102235794
0.027142366394400597
0.009567800909280777
0.02732309326529503
0.0440286248922348
0.04261625558137894
0.0157261174172163
0.04506412521004677
0.03554268181324005
0.01247090008109808
0.03520521894097328
0.010349745862185955
0.019277656450867653
0.0361015610396862
0.008491589687764645
0.0172124020755291
0.04494687542319298
0.02422378771007061
0.024827437475323677
0.04959005117416382
0.008280898444354534
0.023505836725234985
test_delta_mean_absolute_error
0.05631743371486664
0.027038967236876488
0.03907293081283569
0.03566151112318039
0.012089602649211884
0.027743980288505554
0.03702368587255478
0.06303553283214569
0.01636011153459549
0.03212980926036835
0.037091899663209915
0.018854977563023567
0.040364835411310196
0.07500414550304413
0.06760135293006897
0.027459803968667984
0.037967853248119354
0.01124302577227354
0.026038186624646187
0.042920567095279694
0.04664313420653343
0.02942481078207493
0.020837903022766113
0.021928098052740097
0.04820816591382027
0.04583226144313812
0.012001633644104004
0.03679303824901581
0.08014455437660217
0.04062845930457115
0.04294208437204361
0.05713577941060066
0.024037165567278862
0.012389130890369415
0.013398476876318455
0.029104063287377357
0.05899759382009506
0.01588529348373413
0.02699846774339676
0.04422672837972641
0.07489475607872009
0.02607983723282814
0.0414314903318882
0.022178642451763153
0.0784357562661171
0.029290223494172096
0.02438575215637684
0.027055302634835243
0.03430752083659172
0.01394958421587944
0.01640024222433567
0.06675796955823898
0.021991772577166557
0.044149935245513916
0.01560190599411726
0.03006199188530445
0.013100555166602135
0.0383487232029438
0.028927188366651535
0.03830615058541298
0.03588419035077095
0.029205847531557083
0.02688714675605297
0.07441772520542145
0.04642003774642944
0.01037948951125145
0.013583332300186157
0.029025018215179443
0.024476701393723488
0.015043197199702263
0.029279857873916626
0.02602578140795231
0.03755685314536095
0.04637834429740906
0.02515597827732563
0.05053324997425079
0.01817409135401249
0.0255522970110178
0.05041717365384102
0.04426537826657295
0.021451188251376152
0.025473980233073235
0.031949423253536224
0.03634309023618698
0.016814231872558594
0.041435275226831436
0.016842953860759735
0.02770916186273098
0.02147234044969082
0.0249033086001873
0.03629617020487785
0.028958797454833984
0.03770123049616814
0.03050387278199196
0.06197042018175125
0.020276283845305443
0.047206100076436996
0.022073030471801758
0.05261123552918434
0.011742962524294853
0.038472890853881836
0.047007542103528976
0.027171174064278603
0.0464358776807785
0.027522865682840347
0.052060917019844055
0.024975502863526344
0.03543204441666603
0.012420526705682278
0.03607868403196335
0.05958011746406555
0.05634310096502304
0.020688751712441444
0.05188308656215668
0.04599274694919586
0.01582314446568489
0.04421650990843773
0.01348316390067339
0.023863838985562325
0.04425012692809105
0.010549504309892654
0.021500539034605026
0.06286279112100601
0.030735669657588005
0.033184606581926346
0.06832662969827652
0.010715926997363567
0.03101488947868347


