================================================================================
=== continuous-time
train_risk
4.1351433
4.1728053
4.1544814
4.2229595
4.186274
4.1405454
4.1554856
4.1347904
4.1782126
4.156664
4.1195936
4.1240435
4.135989
4.1226215
4.1434236
4.1480637
test_risk
4.133263
4.173985
4.1537232
4.221766
4.1856785
4.148913
4.155901
4.1338468
4.1785603
4.1594057
4.119883
4.1252146
4.138898
4.1243367
4.1430387
4.151355
test_mean_value
-0.00016711303
-0.0012713847
-0.0022621262
-0.004818458
-0.0047841086
-0.0004981588
-0.0013301552
-0.0018747571
-0.0019783129
-0.0014761182
-0.0012994531
-0.0012503067
0.0004335317
-0.0011668631
-0.0038489888
-0.0027003288
test_mean_abs_value
0.53048915
0.58318275
0.5513344
0.6153
0.5817635
0.54245883
0.54932755
0.52235013
0.57981235
0.5557652
0.5089154
0.5166414
0.5370057
0.515862
0.5393255
0.54056007
test_variance_value
0.43525693
0.5207517
0.47000027
0.57723683
0.51994866
0.4531014
0.46442395
0.420056
0.51317734
0.4729321
0.40262315
0.41474932
0.44552815
0.4101647
0.44714093
0.44918698
test_mean_costs
1.5459398
1.5458851
1.5448091
1.5455766
1.5454683
1.5457903
1.5451627
1.5465524
1.5453748
1.5454303
1.5454167
1.545645
1.5461121
1.5454355
1.5453982
1.5447515
test_mean_abs_costs
1.5459398
1.5458851
1.5448091
1.5455766
1.5454683
1.5457903
1.5451627
1.5465524
1.5453748
1.5454303
1.5454167
1.545645
1.5461121
1.5454355
1.5453982
1.5447515
test_variance_costs
0.04878764
0.05705702
0.051376186
0.06417828
0.0572794
0.05085946
0.051472623
0.04661758
0.056848057
0.0528976
0.044955533
0.04624295
0.049516506
0.04562231
0.04984859
0.049513534
test_mean_wealth
-3.4755702
-3.4751246
-3.4735937
-3.4749465
-3.474898
-3.4747422
-3.4741042
-3.4753072
-3.4737566
-3.4747899
-3.474248
-3.4746108
-3.4757032
-3.4748046
-3.4741058
-3.4744892
test_mean_abs_wealth
3.4755702
3.4751246
3.4735937
3.4749465
3.474898
3.4747422
3.4741042
3.4753072
3.4737566
3.4747899
3.474248
3.4746108
3.4757032
3.4748046
3.4741058
3.4744892
test_variance_wealth
0.09750083
0.11240924
0.10558257
0.12173331
0.11277545
0.10060915
0.10445477
0.096297845
0.11132398
0.10407195
0.09264756
0.09497507
0.09933967
0.09369427
0.09968272
0.10174914
test_wealth_with_price_abs_mean
1.5461091
1.5456659
1.544132
1.5454954
1.5454423
1.5452832
1.5446477
1.545847
1.5442972
1.5453334
1.5447894
1.5451494
1.5462432
1.5453445
1.544647
1.5450306
test_wealth_with_price_variance
0.09750083
0.11240924
0.10558257
0.12173331
0.11277545
0.10060915
0.10445477
0.096297845
0.11132398
0.10407195
0.09264756
0.09497507
0.09933967
0.09369427
0.09968272
0.10174914
price
1.929461
1.9294596
1.9294617
1.9294605
1.9294605
1.9294608
1.9294598
1.9294617
1.9294615
1.9294598
1.9294586
1.9294615
1.92946
1.92946
1.9294591
1.9294591
train_time
4.256666299999999
4.786528699999991
7.649560500000007
5.819082400000013
5.870325399999956
5.446730500000058
7.801879199999917
6.210048700000016
6.60188519999997
6.411154599999918
6.968410500000118
7.601316100000076
15.283713499999976
8.867713000000094
5.242642100000012
6.492029399999865


================================================================================
=== deep network w. PCA
train_risk
5.0876517
3.522765
5.1446176
5.3984475
5.6276755
4.7911344
5.232095
4.917935
5.075703
5.1307
5.4713993
5.035006
5.2543507
5.165708
4.99255
5.4061723
test_risk
5.087479
3.5287323
5.143163
5.3970304
5.6306987
4.789288
5.231783
4.913161
5.069341
5.1330295
5.4707575
5.0415225
5.2674584
5.173493
4.989631
5.41522
test_mean_value
0.11418682
0.05066962
-0.002432505
0.14057088
0.015443258
0.1848013
0.07207823
0.051992804
0.1613571
0.04386393
0.0865025
0.011037258
0.0002888363
0.016568793
0.21089515
0.08733598
test_mean_abs_value
0.42187563
0.1451491
0.3962687
0.51436836
0.4785447
0.52162635
0.46849862
0.42305726
0.47853377
0.36037117
0.44521567
0.43277875
0.6081297
0.36817598
0.45939314
0.35380113
test_variance_value
0.26918313
0.03126827
0.24911861
0.40328494
0.36348084
0.39518797
0.34872028
0.2802227
0.33727992
0.20321155
0.30605924
0.29599568
0.58447254
0.21367343
0.29445964
0.1903024
test_mean_costs
1.5312426
0.07012674
1.5170742
1.4351773
1.8517824
1.1001449
1.6460441
1.3897748
1.3738569
1.5545769
1.8934251
1.4738158
1.5449929
1.6800371
1.5650039
1.8869146
test_mean_abs_costs
1.5312426
0.07012674
1.5170742
1.4351773
1.8517824
1.1001449
1.6460441
1.3897748
1.3738569
1.5545769
1.8934251
1.4738158
1.5449929
1.6800371
1.5650039
1.8869146
test_variance_costs
0.05847774
0.0049901977
0.016732844
0.13806851
0.09499316
0.052622296
0.10297202
0.09847257
0.09717764
0.025884898
0.058564864
0.06670628
0.10122092
0.029673412
0.1287441
0.044968113
test_mean_wealth
-3.346519
-1.9474252
-3.4460292
-3.219158
-3.760985
-2.8437974
-3.5015771
-3.264662
-3.1389034
-3.4385965
-3.7344544
-3.390494
-3.4747288
-3.5916705
-3.2789674
-3.7266161
test_mean_abs_wealth
3.3465312
1.9479029
3.4460294
3.219404
3.760985
2.8446379
3.5015771
3.2646635
3.1389635
3.4385998
3.7344565
3.3904948
3.474761
3.5916705
3.2789679
3.7266161
test_variance_wealth
0.7460187
0.58007187
0.7506535
1.0966053
0.84671503
0.92640334
0.73261136
0.66637397
0.9075714
0.6874122
0.7765037
0.6660582
0.87459046
0.6118047
0.6782122
0.662949
test_wealth_with_price_abs_mean
1.4528254
0.6155746
1.5439173
1.392137
1.8467842
1.0919583
1.5929874
1.3712174
1.2988005
1.5295045
1.8206055
1.4854809
1.5916482
1.6714864
1.3799118
1.802911
test_wealth_with_price_variance
0.7460187
0.58007187
0.7506535
1.0966053
0.84671503
0.92640334
0.73261136
0.66637397
0.9075714
0.6874122
0.7765037
0.6660582
0.87459046
0.6118047
0.6782122
0.662949
price
1.929461
1.9294596
1.9294617
1.9294605
1.9294605
1.9294608
1.9294598
1.9294617
1.9294615
1.9294598
1.9294586
1.9294615
1.92946
1.92946
1.9294591
1.9294591
train_time
51.550680099999994
178.1345757
67.93500089999998
57.1632692
55.97756939999999
54.614538400000015
59.544957599999975
65.97184449999997
63.64582220000011
74.89468229999989
71.73534459999996
64.40708969999991
58.82744669999988
57.146222999999964
64.38151979999998
73.3912193000001


