================================================================================
=== continuous-time
train_risk
25.630442
7.026609
14.323419
10.520381
18.838373
-7.977164
6.991838
29.91112
3.574269
22.964449
21.905035
14.795389
15.242914
23.94858
11.075608
15.434128
test_risk
25.633411
7.0327363
14.281911
10.50625
18.823513
-7.976089
6.991081
29.922678
3.5912027
22.960045
21.925966
14.822398
15.247123
23.915052
11.043278
15.444247
test_mean_value
-0.26260728
0.09924265
-0.08134736
0.10326209
0.11530333
0.043769706
-0.25748107
-0.6782998
0.2647153
0.46493798
0.59721255
0.40790534
0.052043974
-0.08479833
-0.24126948
0.44730952
test_mean_abs_value
6.574189
2.173807
4.3603253
2.905119
6.36668
7.0316353
3.6351626
14.2637
5.40142
10.076524
11.660122
6.191601
4.184702
5.257633
2.5668433
10.773705
test_variance_value
66.24172
15.850586
38.978077
13.677816
69.21504
76.08204
21.431316
292.99146
36.710064
173.30533
248.04611
59.746475
29.520536
60.20368
14.197365
211.79922
test_mean_costs
3.9816234
2.1900244
3.3262439
2.1804588
3.0322282
3.9732885
1.9622698
2.7375262
2.5646613
4.399662
4.4010906
2.2792752
3.2293134
4.160187
2.8914185
3.9434016
test_mean_abs_costs
3.9816234
2.1900244
3.3262439
2.1804588
3.0322282
3.9732885
1.9622698
2.7375262
2.5646613
4.399662
4.4010906
2.2792752
3.2293134
4.160187
2.8914185
3.9434016
test_variance_costs
1.4712727
1.13836
1.0694655
0.5076581
1.0551888
1.4687381
0.32618493
1.9835994
0.36628255
1.1961533
1.8062836
0.54303527
1.1116747
1.4694763
3.0005379
1.195206
test_mean_wealth
-20.363743
-2.5660655
-8.810102
-6.8076434
-12.21603
11.876519
-4.0212994
-23.794184
-0.95144004
-16.805565
-14.506254
-11.503803
-9.559852
-17.094044
-5.273592
-10.36207
test_mean_abs_wealth
20.363743
2.5721607
8.810102
6.8076434
12.21603
11.876519
4.021328
23.794184
1.2886672
16.805565
14.506254
11.503803
9.559852
17.094044
5.2736316
10.36207
test_variance_wealth
4.377718
2.7840145
4.7123475
2.0308979
6.2099824
3.5811949
1.4290626
5.1125646
1.6738296
6.2335567
8.686032
1.7735138
4.8398848
7.1667056
4.138109
4.0991244
test_wealth_with_price_abs_mean
3.9922442
2.2096987
3.371412
2.2100677
3.1352224
3.9927137
1.9837635
2.7726035
2.590951
4.4249115
4.4697256
2.2948496
3.2848425
4.2108274
2.8917415
3.9603114
test_wealth_with_price_variance
4.377718
2.7840145
4.7123475
2.0308979
6.2099824
3.5811949
1.4290626
5.1125646
1.6738296
6.2335567
8.686032
1.7735138
4.8398848
7.1667056
4.138109
4.0991244
price
16.379105
0.37416768
5.4781704
4.6258116
9.188039
-15.846338
2.057962
21.051579
-1.6159439
12.40753
10.10206
9.221358
6.328768
12.930093
2.3847504
6.412444
train_time
3.4769117000000005
5.503158499999984
4.953557399999966
2.8140324000000874
3.209619699999962
3.499892599999953
2.887742399999979
4.178584099999853
3.8634759000001395
3.8996791999998095
3.612823699999808
4.3431904999999915
4.166006700000253
5.10404490000019
4.352220400000078
2.9253202999998393


================================================================================
=== deep network
train_risk
22.719187
4.1339483
10.581394
8.528549
16.130606
-10.264533
5.6614304
26.497078
2.367854
20.566463
18.546865
13.160196
12.730309
20.598745
7.0503945
11.239645
test_risk
22.728037
4.129204
10.55933
8.52721
16.145094
-10.267245
5.669596
26.526878
2.3712187
20.574497
18.603514
13.163502
12.756333
20.595554
7.060525
11.240456
test_mean_value
-0.24217607
0.18233475
1.1383916
0.10640182
0.46836472
0.14619373
-0.27085635
0.31437892
0.2868713
0.45303285
0.6247396
0.40087608
0.016556157
0.24816513
-0.16944702
1.6729366
test_mean_abs_value
5.8334565
2.6197102
3.9421337
2.1864417
5.3540573
7.91055
3.5989432
12.989397
5.249643
9.600005
11.674476
5.763792
3.2791374
4.9030304
3.428853
11.307458
test_variance_value
51.983166
18.040606
37.669807
8.278267
52.02746
97.037796
20.622883
252.27342
35.85904
156.21906
242.23007
52.42993
19.11207
53.195976
21.733646
229.71349
test_mean_costs
2.3105996
1.0899895
2.1251292
1.198641
1.911123
1.6900588
1.2194515
1.6328069
1.0447397
2.7850218
2.467641
1.35581
1.8653978
2.3423715
1.0918585
1.9455147
test_mean_abs_costs
2.3105996
1.0899895
2.1251292
1.198641
1.911123
1.6900588
1.2194515
1.6328069
1.0447397
2.7850218
2.467641
1.35581
1.8653978
2.3423715
1.0918585
1.9455147
test_variance_costs
0.23027857
0.21542402
0.21031478
0.09909601
0.33686483
0.82685566
0.056810386
0.38485354
0.1859432
0.27133417
0.321825
0.1155309
0.22198531
0.30564222
0.17251785
0.15105292
test_mean_wealth
-18.672287
-1.3829385
-6.389249
-5.8226857
-10.741863
14.262173
-3.2918565
-21.696785
0.59063756
-15.20283
-12.545277
-10.587368
-8.231423
-14.943264
-3.4022098
-7.138556
test_mean_abs_wealth
18.672287
1.7833496
6.38944
5.8226857
10.741863
14.262173
3.2974098
21.696785
1.5686654
15.20283
12.545277
10.587368
8.234667
14.943264
3.924379
7.1385593
test_variance_wealth
4.156742
2.564443
4.0220194
2.3484955
6.8800373
15.055996
1.5389414
5.7826247
3.2289658
6.706481
8.529828
1.7072637
5.711053
8.4323845
6.736662
3.754234
test_wealth_with_price_abs_mean
4.0844636
2.6894174
4.202218
2.715587
5.438947
4.004984
2.3910835
4.868152
2.9728215
5.411659
6.100154
2.5863047
4.5594416
5.681646
3.6915302
4.133951
test_wealth_with_price_variance
4.156742
2.564443
4.0220194
2.3484955
6.8800373
15.055996
1.5389414
5.7826247
3.2289658
6.706481
8.529828
1.7072637
5.711053
8.4323845
6.736662
3.754234
price
22.726759
4.045904
10.559176
8.519333
16.138021
-10.267338
5.665525
26.526863
2.3703732
20.574354
18.599485
13.153389
12.756257
20.583107
7.0604405
11.240361
train_time
148.92432240000002
159.1377404
79.34684519999996
146.10618390000002
92.61499519999995
116.07859289999999
197.06822590000002
102.9591519999999
84.69065449999994
119.89096610000001
134.03693610000005
223.77933899999994
124.62933190000012
207.80090679999967
58.472642599999745
96.2800456


================================================================================
=== identity feature map
train_risk
23.006783
4.6423798
9.274111
8.855635
16.288256
-10.169509
5.890428
26.582678
2.3077197
20.57003
19.103714
13.265704
12.995653
20.938744
5.584913
9.868318
test_risk
22.999918
4.6405616
9.255978
8.851246
16.314226
-10.174313
5.898216
26.6177
2.3005064
20.567862
19.148209
13.262116
13.008623
20.922504
5.574232
9.859671
test_mean_value
-0.24142762
0.1823971
1.5138764
0.10643872
0.42396298
0.17852859
-0.26521245
0.0771651
0.28489822
0.46521452
0.6183379
0.40146735
0.02619835
0.2221399
-0.27765474
1.7929782
test_mean_abs_value
5.810297
2.4170272
3.7228396
2.3073058
5.370174
7.81521
3.5455818
13.078868
5.1850324
9.724533
11.866851
5.8020067
3.3601854
4.785351
3.5810053
11.02383
test_variance_value
51.613205
16.835438
34.979275
9.010008
51.887993
94.18564
20.067823
253.23831
35.236988
159.32802
244.99489
52.779106
19.512577
51.837814
22.886614
214.14792
test_mean_costs
2.3485522
1.1963227
1.0828389
1.3401845
1.9575284
1.2168559
1.2665709
1.6013021
0.9720764
2.812937
2.840198
1.3481942
1.8622146
2.5159175
0.64243853
0.8787633
test_mean_abs_costs
2.3485522
1.1963227
1.0828389
1.3401845
1.9575284
1.2168559
1.2665709
1.6013021
0.9720764
2.812937
2.840198
1.3481942
1.8622146
2.5159175
0.64243853
0.8787633
test_variance_costs
0.29606125
0.3244704
0.07722083
0.12640595
0.382039
0.123596646
0.08029158
0.49700117
0.051815305
0.35598525
0.50204587
0.13157004
0.36010846
0.46406657
0.2653405
0.041725665
test_mean_wealth
-18.709492
-1.4892094
-4.9714737
-5.9641924
-10.83267
14.767711
-3.333332
-21.902494
0.6613277
-15.218564
-12.924235
-10.579161
-8.218598
-15.142836
-3.0609975
-5.951763
test_mean_abs_wealth
18.709492
1.794562
4.981977
5.9641924
10.83267
14.767711
3.3352745
21.902494
1.6067564
15.218564
12.924235
10.579161
8.219381
15.142836
3.565207
5.9574714
test_variance_wealth
3.899042
2.4855573
4.550267
1.9379964
6.494612
28.543676
1.4287283
4.8608313
3.90648
5.8981824
7.9725504
1.5868866
4.9752893
7.2310534
5.219905
3.7381177
test_wealth_with_price_abs_mean
4.3238096
3.0989504
4.3128314
2.90374
5.5208626
4.603785
2.5818958
4.755196
2.97404
5.3935003
6.2726336
2.6954317
4.831276
5.813466
2.5453584
3.9347348
test_wealth_with_price_variance
3.899042
2.4855573
4.550267
1.9379964
6.494612
28.543678
1.4287283
4.8608313
3.90648
5.8981824
7.9725504
1.5868866
4.9752893
7.2310534
5.219905
3.7381177
price
22.99864
4.557262
9.255824
8.843369
16.307154
-10.174405
5.8941445
26.617685
2.299661
20.567719
19.14418
13.252004
13.008547
20.910057
5.5741477
9.859576
train_time
9.40070510000001
11.628264300000012
21.038675900000044
8.790606700000012
11.219462099999987
14.124587900000051
9.547077900000204
12.266263299999991
20.672272999999905
13.399595500000032
13.552622400000018
12.41917680000006
12.820876700000099
18.39091989999997
13.323652300000049
13.832147000000077


