================================================================================
=== continuous-time
train_risk
61.48684
45.423855
33.84499
30.787807
31.186287
29.725664
51.535625
65.874535
39.226746
60.97646
90.57857
35.308613
49.94564
61.48279
59.92665
39.811848
test_risk
61.489822
45.38286
33.82653
30.820004
31.175533
29.722145
51.568977
65.86786
39.2273
61.021008
90.56154
35.342087
49.951614
61.456573
60.00209
39.80798
test_mean_value
-0.6278674
-0.33379346
-0.37265304
-0.16234303
0.41268978
-0.5238231
-0.10335733
-1.4429381
1.1574298
1.8557755
0.30867514
0.63778484
-0.31952855
-0.12283194
0.7382927
0.105267465
test_mean_abs_value
18.737118
9.087322
8.542725
9.618009
12.769232
13.725649
18.472855
13.297349
8.341189
15.086583
19.883387
14.486534
9.2529745
13.131622
16.706385
13.2679405
test_variance_value
548.9225
134.95032
124.71473
145.26991
262.12283
305.42963
544.55634
268.26334
113.43146
361.46274
626.9183
324.9066
133.83568
275.55234
461.91284
286.2267
test_mean_costs
17.40489
17.035522
13.382114
12.167425
12.980045
14.814269
18.23139
15.862459
17.786596
17.847282
23.598845
16.62872
12.725918
16.743076
17.855555
13.205422
test_mean_abs_costs
17.40489
17.035522
13.382114
12.167425
12.980045
14.814269
18.23139
15.862459
17.786596
17.847282
23.598845
16.62872
12.725918
16.743076
17.855555
13.205422
test_variance_costs
2.8172956
4.55513
2.1588275
2.4676778
2.617083
3.1315117
3.6842406
4.3625717
3.4150066
5.5167775
10.23447
3.3701792
3.3507988
3.0342329
3.5761154
2.0754592
test_mean_wealth
-53.393993
-37.32462
-26.713316
-24.93656
-24.855997
-22.81179
-42.190174
-55.396812
-32.095955
-50.698746
-76.32157
-27.72681
-41.83531
-53.105045
-49.951553
-33.41058
test_mean_abs_wealth
53.393993
37.32462
26.713316
24.93656
24.855997
22.81179
42.190174
55.396812
32.095955
50.698746
76.32157
27.72681
41.83531
53.105045
49.951553
33.41058
test_variance_wealth
11.929154
12.758792
9.126126
6.2461257
7.3404217
9.483051
15.518525
19.147512
9.939285
18.25187
36.313885
10.691751
11.182757
12.911984
18.050053
7.3459926
test_wealth_with_price_abs_mean
17.410578
17.036001
13.385462
12.1772
12.978493
14.818099
18.236427
15.873095
17.79383
17.859514
23.611225
16.639156
12.727605
16.745157
17.866045
13.206749
test_wealth_with_price_variance
11.929154
12.758792
9.126128
6.2461257
7.340422
9.483052
15.518525
19.147512
9.939285
18.25187
36.313885
10.691751
11.182757
12.911984
18.050053
7.3459926
price
35.983418
20.288618
13.327855
12.759359
11.877503
7.9936914
23.953745
39.52372
14.302126
32.83923
52.71035
11.087654
29.107708
36.359886
32.085506
20.203829
train_time
8.2939602
4.991355200000015
4.050759599999992
3.5960157999999183
5.101821200000018
5.14579290000006
10.003578399999924
6.650044100000059
5.931654699999854
5.393340999999964
9.014985099999649
10.881001100000049
7.194815900000322
6.646202499999617
6.865788799999791
7.325957500000186


================================================================================
=== deep network
train_risk
54.213936
37.62078
27.848907
24.406675
25.910933
23.700193
42.096058
59.137833
30.803905
52.385853
81.4023
28.626926
44.1589
54.90821
53.72479
35.847538
test_risk
54.30427
37.721928
27.84764
24.481855
25.975885
23.708574
42.139557
59.198
30.956474
52.57655
81.58116
28.68881
44.201393
55.00639
53.89275
35.92885
test_mean_value
-0.8398791
-0.111304745
-0.36275834
0.3455888
0.4501118
-0.4671683
0.67411065
-0.9738716
0.57471836
1.7295581
0.41251877
0.8274184
-0.10214147
0.01951431
0.7171125
0.18287832
test_mean_abs_value
17.557535
6.785838
7.4036117
8.443205
12.253441
12.687199
17.09276
10.805743
6.7475176
13.154542
16.981163
13.042671
7.5221987
11.514444
15.916011
12.591572
test_variance_value
480.25885
77.47368
94.33375
111.36055
240.42912
258.18384
481.4156
180.09734
75.1856
279.25964
463.8607
265.02203
89.524864
212.63165
415.16315
256.07132
test_mean_costs
8.6691265
5.6035256
5.6861496
4.8297095
6.3332624
6.0897875
8.834844
7.353792
6.2218776
8.613203
11.480843
8.160125
5.888394
8.142221
10.301351
7.2517037
test_mean_abs_costs
8.6691265
5.6035256
5.6861496
4.8297095
6.3332624
6.0897875
8.834844
7.353792
6.2218776
8.613203
11.480843
8.160125
5.888394
8.142221
10.301351
7.2517037
test_variance_costs
0.40175486
0.30506602
0.33112624
0.16534339
0.24897395
0.31528652
0.45845154
0.5364662
0.3176328
0.59588665
1.0468601
0.43790153
0.40788615
0.37882575
0.68508816
0.25774837
test_mean_wealth
-44.870243
-25.670134
-19.007456
-17.090912
-18.171791
-14.030654
-32.01616
-46.41908
-21.113949
-41.59088
-64.09973
-19.068583
-34.780403
-44.361843
-42.41853
-27.379248
test_mean_abs_wealth
44.870243
25.67113
19.007456
17.114264
18.17191
14.056894
32.01616
46.41908
21.114052
41.59088
64.09973
19.095589
34.780403
44.361843
42.41853
27.379261
test_variance_wealth
22.090906
38.37916
17.586649
17.109015
14.9936905
24.821915
23.289173
36.32524
22.782253
27.549133
69.32783
27.320946
19.309645
24.889439
27.23474
18.021965
test_wealth_with_price_abs_mean
8.502122
11.136298
8.174173
6.6060114
6.8770146
8.770429
9.300904
12.316746
8.68729
10.043341
16.504553
8.709109
8.809882
9.770758
10.5031595
7.6784654
test_wealth_with_price_variance
22.090906
38.37916
17.586649
17.109015
14.9936905
24.821915
23.289173
36.32524
22.782253
27.549133
69.32783
27.320946
19.309645
24.889439
27.23474
18.021965
price
53.251053
36.67253
27.07806
23.593653
24.93515
22.682463
41.197876
58.614395
29.658314
51.497665
80.41772
27.659037
43.485374
54.003613
52.777084
34.942844
train_time
124.45026219999998
167.5118231
184.114557
167.43831779999994
206.73785150000003
188.90619029999993
148.89613869999994
173.2134243999999
251.9083205999998
227.92626299999984
195.03811570000016
190.33465590000014
189.14745569999968
230.61017630000015
247.9866149999998
205.07134889999998


================================================================================
=== identity feature map
train_risk
53.999508
36.858486
28.151386
24.58876
26.48375
23.339333
42.115784
58.53475
30.957067
52.56563
80.247055
28.45577
43.45699
54.762524
54.25284
34.92015
test_risk
53.997032
36.865395
28.11045
24.622047
26.498734
23.347048
42.11423
58.4975
31.0104
52.652847
80.247635
28.466217
43.44345
54.754536
54.29429
34.913464
test_mean_value
-0.93140745
-0.11872342
-0.37362343
0.29392055
0.4261851
-0.4693722
0.5638805
-1.0105206
0.6551581
1.76475
0.4291556
0.80634457
-0.11866657
0.013752412
0.674148
0.1816461
test_mean_abs_value
17.727615
7.324291
7.5684495
8.510375
12.254113
13.024259
17.210417
11.274565
6.7169166
13.321143
17.672806
13.148499
7.791307
11.700745
16.043652
12.754093
test_variance_value
488.06253
89.504684
97.23309
113.69491
239.39252
276.37006
486.00095
195.1002
74.50706
282.31317
496.45914
269.22214
95.33001
218.87755
421.1063
262.32028
test_mean_costs
8.836994
7.033495
6.724624
5.5122385
7.3114977
7.2535696
9.111716
8.746808
6.919445
9.576229
13.456531
8.906138
6.630359
8.6757
11.345484
7.9817576
test_mean_abs_costs
8.836994
7.033495
6.724624
5.5122385
7.3114977
7.2535696
9.111716
8.746808
6.919445
9.576229
13.456531
8.906138
6.630359
8.6757
11.345484
7.9817576
test_variance_costs
0.4130972
0.4102533
0.37799087
0.29068512
0.41168013
0.31148323
0.4886921
0.8064251
0.4446641
0.7982367
1.876009
0.5216852
0.7243096
0.40398484
0.9762515
0.41853726
test_mean_wealth
-45.12964
-27.107523
-20.056797
-17.82511
-19.173954
-15.19664
-32.403263
-47.848747
-21.731077
-42.518715
-66.05878
-19.835669
-35.53889
-44.90108
-43.505627
-28.110535
test_mean_abs_wealth
45.12964
27.107523
20.056797
17.826006
19.173954
15.198819
32.403263
47.848747
21.73109
42.518715
66.05878
19.835962
35.53889
44.90108
43.505627
28.110535
test_variance_wealth
17.99392
21.568384
13.086916
11.5130825
10.897495
16.266487
20.647306
24.036127
20.106028
21.69478
43.11696
18.227747
13.164128
20.58414
23.09693
10.340371
test_wealth_with_price_abs_mean
7.9352865
8.832312
7.3856144
6.0131664
6.4006124
7.2363496
8.887585
10.173242
8.120293
9.188845
13.188934
7.7170024
7.2845774
8.975867
9.81529
5.9224215
test_wealth_with_price_variance
17.99392
21.568384
13.086916
11.5130825
10.897495
16.266487
20.647306
24.036127
20.106028
21.69478
43.11696
18.227747
13.164128
20.58414
23.09693
10.340371
price
52.943813
35.815998
27.340872
23.733845
25.457998
22.320936
41.17255
57.913895
29.71224
51.573963
79.08419
27.436443
42.727432
53.75176
53.178623
33.92746
train_time
28.868773599999997
29.56554140000003
23.649239299999977
40.55702059999999
20.562693500000023
17.992941100000053
35.47574480000003
46.37986999999998
51.96797059999972
34.28236580000021
35.01245259999996
53.49651559999984
31.571529800000008
27.453012599999965
29.971261299999696
48.000559899999644


