================================================================================
=== continuous-time
train_risk
5.0923676
4.913653
4.925059
4.666591
4.8432803
5.042563
4.958435
5.051908
4.6639986
4.839425
4.74958
5.0357246
5.109436
5.0698647
5.0644226
5.072665
test_risk
5.093617
4.9157834
4.9292235
4.664719
4.840647
5.0435467
4.959184
5.0455275
4.670175
4.837748
4.752529
5.0300703
5.1134844
5.0721474
5.0668564
5.074643
test_mean_value
0.0014783558
0.00226894
-0.0077720173
-0.0018467556
-0.0032729723
0.0025199759
-0.0037521748
0.004876883
-0.003658562
-0.003101683
-0.002400632
-0.003737852
0.0026975651
-4.1623203e-05
0.0032774967
-0.00562205
test_mean_abs_value
1.3489428
1.2471808
1.2631203
0.90971446
1.1719714
1.3349429
1.2876184
1.3350879
0.91534853
1.1675552
1.0602524
1.3269922
1.3508084
1.3392063
1.3395731
1.342169
test_variance_value
2.4204206
2.100754
2.146443
1.2496283
1.8959246
2.369561
2.215763
2.3672304
1.2668854
1.8871151
1.6213555
2.3437295
2.4272768
2.3851633
2.3862445
2.3926034
test_mean_costs
1.5468606
1.5477628
1.5457757
1.5463054
1.5448555
1.5462
1.5451839
1.5468006
1.5456897
1.5467739
1.5461649
1.5451475
1.5460838
1.5456475
1.5473567
1.5456408
test_mean_abs_costs
1.5468606
1.5477628
1.5457757
1.5463054
1.5448555
1.5462
1.5451839
1.5468006
1.5456897
1.5467739
1.5461649
1.5451475
1.5460838
1.5456475
1.5473567
1.5456408
test_variance_costs
0.26276195
0.2230986
0.2264988
0.13700742
0.20373586
0.25466824
0.23428243
0.25376827
0.13866496
0.20217384
0.17668541
0.25006548
0.26364022
0.25806114
0.2572323
0.25716424
test_mean_wealth
-3.4771774
-3.477191
-3.4735448
-3.4773653
-3.4738116
-3.474757
-3.4739182
-3.4745605
-3.4758854
-3.47598
-3.47569
-3.4755156
-3.4771664
-3.4736936
-3.4766052
-3.4770327
test_mean_abs_wealth
3.477547
3.4773653
3.4737465
3.4773664
3.4738827
3.4749455
3.4741066
3.4747825
3.4758854
3.4760365
3.475747
3.4757135
3.4774532
3.4739447
3.4768603
3.4773242
test_variance_wealth
0.60706985
0.49115738
0.5029223
0.31659448
0.43749848
0.57897514
0.5249955
0.5814373
0.31991673
0.43481377
0.37728074
0.57091624
0.61293954
0.5918626
0.593085
0.595456
test_wealth_with_price_abs_mean
1.5567147
1.55276
1.5497434
1.5490845
1.5477657
1.5529644
1.5503621
1.5528487
1.5477709
1.550014
1.548531
1.5533634
1.5567532
1.5526373
1.5558648
1.5559664
test_wealth_with_price_variance
0.60706985
0.49115738
0.5029223
0.31659448
0.43749848
0.57897514
0.5249955
0.5814373
0.31991673
0.43481377
0.37728074
0.57091624
0.61293954
0.5918626
0.593085
0.595456
price
1.9294548
1.9294548
1.9294548
1.9294586
1.9294586
1.9294548
1.9294548
1.9294548
1.9294548
1.9294548
1.9294548
1.9294548
1.9294558
1.9294548
1.9294548
1.9294548
train_time
2.508357799999999
1.9440945000000056
1.9442889999999693
2.676249999999982
2.7733501999999817
3.278399199999967
3.6751418999999714
3.109911000000011
1.9400166000000354
3.8564364000001206
2.2140472999999474
3.940415900000062
3.295474100000092
6.280180099999825
3.415122599999904
3.4510952000000543


================================================================================
=== deep network w. PCA
train_risk
4.3695297
4.2287016
4.2009397
4.6078067
4.1881576
4.5391283
4.248394
4.485912
3.9659607
4.285024
4.094788
4.4992313
4.3884993
4.345624
4.3762364
4.3649287
test_risk
4.373299
4.230063
4.2080507
4.6143093
4.186089
4.542029
4.251403
4.4812994
3.9694376
4.285117
4.0985007
4.4953637
4.392772
4.3415413
4.3773007
4.365513
test_mean_value
0.07468416
-0.003056927
-0.0073094554
0.0021489654
-0.004248765
0.00084934867
-0.004050524
-0.00386561
-0.0030180602
-0.0027736996
-0.0054660738
-0.005130556
0.0040605967
0.02028455
0.004252846
0.021008264
test_mean_abs_value
1.2605091
1.1342224
1.1926428
0.4699262
1.0843672
1.232908
1.171525
1.2204841
0.75358087
1.1349239
0.94733405
1.1567657
1.2734628
1.2394056
1.2484379
1.2515868
test_variance_value
2.2283652
1.8219
2.0089874
0.36454663
1.6930785
2.1324277
1.9356972
2.0653613
0.87341875
1.8240515
1.3405945
1.8893709
2.2699163
2.1594043
2.192683
2.2038677
test_mean_costs
0.83306307
0.73740095
0.7502667
0.84309036
0.6872217
1.0092723
0.7648917
0.96234435
0.65347534
0.8490802
0.70172703
0.8923587
0.8361011
0.7998833
0.8515808
0.82143575
test_mean_abs_costs
0.83306307
0.73740095
0.7502667
0.84309036
0.6872217
1.0092723
0.7648917
0.96234435
0.65347534
0.8490802
0.70172703
0.8923587
0.8361011
0.7998833
0.8515808
0.82143575
test_variance_costs
0.037290327
0.025824664
0.03218568
0.09706142
0.022231836
0.049829364
0.030387288
0.0402861
0.0107340785
0.030161746
0.017841814
0.033565626
0.038000666
0.035858586
0.044764273
0.035526287
test_mean_wealth
-2.6901739
-2.6721551
-2.6775732
-2.7701545
-2.6171536
-2.9394999
-2.6939244
-2.8988466
-2.5830305
-2.7779582
-2.6343174
-2.8241196
-2.7658205
-2.7076032
-2.7798538
-2.7261972
test_mean_abs_wealth
2.709777
2.6826954
2.692707
2.770257
2.6266346
2.9546084
2.7070174
2.9122372
2.584066
2.785302
2.6383684
2.8386395
2.7818177
2.7245505
2.794307
2.7442951
test_variance_wealth
0.89543766
0.73035586
0.75166005
0.82274383
0.70911115
0.8932047
0.7551287
0.8858822
0.48990816
0.7231774
0.56977427
0.90331644
0.86064136
0.8648089
0.8445592
0.88748044
test_wealth_with_price_abs_mean
1.0038499
0.94166076
0.96063524
1.0065547
0.89756525
1.1904382
0.96346855
1.1610187
0.788635
1.0286684
0.8558616
1.0971897
1.0493469
1.0071934
1.0540423
1.0289174
test_wealth_with_price_variance
0.89543766
0.73035586
0.75166005
0.82274383
0.70911115
0.8932047
0.7551287
0.8858822
0.48990816
0.7231774
0.56977427
0.90331644
0.86064136
0.8648089
0.8445592
0.88748044
price
1.9294548
1.9294548
1.9294548
1.9294586
1.9294586
1.9294548
1.9294548
1.9294548
1.9294548
1.9294548
1.9294548
1.9294548
1.9294558
1.9294548
1.9294548
1.9294548
train_time
89.9939884
85.5654011
203.2329242
60.17506970000005
126.97139779999998
69.80505989999995
94.1227576
81.14510630000007
205.70869310000012
80.97648040000013
111.59140009999987
67.31530359999988
120.40724649999993
166.6014571999999
141.6539004000001
121.84045699999979


