================================================================================
=== continuous-time
train_risk
5.1475425
5.140726
5.1437383
5.14471
5.1487737
5.1424565
5.149503
5.1429267
5.1404037
5.1445756
5.142056
5.1401186
5.1396513
5.146262
5.143661
5.145458
test_risk
5.140814
5.1419716
5.143037
5.1394005
5.1455374
5.149263
5.1451163
5.150304
5.148567
5.13826
5.1410713
5.1419044
5.146685
5.1401215
5.1448817
5.146491
test_mean_value
0.00094781845
-0.0034903302
-6.604846e-05
-0.001978609
-0.0022328622
-0.0039440338
-0.00018662946
-0.0022728804
-0.0018595349
-0.00849349
-0.002091796
-0.0027117217
-0.0020402824
0.0026598899
0.00198402
-0.010649657
test_mean_abs_value
1.3597838
1.3629216
1.3623524
1.3630885
1.360027
1.360131
1.3629446
1.3622357
1.3636951
1.3582501
1.3620768
1.3603011
1.363941
1.3619344
1.3619944
1.3612763
test_variance_value
2.4563432
2.4679601
2.4664629
2.4678504
2.4582524
2.4555004
2.4677463
2.464183
2.4708364
2.4501824
2.462231
2.4601936
2.4689088
2.4642274
2.464544
2.4629765
test_mean_costs
1.5452393
1.5467635
1.547067
1.5458995
1.5449123
1.5453863
1.5466046
1.5472007
1.5458361
1.5430282
1.5450088
1.5438279
1.5455047
1.5465229
1.546861
1.5444478
test_mean_abs_costs
1.5452393
1.5467635
1.547067
1.5458995
1.5449123
1.5453863
1.5466046
1.5472007
1.5458361
1.5430282
1.5450088
1.5438279
1.5455047
1.5465229
1.546861
1.5444478
test_variance_costs
0.27103472
0.27011678
0.27031684
0.2710889
0.26872295
0.26838604
0.26957336
0.27177742
0.26957282
0.2688288
0.26952288
0.26873055
0.2708393
0.2696788
0.26990074
0.26953563
test_mean_wealth
-3.4740434
-3.4746106
-3.4746225
-3.472845
-3.4747012
-3.4760969
-3.4745543
-3.47306
-3.4765978
-3.4719734
-3.4736698
-3.4725304
-3.4753556
-3.4757593
-3.4754782
-3.474895
test_mean_abs_wealth
3.4743443
3.4749
3.4750116
3.4732864
3.4750416
3.4763832
3.4748695
3.473385
3.4769652
3.4722867
3.4740222
3.4728959
3.4756758
3.4760914
3.4758167
3.475235
test_variance_wealth
0.6263121
0.6261593
0.6298061
0.6271685
0.6280809
0.62743235
0.62829185
0.63167113
0.6312227
0.6293441
0.625678
0.62587893
0.6319871
0.6293554
0.63071984
0.6295683
test_wealth_with_price_abs_mean
1.5542777
1.554915
1.5555215
1.5536315
1.5550284
1.55599
1.5552272
1.5534551
1.5574652
1.5524931
1.5539973
1.552624
1.5558186
1.5565844
1.5562001
1.555556
test_wealth_with_price_variance
0.6263121
0.6261593
0.6298061
0.6271685
0.6280809
0.62743235
0.62829185
0.63167113
0.6312227
0.6293441
0.625678
0.62587893
0.6319871
0.6293554
0.63071984
0.6295683
price
1.9294548
1.9294624
1.9294548
1.9294624
1.9294548
1.9294548
1.9294548
1.9294548
1.9294548
1.9294548
1.9294624
1.9294548
1.9294548
1.9294548
1.9294624
1.9294548
train_time
3.1868485
6.239481300000023
2.137216099999989
1.9133822999999666
3.066678599999989
1.7569045999999844
2.7563850999999886
2.292625799999996
2.75769200000002
6.943846500000063
1.8837487000000692
2.542995499999961
4.9870518000000175
1.883512600000131
1.9372414999998
1.957967999999937


================================================================================
=== deep network w. PCA
train_risk
4.4144907
4.435483
4.401341
4.4218774
4.437961
4.4213095
4.396427
4.6166005
4.391654
4.565273
4.4251456
4.396918
4.839416
4.43503
4.414057
4.4081335
test_risk
4.4132557
4.4363923
4.40643
4.4220734
4.4372454
4.42196
4.3942823
4.6188917
4.398013
4.5587983
4.4207215
4.3997374
4.83845
4.433942
4.413481
4.4057164
test_mean_value
-0.0009669929
-0.002422832
-0.0009495246
-0.0050687636
-0.0023811734
-0.004953888
-0.0005982431
-0.0049058557
-0.0005791894
-0.007146602
-0.0034114916
-0.002538051
0.005435623
0.0021036782
0.0018431005
-0.008557403
test_mean_abs_value
1.2975277
1.2473235
1.3116003
1.2658485
1.2545261
1.3032846
1.3256387
1.2688782
1.3095988
1.2789991
1.2809387
1.3095782
1.1631104
1.2829831
1.2911346
1.3090314
test_variance_value
2.3638396
2.1897185
2.4065197
2.2521212
2.206892
2.3657792
2.4509587
2.271364
2.395994
2.2881234
2.3031301
2.3930564
1.9833755
2.3068573
2.325928
2.3925407
test_mean_costs
0.84962946
0.8059785
0.84203017
0.80419725
0.82650125
0.85673994
0.8636031
0.94555205
0.83115405
0.9834587
0.82661027
0.8446179
0.8691321
0.83188176
0.8451902
0.8419484
test_mean_abs_costs
0.84962946
0.8059785
0.84203017
0.80419725
0.82650125
0.85673994
0.8636031
0.94555205
0.83115405
0.9834587
0.82661027
0.8446179
0.8691321
0.83188176
0.8451902
0.8419484
test_variance_costs
0.04248129
0.035224788
0.043415
0.03634896
0.037665445
0.040118016
0.050638054
0.045284912
0.043795887
0.042101365
0.042072535
0.042588
0.02661528
0.040143963
0.041578732
0.04256763
test_mean_wealth
-2.7803483
-2.732758
-2.7704692
-2.734233
-2.7564383
-2.7884605
-2.7919645
-2.8740442
-2.7606354
-2.911057
-2.7565908
-2.7731466
-2.7915072
-2.7616744
-2.7739482
-2.7703035
test_mean_abs_wealth
2.7992237
2.7503574
2.7900686
2.7541416
2.7723565
2.8048246
2.8079176
2.8935297
2.7815468
2.9301982
2.7772737
2.7926502
2.8521974
2.7789154
2.7907739
2.7898848
test_variance_wealth
0.88329285
0.90551484
0.8915834
0.91534173
0.8878592
0.8681411
0.8584191
1.0191503
0.90103537
0.9526438
0.90741676
0.89040095
1.4985269
0.8887848
0.87139297
0.91308177
test_wealth_with_price_abs_mean
1.0692776
1.0328381
1.064891
1.0397044
1.0461775
1.0700265
1.076156
1.1680206
1.0612745
1.1865811
1.055302
1.0695819
1.2316718
1.0521315
1.0591289
1.0746626
test_wealth_with_price_variance
0.88329285
0.90551484
0.8915834
0.91534173
0.8878592
0.8681411
0.8584191
1.0191503
0.90103537
0.9526438
0.90741676
0.89040095
1.4985269
0.8887848
0.87139297
0.91308177
price
1.9294548
1.9294624
1.9294548
1.9294624
1.9294548
1.9294548
1.9294548
1.9294548
1.9294548
1.9294548
1.9294624
1.9294548
1.9294548
1.9294548
1.9294624
1.9294548
train_time
92.49884850000001
88.473724
91.0560175
78.9694288
89.04497620000001
97.4821369
162.77342899999996
64.21243119999997
147.13362400000005
74.51534179999999
98.79350009999985
127.48608379999996
60.27734059999989
92.48960650000004
130.2229483000001
117.2892217000001


