================================================================================
=== continuous-time
train_risk
4.3583417
4.347895
4.5116343
4.4292946
4.4142923
4.6054454
4.459639
4.3338323
4.3849373
4.4412503
4.4162745
4.608119
4.4837484
4.4835186
4.350602
4.377777
test_risk
4.361919
4.3488936
4.513331
4.4290433
4.4128065
4.60387
4.458621
4.334884
4.3915176
4.440053
4.4177446
4.6023455
4.488109
4.481733
4.3538556
4.3796945
test_mean_value
-0.0018378204
-0.0017987847
-0.0010641828
-0.0015983916
-0.0011188327
-0.0022763081
-0.0011184468
0.00057745125
0.001943795
-0.0008905799
-0.002021992
-0.0008442305
-0.0046531917
-0.0042373687
-0.003123237
0.0013655785
test_mean_abs_value
0.7123939
0.6871701
0.8611797
0.7693401
0.76088697
0.9016095
0.7904722
0.6740044
0.76274985
0.7706269
0.7322459
0.9850484
0.8018559
0.8060093
0.69575286
0.694526
test_variance_value
0.76904744
0.7190907
1.0848209
0.8870787
0.8746124
1.1817493
0.9329187
0.6950735
0.88384134
0.8760244
0.809585
1.4016111
0.9380873
0.9737558
0.73718
0.7571242
test_mean_costs
1.5457853
1.5462408
1.5461423
1.5468272
1.5456115
1.5441414
1.5458592
1.5462828
1.5465286
1.5456467
1.5456421
1.5464913
1.5449375
1.5452644
1.5453095
1.5467738
test_mean_abs_costs
1.5457853
1.5462408
1.5461423
1.5468272
1.5456115
1.5441414
1.5458592
1.5462828
1.5465286
1.5456467
1.5456421
1.5464913
1.5449375
1.5452644
1.5453095
1.5467738
test_variance_costs
0.084850214
0.07890653
0.11890866
0.09714105
0.096285716
0.12659661
0.10118
0.07688744
0.09892394
0.0974544
0.08993209
0.14934736
0.103077024
0.10518602
0.08160712
0.08383531
test_mean_wealth
-3.4745111
-3.475941
-3.4747152
-3.476312
-3.4740338
-3.4752154
-3.474167
-3.4749134
-3.4750297
-3.4749398
-3.4748542
-3.475057
-3.4752598
-3.4747584
-3.4755564
-3.4761906
test_mean_abs_wealth
3.4745111
3.475941
3.4747152
3.476312
3.4740338
3.4752154
3.474167
3.4749134
3.4750297
3.4749398
3.4748542
3.475066
3.4752617
3.4747584
3.4755564
3.4761906
test_variance_wealth
0.18090929
0.17306255
0.25087532
0.20176455
0.1986103
0.2616202
0.21422236
0.16878563
0.19837788
0.1965125
0.18627323
0.2983953
0.20834383
0.22624461
0.17575468
0.17892677
test_wealth_with_price_abs_mean
1.5451703
1.5465974
1.54581
1.5470364
1.544734
1.546258
1.5449221
1.54553
1.5457512
1.5455891
1.5454941
1.5465295
1.545927
1.5455769
1.5461782
1.5468613
test_wealth_with_price_variance
0.18090929
0.17306255
0.25087532
0.20176455
0.1986103
0.2616202
0.21422236
0.16878563
0.19837788
0.1965125
0.18627323
0.2983953
0.20834383
0.22624461
0.17575468
0.17892677
price
1.9294605
1.9294624
1.9294605
1.9294586
1.9294586
1.9294591
1.9294586
1.929456
1.9294624
1.9294605
1.9294586
1.9294624
1.9294586
1.9294605
1.9294605
1.929461
train_time
3.3498409999999996
3.5185730999999976
2.732684000000006
4.904050799999993
2.7537509
4.791300500000034
5.240411799999947
3.498478900000009
5.898081600000069
5.201430800000026
6.645184100000051
7.103460199999972
6.094521900000018
3.212803799999847
3.9329305999999633
3.2432060000001


================================================================================
=== deep network w. PCA
train_risk
3.8372977
4.038575
4.21412
3.895526
3.908688
4.4460783
4.0871964
3.6680627
4.541635
4.2181582
4.5229564
4.9048724
4.678722
4.05048
4.008764
4.215285
test_risk
3.8380947
4.042011
4.2173553
3.8911827
3.9067132
4.4465
4.0941834
3.668392
4.546454
4.2165523
4.532155
4.9096613
4.683701
4.052247
4.010828
4.2214937
test_mean_value
-0.007595036
-0.0056371265
0.025822898
-0.0059889657
-0.0044939676
0.06762322
-0.003741935
-0.0011915121
0.009243978
0.0075543253
0.086748816
0.03222198
0.0049611805
-0.009770683
0.0016157129
0.020655775
test_mean_abs_value
0.13915788
0.13097613
0.7153136
0.38917446
0.29151684
0.66449636
0.20021056
0.3828953
0.49831817
0.29131547
0.22887906
0.5909855
0.39323416
0.23374104
0.48265287
0.33607498
test_variance_value
0.03887276
0.030373715
0.77965266
0.2539532
0.16912007
0.6779857
0.06417225
0.24281093
0.39582196
0.14709632
0.08452991
0.56301105
0.2556551
0.098102644
0.3722596
0.17855924
test_mean_costs
0.13520984
0.3675782
0.87053114
0.40249747
0.25772554
1.1132544
0.107677236
0.42139363
0.7567704
0.6024498
0.67578757
0.68881273
0.95487124
0.13877614
0.746085
0.41341847
test_mean_abs_costs
0.13520984
0.3675782
0.87053114
0.40249747
0.25772554
1.1132544
0.107677236
0.42139363
0.7567704
0.6024498
0.67578757
0.68881273
0.95487124
0.13877614
0.746085
0.41341847
test_variance_costs
0.006447671
0.005186888
0.020458126
0.01701534
0.021586282
0.050773926
0.004710982
0.0040593115
0.123359606
0.045771487
0.074927405
0.09909888
0.056725875
0.012215708
0.014827654
0.023550715
test_mean_wealth
-2.0696929
-2.3011165
-2.7722168
-2.3363726
-2.189523
-2.974429
-2.0386088
-2.3517933
-2.6779714
-2.523298
-2.516229
-2.5843122
-2.875579
-2.0738037
-2.671593
-2.323545
test_mean_abs_wealth
2.0699782
2.3011234
2.7731311
2.3364902
2.1902516
2.9750369
2.0408661
2.351799
2.6790578
2.5233018
2.5162578
2.6052365
2.875579
2.0759454
2.671602
2.3253407
test_variance_wealth
0.7422696
0.6991319
0.53374285
0.5593357
0.67074454
0.51253736
1.0468136
0.39742613
1.0375293
0.57983077
0.8876149
1.7249372
0.63723683
0.9461204
0.43239176
0.8626208
test_wealth_with_price_abs_mean
0.70715404
0.733459
0.93893117
0.6800614
0.6853371
1.091503
0.84290385
0.6088156
1.0527899
0.7497369
0.87035507
1.2060707
1.0025012
0.7970592
0.82820076
0.81556064
test_wealth_with_price_variance
0.7422696
0.6991319
0.53374285
0.5593357
0.67074454
0.51253736
1.0468136
0.39742613
1.0375293
0.57983077
0.8876149
1.7249372
0.63723683
0.9461204
0.43239176
0.8626208
price
1.9294605
1.9294624
1.9294605
1.9294586
1.9294586
1.9294591
1.9294586
1.929456
1.9294624
1.9294605
1.9294586
1.9294624
1.9294586
1.9294605
1.9294605
1.929461
train_time
87.60039359999999
68.1135042
104.50793720000001
221.5363957
143.25401670000008
63.68244709999999
102.65603699999997
137.44291310000017
53.41562420000014
63.83175579999988
55.325244299999895
55.583417099999906
64.22263900000007
196.14526880000017
143.58447469999987
62.88684719999992


