================================================================================
=== continuous-time
train_risk
29.00354
22.028324
29.18856
15.897514
24.016037
-0.96352774
14.855128
43.028202
6.549477
36.30789
46.391926
24.877157
26.024778
39.914745
28.612442
30.045216
test_risk
28.972382
22.06103
29.206076
15.881834
24.070478
-0.96930975
14.8544035
43.03764
6.5744057
36.297432
46.31482
24.919222
26.033651
39.95217
28.561817
30.01002
test_mean_value
-0.14002965
0.15528436
-0.09157139
0.10064968
0.2346322
-0.38105732
0.041559454
-0.44931248
0.11426697
1.2237375
0.30051276
0.9798813
0.105279796
-0.30256215
-0.03795996
0.46140328
test_mean_abs_value
6.0383716
7.5111184
5.440349
5.9667788
8.363682
9.520334
4.310731
10.797138
11.457913
13.267247
9.054029
15.985418
7.6926947
10.300976
7.3260818
11.986617
test_variance_value
60.83649
109.828026
46.81408
62.106304
114.305664
130.8467
30.203768
199.41714
210.41988
276.887
137.88399
412.68652
100.01572
176.39537
83.43766
245.75813
test_mean_costs
5.926161
4.853204
6.3563914
2.9232807
4.6992683
3.8093414
4.0345197
6.773507
4.9149146
6.1802316
8.772941
6.2123165
5.3353877
7.985479
6.7156677
7.715075
test_mean_abs_costs
5.926161
4.853204
6.3563914
2.9232807
4.6992683
3.8093414
4.0345197
6.773507
4.9149146
6.1802316
8.772941
6.2123165
5.3353877
7.985479
6.7156677
7.715075
test_variance_costs
1.4488047
2.0281541
1.9456197
0.70534045
1.5395015
0.8194887
0.8255021
2.5567234
1.2451305
1.9638735
2.2907512
1.8198617
1.0580689
4.2002254
3.305009
2.9800732
test_mean_wealth
-22.647718
-15.591374
-22.960348
-12.127511
-17.985851
3.8879683
-10.101338
-33.568264
-3.122821
-28.634573
-37.642075
-19.347607
-20.347523
-29.96562
-20.394136
-21.227262
test_mean_abs_wealth
22.647718
15.591374
22.960348
12.127511
17.985851
3.8907907
10.101338
33.568264
3.1309164
28.634573
37.642075
19.347607
20.347523
29.96562
20.394136
21.227262
test_variance_wealth
6.778615
6.09599
6.6012053
2.2902281
5.9987693
1.948956
3.7909281
14.491488
2.3375804
9.696669
13.536489
5.637866
5.7102985
15.977473
10.546127
12.558063
test_wealth_with_price_abs_mean
5.930776
4.8590446
6.3572574
2.9305491
4.710453
3.8111694
4.0442743
6.81649
4.9163876
6.2001934
8.777041
6.210422
5.345058
7.9933286
6.7248816
7.7281036
test_wealth_with_price_variance
6.778615
6.09599
6.6012053
2.2902281
5.9987693
1.948956
3.7909281
14.491488
2.3375804
9.696669
13.536489
5.637866
5.7102985
15.977473
10.546127
12.558063
price
16.720463
10.739278
16.603714
9.202618
13.2822075
-7.696341
6.0636263
26.79077
-1.7933311
22.450031
28.869469
13.138027
15.007092
21.98048
13.672884
13.505757
train_time
3.560560299999999
4.808899400000001
8.38635789999995
5.367359699999952
9.211006100000077
7.461581000000024
5.921522900000127
5.514160500000116
4.853845099999944
9.85515389999955
4.3571256999998695
5.836757199999738
3.1476205000003574
2.789685599999757
5.88137450000022
3.5020934999997735


================================================================================
=== deep network
train_risk
24.380547
17.579832
25.009007
13.9426155
21.417788
-0.050010346
11.267664
36.327408
3.1822
32.323734
42.078194
21.813246
23.553078
34.42369
22.736692
25.248398
test_risk
24.37843
17.619303
25.040255
13.9512615
21.495117
-0.040026397
11.277623
36.34928
3.1941295
32.362144
42.135918
21.838955
23.570425
34.464264
22.75401
25.290064
test_mean_value
0.33260816
0.33182248
0.2194785
0.15524006
0.21295539
-0.3324489
2.683575
2.4683354
0.37036195
1.6544068
0.41409948
1.0506564
0.23447101
0.16465476
0.15992497
0.48772702
test_mean_abs_value
5.5987115
8.282285
4.243803
5.976871
7.6105847
9.4847145
4.3439336
10.185173
10.048877
12.597458
7.9352736
15.241346
7.304896
8.618105
5.978931
10.996369
test_variance_value
51.590424
124.53022
29.930931
60.844025
95.80719
132.54652
27.920218
189.45387
160.32448
252.26547
108.57402
373.45746
89.54997
130.08234
58.299786
206.93358
test_mean_costs
2.2119944
2.1855304
3.1536574
1.5993453
2.7395916
3.453402
3.3109486
4.5139894
0.5149082
3.2131724
4.860545
2.9731092
2.9841404
4.086477
2.7650464
3.8347175
test_mean_abs_costs
2.2119944
2.1855304
3.1536574
1.5993453
2.7395916
3.453402
3.3109486
4.5139894
0.5149082
3.2131724
4.860545
2.9731092
2.9841404
4.086477
2.7650464
3.8347175
test_variance_costs
0.20690674
0.44799823
0.27550086
0.112345345
0.29553258
0.92203015
0.14075063
0.34664747
0.09755919
0.35704488
0.4383435
0.30745012
0.18586463
0.7355926
0.53622276
0.5917998
test_mean_wealth
-18.460913
-12.747163
-19.446566
-10.748985
-16.047852
4.292516
-6.7357516
-28.391098
1.5332806
-25.236845
-33.616093
-16.037624
-17.867085
-25.599401
-16.24563
-17.320581
test_mean_abs_wealth
18.460913
12.747169
19.446566
10.748985
16.047852
4.315343
6.7362685
28.391098
2.5421004
25.236845
33.616093
16.037668
17.867085
25.599401
16.24563
17.320627
test_variance_wealth
8.640503
7.9686975
7.195524
2.3694818
6.536685
6.682506
4.603623
13.845156
12.086531
11.5532875
16.368969
8.38945
7.0551558
17.34589
9.93522
15.651931
test_wealth_with_price_abs_mean
5.191384
3.7447944
5.627043
3.173638
5.4514027
3.1314228
4.752943
7.1372914
4.029349
7.17082
8.019248
4.985778
5.5764136
8.010277
5.5021963
6.9013653
test_wealth_with_price_variance
8.640503
7.9686975
7.195524
2.3694818
6.536685
6.682506
4.603623
13.845156
12.086531
11.5532875
16.368969
8.38945
7.0551558
17.34589
9.93522
15.651931
price
23.565819
16.362608
25.030346
13.894153
21.453442
-1.3135141
11.460896
35.41873
2.4179056
32.353077
41.545593
20.927486
23.393991
33.493214
21.63313
24.097834
train_time
109.24092119999999
206.91032280000002
186.7936659
186.9781984
252.66597089999982
103.97742220000009
117.78269449999993
165.02470459999995
180.44320740000012
276.81686660000014
159.25002429999995
146.41982570000027
104.1301924999998
105.3923848999998
160.7848285
133.74992420000035


================================================================================
=== identity feature map
train_risk
24.705645
18.021883
25.204891
13.902802
21.473001
-2.8061354
2.2396934
31.608807
3.080205
32.64764
42.151844
21.97121
23.555466
34.80232
23.414083
25.347496
test_risk
24.687065
18.048092
25.212717
13.909377
21.507763
-2.7985437
2.2334208
31.641312
3.0945532
32.6574
42.134846
21.984383
23.563007
34.803925
23.408491
25.35673
test_mean_value
0.25280154
0.30337146
0.18044555
0.1429855
0.21719134
-0.33923
15.157441
4.074285
0.35934168
1.7168713
0.41695663
1.0427674
0.24578431
0.14980307
0.14235125
0.49758324
test_mean_abs_value
5.6546917
8.15705
4.26363
5.941331
7.720173
9.26022
15.186357
9.547275
10.380476
12.594139
7.9927983
15.395026
7.234599
8.856018
6.1510744
11.138935
test_variance_value
52.336662
120.551254
29.814373
59.900654
97.52328
127.017
117.64382
176.68608
170.01448
250.33827
109.26068
379.41895
88.22063
135.62668
60.029186
211.11441
test_mean_costs
2.417049
2.6091533
3.2437863
1.5554993
2.7577906
1.6531763
1.6731402
2.1747305
1.1306983
3.4011343
4.9102683
3.222387
3.10475
4.176281
3.1306574
4.0375605
test_mean_abs_costs
2.417049
2.6091533
3.2437863
1.5554993
2.7577906
1.6531763
1.6731402
2.1747305
1.1306983
3.4011343
4.9102683
3.222387
3.10475
4.176281
3.1306574
4.0375605
test_variance_costs
0.22649917
0.5222331
0.3782421
0.1536737
0.4382711
0.15385899
0.07733237
0.2977359
0.06797887
0.42122295
0.5342325
0.38259682
0.20929669
0.6551159
0.79640734
0.8689686
test_mean_wealth
-18.745775
-13.199236
-19.575727
-10.717394
-16.061813
6.085961
7.375923
-24.44589
0.90647024
-25.362343
-33.66296
-16.294792
-17.976381
-25.704056
-16.628815
-17.513569
test_mean_abs_wealth
18.745775
13.199236
19.575727
10.717394
16.061813
6.0859976
7.610097
24.445944
1.939015
25.362343
33.66296
16.294834
17.976381
25.704056
16.628815
17.513578
test_variance_wealth
8.078494
6.2771244
6.7550426
2.0910664
5.7994056
4.218266
51.875473
11.876518
7.2760077
11.219344
15.348898
7.200509
6.4982033
16.793982
9.450865
13.30646
test_wealth_with_price_abs_mean
5.2169986
3.7179515
5.6719933
3.163916
5.452152
2.1951194
9.841114
6.36713
3.3024802
7.342796
7.973776
4.874054
5.46058
8.252082
5.7772255
6.777821
test_wealth_with_price_variance
8.078494
6.2771244
6.7550426
2.0910664
5.7994056
4.218266
51.875473
11.876518
7.2760077
11.219344
15.348898
7.200509
6.4982033
16.793982
9.450865
13.30646
price
23.874454
16.791397
25.202808
13.852268
21.466087
-4.0720315
2.4166934
30.710764
2.3183293
32.64833
41.54452
21.072914
23.386574
33.832874
22.287611
24.1645
train_time
11.682544399999983
23.652230400000008
24.177503300000012
29.232467199999974
22.05228009999996
28.111853500000052
75.21904590000008
51.32139189999998
37.051758399999926
22.080163600000105
14.51273429999992
14.550235100000009
8.975407200000063
9.113174300000082
10.132986099999926
27.79515930000025


