================================================================================
=== continuous-time
train_risk
131.5836
91.53747
80.55194
97.01387
60.74109
59.394188
81.16723
123.91647
97.19457
109.963005
126.084816
103.96947
83.26339
98.143936
83.75531
89.557884
test_risk
131.56343
91.57932
80.56766
97.13147
60.73
59.36945
81.20022
123.81284
97.21797
109.88836
126.05352
103.901344
83.20973
98.11381
83.813194
89.63631
test_mean_value
0.06785633
-0.12609729
0.17920451
-1.2539262
-0.09622012
-0.38852733
-2.687032
-1.066205
3.6355803
2.4330301
1.683439
1.3257934
-1.8906305
-1.0615299
1.1019171
0.93400407
test_mean_abs_value
18.51204
15.169205
12.013992
15.005858
15.418099
19.382992
14.696075
22.817928
34.177753
21.042562
20.040201
18.109524
17.01409
23.363232
15.123785
19.30542
test_variance_value
547.0935
380.90738
230.83264
354.22336
375.8832
593.0799
335.276
810.18567
1842.4314
712.13116
647.071
523.49976
448.35178
843.11127
373.56964
604.9399
test_mean_costs
31.352568
33.028538
26.367695
26.98317
27.623789
35.4037
29.906885
34.762238
39.978462
33.85841
37.229115
31.462528
28.594381
33.06034
26.28848
31.469278
test_mean_abs_costs
31.352568
33.028538
26.367695
26.98317
27.623789
35.4037
29.906885
34.762238
39.978462
33.85841
37.229115
31.462528
28.594381
33.06034
26.28848
31.469278
test_variance_costs
7.4644594
8.97511
4.816677
5.368245
5.4005284
8.32635
7.2634726
8.198534
9.161224
7.9518657
10.652444
8.272542
4.7825284
9.528805
4.367563
7.6207237
test_mean_wealth
-118.56251
-78.03862
-70.575966
-87.27042
-50.662548
-48.234222
-69.316826
-110.11131
-84.25059
-97.98047
-109.653915
-90.973595
-73.28772
-85.29462
-73.80488
-77.344574
test_mean_abs_wealth
118.56251
78.03862
70.575966
87.27042
50.662548
48.234222
69.316826
110.11131
84.25059
97.98047
109.653915
90.973595
73.28772
85.29462
73.80488
77.344574
test_variance_wealth
32.519
35.03252
19.198172
17.848291
19.290499
24.367624
26.803905
36.22585
32.199596
27.600443
50.91262
31.474463
18.960598
31.405144
19.42628
29.016394
test_wealth_with_price_abs_mean
31.361048
33.04965
26.378754
27.000147
27.639843
35.403755
29.91583
34.772354
39.982975
33.871506
37.228676
31.481977
28.614773
33.080822
26.299635
31.476189
test_wealth_with_price_variance
32.519
35.03252
19.198172
17.848291
19.2905
24.367626
26.803905
36.22585
32.199596
27.600443
50.91262
31.474463
18.960598
31.405144
19.42628
29.016394
price
87.20146
44.98897
44.19721
60.270267
23.022707
12.830469
39.400997
75.33896
44.267616
64.10896
72.42524
59.491615
44.672947
52.2138
47.505245
45.86838
train_time
9.8408446
12.885880200000031
11.336985400000003
9.354533599999968
7.125500299999885
11.666450799999893
7.522246699999869
10.32689849999997
14.329431799999838
9.243930599999658
15.313535299999785
10.474568599999657
8.927359700000125
12.625815100000182
9.928661099999772
23.31081559999984


================================================================================
=== deep network
train_risk
121.01154
78.93905
67.99259
88.862526
47.83742
45.338013
66.26811
109.781975
84.826744
98.357834
113.06456
91.78298
71.71501
87.11197
76.267685
77.6789
test_risk
121.07609
79.21602
68.04585
88.89151
48.076904
45.424255
66.41421
110.04072
84.84445
98.483185
113.330246
92.23487
71.82092
87.25374
76.548836
77.75444
test_mean_value
0.8595609
0.17549905
0.5339456
-0.49907362
-0.04589554
0.019366436
-1.1646047
1.2674301
4.60796
1.701923
1.514153
1.4516653
-0.45874763
-0.36198357
1.0131184
1.9489994
test_mean_abs_value
14.080986
10.937503
9.083234
11.379344
13.335967
14.7472
10.859205
18.966398
31.520382
18.046402
15.48112
14.654488
14.1767235
18.996174
12.723553
17.068775
test_variance_value
322.19043
197.43175
132.97115
208.00145
280.1521
342.3072
186.08011
573.1124
1570.3273
522.1784
397.17548
345.73105
317.76334
570.95374
261.3515
473.76334
test_mean_costs
8.671573
7.290822
6.3175745
6.971787
8.8070755
9.521687
8.171963
11.51753
16.574244
10.180183
11.094556
9.946897
9.601521
9.75647
8.261077
10.958903
test_mean_abs_costs
8.671573
7.290822
6.3175745
6.971787
8.8070755
9.521687
8.171963
11.51753
16.574244
10.180183
11.094556
9.946897
9.601521
9.75647
8.261077
10.958903
test_variance_costs
0.84333134
0.79270947
0.3552905
1.7145146
0.34766603
0.2854071
0.80017716
0.6175252
0.8536631
0.5232845
1.0971957
0.54190636
0.36754507
0.49771744
0.5809947
0.8281126
test_mean_wealth
-95.08981
-51.99931
-50.1711
-66.50418
-31.795513
-21.944313
-46.05948
-84.532974
-59.873993
-75.03335
-83.688644
-69.33209
-52.862976
-61.291203
-55.866276
-55.8192
test_mean_abs_wealth
95.08981
51.99931
50.1711
66.50418
31.795614
22.534866
46.05948
84.532974
59.873993
75.03335
83.688644
69.33209
52.862976
61.291203
55.866276
55.8192
test_variance_wealth
141.10454
142.67062
69.274185
96.47727
54.963684
148.94576
89.063354
131.49945
127.230515
112.20826
169.09209
109.92398
73.82342
136.29733
82.4905
99.88549
test_wealth_with_price_abs_mean
26.193266
27.45022
16.626093
21.080683
16.418581
23.635967
18.963549
24.179298
25.143871
23.640728
29.856665
23.083464
18.989769
26.175076
20.849665
20.908834
test_wealth_with_price_variance
141.10454
142.67062
69.274185
96.47727
54.963684
148.94576
89.063354
131.49945
127.230515
112.20826
169.09209
109.92398
73.82342
136.29733
82.4905
99.88549
price
121.07584
79.21586
66.59025
87.31313
48.076736
45.42411
64.79039
108.435234
84.81345
98.480125
113.294304
92.234276
71.69482
87.25327
76.54416
76.49474
train_time
228.60188659999997
179.20153700000003
204.82609289999994
118.24929900000006
169.57284989999994
124.2464480000001
197.7439715999999
173.18434679999973
198.60488310000028
303.8695981999999
326.40080039999975
221.90030939999997
299.4615446000007
256.6103952000003
347.55227790000026
351.1639960000002


================================================================================
=== identity feature map
train_risk
117.38529
74.70987
66.45827
85.05313
46.578934
42.909313
64.42531
106.5446
80.445465
95.17789
108.48253
88.96119
69.38149
83.299
72.24382
74.68531
test_risk
117.392456
74.82342
66.46763
85.05263
46.618805
42.94687
64.42093
106.498886
80.41501
95.174126
108.483665
89.143715
69.355934
83.2371
72.29316
74.69946
test_mean_value
0.6967574
0.123051316
0.5169463
-0.7316526
-0.064300805
-0.14718117
-1.4968725
1.0282377
4.107774
1.557879
1.6968559
1.2358085
-0.6803973
-0.516718
1.0219536
1.8390608
test_mean_abs_value
15.77176
12.13207
9.912659
12.827017
13.786199
16.456326
11.774913
20.065886
32.374626
18.965916
17.193956
15.582326
14.952185
20.912786
13.677945
17.524733
test_variance_value
399.2317
243.79079
157.10413
260.1868
299.15915
427.0532
216.86818
638.6849
1654.9827
573.28314
479.11627
388.57037
351.30402
679.14044
304.0226
498.6935
test_mean_costs
13.69157
11.127708
9.477195
11.264126
11.037782
14.948046
10.660705
15.085326
20.061775
13.971373
16.542845
13.2316675
12.614314
15.050913
11.781321
14.202188
test_mean_abs_costs
13.69157
11.127708
9.477195
11.264126
11.037782
14.948046
10.660705
15.085326
20.061775
13.971373
16.542845
13.2316675
12.614314
15.050913
11.781321
14.202188
test_variance_costs
0.6466788
0.8695928
0.4604805
0.566856
0.6543497
0.76794386
0.66039425
0.66693306
0.8841484
0.58272237
1.6059985
0.9623602
0.45221195
0.7274808
0.61320215
0.91799897
test_mean_wealth
-100.27261
-55.88864
-53.34772
-71.0291
-34.044624
-27.53722
-48.88049
-88.33996
-63.861713
-78.96858
-88.95423
-72.83272
-56.09742
-66.74038
-59.37768
-59.172424
test_mean_abs_wealth
100.27261
55.88864
53.34772
71.0291
34.044624
27.53815
48.88049
88.33996
63.861713
78.96858
88.95423
72.83272
56.09742
66.74038
59.37768
59.172424
test_variance_wealth
63.741398
73.275345
38.2128
43.10575
34.215458
57.13266
53.06269
71.42983
60.082066
56.93522
79.097496
57.965343
38.022728
59.461685
35.334003
53.12226
test_wealth_with_price_abs_mean
17.24773
19.083332
11.836373
12.632577
12.671196
15.516068
14.114726
16.76528
16.645226
16.327015
19.645517
16.433834
13.238701
16.620354
13.007746
14.443244
test_wealth_with_price_variance
63.741398
73.275345
38.2128
43.10575
34.215458
57.13266
53.06269
71.42983
60.082066
56.93522
79.097496
57.965343
38.022728
59.461685
35.334003
53.12226
price
117.39221
74.82326
65.012024
83.47425
46.618637
42.946724
62.797108
104.8934
80.38401
95.17107
108.44772
89.14312
69.22983
83.23663
72.28848
73.439766
train_time
42.260923400000024
24.951871600000004
52.954897500000015
36.97631339999998
48.75986260000013
42.54064790000007
55.637070499999936
40.60733500000015
72.8794998000003
46.1978337999999
75.91311190000033
104.22518670000045
57.19877930000075
49.62638539999989
94.35802030000013
55.527819299999464


