================================================================================
=== continuous-time
train_risk
4.4981027
4.294515
3.1353583
4.8053517
3.4582655
0.34123063
8.8821
7.8490343
9.182662
3.9656868
4.689861
5.781579
6.39655
5.1771502
3.9865022
7.6476455
test_risk
4.485755
4.307407
3.137616
4.8119264
3.4691389
0.3373243
8.902527
7.845461
9.186484
3.9638698
4.689327
5.7758436
6.3720665
5.18199
3.994286
7.6430993
test_mean_value
0.10314395
0.06635477
-0.039913926
-0.08653281
-0.045038488
-0.10804565
0.25436664
-0.37090573
0.19263718
0.14824468
0.092357434
0.090167664
0.17569219
0.12985551
0.03208566
0.23841153
test_mean_abs_value
2.0570352
1.66466
1.2544198
2.4242258
1.1028554
3.2440367
5.285426
3.2353096
5.4778123
1.6209365
1.9887054
2.8225665
3.603194
2.4846723
1.2328275
4.441482
test_variance_value
7.3139453
5.9887633
2.7435098
9.423062
3.5370274
20.846579
43.18588
15.052077
51.067486
5.1987
9.590371
15.072623
20.31971
12.286245
5.289792
30.820675
test_mean_costs
1.1392907
1.156788
0.8540485
0.92249715
0.6561976
1.0652637
0.88952595
0.4924134
1.3527796
1.122771
1.0216196
1.2812644
0.9182973
1.1583232
0.77241683
0.96262676
test_mean_abs_costs
1.1392907
1.156788
0.8540485
0.92249715
0.6561976
1.0652637
0.88952595
0.4924134
1.3527796
1.122771
1.0216196
1.2812644
0.9182973
1.1583232
0.77241683
0.96262676
test_variance_costs
0.1484492
0.24394615
0.09694475
0.099060446
0.1817575
0.16125925
0.14564006
0.15803061
0.20995463
0.17715815
0.23628063
0.21851833
0.12501203
0.19459629
0.27423304
0.14509006
test_mean_wealth
-2.8474376
-2.3124764
-1.86392
-3.0345228
-1.3451884
1.3474098
-6.6347857
-6.2510815
-6.1079845
-2.2922041
-2.3265197
-3.4313338
-4.563099
-2.976711
-1.4887426
-5.547349
test_mean_abs_wealth
2.8474376
2.3124819
1.86392
3.0345228
1.347179
1.3811808
6.6347857
6.2510815
6.1079845
2.2922041
2.3266485
3.4313338
4.563099
2.976711
1.4909139
5.547349
test_variance_wealth
0.40594286
0.587407
0.24300814
0.4741652
0.5437118
0.6087944
0.73162585
0.28628734
1.4518752
0.4249414
0.780283
0.8207133
0.48522496
0.71756077
0.7381118
0.6449172
test_wealth_with_price_abs_mean
1.1416285
1.1648006
0.8570255
0.95090365
0.6934943
1.1136552
0.953343
0.4978359
1.4492813
1.1265306
1.0515573
1.3030503
0.9405972
1.1809908
0.80612767
1.0021131
test_wealth_with_price_variance
0.40594286
0.587407
0.24300814
0.4741652
0.5437118
0.6087944
0.73162585
0.28628734
1.4518752
0.42494142
0.780283
0.8207133
0.48522496
0.71756077
0.73811173
0.6449172
price
1.709485
1.1532185
1.0093313
2.1102872
0.6890868
-2.4124372
5.743639
5.757465
4.75526
1.168585
1.3064921
2.1512287
3.645954
1.8180656
0.7146725
4.5849047
train_time
2.0475713000000013
1.839032000000003
2.0996585000000323
3.925026800000012
3.7948135999999977
2.339136000000053
1.8096361000000343
1.662074599999869
2.5591723
2.8430183000000397
2.6900444000000334
3.421514699999989
2.646166100000073
2.2327075999999124
4.010250899999846
5.159819200000129


================================================================================
=== deep network
train_risk
3.5027502
3.140844
2.3728402
4.083606
2.564412
-0.2647475
8.084607
6.8998384
8.084702
2.9138315
3.5850523
4.694725
5.6153097
4.1140785
2.7624323
6.79521
test_risk
3.5054972
3.1375725
2.3694556
4.085949
2.5673904
-0.2698669
8.087966
6.9056754
8.080304
2.9102526
3.5826824
4.6960316
5.610106
4.1228223
2.7767668
6.802385
test_mean_value
0.10479356
0.07799665
-0.042511236
-0.08993118
-0.059531532
-0.08980571
0.244664
-0.33513448
0.19453049
0.16602904
0.112812
0.0973148
0.16992125
0.1424042
0.04485604
0.2280623
test_mean_abs_value
1.969989
1.8061247
1.2364647
2.3448505
1.4170728
2.8002515
4.9153843
2.9076154
5.2811794
1.6645806
2.2405996
2.8113089
3.3599124
2.5542686
1.6428136
4.1160426
test_variance_value
6.641389
6.2479353
2.5459368
8.722373
4.370658
18.002949
38.208527
12.250951
47.46212
5.099675
10.486429
14.285709
18.08075
12.174982
6.7124968
27.076038
test_mean_costs
0.60931236
0.66519225
0.4619368
0.59560186
0.5291269
0.82469517
0.62162066
0.38527188
0.9086951
0.5872584
0.686648
0.803174
0.596043
0.71583855
0.60708785
0.63987476
test_mean_abs_costs
0.60931236
0.66519225
0.4619368
0.59560186
0.5291269
0.82469517
0.62162066
0.38527188
0.9086951
0.5872584
0.686648
0.803174
0.596043
0.71583855
0.60708785
0.63987476
test_variance_costs
0.017232625
0.029993266
0.010757972
0.019001085
0.042729102
0.18519758
0.030497579
0.028336095
0.049179893
0.019839905
0.04747507
0.03867738
0.021823164
0.033528365
0.06340502
0.029746642
test_mean_wealth
-2.3158095
-1.8092388
-1.4744056
-2.7110257
-1.2326107
1.6062183
-6.376583
-6.1081686
-5.662007
-1.7389072
-1.9710937
-2.9460964
-4.246616
-2.5216777
-1.3106433
-5.2349463
test_mean_abs_wealth
2.3158095
1.8118129
1.474413
2.7110257
1.2980665
1.6082815
6.376583
6.1081686
5.662007
1.7391162
1.9855536
2.9461367
4.246616
2.5219948
1.4086262
5.2349463
test_variance_wealth
0.40617883
0.5420754
0.22429928
0.53032935
0.5704973
1.1432816
0.8269209
0.22001834
1.6547116
0.4001997
0.81269616
0.859088
0.5153434
0.759524
0.75516033
0.69526374
test_wealth_with_price_abs_mean
1.1980935
1.3385249
0.9015745
1.3844427
1.347337
1.344152
1.7244749
0.8060215
2.4361973
1.1797799
1.6219429
1.7631917
1.3738331
1.613233
1.4801643
1.5797875
test_wealth_with_price_variance
0.40617883
0.5420754
0.22429928
0.53032935
0.5704973
1.1432815
0.8269209
0.22001834
1.6547116
0.4001997
0.81269616
0.859088
0.5153434
0.759524
0.75516033
0.69526374
price
3.5054665
3.1375349
2.369447
4.085877
2.5673482
-0.2700584
8.08792
6.9056454
8.080272
2.9101634
3.579874
4.696016
5.610093
4.1228056
2.776753
6.8023295
train_time
108.7942247
125.24697009999997
84.00714369999997
113.88008790000004
137.40522039999996
123.81863099999998
104.08216130000017
106.68354720000002
125.57795609999994
171.30858839999996
144.08676259999993
94.43998880000004
81.34061189999989
179.63102769999978
149.40792809999994
145.99556580000035


================================================================================
=== identity feature map
train_risk
3.6178694
3.2654629
2.510242
4.157762
2.8667715
-0.09842834
8.213384
7.037325
8.310128
3.0106173
3.7444117
4.7947307
5.745156
4.293793
2.9749482
6.93247
test_risk
3.6116395
3.26427
2.5085168
4.156727
2.863787
-0.104336925
8.219637
7.0414085
8.317889
3.0056882
3.7352672
4.7896843
5.739028
4.2972455
2.9897013
6.9399786
test_mean_value
0.10604285
0.07674426
-0.042237215
-0.08647263
-0.05865582
-0.06676057
0.24720645
-0.33712
0.19322607
0.16601712
0.109244734
0.09821394
0.17257775
0.142638
0.04349179
0.23137362
test_mean_abs_value
1.9985751
1.7482394
1.2285898
2.3005338
1.3085501
2.028679
5.0381875
2.9250796
5.351271
1.6606312
2.144974
2.840815
3.463595
2.5522408
1.4983208
4.2181726
test_variance_value
6.7098975
6.0660563
2.5294378
8.325481
4.1917944
8.687078
39.186935
12.370717
47.952866
5.1370864
10.110714
14.614613
18.685904
12.299677
6.257525
27.70907
test_mean_costs
0.63450825
0.6815602
0.46493685
0.59606147
0.5054439
0.54711396
0.6269701
0.32293475
0.9616671
0.6235457
0.67338264
0.80262065
0.62331986
0.7381292
0.54830956
0.64501774
test_mean_abs_costs
0.63450825
0.6815602
0.46493685
0.59606147
0.5054439
0.54711396
0.6269701
0.32293475
0.9616671
0.6235457
0.67338264
0.80262065
0.62331986
0.7381292
0.54830956
0.64501774
test_variance_costs
0.030867927
0.062214196
0.017244738
0.030846572
0.06795545
0.036688365
0.05275455
0.047565725
0.07899399
0.03628678
0.082814686
0.06376185
0.037367627
0.05654767
0.10651969
0.04751063
test_mean_wealth
-2.3397563
-1.8268591
-1.4771316
-2.708027
-1.208052
1.9068446
-6.3793902
-6.0478168
-5.7162833
-1.7752064
-1.9613955
-2.9446437
-4.271236
-2.5437346
-1.2532293
-5.236778
test_mean_abs_wealth
2.3397563
1.8272678
1.4771354
2.708027
1.2379327
1.9111497
6.3793902
6.0478168
5.7162833
1.7752188
1.9658759
2.9446502
4.271236
2.5438025
1.2968873
5.236778
test_variance_wealth
0.33779344
0.4343064
0.21749905
0.44567195
0.5301904
3.2886353
0.68731827
0.19279706
1.4377904
0.32109752
0.6744411
0.72967666
0.43737105
0.65573686
0.618547
0.6000605
test_wealth_with_price_abs_mean
1.2824454
1.4495648
1.0398873
1.4606411
1.6720848
1.8100828
1.85697
1.003872
2.6241064
1.2405689
1.7868708
1.8604833
1.480376
1.7683492
1.7540295
1.7183678
test_wealth_with_price_variance
0.33779344
0.4343064
0.21749905
0.44567195
0.5301904
3.2886353
0.68731827
0.19279706
1.4377904
0.32109752
0.6744411
0.72967666
0.43737105
0.65573686
0.618547
0.6000605
price
3.6116087
3.2642324
2.5085082
4.156655
2.8637447
-0.1045284
8.219591
7.0413785
8.317857
3.005599
3.7324588
4.7896686
5.739015
4.297229
2.9896874
6.9399233
train_time
9.807961099999986
10.15076670000002
6.257127700000012
7.87152500000002
7.5441895999999815
9.232254399999988
10.483649300000025
13.784476899999845
7.678796899999952
8.88019230000009
15.571643300000005
8.929888000000119
8.475187800000185
5.758481099999699
11.952264199999718
10.400392499999725


