================================================================================
=== continuous-time
train_risk
7.8913546
9.13104
-6.303121
7.657197
15.529581
13.762491
12.311979
-0.8332233
test_risk
7.9056015
9.113957
-6.298745
7.6322713
15.483925
13.767603
12.213575
-0.8282998
test_mean_value
1.3188214
-0.967913
-1.0694665
1.1019068
-1.3871347
1.325185
1.9203595
1.1566708
test_mean_abs_value
6.9115915
6.316368
7.284799
7.0242076
9.9529915
11.226029
10.455649
2.9827538
test_variance_value
83.55085
57.470657
82.32596
107.50516
135.54964
261.48547
245.59439
12.995859
test_mean_costs
1.4772441
1.4926538
1.3521745
1.0450885
1.3598566
1.2956487
1.1988174
0.8182479
test_mean_abs_costs
1.4772441
1.4926538
1.3521745
1.0450885
1.3598566
1.2956487
1.1988174
0.8182479
test_variance_costs
0.075893216
0.09170777
0.0151003245
0.09795771
0.06639504
0.123837955
0.13246447
0.07297324
test_mean_wealth
-6.2958946
-6.9105244
7.1327662
-5.138562
-10.557794
-8.403494
-7.153849
1.6279619
test_mean_abs_wealth
6.2963047
6.910528
7.1328335
5.163236
10.557794
8.434464
7.2098784
1.7371876
test_variance_wealth
3.2194138
4.406866
1.6680424
4.987418
9.852263
10.728219
10.119453
1.5993241
test_wealth_with_price_abs_mean
1.748359
2.0494773
1.6324322
1.7976965
2.6670575
2.607018
2.4659734
1.1296448
test_wealth_with_price_variance
3.2194138
4.406866
1.6680424
4.987418
9.852263
10.728219
10.119453
1.5993241
price
4.9759736
5.2977467
-8.6176815
4.232111
9.020536
7.2609935
6.204019
-2.2897506
train_time
1.9847406000000012
1.8049866000000065
1.916190400000005
3.2749950999999555
3.251020599999947
2.421519499999931
2.5403469000000314
2.1640520000000834


================================================================================
=== deep network
train_risk
7.333601
8.210118
-7.146688
7.013426
13.908041
12.208609
10.972431
-1.0727581
test_risk
7.3381977
8.21096
-7.1436667
6.996339
13.902397
12.216275
10.942933
-1.0728699
test_mean_value
1.2215164
-0.7604775
-0.91735023
1.0424325
-1.1753404
1.2188118
1.7581322
1.0648673
test_mean_abs_value
6.259619
5.091788
6.315584
6.5504417
8.550732
10.213262
9.564745
2.6144643
test_variance_value
68.59838
37.79104
61.846058
91.69821
100.687904
214.35995
204.95523
9.542842
test_mean_costs
1.2634596
1.1767789
1.1605263
0.95605254
1.1528293
1.2013502
1.1460006
0.5984035
test_mean_abs_costs
1.2634596
1.1767789
1.1605263
0.95605254
1.1528293
1.2013502
1.1460006
0.5984035
test_variance_costs
0.025836656
0.023894904
0.010359156
0.048127007
0.025861192
0.07129143
0.08099152
0.038671147
test_mean_wealth
-6.179415
-6.3872137
7.4765306
-5.1090007
-10.138972
-8.415569
-7.2632594
1.7560027
test_mean_abs_wealth
6.179415
6.3872137
7.4765306
5.109263
10.138972
8.415598
7.2639275
1.8226461
test_variance_wealth
2.3175654
3.6474924
0.6657278
3.7746758
7.526849
7.6014123
7.359347
1.3662655
test_wealth_with_price_abs_mean
1.6017443
2.2522974
0.6917912
2.2879622
4.068525
4.108401
4.0034046
1.0872456
test_wealth_with_price_variance
2.3175654
3.6474924
0.6657278
3.7746758
7.526849
7.6014123
7.359347
1.3662655
price
7.3475223
8.216485
-7.1406674
7.002928
13.908454
12.219581
10.947011
-1.0122116
train_time
52.2329258
73.24452730000002
76.12277689999996
93.3116013
84.08990859999994
81.10745109999993
62.035548900000094
90.95886500000006


================================================================================
=== identity feature map
train_risk
7.2568693
8.141351
-7.174882
6.8765397
13.613501
11.832988
10.657726
-1.0538948
test_risk
7.2628026
8.138387
-7.173178
6.8554254
13.607951
11.831585
10.624151
-1.0529287
test_mean_value
1.2275091
-0.7795982
-0.91020346
1.0287566
-1.1478653
1.2167557
1.7988124
1.0509897
test_mean_abs_value
6.3372893
5.14956
6.309979
6.527139
8.379233
10.308042
9.824416
2.5995717
test_variance_value
69.39499
38.20889
61.9459
90.17755
96.45552
215.80203
210.21062
9.520761
test_mean_costs
1.2943213
1.2069861
1.1809198
0.9849094
1.1802086
1.238581
1.2004721
0.62707204
test_mean_abs_costs
1.2943213
1.2069861
1.1809198
0.9849094
1.1802086
1.238581
1.2004721
0.62707204
test_variance_costs
0.034740724
0.034905765
0.006618306
0.06548914
0.034843866
0.0827786
0.082061864
0.039258514
test_mean_wealth
-6.204284
-6.4365416
7.463284
-5.151533
-10.138877
-8.454856
-7.277051
1.7134566
test_mean_abs_wealth
6.204284
6.4365416
7.463284
5.151568
10.138877
8.454856
7.2771077
1.7599703
test_variance_wealth
2.1170366
3.403691
0.58021164
3.4077842
6.938149
6.7534585
6.6942015
1.3210558
test_wealth_with_price_abs_mean
1.503273
2.131505
0.6262757
2.1173348
3.7806816
3.7081733
3.6676493
1.0406073
test_wealth_with_price_variance
2.1170366
3.403691
0.58021164
3.4077842
6.938149
6.7534585
6.6942015
1.3210557
price
7.272127
8.143911
-7.170179
6.8620143
13.614008
11.83489
10.628229
-0.9922704
train_time
9.032114400000012
5.366221800000005
12.83324309999989
11.240784100000042
13.219858399999794
9.580253500000026
7.405467600000065
10.06564010000011


================================================================================
=== deep memory network
train_risk
7.303808
8.158099
-7.172305
6.991441
14.678202
12.2171755
10.606838
-1.1052749
test_risk
7.309696
8.157822
-7.169847
6.9761505
14.686186
12.2255535
10.589728
-1.1041746
test_mean_value
1.2263715
-0.77825433
-0.9108109
1.0352125
-1.095248
1.2188658
1.7679405
1.0595564
test_mean_abs_value
6.293126
5.1980815
6.3148246
6.4952593
8.081985
10.211521
9.58433
2.6065867
test_variance_value
69.01629
38.73575
61.988186
90.45934
91.19224
215.12518
203.56758
9.449715
test_mean_costs
1.2911934
1.2061213
1.1733412
0.97376364
1.211608
1.2303712
1.1354043
0.6008549
test_mean_abs_costs
1.2911934
1.2061213
1.1733412
0.97376364
1.211608
1.2303712
1.1354043
0.6008549
test_variance_costs
0.02784561
0.026000945
0.011497527
0.051486935
0.028463079
0.07559892
0.07765113
0.048295572
test_mean_wealth
-6.202294
-6.434333
7.470255
-5.1339316
-10.117659
-8.444536
-7.242855
1.7482405
test_mean_abs_wealth
6.202294
6.434333
7.470255
5.134134
10.117659
8.444573
7.243014
1.8126973
test_variance_wealth
2.2148051
3.4469779
0.60081536
3.6844373
9.137055
7.562034
6.6937466
1.2881316
test_wealth_with_price_abs_mean
1.5529692
2.1583571
0.6475893
2.2480762
4.845978
4.0896554
3.681586
1.0540652
test_wealth_with_price_variance
2.2148051
3.4469779
0.60081536
3.6844373
9.137055
7.562034
6.6937466
1.2881316
price
7.3190207
8.163346
-7.1668477
6.9827394
14.692243
12.228859
10.593806
-1.0435164
train_time
84.5999917
67.5881465
110.59628100000009
94.60091179999995
71.9948531
92.6894448999999
120.53107750000004
128.9243934000001


================================================================================
=== lstm
train_risk
7.2040677
7.9828115
-7.1901293
6.819462
13.47623
11.766038
10.437772
-1.1972268
test_risk
7.214727
7.9900837
-7.188043
6.7981615
13.480265
11.774306
10.424674
-1.1892362
test_mean_value
1.2208656
-0.78098494
-0.91281635
1.0275172
-1.156315
1.2196842
1.7628729
1.0635619
test_mean_abs_value
6.283364
5.2421327
6.314908
6.48115
8.476143
10.315221
9.605862
2.6549032
test_variance_value
68.64329
39.131756
62.068855
89.6286
97.875725
216.55516
204.01846
9.845482
test_mean_costs
1.2783039
1.2541531
1.1710808
0.9678102
1.1857926
1.2305927
1.1593455
0.62088305
test_mean_abs_costs
1.2783039
1.2541531
1.1710808
0.9678102
1.1857926
1.2305927
1.1593455
0.62088305
test_variance_costs
0.024937682
0.032662895
0.010835183
0.054426983
0.030752286
0.07923906
0.08177988
0.11755156
test_mean_wealth
-6.1949105
-6.4850955
7.47051
-5.1356735
-10.15291
-8.443939
-7.271864
1.7322178
test_mean_abs_wealth
6.1949105
6.4851375
7.47051
5.1357126
10.15291
8.443939
7.2719398
1.8085186
test_variance_wealth
2.0396328
3.0099761
0.5649341
3.3249755
6.6547093
6.6607337
6.3056207
1.0859634
test_wealth_with_price_abs_mean
1.482269
1.9597303
0.630869
2.085768
3.6734715
3.671038
3.5140972
0.97746277
test_wealth_with_price_variance
2.0396328
3.0099761
0.5649341
3.3249755
6.6547093
6.6607337
6.3056207
1.0859634
price
7.2240515
7.9956083
-7.185044
6.8047504
13.486321
11.777612
10.428752
-1.128578
train_time
63.20541449999999
76.2652172
77.95903199999998
113.20705520000001
85.35783289999995
94.25473090000014
72.38354029999982
126.04849230000036


