================================================================================
=== continuous-time
train_risk
109.33856
135.48474
50.110237
104.92836
119.76593
44.14
67.02456
82.270744
test_risk
109.0711
135.04364
50.14823
104.79477
119.67066
44.27172
67.013336
82.16982
test_mean_value
3.2002738
3.839867
-2.707951
0.294031
-3.2096248
-0.79414827
-1.0930012
-4.6929736
test_mean_abs_value
49.23343
39.225445
17.809267
27.441631
34.373436
17.549046
21.78813
34.78834
test_variance_value
3964.7368
2537.1833
500.04678
1216.8977
1816.2383
487.1751
746.3433
1869.7784
test_mean_costs
15.484885
15.882252
9.775276
10.76734
16.085897
12.581166
9.564604
11.544721
test_mean_abs_costs
15.484885
15.882252
9.775276
10.76734
16.085897
12.581166
9.564604
11.544721
test_variance_costs
1.6170069
1.5375848
0.30778357
1.0623046
1.1967677
0.7514499
0.65562
0.5902596
test_mean_wealth
-37.249176
-66.25413
-36.822678
-56.678177
-63.693966
-24.125654
-39.397713
-50.050373
test_mean_abs_wealth
37.256588
66.25413
36.822678
56.678177
63.693966
24.126934
39.397713
50.050373
test_variance_wealth
143.64384
137.57903
26.651104
96.23319
111.95339
40.292133
55.231255
64.2389
test_wealth_with_price_abs_mean
16.227818
16.206871
10.177415
11.85332
16.84954
12.816035
10.223729
12.523247
test_wealth_with_price_variance
143.64384
137.57903
26.651104
96.23319
111.95339
40.292137
55.231255
64.2389
price
22.112398
50.830322
26.69443
45.87509
47.16486
11.44254
29.6572
37.899868
train_time
4.9768902
9.394825200000014
6.563806099999965
7.338226999999733
6.214214000000084
5.360904500000288
7.3201663999998345
8.690586200000325


================================================================================
=== deep network
train_risk
30.29297
84.63054
41.069473
41.750137
86.07492
34.244553
4.787573
54.236774
test_risk
31.243233
85.00037
41.247074
42.056362
86.59743
34.556835
5.404683
54.386696
test_mean_value
52.105656
11.434735
3.1596117
48.98277
-0.47634968
-0.22299714
76.30082
2.1890574
test_mean_abs_value
59.14673
33.385113
14.650782
49.05725
28.260754
13.767082
76.30394
30.360218
test_variance_value
3181.5386
1812.1984
342.26562
1081.5541
1250.7476
299.08966
694.79016
1486.7471
test_mean_costs
34.42841
25.692823
10.422946
28.874334
18.510105
10.302081
35.56243
12.994146
test_mean_abs_costs
34.42841
25.692823
10.422946
28.874334
18.510105
10.302081
35.56243
12.994146
test_variance_costs
81.29362
75.729485
8.410056
59.552834
42.746635
19.772722
59.864754
11.213157
test_mean_wealth
-7.287322
-68.46983
-31.602785
-26.096434
-63.3849
-21.27542
11.998281
-44.617767
test_mean_abs_wealth
8.251369
68.46983
31.602785
26.09858
63.3849
21.275608
12.175522
44.617767
test_variance_wealth
47.911823
33.06107
19.288576
31.919859
46.42506
26.562832
34.805927
19.537857
test_wealth_with_price_abs_mean
30.903473
16.892216
10.22452
19.277983
23.326307
13.395405
27.683975
10.371358
test_wealth_with_price_variance
47.911823
33.06107
19.288576
31.919859
46.42506
26.562832
34.805927
19.537857
price
38.174736
85.21812
41.705223
45.29399
86.676094
34.62065
15.67551
54.835587
train_time
176.93541850000003
209.7480183
117.15418929999987
229.33298060000016
166.87343899999996
236.38779429999977
206.09733479999977
141.05861170000026


================================================================================
=== identity feature map
train_risk
68.320465
106.46221
41.80729
72.428
96.85767
35.753685
47.154915
57.91257
test_risk
68.46885
106.34854
41.891727
72.30163
96.93909
35.846237
47.338524
57.998405
test_mean_value
14.055993
6.864369
-0.1422167
15.296942
-1.9052317
-0.42123055
13.162643
-0.77763283
test_mean_abs_value
44.65591
34.660038
15.224761
25.072565
29.770494
14.922611
20.022655
30.387892
test_variance_value
3193.2397
1982.3997
374.63034
979.61945
1373.6041
353.15308
555.5881
1472.755
test_mean_costs
15.610056
14.735282
8.213231
13.666097
13.847486
8.790107
11.53686
9.257514
test_mean_abs_costs
15.610056
14.735282
8.213231
13.666097
13.847486
8.790107
11.53686
9.257514
test_variance_costs
0.7737164
0.95061266
0.14474119
0.3579534
0.8030813
0.39481065
0.3890399
0.21836719
test_mean_wealth
-26.51863
-62.082657
-32.6949
-44.574024
-60.15116
-19.961678
-27.114326
-43.847824
test_mean_abs_wealth
26.526106
62.082657
32.6949
44.574142
60.15116
19.96434
27.115824
43.847824
test_variance_wealth
83.900444
88.53177
18.393652
55.455208
73.57584
31.769115
40.448395
28.301159
test_wealth_with_price_abs_mean
48.88175
44.484276
9.733174
30.96664
36.870136
15.955972
30.495155
14.637428
test_wealth_with_price_variance
83.900444
88.53177
18.393652
55.455208
73.57584
31.769115
40.448395
28.301159
price
75.40035
106.56629
42.349876
75.53926
97.01775
35.910053
57.609352
58.447296
train_time
40.628227899999985
25.403731300000118
25.352566399999887
47.410118799999964
37.51111459999993
19.52115129999993
23.25075100000049
34.98509609999928


================================================================================
=== deep memory network
train_risk
29.845337
80.72149
41.63958
44.347046
86.56352
35.533527
0.9776077
51.648304
test_risk
30.797302
81.15279
41.833782
44.511456
87.126976
35.87033
1.5813122
51.84582
test_mean_value
52.05653
10.597912
3.2826982
53.648895
-0.35089
-0.248678
81.05921
2.1284204
test_mean_abs_value
58.78905
33.46236
14.707281
53.70895
27.946203
13.462937
81.06066
30.0799
test_variance_value
3137.2769
1832.9438
343.2238
1087.3827
1226.4844
287.29538
714.2742
1463.9629
test_mean_costs
35.246147
23.763672
10.416782
31.730928
18.425354
10.682658
37.502735
11.71247
test_mean_abs_costs
35.246147
23.763672
10.416782
31.730928
18.425354
10.682658
37.502735
11.71247
test_variance_costs
101.31903
70.408325
8.608695
88.74901
48.073338
18.973497
66.92974
9.735077
test_mean_wealth
-8.154184
-67.3775
-31.473536
-24.286901
-63.174686
-21.681677
14.816366
-43.39673
test_mean_abs_wealth
8.839262
67.3775
31.473536
24.293797
63.174686
21.681826
14.909815
43.39673
test_variance_wealth
45.286236
27.55056
20.720495
40.44911
47.904583
28.377304
32.795357
16.898184
test_wealth_with_price_abs_mean
29.590527
14.197296
10.923318
23.532148
24.062632
14.291941
26.680712
9.126899
test_wealth_with_price_variance
45.286236
27.55056
20.720495
40.44911
47.904583
28.377304
32.795353
16.898184
price
37.728806
81.37054
42.29193
47.749084
87.20564
35.934147
11.852139
52.294712
train_time
169.1919041
152.60815909999997
118.13615589999995
146.8010650000001
151.2263396000003
147.41985889999978
220.18431490000057
146.6865429999998


================================================================================
=== lstm
train_risk
7.0216284
76.40539
36.6075
36.2506
74.339966
28.115875
-29.943182
48.82022
test_risk
7.7790213
76.85582
36.739906
36.520298
74.74029
28.275167
-28.765556
49.068207
test_mean_value
84.13035
10.168548
3.322332
57.262367
-0.89532095
-0.26637524
151.04524
1.9199733
test_mean_abs_value
85.44547
33.921356
14.9064665
57.28019
28.501915
13.836896
151.04524
30.160252
test_variance_value
3222.4363
1881.984
354.71497
1064.31
1272.6743
304.60413
733.12555
1471.8551
test_mean_costs
50.22225
22.952555
9.809374
32.888927
18.284521
9.925872
73.03618
11.357651
test_mean_abs_costs
50.22225
22.952555
9.809374
32.888927
18.284521
9.925872
73.03618
11.357651
test_variance_costs
49.14955
55.834038
6.199114
27.81796
48.83717
23.74926
89.612686
7.9357142
test_mean_wealth
8.943528
-66.99575
-30.826494
-21.831432
-63.578285
-20.942587
49.268963
-43.250355
test_mean_abs_wealth
9.417928
66.99575
30.826494
21.83553
63.578285
20.942587
49.27108
43.250355
test_variance_wealth
33.4451
19.720142
11.826822
29.37773
22.324005
14.66516
41.006813
11.635707
test_wealth_with_price_abs_mean
23.689919
10.413709
6.6835103
18.04384
11.5292635
7.6513963
30.788425
6.61548
test_wealth_with_price_variance
33.4451
19.720142
11.826822
29.37773
22.324005
14.665161
41.006813
11.635707
price
14.7105255
77.07357
37.198055
39.757927
74.818954
28.338984
-18.494728
49.517097
train_time
310.36156150000005
190.04249800000002
142.12711679999984
161.1363422999998
178.16593449999982
172.88214640000024
252.51839349999955
167.37744770000063


