================================================================================
=== continuous-time
train_risk
3.8344898
67.24552
17.514034
44.45494
46.58251
35.416756
27.392593
19.906773
test_risk
3.8231606
66.96612
17.535267
44.302246
46.6699
35.43567
27.400517
19.823547
test_mean_value
0.15107034
-4.485379
-1.0211878
-1.6102052
-0.64478356
0.3494573
0.42489862
0.4820902
test_mean_abs_value
15.621331
26.235752
5.5537047
12.624722
25.202831
10.786304
12.692012
10.186204
test_variance_value
412.40775
999.19574
45.88319
262.33588
895.1347
183.3937
280.3952
211.20836
test_mean_costs
2.97943
5.772249
1.8933914
3.1456017
3.2461176
2.6249645
2.6220498
2.1655846
test_mean_abs_costs
2.97943
5.772249
1.8933914
3.1456017
3.2461176
2.6249645
2.6220498
2.1655846
test_variance_costs
0.10238312
1.0571297
0.1344663
0.48595613
0.16061634
0.12793685
0.16586445
0.40438554
test_mean_wealth
1.5737382
-29.801918
-12.150215
-21.04523
-29.379435
-28.271095
-19.431526
-11.529039
test_mean_abs_wealth
2.884526
29.801918
12.150215
21.04523
29.379435
28.271095
19.43157
11.530906
test_variance_wealth
10.7937975
74.3284
10.7701025
46.514034
34.580925
14.329149
15.937982
16.589014
test_wealth_with_price_abs_mean
3.6043565
8.244558
2.9141583
5.7180424
5.219205
3.5243104
3.709508
3.4488783
test_wealth_with_price_variance
10.7937975
74.3284
10.7701025
46.514034
34.580925
14.329149
15.937982
16.589014
price
-4.5320582
23.487131
10.118946
17.694422
26.040611
25.688763
16.84494
9.407569
train_time
2.4645729999999997
4.287758399999973
3.578178399999956
3.8538851999999224
4.222478900000169
3.7475806000002194
4.035243100000116
3.659799600000042


================================================================================
=== deep network
train_risk
0.9568963
39.63798
10.599888
30.789293
31.179296
33.837986
24.938639
4.434721
test_risk
0.9728025
39.583637
10.617311
30.749458
31.221516
33.873604
24.960258
4.487218
test_mean_value
0.20446038
-2.890056
7.8944325
-1.185944
4.0079556
0.38195053
0.6009901
20.011765
test_mean_abs_value
14.033749
22.034409
8.166213
9.867778
21.645018
9.236771
11.220216
20.12005
test_variance_value
329.5042
726.843
53.77644
161.71432
716.675
137.45543
223.33705
215.07962
test_mean_costs
2.6360428
10.562201
3.6616185
6.757876
4.841947
2.2479045
2.2311924
8.139377
test_mean_abs_costs
2.6360428
10.562201
3.6616185
6.757876
4.841947
2.2479045
2.2311924
8.139377
test_variance_costs
0.08925757
24.179642
0.29572043
17.839151
3.3097198
0.064927585
0.082322866
6.0446386
test_mean_wealth
1.9705154
-32.996548
-5.0028214
-24.233244
-26.322525
-27.861542
-18.864576
2.0268433
test_mean_abs_wealth
2.5848389
32.996548
5.3108625
24.233253
26.322525
27.861542
18.864576
3.3015459
test_variance_wealth
5.886636
13.17418
11.228978
13.03243
9.797982
12.024126
12.191362
13.028122
test_wealth_with_price_abs_mean
3.2758188
7.0908604
6.5713377
6.945702
5.3881097
6.229965
6.3161445
8.7743635
test_wealth_with_price_variance
5.8866363
13.17418
11.228978
13.03243
9.797982
12.024126
12.191362
13.028122
price
0.9836606
39.599598
11.544214
30.770317
31.424486
33.880024
24.98729
6.481825
train_time
117.7703906
103.93678809999994
80.23413819999996
160.1031015000001
128.21609109999986
185.07937540000012
150.01294579999967
150.33174599999984


================================================================================
=== identity feature map
train_risk
0.4735974
53.16238
11.350262
39.45289
34.663868
33.165985
24.402777
12.598482
test_risk
0.48231995
53.006367
11.375487
39.333633
34.62494
33.183086
24.402954
12.580258
test_mean_value
0.21135512
-3.1189518
2.8272457
-1.1294925
1.808885
0.38275695
0.5816815
6.0603704
test_mean_abs_value
14.086106
22.488497
4.2824817
10.125183
21.918884
9.3112335
11.225462
8.311359
test_variance_value
332.27728
745.1855
35.06334
169.00694
728.9225
138.92662
223.59541
178.13951
test_mean_costs
2.6829674
6.132603
2.1483045
2.6519723
3.5657527
2.320382
2.3092077
2.1584814
test_mean_abs_costs
2.6829674
6.132603
2.1483045
2.6519723
3.5657527
2.320382
2.3092077
2.1584814
test_variance_costs
0.07039717
0.47295567
0.008605277
0.26591974
0.05567895
0.074600205
0.099700615
0.11674323
test_mean_wealth
1.9304856
-28.795843
-8.556694
-20.070889
-27.245401
-27.933214
-18.9619
-5.943656
test_mean_abs_wealth
2.4356868
28.795843
8.577659
20.070889
27.245407
27.933214
18.9619
6.087102
test_variance_wealth
4.825611
48.421047
5.637587
38.525486
14.759073
10.499746
10.882108
13.273205
test_wealth_with_price_abs_mean
2.7789125
24.24699
3.8524413
19.317968
7.7033844
5.4967966
5.6732683
8.681603
test_wealth_with_price_variance
4.8256106
48.421047
5.637587
38.525486
14.759073
10.499746
10.882108
13.273205
price
0.493178
53.022327
12.302391
39.354492
34.827908
33.189507
24.429985
14.574865
train_time
20.346190199999995
16.437621899999954
10.173869299999978
8.24048700000003
10.971169200000077
15.0406995000003
18.740055100000063
14.937576700000136


================================================================================
=== deep memory network
train_risk
1.1516072
39.21715
6.9744263
29.775698
30.39417
33.96745
24.668629
2.9311404
test_risk
1.1665962
39.193977
6.998689
29.749617
30.411259
34.000515
24.69561
2.991329
test_mean_value
0.21469453
-3.0232754
9.412779
-1.2567809
3.9640138
0.38524264
0.58812535
23.165163
test_mean_abs_value
14.024935
22.294
9.483406
10.0279455
21.438337
9.251637
11.190969
23.26902
test_variance_value
329.93124
738.0474
54.05636
166.04475
701.08826
138.4898
222.54796
213.07524
test_mean_costs
2.6477215
11.11276
4.99691
7.315689
4.842109
2.2829323
2.2702785
9.950985
test_mean_abs_costs
2.6477215
11.11276
4.99691
7.315689
4.842109
2.2829323
2.2702785
9.950985
test_variance_costs
0.08860418
29.733986
2.1921895
22.07712
3.957084
0.07193205
0.088263154
10.657095
test_mean_wealth
1.9690707
-33.680325
-4.819767
-24.861893
-26.366629
-27.893278
-18.916527
3.3686335
test_mean_abs_wealth
2.622777
33.680325
4.8494434
24.861893
26.366629
27.893278
18.916527
4.316867
test_variance_wealth
6.2713337
11.027304
4.3578444
9.775448
8.089258
12.214472
11.558167
12.719925
test_wealth_with_price_abs_mean
3.4495912
6.027881
3.3198426
5.389969
4.6156397
6.318611
6.011384
8.70546
test_wealth_with_price_variance
6.2713337
11.027304
4.3578444
9.775448
8.089258
12.214472
11.558167
12.719925
price
1.1774542
39.209938
7.925593
29.770475
30.61423
34.006935
24.722641
4.985936
train_time
129.92151740000003
105.10116240000002
142.01120830000002
140.11573529999987
139.73769589999984
103.03418360000023
114.22909590000017
190.31722199999967


================================================================================
=== lstm
train_risk
0.2747637
37.486557
6.1236873
29.495745
29.005808
32.68865
23.839842
1.4668245
test_risk
0.3047217
37.44696
6.154233
29.480047
29.058115
32.723534
23.902136
1.5395694
test_mean_value
0.21859305
-2.9213028
12.096506
-1.17988
3.748677
0.3864707
0.5743613
26.815916
test_mean_abs_value
14.074455
21.985655
12.148825
9.935217
21.805485
9.291841
11.230484
26.920546
test_variance_value
331.20108
722.6912
58.330605
162.89554
714.509
138.15956
223.12888
204.64496
test_mean_costs
2.726389
10.719053
6.648185
6.502353
4.556945
2.551854
2.394851
11.543052
test_mean_abs_costs
2.726389
10.719053
6.648185
6.502353
4.556945
2.551854
2.394851
11.543052
test_variance_costs
0.21790245
28.251543
2.7144537
16.686586
3.060376
0.30315834
0.15826538
4.075181
test_mean_wealth
1.894302
-33.184647
-3.7873142
-23.971657
-26.296803
-28.16097
-19.054865
5.427319
test_mean_abs_wealth
2.3861208
33.184647
3.8416297
23.971657
26.296803
28.16097
19.054865
6.1649895
test_variance_wealth
4.3980474
8.524626
4.733837
11.01678
5.522626
9.125126
9.694543
13.933777
test_wealth_with_price_abs_mean
2.6078131
4.886702
3.5890944
6.0129695
3.4631464
4.8861017
5.1617255
9.392817
test_wealth_with_price_variance
4.3980474
8.524626
4.733837
11.01678
5.522626
9.125126
9.694543
13.933777
price
0.31557977
37.46292
7.0811367
29.500906
29.261086
32.729954
23.929167
3.5341763
train_time
154.85685129999996
129.76690999999994
128.27714379999998
224.07643630000007
109.54877829999987
158.7361163999999
124.04013050000003
116.61873819999983


