================================================================================
=== payoff layers 2 units 5
train_time
8.849377
13.443673200000006
14.07991659999999
11.849990599999956
30.72987969999997
19.951525800000127
54.19434319999982
37.14312050000012


================================================================================
=== twin layers 2 units 5
train_time
12.156615500000001
12.555270199999995
13.05334449999998
13.538855199999944
17.338363999999956
18.057546900000034
20.330509299999903
32.90586429999985


================================================================================
=== payoff layers 3 units 5
train_time
13.601923000000003
13.514524400000028
13.72132769999996
17.10073770000008
14.334187499999985
18.836697100000038
20.023186100000203
17.395276700000295


================================================================================
=== twin layers 3 units 5
train_time
19.3781045
20.333330999999987
18.68632489999999
18.478034500000035
19.0637167000001
19.556475699999964
22.78616009999996
25.570625900000323


================================================================================
=== payoff layers 4 units 5
train_time
17.8211803
19.229763600000013
19.266441799999996
19.6898453
19.514924899999983
19.60677170000008
19.982281700000158
23.144573300000047


================================================================================
=== twin layers 4 units 5
train_time
25.01683510000001
26.807089500000018
29.664279700000066
26.614638499999955
24.686182799999983
28.796659800000043
33.28697299999999
338.4919020000002


================================================================================
=== payoff layers 5 units 5
train_time
23.2553755
22.92917189999997
22.919707199999948
21.372224799999913
21.93728259999989
22.932304899999963
87.54651669999998
42.569806399999834


================================================================================
=== twin layers 5 units 5
train_time
32.9845038
32.438784699999985
35.68725970000003
38.820860400000015
77.40861100000006
34.72451379999984
102.06244470000001
52.44022700000005


================================================================================
=== continuous-time
train_risk
0.100630015
0.10045974
0.10203688
0.10325681
0.09984455
0.10335444
0.10271229
0.10172991
test_risk
0.101847544
0.10186167
0.10179187
0.10201599
0.102000035
0.101820454
0.10205517
0.10194497
test_mean_value
2.4998155e-05
-1.5519447e-05
-2.5850093e-05
0.00021879471
-0.00026470152
-0.000211991
4.1215684e-05
0.00014862113
test_mean_abs_value
0.091863684
0.09173964
0.09167703
0.09184679
0.09176097
0.09163858
0.091738895
0.09183829
test_variance_value
0.013544694
0.0135327475
0.013516947
0.01357741
0.013537736
0.013480943
0.013530403
0.013533994
test_mean_costs
0.0
0.0
0.0
0.0
0.0
0.0
0.0
0.0
test_mean_abs_costs
0.0
0.0
0.0
0.0
0.0
0.0
0.0
0.0
test_variance_costs
0.0
0.0
0.0
0.0
0.0
0.0
0.0
0.0
test_mean_wealth
-0.07978173
-0.07980598
-0.07976203
-0.07980082
-0.07978714
-0.079779886
-0.079798706
-0.07982585
test_mean_abs_wealth
0.07978173
0.07980598
0.07976203
0.07980082
0.07978714
0.079779886
0.079798706
0.07982585
test_variance_wealth
9.1032765e-05
9.11514e-05
9.122501e-05
9.2086186e-05
9.179244e-05
9.1112095e-05
9.197737e-05
9.124646e-05
test_wealth_with_price_abs_mean
0.0071524424
0.007166357
0.007172976
0.007189905
0.0071806917
0.007165143
0.0071858973
0.00716543
test_wealth_with_price_variance
9.1032765e-05
9.11514e-05
9.122501e-05
9.2086186e-05
9.179244e-05
9.1112095e-05
9.197737e-05
9.124646e-05
price
0.079788454
0.079788454
0.079788454
0.079788454
0.079788454
0.079788454
0.079788454
0.079788454
train_time
0.534485200000006
0.567905699999983
0.5630148999999847
0.5792855000000827
0.5811263000000508
1.4146948000000066
1.6725331000000097
0.5626156000002993


================================================================================
=== payoff layers 2 units 5
train_risk
0.14105688
0.1434057
0.14824247
0.13853537
0.14070024
0.15319908
0.140222
0.15526399
test_risk
0.14085199
0.1438934
0.1470711
0.13846369
0.14170575
0.1557999
0.14055678
0.15294077
test_mean_value
1.3780475e-06
1.4838978e-05
-1.4257786e-05
0.00020584546
-0.0002049255
-8.709253e-05
6.5917804e-05
9.471591e-05
test_mean_abs_value
0.080947354
0.078586824
0.07984257
0.0811642
0.07914012
0.07808309
0.079135604
0.07880985
test_variance_value
0.01076264
0.01022044
0.010463779
0.010868008
0.010344029
0.009973044
0.010434469
0.010214727
test_mean_costs
0.0
0.0
0.0
0.0
0.0
0.0
0.0
0.0
test_mean_abs_costs
0.0
0.0
0.0
0.0
0.0
0.0
0.0
0.0
test_variance_costs
0.0
0.0
0.0
0.0
0.0
0.0
0.0
0.0
test_mean_wealth
-0.07980536
-0.07977562
-0.07975043
-0.07981377
-0.07972737
-0.07965499
-0.07977401
-0.07987975
test_mean_abs_wealth
0.07980536
0.07977562
0.07975043
0.07981377
0.07972737
0.0796578
0.079774015
0.079882845
test_variance_wealth
0.0011154376
0.0011730997
0.001203548
0.0010722504
0.0011259937
0.0014019414
0.0011086442
0.0013001205
test_wealth_with_price_abs_mean
0.028416855
0.029085603
0.029313227
0.027924506
0.028531497
0.031386625
0.028313195
0.03019057
test_wealth_with_price_variance
0.0011154376
0.0011730997
0.001203548
0.0010722504
0.0011259937
0.0014019414
0.0011086442
0.0013001205
price
0.079788454
0.079788454
0.079788454
0.079788454
0.079788454
0.079788454
0.079788454
0.079788454
train_time
0.45704949999998234
0.4224383999999759
0.4363002999999708
0.5296091999999817
0.536217699999952
1.452847600000041
0.7686235999999553
0.4747447999998258


================================================================================
=== twin layers 2 units 5
train_risk
0.13152474
0.13546541
0.12968373
0.12770353
0.12993553
0.13015063
0.12672393
0.12852788
test_risk
0.13154554
0.13581043
0.13033718
0.12764244
0.1309276
0.13096823
0.12659304
0.12945457
test_mean_value
1.0131102e-05
1.0085756e-05
-2.9682178e-05
0.00020556933
-0.00021261675
-0.00012302405
7.378422e-05
0.00010203203
test_mean_abs_value
0.08241808
0.08100096
0.080137
0.080486946
0.0835046
0.08088451
0.08094482
0.08311915
test_variance_value
0.011235119
0.01089505
0.01071777
0.0108626615
0.011523918
0.010849636
0.010962256
0.011401529
test_mean_costs
0.0
0.0
0.0
0.0
0.0
0.0
0.0
0.0
test_mean_abs_costs
0.0
0.0
0.0
0.0
0.0
0.0
0.0
0.0
test_variance_costs
0.0
0.0
0.0
0.0
0.0
0.0
0.0
0.0
test_mean_wealth
-0.079796605
-0.07978037
-0.079765856
-0.07981405
-0.079735056
-0.07969092
-0.07976614
-0.07987244
test_mean_abs_wealth
0.079796605
0.07978037
0.079765856
0.07981405
0.079735056
0.07969092
0.07976614
0.07987244
test_variance_wealth
0.00092072756
0.0009145966
0.0008848511
0.00080755394
0.0009099459
0.0009059177
0.00079263974
0.0008701958
test_wealth_with_price_abs_mean
0.025969118
0.025617374
0.025467264
0.024298618
0.025853427
0.025740772
0.02409622
0.025267398
test_wealth_with_price_variance
0.00092072756
0.0009145966
0.0008848511
0.00080755394
0.0009099459
0.0009059177
0.00079263974
0.0008701958
price
0.079788454
0.079788454
0.079788454
0.079788454
0.079788454
0.079788454
0.079788454
0.079788454
train_time
0.4392761999999948
0.4304068000000143
0.4524226000000908
0.6428212999999232
0.5496713
1.5446351999999024
0.7702574999998433
0.4895050000000083


================================================================================
=== payoff layers 3 units 5
train_risk
0.13619131
0.14690666
0.14554821
0.13975944
0.14414157
0.14690208
0.14206484
0.14333664
test_risk
0.13595635
0.14543617
0.14541125
0.13932568
0.14423038
0.14986242
0.14062202
0.14186646
test_mean_value
1.3503864e-06
1.3924185e-05
-1.5133339e-05
0.00020853458
-0.00015603662
-0.00010155576
5.6080466e-05
8.716171e-05
test_mean_abs_value
0.078091204
0.07436596
0.07413069
0.07663998
0.07404628
0.0737616
0.074410915
0.07584302
test_variance_value
0.010356102
0.009434078
0.009363464
0.009958403
0.0093931025
0.009179971
0.00966327
0.009776493
test_mean_costs
0.0
0.0
0.0
0.0
0.0
0.0
0.0
0.0
test_mean_abs_costs
0.0
0.0
0.0
0.0
0.0
0.0
0.0
0.0
test_variance_costs
0.0
0.0
0.0
0.0
0.0
0.0
0.0
0.0
test_mean_wealth
-0.07980538
-0.07977653
-0.07975131
-0.07981108
-0.079678476
-0.07966945
-0.07978384
-0.07988731
test_mean_abs_wealth
0.07980538
0.07977653
0.07975131
0.07981108
0.079678476
0.07966945
0.07978384
0.079887316
test_variance_wealth
0.00092244113
0.0010537712
0.0010580736
0.0009637203
0.001047572
0.0011570405
0.00097059226
0.0010351585
test_wealth_with_price_abs_mean
0.025670253
0.027083674
0.027133496
0.026103009
0.02705193
0.028372431
0.026024425
0.027043795
test_wealth_with_price_variance
0.00092244113
0.0010537712
0.0010580736
0.0009637203
0.001047572
0.0011570405
0.00097059226
0.0010351585
price
0.079788454
0.079788454
0.079788454
0.079788454
0.079788454
0.079788454
0.079788454
0.079788454
train_time
0.44462310000000116
0.47533450000003086
0.43996690000005856
0.4733662999999524
0.4971464999998716
1.4449334000000817
0.7039612999999463
0.4712899999999536


================================================================================
=== twin layers 3 units 5
train_risk
0.11754531
0.11520915
0.113826305
0.116489515
0.1200666
0.11536868
0.11405085
0.114493355
test_risk
0.11740538
0.115948886
0.11402339
0.11553927
0.12000731
0.1155879
0.11643185
0.116630614
test_mean_value
2.6864998e-05
7.6157526e-06
-3.311965e-05
0.00019590923
-0.00020916891
-0.00015206265
6.758603e-05
0.000104373365
test_mean_abs_value
0.08673147
0.08758357
0.084880024
0.08297858
0.08849016
0.085028276
0.084439054
0.08817913
test_variance_value
0.012667405
0.012820498
0.012078326
0.011779358
0.013104417
0.012103293
0.0121504385
0.012961589
test_mean_costs
0.0
0.0
0.0
0.0
0.0
0.0
0.0
0.0
test_mean_abs_costs
0.0
0.0
0.0
0.0
0.0
0.0
0.0
0.0
test_variance_costs
0.0
0.0
0.0
0.0
0.0
0.0
0.0
0.0
test_mean_wealth
-0.07977987
-0.07978284
-0.0797693
-0.07982371
-0.07973161
-0.07971996
-0.07977234
-0.0798701
test_mean_abs_wealth
0.07977987
0.07978284
0.0797693
0.07982371
0.07973161
0.07971996
0.07977234
0.0798701
test_variance_wealth
0.0004510484
0.00039468694
0.00040718072
0.00037956255
0.0005229926
0.00046067222
0.0004343805
0.00044547775
test_wealth_with_price_abs_mean
0.017475361
0.016197395
0.016691787
0.015838852
0.01898307
0.017886396
0.01711998
0.017406868
test_wealth_with_price_variance
0.0004510484
0.00039468694
0.00040718072
0.00037956255
0.0005229926
0.00046067222
0.0004343805
0.00044547775
price
0.079788454
0.079788454
0.079788454
0.079788454
0.079788454
0.079788454
0.079788454
0.079788454
train_time
0.4306851999999992
0.4281007000000159
0.46442899999999554
0.48107679999998254
0.5047034000001531
1.3946729999997842
1.017503200000192
0.47795170000017606


================================================================================
=== payoff layers 4 units 5
train_risk
0.1242728
0.13414465
0.14399032
0.13449983
0.13835439
0.14510123
0.1407768
0.13842505
test_risk
0.12440284
0.13445191
0.14557196
0.13397808
0.13915934
0.1448928
0.13923742
0.13451321
test_mean_value
1.9487738e-05
-4.4039307e-06
-8.643633e-06
0.00016987966
-0.00017322403
-0.00014102916
8.852691e-05
9.392379e-05
test_mean_abs_value
0.07926855
0.07571117
0.07399444
0.07852513
0.07479419
0.07384066
0.0742931
0.076645985
test_variance_value
0.010964251
0.009990342
0.009399717
0.010678902
0.009798053
0.00934682
0.009816065
0.010185365
test_mean_costs
0.0
0.0
0.0
0.0
0.0
0.0
0.0
0.0
test_mean_abs_costs
0.0
0.0
0.0
0.0
0.0
0.0
0.0
0.0
test_variance_costs
0.0
0.0
0.0
0.0
0.0
0.0
0.0
0.0
test_mean_wealth
-0.07978725
-0.07979486
-0.07974482
-0.079849735
-0.079695664
-0.07970893
-0.079751395
-0.07988055
test_mean_abs_wealth
0.07978725
0.07979486
0.07974482
0.07984991
0.07969569
0.07970893
0.079751395
0.07988056
test_variance_wealth
0.0006064934
0.0008204263
0.00097160554
0.0007260374
0.00089290977
0.0009674249
0.00085505453
0.0007950687
test_wealth_with_price_abs_mean
0.020554602
0.023944167
0.025655303
0.022131052
0.024873719
0.0255364
0.024040075
0.0234282
test_wealth_with_price_variance
0.0006064934
0.0008204263
0.00097160554
0.0007260374
0.00089290977
0.0009674249
0.00085505453
0.0007950687
price
0.079788454
0.079788454
0.079788454
0.079788454
0.079788454
0.079788454
0.079788454
0.079788454
train_time
0.4992704999999944
0.43346859999996923
0.4551031000000876
0.4700417000000243
0.5362658000001375
1.5173363000001245
1.6415478999999777
0.4748450000001867


================================================================================
=== twin layers 4 units 5
train_risk
0.10957106
0.10755567
0.10619045
0.10960201
0.10834915
0.10747033
0.10618204
0.10782134
test_risk
0.110270314
0.10731287
0.106156364
0.11079727
0.10976133
0.10818886
0.10605981
0.10983022
test_mean_value
-4.229106e-06
-3.1949232e-05
-2.8668068e-05
0.00020952364
-0.0002497228
-0.00020065925
6.931905e-05
0.00011561606
test_mean_abs_value
0.08912609
0.08905974
0.08663533
0.08332577
0.09196164
0.08810553
0.086981155
0.090604216
test_variance_value
0.013305956
0.013282009
0.012569707
0.01203491
0.013958223
0.013049353
0.012766305
0.013618019
test_mean_costs
0.0
0.0
0.0
0.0
0.0
0.0
0.0
0.0
test_mean_abs_costs
0.0
0.0
0.0
0.0
0.0
0.0
0.0
0.0
test_variance_costs
0.0
0.0
0.0
0.0
0.0
0.0
0.0
0.0
test_mean_wealth
-0.07981096
-0.079822406
-0.07976484
-0.07981009
-0.07977217
-0.07976855
-0.0797706
-0.079858854
test_mean_abs_wealth
0.07981096
0.079822406
0.07976484
0.07981009
0.07977217
0.07976855
0.0797706
0.079858854
test_variance_wealth
0.00027308485
0.0002486766
0.0002405459
0.00027556013
0.00025087176
0.00026018836
0.00020164426
0.0002579233
test_wealth_with_price_abs_mean
0.013176392
0.012582016
0.012358137
0.013222294
0.012576512
0.012825458
0.011154565
0.012749301
test_wealth_with_price_variance
0.00027308485
0.0002486766
0.0002405459
0.00027556013
0.00025087176
0.00026018836
0.00020164426
0.0002579233
price
0.079788454
0.079788454
0.079788454
0.079788454
0.079788454
0.079788454
0.079788454
0.079788454
train_time
0.7125440999999739
0.4461962999999969
0.44419410000000425
0.47346119999997427
0.5525420000001304
1.4627627999998367
1.5122650999999223
0.4654325000001336


================================================================================
=== payoff layers 5 units 5
train_risk
0.12458795
0.13521934
0.13937715
0.13273296
0.13991107
0.14120416
0.1322576
0.12975276
test_risk
0.12506227
0.13408443
0.1409502
0.13066319
0.13646545
0.14018498
0.13209668
0.12718719
test_mean_value
1.9877401e-05
2.325995e-06
-1.26307195e-05
0.0002196833
-0.00018074742
-0.00014051836
4.612607e-05
8.585616e-05
test_mean_abs_value
0.07883603
0.075098135
0.07530055
0.07806852
0.073913746
0.07344976
0.07532963
0.078153774
test_variance_value
0.011115469
0.010055019
0.009951425
0.010812952
0.009865979
0.009442834
0.010353359
0.010734212
test_mean_costs
0.0
0.0
0.0
0.0
0.0
0.0
0.0
0.0
test_mean_abs_costs
0.0
0.0
0.0
0.0
0.0
0.0
0.0
0.0
test_variance_costs
0.0
0.0
0.0
0.0
0.0
0.0
0.0
0.0
test_mean_wealth
-0.07978686
-0.07978813
-0.07974881
-0.079799935
-0.07970319
-0.07970841
-0.079793796
-0.07988862
test_mean_abs_wealth
0.07978686
0.07978813
0.079751156
0.079799935
0.07970319
0.07970841
0.079793796
0.07988862
test_variance_wealth
0.0005607308
0.0007434413
0.00085676817
0.0006247498
0.0007776489
0.0008630083
0.0006454466
0.0006008646
test_wealth_with_price_abs_mean
0.01945519
0.022390654
0.02364555
0.020277666
0.022793984
0.023994068
0.020664316
0.020133896
test_wealth_with_price_variance
0.0005607308
0.0007434413
0.00085676817
0.0006247498
0.0007776489
0.0008630083
0.0006454466
0.0006008646
price
0.079788454
0.079788454
0.079788454
0.079788454
0.079788454
0.079788454
0.079788454
0.079788454
train_time
0.6929997000000014
0.5273679999999672
0.4517120000000432
0.45834239999999227
0.5524490000000242
0.9064329000000271
1.8029099999998834
0.5866574000001492


================================================================================
=== twin layers 5 units 5
train_risk
0.10245045
0.102752216
0.10593172
0.10909501
0.10725618
0.10542996
0.10619189
0.10397288
test_risk
0.1036315
0.10374826
0.1061035
0.108299226
0.10910592
0.10504873
0.105354585
0.10554382
test_mean_value
1.6068045e-05
-9.248372e-07
-4.5392346e-05
0.00020206289
-0.0002653068
-0.00019778198
6.686812e-05
0.00013381826
test_mean_abs_value
0.09103526
0.09170159
0.08821439
0.08435847
0.09342591
0.08864424
0.08769163
0.093648225
test_variance_value
0.013614488
0.013723284
0.012855992
0.012123964
0.014384192
0.013056004
0.0129860835
0.014078471
test_mean_costs
0.0
0.0
0.0
0.0
0.0
0.0
0.0
0.0
test_mean_abs_costs
0.0
0.0
0.0
0.0
0.0
0.0
0.0
0.0
test_variance_costs
0.0
0.0
0.0
0.0
0.0
0.0
0.0
0.0
test_mean_wealth
-0.07979067
-0.07979138
-0.07978157
-0.079817556
-0.079787746
-0.07976568
-0.07977305
-0.07984065
test_mean_abs_wealth
0.07979067
0.07979138
0.07978157
0.079817556
0.079787746
0.07976568
0.07977305
0.07984065
test_variance_wealth
0.00015038918
0.00015167454
0.00020378531
0.00022557794
0.0002384174
0.00019723082
0.00017124272
0.00016660048
test_wealth_with_price_abs_mean
0.009539571
0.009621181
0.011217495
0.011948729
0.012444297
0.010968227
0.010153568
0.010147304
test_wealth_with_price_variance
0.00015038918
0.00015167454
0.00020378531
0.00022557794
0.0002384174
0.00019723082
0.00017124272
0.00016660048
price
0.079788454
0.079788454
0.079788454
0.079788454
0.079788454
0.079788454
0.079788454
0.079788454
train_time
0.7049902999999915
0.4483916000000363
0.43758600000001024
0.48237830000005033
0.5591463999999178
0.5039746000002197
1.7558671000001596
0.4618956999997863


