================================================================================
=== payoff layers 2 units 5
train_time
32.1296981
31.95800459999998
35.432631300000025
31.438090900000134
32.0710382000002
31.41873300000043
35.43136299999969
32.14841890000025


================================================================================
=== twin layers 2 units 5
train_time
38.4007117
36.097242399999914
36.837922299999946
42.83151350000003
37.48026750000008
37.96830500000033
39.22966270000006
38.20147270000007


================================================================================
=== payoff layers 3 units 5
train_time
44.7906675
43.74308400000007
37.149664999999914
39.50976130000004
37.67061190000004
38.36727549999978
47.4571734000001
39.821572099999685


================================================================================
=== twin layers 3 units 5
train_time
55.752463000000006
51.89292790000002
55.1024632000001
56.101442300000144
57.0808063999998
56.17655130000003
57.392654499999935
59.00022259999969


================================================================================
=== payoff layers 4 units 5
train_time
57.697052499999984
53.167633600000045
59.91217729999994
57.168242199999895
60.54750190000004
61.01831959999981
61.15918550000015
93.4334302999996


================================================================================
=== twin layers 4 units 5
train_time
65.49507320000001
65.51747589999991
67.25048309999988
66.85893099999998
73.56334599999991
77.85449150000022
67.30953759999966
79.18907880000006


================================================================================
=== payoff layers 5 units 5
train_time
69.2858837
66.47545890000004
74.27289310000015
69.25109619999989
73.71546720000015
75.54737539999996
29.104728799999975
28.53646949999984


================================================================================
=== twin layers 5 units 5
train_time
93.27321719999998
84.86303090000001
94.21324059999984
99.10799469999984
86.5560989999999
94.0691238000004
81.9695641999997
97.09211689999984


================================================================================
=== continuous-time
train_risk
0.1015702
0.100502856
0.101077735
0.10360122
0.102291234
0.1025382
0.10102642
0.10494925
test_risk
0.102024406
0.10192868
0.10199779
0.101871364
0.10193895
0.101832405
0.10184838
0.101941384
test_mean_value
-0.0003963837
-0.0002249178
0.0003721137
-0.00041205005
3.047394e-05
0.00013962777
-5.922828e-05
-0.00014312123
test_mean_abs_value
0.09186839
0.09173652
0.09219367
0.091635466
0.091753185
0.091936104
0.09183739
0.09187532
test_variance_value
0.013554804
0.013511709
0.013666255
0.013479748
0.013569863
0.013608165
0.01356524
0.013550148
test_mean_costs
0.0
0.0
0.0
0.0
0.0
0.0
0.0
0.0
test_mean_abs_costs
0.0
0.0
0.0
0.0
0.0
0.0
0.0
0.0
test_variance_costs
0.0
0.0
0.0
0.0
0.0
0.0
0.0
0.0
test_mean_wealth
-0.079823315
-0.079811476
-0.07983182
-0.079791784
-0.07977806
-0.07978926
-0.0797924
-0.079798974
test_mean_abs_wealth
0.079823315
0.079811476
0.07983182
0.079791784
0.07977806
0.07978926
0.0797924
0.079798974
test_variance_wealth
9.167204e-05
9.111182e-05
9.1457914e-05
9.117442e-05
9.1353875e-05
9.128195e-05
9.1251335e-05
9.117233e-05
test_wealth_with_price_abs_mean
0.007173676
0.0071658054
0.007169023
0.0071632047
0.007166975
0.0071721813
0.00716782
0.007166254
test_wealth_with_price_variance
9.167204e-05
9.111182e-05
9.1457914e-05
9.117442e-05
9.1353875e-05
9.128195e-05
9.1251335e-05
9.117233e-05
price
0.079788454
0.079788454
0.079788454
0.079788454
0.079788454
0.079788454
0.079788454
0.079788454
train_time
0.5121080999999776
0.6463908999999148
0.4891307999998844
0.49748780000004444
0.6337283000002571
0.504058200000145
0.5177944000001844
0.4792609999999513


================================================================================
=== payoff layers 2 units 5
train_risk
0.120987676
0.12021299
0.11903623
0.12245679
0.12251065
0.121032506
0.11657029
0.12238312
test_risk
0.12040232
0.1206043
0.11995209
0.121972755
0.12103765
0.1206231
0.11737158
0.12150051
test_mean_value
-0.00040895247
-0.00021319272
0.0002720565
-0.00040031297
8.000546e-05
0.00010559991
-3.6296995e-05
-0.000119860866
test_mean_abs_value
0.08360649
0.0828845
0.08258019
0.083837464
0.083482906
0.083654545
0.08307896
0.08210278
test_variance_value
0.011565123
0.011364794
0.011402718
0.011627203
0.011589242
0.011601716
0.011537597
0.011223546
test_mean_costs
0.0
0.0
0.0
0.0
0.0
0.0
0.0
0.0
test_mean_abs_costs
0.0
0.0
0.0
0.0
0.0
0.0
0.0
0.0
test_variance_costs
0.0
0.0
0.0
0.0
0.0
0.0
0.0
0.0
test_mean_wealth
-0.079835884
-0.07979975
-0.07993188
-0.07978004
-0.07972853
-0.079823285
-0.07976947
-0.07977571
test_mean_abs_wealth
0.079835884
0.07979975
0.07993188
0.07978004
0.07972853
0.079823285
0.07976947
0.07977571
test_variance_wealth
0.0006701602
0.0006660217
0.00063714315
0.0006858159
0.00067545107
0.0006620155
0.0005694381
0.0006774991
test_wealth_with_price_abs_mean
0.022217968
0.022098623
0.021605896
0.022390475
0.022253703
0.02202014
0.020335542
0.022298915
test_wealth_with_price_variance
0.0006701602
0.0006660217
0.00063714315
0.0006858159
0.00067545107
0.0006620155
0.0005694381
0.0006774991
price
0.079788454
0.079788454
0.079788454
0.079788454
0.079788454
0.079788454
0.079788454
0.079788454
train_time
0.41800219999998944
0.5523570999999947
0.4094149000000016
0.46323119999988194
0.5908001000002514
0.447270799999842
0.42037789999994857
0.4272692000004099


================================================================================
=== twin layers 2 units 5
train_risk
0.106089115
0.10674534
0.10366078
0.10803023
0.10547367
0.10584394
0.1044713
0.1064549
test_risk
0.10706073
0.1070245
0.10484145
0.106630325
0.10633156
0.10694378
0.104860105
0.106615
test_mean_value
-0.0004143319
-0.00022464321
0.0003329012
-0.0004275416
3.9910654e-05
0.00010536045
-3.8146056e-05
-0.000120527904
test_mean_abs_value
0.08864469
0.0867642
0.08678498
0.08613982
0.08878205
0.08821466
0.08637919
0.08584948
test_variance_value
0.013114401
0.012636042
0.012704621
0.012504447
0.013219372
0.013069971
0.012598707
0.012412175
test_mean_costs
0.0
0.0
0.0
0.0
0.0
0.0
0.0
0.0
test_mean_abs_costs
0.0
0.0
0.0
0.0
0.0
0.0
0.0
0.0
test_variance_costs
0.0
0.0
0.0
0.0
0.0
0.0
0.0
0.0
test_mean_wealth
-0.07984126
-0.0798112
-0.079871036
-0.079807274
-0.07976862
-0.079823524
-0.07977132
-0.07977638
test_mean_abs_wealth
0.07984126
0.0798112
0.079871036
0.079807274
0.07976862
0.079823524
0.07977132
0.07977638
test_variance_wealth
0.0002695041
0.00027673508
0.00022436626
0.00025394137
0.00023522883
0.000260696
0.0002347203
0.00027368264
test_wealth_with_price_abs_mean
0.013225239
0.013471146
0.011913924
0.012751016
0.012190689
0.012951179
0.012245889
0.01341061
test_wealth_with_price_variance
0.0002695041
0.00027673508
0.00022436626
0.00025394137
0.00023522883
0.000260696
0.0002347203
0.00027368264
price
0.079788454
0.079788454
0.079788454
0.079788454
0.079788454
0.079788454
0.079788454
0.079788454
train_time
0.41414559999998346
0.5431171999999833
0.41770279999991544
0.41889130000004116
0.49856099999988146
0.4479876999998851
0.4724666000001889
0.43410499999981766


================================================================================
=== payoff layers 3 units 5
train_risk
0.108343296
0.1090471
0.10992333
0.10972732
0.10946228
0.108166374
0.11104974
0.11027942
test_risk
0.10879632
0.109296925
0.112329066
0.107956864
0.10963703
0.11033662
0.111237556
0.11032468
test_mean_value
-0.00036756886
-0.00020869177
0.00031961408
-0.0004175046
6.324712e-05
0.00013298813
-2.2060321e-05
-0.00012196841
test_mean_abs_value
0.084692135
0.0840616
0.08280893
0.08611124
0.08443077
0.0858144
0.082896985
0.08391683
test_variance_value
0.012265177
0.012062731
0.011854991
0.01265595
0.01229657
0.012462655
0.011874577
0.011992404
test_mean_costs
0.0
0.0
0.0
0.0
0.0
0.0
0.0
0.0
test_mean_abs_costs
0.0
0.0
0.0
0.0
0.0
0.0
0.0
0.0
test_variance_costs
0.0
0.0
0.0
0.0
0.0
0.0
0.0
0.0
test_mean_wealth
-0.0797945
-0.07979525
-0.07988432
-0.07979724
-0.079745285
-0.0797959
-0.07975523
-0.07977782
test_mean_abs_wealth
0.0797945
0.07979525
0.07988432
0.07979724
0.079745285
0.0797959
0.07975523
0.07977782
test_variance_wealth
0.00031504218
0.00031542528
0.0003592305
0.000273494
0.0003304764
0.00035522954
0.0003353168
0.00031360696
test_wealth_with_price_abs_mean
0.014480117
0.014464285
0.015493335
0.013280383
0.014886862
0.015496274
0.014906393
0.014378914
test_wealth_with_price_variance
0.00031504218
0.00031542528
0.0003592305
0.000273494
0.0003304764
0.00035522954
0.0003353168
0.00031360696
price
0.079788454
0.079788454
0.079788454
0.079788454
0.079788454
0.079788454
0.079788454
0.079788454
train_time
0.41705500000000484
0.4406724000000395
0.41417189999992843
0.464466499999844
0.4202987000003304
0.44485309999981837
0.46171389999972234
0.4262570999999298


================================================================================
=== twin layers 3 units 5
train_risk
0.10137351
0.10176721
0.10233494
0.103599794
0.10269244
0.10243127
0.101116955
0.104681686
test_risk
0.10248399
0.10153017
0.102524534
0.10354079
0.10274534
0.10221884
0.10146812
0.10237191
test_mean_value
-0.00039956014
-0.0002216091
0.0003738293
-0.000419795
3.2042324e-05
0.00014293967
-5.5073182e-05
-0.00013994178
test_mean_abs_value
0.092009366
0.09054969
0.089646734
0.08871152
0.09263258
0.09204513
0.08921926
0.08894118
test_variance_value
0.0137010515
0.0133415
0.013211949
0.012945103
0.013920848
0.013743885
0.013069723
0.012992144
test_mean_costs
0.0
0.0
0.0
0.0
0.0
0.0
0.0
0.0
test_mean_abs_costs
0.0
0.0
0.0
0.0
0.0
0.0
0.0
0.0
test_variance_costs
0.0
0.0
0.0
0.0
0.0
0.0
0.0
0.0
test_mean_wealth
-0.07982649
-0.07980817
-0.07983011
-0.079799525
-0.07977649
-0.07978594
-0.079788245
-0.07979579
test_mean_abs_wealth
0.07982649
0.07980817
0.07983011
0.079799525
0.07977649
0.07978594
0.079788245
0.07979579
test_variance_wealth
0.00012761659
0.00011459316
0.00011710285
0.00013623123
0.00010476352
0.00010409988
0.000117169606
0.0001275941
test_wealth_with_price_abs_mean
0.0086376
0.008166815
0.00828006
0.009010256
0.007795603
0.007745512
0.008269318
0.008691036
test_wealth_with_price_variance
0.00012761659
0.00011459316
0.00011710285
0.00013623123
0.00010476352
0.00010409988
0.000117169606
0.0001275941
price
0.079788454
0.079788454
0.079788454
0.079788454
0.079788454
0.079788454
0.079788454
0.079788454
train_time
0.4188304999999559
0.4210967999999866
0.4074785000000247
0.4169494999998733
0.4176806000000397
0.45844690000012633
0.4691461000002164
0.4250768000001699


================================================================================
=== payoff layers 4 units 5
train_risk
0.10852619
0.11038852
0.11181989
0.108718336
0.10820529
0.10479747
0.11097757
0.11211686
test_risk
0.109094426
0.11075563
0.11325616
0.10815755
0.109320685
0.10700315
0.11079477
0.11152591
test_mean_value
-0.00036959944
-0.00021476137
0.0003417834
-0.00041617372
5.4946926e-05
0.0001388946
-2.7259011e-05
-0.000117982505
test_mean_abs_value
0.08422047
0.08340181
0.08259043
0.08611832
0.08435719
0.086915106
0.083232574
0.083211794
test_variance_value
0.012219487
0.012004124
0.011902752
0.012696537
0.012395164
0.012788631
0.011952373
0.011905401
test_mean_costs
0.0
0.0
0.0
0.0
0.0
0.0
0.0
0.0
test_mean_abs_costs
0.0
0.0
0.0
0.0
0.0
0.0
0.0
0.0
test_variance_costs
0.0
0.0
0.0
0.0
0.0
0.0
0.0
0.0
test_mean_wealth
-0.07979653
-0.07980132
-0.079862155
-0.079795904
-0.079753585
-0.07978999
-0.07976043
-0.079773836
test_mean_abs_wealth
0.07979653
0.07980132
0.079862155
0.079795904
0.079753585
0.07978999
0.07976043
0.079773836
test_variance_wealth
0.00025999834
0.00028677614
0.00031040827
0.00022962115
0.0002677337
0.00023563164
0.00026691298
0.00029209876
test_wealth_with_price_abs_mean
0.012729535
0.0135114025
0.01405674
0.011915578
0.013027999
0.012100581
0.012964951
0.013619374
test_wealth_with_price_variance
0.00025999834
0.00028677614
0.00031040827
0.00022962115
0.0002677337
0.00023563164
0.00026691298
0.00029209876
price
0.079788454
0.079788454
0.079788454
0.079788454
0.079788454
0.079788454
0.079788454
0.079788454
train_time
0.4088664999999878
0.4214386999999533
0.4159767000001011
0.4406608000001597
0.417406800000208
0.46555750000015905
0.42371810000031473
0.44384320000017397


================================================================================
=== twin layers 4 units 5
train_risk
0.10242137
0.10073284
0.102115355
0.105281174
0.10418441
0.103586264
0.101676434
0.10475784
test_risk
0.10285455
0.101412766
0.1025368
0.1035918
0.104018144
0.10351588
0.10197119
0.10198874
test_mean_value
-0.00040877727
-0.0002272341
0.00036757955
-0.00041497857
2.758999e-05
0.00014593096
-5.438122e-05
-0.00014068901
test_mean_abs_value
0.092887156
0.091398165
0.090170175
0.089515924
0.09319219
0.09238171
0.08970313
0.089595
test_variance_value
0.013833408
0.01345071
0.013247768
0.013066115
0.013985909
0.013830828
0.0131320795
0.0130530335
test_mean_costs
0.0
0.0
0.0
0.0
0.0
0.0
0.0
0.0
test_mean_abs_costs
0.0
0.0
0.0
0.0
0.0
0.0
0.0
0.0
test_variance_costs
0.0
0.0
0.0
0.0
0.0
0.0
0.0
0.0
test_mean_wealth
-0.079835705
-0.07981379
-0.07983636
-0.07979471
-0.07978094
-0.079782955
-0.07978755
-0.07979654
test_mean_abs_wealth
0.079835705
0.07981379
0.07983636
0.07979471
0.07978094
0.079782955
0.07978755
0.07979654
test_variance_wealth
0.000109730325
9.766147e-05
0.00010623037
0.00011225023
0.00010226424
0.000102200975
0.000108046486
0.00011047669
test_wealth_with_price_abs_mean
0.0079245325
0.0074796746
0.007874471
0.008127762
0.0076843374
0.00765984
0.007896774
0.008049591
test_wealth_with_price_variance
0.000109730325
9.766147e-05
0.00010623037
0.00011225023
0.00010226424
0.000102200975
0.000108046486
0.00011047669
price
0.079788454
0.079788454
0.079788454
0.079788454
0.079788454
0.079788454
0.079788454
0.079788454
train_time
0.4161551999999915
0.4191980999999032
0.4222964000000502
0.41043179999996937
0.44122569999990446
0.4298659000000953
0.46824819999983447
0.44076419999964855


================================================================================
=== payoff layers 5 units 5
train_risk
0.10922198
0.11100525
0.11023973
0.11081631
0.10828727
0.1044679
0.1129558
0.1099712
test_risk
0.10959084
0.109756485
0.11140829
0.10958665
0.10974814
0.10581442
0.11355794
0.10945094
test_mean_value
-0.00035816457
-0.00021081645
0.000354822
-0.00042598715
2.797332e-05
0.00012703935
-5.8508635e-05
-0.00014594078
test_mean_abs_value
0.08451572
0.085109495
0.08403152
0.08700206
0.08533769
0.08974603
0.09219941
0.08912639
test_variance_value
0.012348249
0.012377107
0.012188633
0.012917649
0.0125674205
0.013416686
0.014703862
0.013652156
test_mean_costs
0.0
0.0
0.0
0.0
0.0
0.0
0.0
0.0
test_mean_abs_costs
0.0
0.0
0.0
0.0
0.0
0.0
0.0
0.0
test_variance_costs
0.0
0.0
0.0
0.0
0.0
0.0
0.0
0.0
test_mean_wealth
-0.07978509
-0.07979737
-0.07984912
-0.07980572
-0.079780556
-0.07980185
-0.07979168
-0.07980179
test_mean_abs_wealth
0.07978509
0.07979737
0.07984912
0.07980572
0.079780556
0.07980185
0.079793654
0.07980179
test_variance_wealth
0.00024015122
0.00022381487
0.00024238159
0.00020257931
0.00022899538
0.00016743793
0.00034019878
0.00027318308
test_wealth_with_price_abs_mean
0.012113608
0.011668227
0.012307679
0.011008432
0.011895966
0.009980047
0.014883985
0.013304988
test_wealth_with_price_variance
0.00024015122
0.00022381487
0.00024238159
0.00020257931
0.00022899538
0.00016743793
0.00034019878
0.00027318308
price
0.079788454
0.079788454
0.079788454
0.079788454
0.079788454
0.079788454
0.079788454
0.079788454
train_time
0.41682140000000345
0.42576550000001134
0.40894710000020495
0.4207879000000503
0.46618290000014895
16.038179799999853
0.455950699999903
0.43314699999973527


================================================================================
=== twin layers 5 units 5
train_risk
0.10265044
0.10077837
0.102883734
0.105560206
0.10522979
0.10389916
0.10185444
0.105786934
test_risk
0.10325739
0.10192083
0.10316949
0.104468316
0.10487075
0.10392269
0.102222055
0.1025741
test_mean_value
-0.00040615664
-0.00023302896
0.0003719471
-0.00041144027
2.7578362e-05
0.00014806738
-6.4665954e-05
-0.00014385948
test_mean_abs_value
0.09304062
0.09159229
0.090275794
0.08943822
0.09373827
0.09246011
0.089776486
0.08982391
test_variance_value
0.013837196
0.013475924
0.013243962
0.013046975
0.014103656
0.013809032
0.013132459
0.013072747
test_mean_costs
0.0
0.0
0.0
0.0
0.0
0.0
0.0
0.0
test_mean_abs_costs
0.0
0.0
0.0
0.0
0.0
0.0
0.0
0.0
test_variance_costs
0.0
0.0
0.0
0.0
0.0
0.0
0.0
0.0
test_mean_wealth
-0.07983308
-0.07981959
-0.07983199
-0.07979117
-0.07978095
-0.07978082
-0.079797834
-0.07979971
test_mean_abs_wealth
0.07983308
0.07981959
0.07983199
0.07979117
0.07978095
0.07978082
0.079797834
0.07979971
test_variance_wealth
0.00010716153
9.756442e-05
0.0001058334
0.000116624076
0.00010479204
0.000100956415
0.00010659676
0.00010533301
test_wealth_with_price_abs_mean
0.0078112734
0.007467707
0.0078672655
0.008304268
0.007797868
0.007596929
0.007868134
0.007839382
test_wealth_with_price_variance
0.00010716153
9.756442e-05
0.0001058334
0.000116624076
0.00010479204
0.000100956415
0.00010659676
0.00010533301
price
0.079788454
0.079788454
0.079788454
0.079788454
0.079788454
0.079788454
0.079788454
0.079788454
train_time
0.42362989999998035
0.4161248999999998
0.4051848000001428
0.41108920000010585
0.43869760000006863
0.48936860000003435
0.4809887000001254
0.4413043999998081


