================================================================================
=== payoff layers 2 units 5
train_time
14.0179285
15.025013600000023
17.596569700000032
14.64653199999998
15.824493700000176
14.932701700000052
17.59946119999995
16.34619879999991


================================================================================
=== twin layers 2 units 5
train_time
16.953213599999998
21.076482299999952
18.613842899999895
23.91922109999996
18.22514940000019
24.831956600000012
19.20386099999996
21.42086130000007


================================================================================
=== payoff layers 3 units 5
train_time
17.137646000000004
26.23219340000003
19.68670259999999
21.40041800000006
20.431103099999973
21.585696400000188
22.17273799999998
55.753623399999924


================================================================================
=== twin layers 3 units 5
train_time
27.749706200000006
31.973033000000044
26.37293920000002
26.143953200000055
27.804007100000035
28.878147900000158
27.141759200000024
73.00265450000006


================================================================================
=== payoff layers 4 units 5
train_time
20.968637400000006
31.789998799999978
27.762207200000034
26.096993999999995
23.332088300000123
27.59655379999981
28.957551299999977
159.2901913999999


================================================================================
=== twin layers 4 units 5
train_time
36.8092614
48.62357509999998
34.00277129999995
34.20248449999997
36.865060400000175
37.35447870000007
36.9950280999999
57.16202010000006


================================================================================
=== payoff layers 5 units 5
train_time
32.84553650000001
30.914990200000034
29.816385500000024
27.07335550000016
28.959657400000197
34.129874499999914
35.341511699999955
59.449138100000255


================================================================================
=== twin layers 5 units 5
train_time
42.2397416
45.50840679999993
44.78294970000002
50.53790079999999
61.06819630000018
46.101723900000025
47.189275599999974
63.71923639999977


================================================================================
=== continuous-time
train_risk
0.10357531
0.10048606
0.10321465
0.10123109
0.10226866
0.10221776
0.10091673
0.10320015
test_risk
0.1019923
0.102006815
0.101879306
0.101842545
0.101918474
0.101980865
0.10186415
0.10180595
test_mean_value
-0.00014621258
-0.00037287732
0.0001896055
0.00019247811
-6.471899e-05
-0.00058841886
1.0164408e-05
0.000554554
test_mean_abs_value
0.09166113
0.09165479
0.092007376
0.091956615
0.09172765
0.09149056
0.09179881
0.09203549
test_variance_value
0.013459752
0.013479252
0.013577035
0.013600525
0.013501189
0.013430053
0.01352131
0.013654462
test_mean_costs
0.0
0.0
0.0
0.0
0.0
0.0
0.0
0.0
test_mean_abs_costs
0.0
0.0
0.0
0.0
0.0
0.0
0.0
0.0
test_variance_costs
0.0
0.0
0.0
0.0
0.0
0.0
0.0
0.0
test_mean_wealth
-0.07982605
-0.07978023
-0.07979409
-0.079756655
-0.07980458
-0.079785205
-0.07980629
-0.07975714
test_mean_abs_wealth
0.07982605
0.07978023
0.07979409
0.079756655
0.07980458
0.079785205
0.07980629
0.07975714
test_variance_wealth
9.146496e-05
9.18301e-05
9.1107926e-05
9.10152e-05
9.12647e-05
9.176082e-05
9.1318805e-05
9.0905756e-05
test_wealth_with_price_abs_mean
0.007179848
0.0071848156
0.007163299
0.007169028
0.0071691787
0.007184285
0.007170095
0.007153897
test_wealth_with_price_variance
9.146496e-05
9.18301e-05
9.1107926e-05
9.10152e-05
9.12647e-05
9.176082e-05
9.1318805e-05
9.0905756e-05
price
0.079788454
0.079788454
0.079788454
0.079788454
0.079788454
0.079788454
0.079788454
0.079788454
train_time
0.5228353999999911
0.45788549999997485
0.4627300000000787
0.49855669999988095
0.5028634000000238
0.5755638999999064
0.5184110000000146
0.6928910000001451


================================================================================
=== payoff layers 2 units 5
train_risk
0.13997033
0.12858464
0.1297883
0.12755966
0.13066067
0.13402408
0.13253704
0.13394454
test_risk
0.14116853
0.12786266
0.13232489
0.12889822
0.13110368
0.13251866
0.13272683
0.13399899
test_mean_value
-0.000121849735
-0.00031282695
0.00018299185
0.0001579995
-5.55405e-05
-0.00048765878
0.00010192161
0.0005135194
test_mean_abs_value
0.07673182
0.08021282
0.07919038
0.08051065
0.07962889
0.07844472
0.07933576
0.07966556
test_variance_value
0.0097736055
0.0107539175
0.010463409
0.010854303
0.01056587
0.010299223
0.010480056
0.010578976
test_mean_costs
0.0
0.0
0.0
0.0
0.0
0.0
0.0
0.0
test_mean_abs_costs
0.0
0.0
0.0
0.0
0.0
0.0
0.0
0.0
test_variance_costs
0.0
0.0
0.0
0.0
0.0
0.0
0.0
0.0
test_mean_wealth
-0.079801686
-0.07972018
-0.0798007
-0.07979113
-0.0797954
-0.079684444
-0.07971453
-0.07979818
test_mean_abs_wealth
0.079801686
0.07972018
0.0798007
0.07979113
0.0797954
0.079684444
0.07971453
0.07979818
test_variance_wealth
0.0009889585
0.0008301017
0.0009067775
0.0008485987
0.0008843339
0.0009052965
0.0009294146
0.0009577265
test_wealth_with_price_abs_mean
0.02650712
0.024678914
0.025717515
0.024940807
0.025407713
0.025694327
0.02607185
0.02644119
test_wealth_with_price_variance
0.0009889585
0.0008301017
0.0009067775
0.0008485987
0.0008843339
0.0009052965
0.0009294146
0.0009577265
price
0.079788454
0.079788454
0.079788454
0.079788454
0.079788454
0.079788454
0.079788454
0.079788454
train_time
0.43348409999998694
0.4569069000000354
0.46200999999996384
0.4540245999999115
0.46489709999991646
0.49039429999993445
0.4817170999999689
0.7112899999997353


================================================================================
=== twin layers 2 units 5
train_risk
0.121793576
0.120264366
0.11944419
0.12015199
0.12353654
0.13434654
0.11990946
0.12143909
test_risk
0.12292293
0.12070997
0.120141655
0.12127762
0.12400374
0.13403897
0.12001961
0.12114507
test_mean_value
-0.00012370996
-0.0003376252
0.00018539937
0.00016026317
-7.09963e-05
-0.00054376264
8.9304645e-05
0.00053039787
test_mean_abs_value
0.08113852
0.082421914
0.08343937
0.08328625
0.08102598
0.08368996
0.08304969
0.082465224
test_variance_value
0.010970796
0.011342559
0.011570261
0.0115468465
0.010977033
0.011617491
0.011475315
0.011389887
test_mean_costs
0.0
0.0
0.0
0.0
0.0
0.0
0.0
0.0
test_mean_abs_costs
0.0
0.0
0.0
0.0
0.0
0.0
0.0
0.0
test_variance_costs
0.0
0.0
0.0
0.0
0.0
0.0
0.0
0.0
test_mean_wealth
-0.07980355
-0.07974498
-0.079798296
-0.07978886
-0.07981085
-0.07974055
-0.07972715
-0.079781294
test_mean_abs_wealth
0.07980355
0.07974498
0.079798296
0.07978886
0.07981085
0.079740964
0.07972715
0.079781294
test_variance_wealth
0.0006711737
0.0006500373
0.0006285371
0.0006587545
0.00069124793
0.00080941775
0.00065398554
0.0006723576
test_wealth_with_price_abs_mean
0.022092069
0.021805156
0.02137897
0.021937177
0.022395385
0.023794485
0.02192387
0.022213357
test_wealth_with_price_variance
0.0006711737
0.0006500373
0.0006285371
0.0006587545
0.00069124793
0.00080941775
0.00065398554
0.0006723576
price
0.079788454
0.079788454
0.079788454
0.079788454
0.079788454
0.079788454
0.079788454
0.079788454
train_time
0.44483379999999784
0.44269919999999274
0.4332011000000193
0.45501519999993434
0.4493615999999747
0.4525564000000486
0.4540744999999333
0.607067399999778


================================================================================
=== payoff layers 3 units 5
train_risk
0.13370584
0.12274354
0.12650965
0.12119693
0.12649591
0.1318587
0.12773919
0.12568446
test_risk
0.13468279
0.12272514
0.12891161
0.12188874
0.12586632
0.1291127
0.12727936
0.1267716
test_mean_value
-0.00011542732
-0.00033611755
0.00017579233
0.00017368724
-7.05926e-05
-0.00048390846
8.351313e-05
0.0005179241
test_mean_abs_value
0.07691754
0.08114652
0.07895903
0.0821526
0.07951356
0.078653336
0.07997255
0.08091206
test_variance_value
0.009995933
0.011198363
0.010650275
0.0114738755
0.010817692
0.010470741
0.010849947
0.011120526
test_mean_costs
0.0
0.0
0.0
0.0
0.0
0.0
0.0
0.0
test_mean_abs_costs
0.0
0.0
0.0
0.0
0.0
0.0
0.0
0.0
test_variance_costs
0.0
0.0
0.0
0.0
0.0
0.0
0.0
0.0
test_mean_wealth
-0.07979526
-0.079743475
-0.0798079
-0.079775445
-0.07981045
-0.079680696
-0.07973294
-0.079793766
test_mean_abs_wealth
0.07979526
0.079743475
0.0798079
0.079775445
0.07981045
0.079680696
0.07973294
0.079793766
test_variance_wealth
0.0008343708
0.0006179838
0.00071713526
0.00061447173
0.00066343124
0.00072667084
0.00070096494
0.00069941464
test_wealth_with_price_abs_mean
0.02421987
0.020945044
0.022465173
0.020926503
0.02163696
0.022640906
0.022310907
0.022238178
test_wealth_with_price_variance
0.0008343708
0.0006179838
0.00071713526
0.00061447173
0.00066343124
0.00072667084
0.00070096494
0.00069941464
price
0.079788454
0.079788454
0.079788454
0.079788454
0.079788454
0.079788454
0.079788454
0.079788454
train_time
0.4466869000000031
0.44142139999996743
0.43206990000010137
0.42988310000009733
0.4850320999998985
0.4745864999999867
0.5038896000000932
0.6600218999997196


================================================================================
=== twin layers 3 units 5
train_risk
0.10784988
0.10677336
0.10903688
0.108983375
0.10962585
0.105510525
0.10380163
0.10647388
test_risk
0.108488634
0.10644155
0.10824863
0.10919678
0.10870981
0.10721832
0.104827724
0.10569445
test_mean_value
-0.0001274206
-0.0003590548
0.0001823756
0.00016631899
-5.146027e-05
-0.0005698708
5.2170322e-05
0.00054061384
test_mean_abs_value
0.08546061
0.086473845
0.087878115
0.08751069
0.0845825
0.08991212
0.088175185
0.08639861
test_variance_value
0.012267571
0.0126155475
0.012807302
0.012898221
0.012070386
0.013371837
0.013003615
0.012636915
test_mean_costs
0.0
0.0
0.0
0.0
0.0
0.0
0.0
0.0
test_mean_abs_costs
0.0
0.0
0.0
0.0
0.0
0.0
0.0
0.0
test_variance_costs
0.0
0.0
0.0
0.0
0.0
0.0
0.0
0.0
test_mean_wealth
-0.07980726
-0.07976641
-0.07980132
-0.079782814
-0.079791315
-0.07976665
-0.079764284
-0.07977108
test_mean_abs_wealth
0.07980726
0.07976641
0.07980132
0.079782814
0.079791315
0.07976665
0.079764284
0.07977108
test_variance_wealth
0.00025089612
0.00021593532
0.00025591903
0.00027032782
0.00025571266
0.00021896126
0.00020071077
0.00021083388
test_wealth_with_price_abs_mean
0.012621859
0.011568915
0.012786379
0.013144346
0.012765157
0.011690085
0.0111579085
0.011458225
test_wealth_with_price_variance
0.00025089612
0.00021593532
0.00025591903
0.00027032782
0.00025571266
0.00021896126
0.00020071077
0.00021083388
price
0.079788454
0.079788454
0.079788454
0.079788454
0.079788454
0.079788454
0.079788454
0.079788454
train_time
0.423490500000014
0.45526189999998223
0.4360984999999573
0.4268912
0.5383334000000559
0.446410300000025
0.47117660000003525
0.6147209000000657


================================================================================
=== payoff layers 4 units 5
train_risk
0.12781428
0.117190205
0.1213795
0.11488982
0.12130006
0.12046797
0.12014366
0.11804524
test_risk
0.12862247
0.11708026
0.12355596
0.11618459
0.12002098
0.12122925
0.121527694
0.1198684
test_mean_value
-0.00011766168
-0.00034970554
0.00018674038
0.0001745281
-7.392906e-05
-0.0004909631
5.913323e-05
0.00050296664
test_mean_abs_value
0.077286705
0.08175451
0.07815499
0.081898995
0.079482675
0.07924392
0.0802884
0.0805153
test_variance_value
0.010249534
0.011638833
0.010776024
0.011689703
0.011195973
0.010891626
0.011295731
0.0114434315
test_mean_costs
0.0
0.0
0.0
0.0
0.0
0.0
0.0
0.0
test_mean_abs_costs
0.0
0.0
0.0
0.0
0.0
0.0
0.0
0.0
test_variance_costs
0.0
0.0
0.0
0.0
0.0
0.0
0.0
0.0
test_mean_wealth
-0.0797975
-0.07975706
-0.079796955
-0.0797746
-0.079813786
-0.07968775
-0.07975732
-0.07980873
test_mean_abs_wealth
0.0797975
0.07975706
0.079796955
0.0797746
0.079813786
0.07968775
0.07975732
0.07980873
test_variance_wealth
0.0006382162
0.00043048273
0.00057678466
0.0004264875
0.00048391885
0.00054218865
0.00052156934
0.00048159863
test_wealth_with_price_abs_mean
0.020794494
0.017008752
0.01983077
0.016959965
0.018098082
0.019427761
0.018881142
0.01807383
test_wealth_with_price_variance
0.0006382162
0.00043048273
0.00057678466
0.0004264875
0.00048391885
0.00054218865
0.00052156934
0.00048159863
price
0.079788454
0.079788454
0.079788454
0.079788454
0.079788454
0.079788454
0.079788454
0.079788454
train_time
0.4458651000000202
0.42881389999990915
0.4835517000000209
0.4555543999999827
0.4555957000000035
0.4565105000001495
0.48235890000000836
0.8096065999998245


================================================================================
=== twin layers 4 units 5
train_risk
0.10321948
0.106374696
0.103845574
0.10207084
0.10693593
0.10258002
0.100804344
0.106894955
test_risk
0.10334651
0.10567761
0.10244286
0.10220139
0.10575778
0.10349667
0.10161516
0.10530007
test_mean_value
-0.0001401246
-0.0003636056
0.00018956437
0.0002052655
-5.2475905e-05
-0.0005774899
1.5512667e-05
0.00053923106
test_mean_abs_value
0.08693716
0.087291874
0.08998761
0.08950515
0.085945114
0.09139024
0.09036443
0.08761185
test_variance_value
0.012510324
0.0128278425
0.013226431
0.013233332
0.0123148495
0.013678163
0.013367477
0.0128294155
test_mean_costs
0.0
0.0
0.0
0.0
0.0
0.0
0.0
0.0
test_mean_abs_costs
0.0
0.0
0.0
0.0
0.0
0.0
0.0
0.0
test_variance_costs
0.0
0.0
0.0
0.0
0.0
0.0
0.0
0.0
test_mean_wealth
-0.07981996
-0.07977096
-0.07979413
-0.07974386
-0.07979233
-0.079774275
-0.07980094
-0.079772465
test_mean_abs_wealth
0.07981996
0.07977096
0.07979413
0.07974386
0.07979233
0.079774275
0.07980094
0.079772465
test_variance_wealth
0.00015832884
0.00017026463
0.0001412187
0.00014087679
0.00019154276
0.00014705953
0.00012648798
0.00016990941
test_wealth_with_price_abs_mean
0.009861695
0.01009278
0.009156313
0.009160608
0.010947207
0.009399907
0.008628829
0.01019488
test_wealth_with_price_variance
0.00015832884
0.00017026463
0.0001412187
0.00014087679
0.00019154276
0.00014705953
0.00012648798
0.00016990941
price
0.079788454
0.079788454
0.079788454
0.079788454
0.079788454
0.079788454
0.079788454
0.079788454
train_time
0.4491235000000131
0.4401746999999432
0.4397229999999581
0.4393091999997978
0.44865009999989525
0.4483672999999726
0.49475669999992533
1.2106469000000288


================================================================================
=== payoff layers 5 units 5
train_risk
0.12361877
0.11724479
0.12277085
0.1128145
0.12119766
0.11707055
0.11629246
0.1188502
test_risk
0.12522675
0.11806217
0.12538907
0.11438318
0.11999139
0.11818614
0.118303135
0.11764098
test_mean_value
-0.0001390658
-0.00032392054
0.0001752661
0.00017807404
-9.150582e-05
-0.0005071675
2.0819254e-05
0.00051420234
test_mean_abs_value
0.07695876
0.08214805
0.07724853
0.08238041
0.07924998
0.07957411
0.08098966
0.08037545
test_variance_value
0.010355309
0.011993371
0.010691778
0.01188659
0.011258954
0.011041512
0.011557594
0.011494946
test_mean_costs
0.0
0.0
0.0
0.0
0.0
0.0
0.0
0.0
test_mean_abs_costs
0.0
0.0
0.0
0.0
0.0
0.0
0.0
0.0
test_variance_costs
0.0
0.0
0.0
0.0
0.0
0.0
0.0
0.0
test_mean_wealth
-0.079818904
-0.07973127
-0.07980843
-0.07977106
-0.07983136
-0.07970396
-0.079795636
-0.07979749
test_mean_abs_wealth
0.079818904
0.07973127
0.07980843
0.07977106
0.07983136
0.07970396
0.079795636
0.07979749
test_variance_wealth
0.0005455409
0.0003528775
0.000557909
0.00032761923
0.00041971222
0.00043763293
0.00041567392
0.00041639435
test_wealth_with_price_abs_mean
0.018949425
0.01483248
0.019235993
0.014435286
0.01649245
0.017023023
0.016567362
0.016579522
test_wealth_with_price_variance
0.0005455409
0.0003528775
0.000557909
0.00032761923
0.00041971222
0.00043763293
0.00041567392
0.00041639435
price
0.079788454
0.079788454
0.079788454
0.079788454
0.079788454
0.079788454
0.079788454
0.079788454
train_time
0.4423406999999884
0.4345350999999482
0.44659230000002026
0.42437740000013946
0.4178772000000208
0.47527820000004795
0.452932699999792
0.7533886999999595


================================================================================
=== twin layers 5 units 5
train_risk
0.10219955
0.10353845
0.1045421
0.10345767
0.10497192
0.10284904
0.10208571
0.103872485
test_risk
0.10197617
0.1039636
0.103391476
0.10373899
0.10421728
0.10270914
0.10258675
0.10322434
test_mean_value
-0.00013899272
-0.0003631328
0.00020012274
0.00018935832
-5.5967e-05
-0.00058153196
1.254763e-05
0.0005447382
test_mean_abs_value
0.08847127
0.08908708
0.0903902
0.08941285
0.08683353
0.09247332
0.09066965
0.0887173
test_variance_value
0.012754072
0.0131026795
0.0133162085
0.013284084
0.012481699
0.013806624
0.013391074
0.012989421
test_mean_costs
0.0
0.0
0.0
0.0
0.0
0.0
0.0
0.0
test_mean_abs_costs
0.0
0.0
0.0
0.0
0.0
0.0
0.0
0.0
test_variance_costs
0.0
0.0
0.0
0.0
0.0
0.0
0.0
0.0
test_mean_wealth
-0.07981883
-0.07977048
-0.079783574
-0.07975977
-0.07979582
-0.07977832
-0.07980391
-0.07976696
test_mean_abs_wealth
0.07981883
0.07977048
0.079783574
0.07975977
0.07979582
0.07977832
0.07980391
0.07976696
test_variance_wealth
0.00012720631
0.00012243963
0.0001389875
0.00014080801
0.00015790013
0.00012115449
0.0001153161
0.00013133923
test_wealth_with_price_abs_mean
0.008743327
0.008448728
0.009038629
0.009066316
0.009853066
0.008516746
0.008172425
0.008912478
test_wealth_with_price_variance
0.00012720631
0.00012243963
0.0001389875
0.00014080801
0.00015790013
0.00012115449
0.0001153161
0.00013133923
price
0.079788454
0.079788454
0.079788454
0.079788454
0.079788454
0.079788454
0.079788454
0.079788454
train_time
0.42107500000000186
0.444174500000031
0.43557620000001407
0.45138059999999314
0.4617359999999735
40.30387029999997
0.5127892000000429
1.8279234999999971


