================================================================================
=== payoff layers 2 units 5
train_time
22.262968
12.853732400000013
21.67273739999996
20.48331129999997
22.062864399999853
22.926472000000103
25.139703300000292
23.6684408000001


================================================================================
=== twin layers 2 units 5
train_time
26.689642
26.870219399999996
27.590110499999923
31.099531899999874
27.081736599999886
28.56357109999999
27.804289499999868
27.724108600000363


================================================================================
=== payoff layers 3 units 5
train_time
32.275163299999996
31.02709299999998
31.983483899999896
32.127859400000034
34.10708960000011
32.77932050000004
33.562485299999935
37.61707690000003


================================================================================
=== twin layers 3 units 5
train_time
41.11440420000001
43.03235859999995
33.86155550000001
40.03931320000015
40.94099670000014
42.01456549999989
41.094126300000426
54.46375780000017


================================================================================
=== payoff layers 4 units 5
train_time
40.83965319999999
41.927259200000094
41.565236899999945
44.3365467000001
43.58716249999998
43.19375279999986
38.49171150000029
83.66980469999999


================================================================================
=== twin layers 4 units 5
train_time
54.976521899999995
56.79998219999993
56.91155500000002
49.580400000000054
54.4644217
55.7772915999999
46.81804650000004
56.946353199999976


================================================================================
=== payoff layers 5 units 5
train_time
58.52576060000001
48.32942639999999
53.05810130000009
46.55720470000006
44.00111689999994
52.2477286000003
48.67339270000002
57.98288319999983


================================================================================
=== twin layers 5 units 5
train_time
67.44221089999996
68.60611599999993
67.60322700000006
63.79542279999987
76.68522010000015
70.53409909999982
55.1276555999998
72.28296299999965


================================================================================
=== continuous-time
train_risk
0.10134176
0.10146029
0.10139981
0.10136211
0.10045171
0.10094278
0.10257905
0.10041471
test_risk
0.10194851
0.10189874
0.10196707
0.1019872
0.10186603
0.10195163
0.101911895
0.10198812
test_mean_value
8.919257e-05
-0.00036232985
0.000140505
-0.00019787897
-3.440873e-05
0.0003335938
-0.00018446262
0.00038290222
test_mean_abs_value
0.091846295
0.09148861
0.09211222
0.09162356
0.091792546
0.09206264
0.09160374
0.09208723
test_variance_value
0.013572906
0.013429084
0.013685914
0.013447757
0.013538408
0.013652118
0.013512365
0.013660491
test_mean_costs
0.0
0.0
0.0
0.0
0.0
0.0
0.0
0.0
test_mean_abs_costs
0.0
0.0
0.0
0.0
0.0
0.0
0.0
0.0
test_variance_costs
0.0
0.0
0.0
0.0
0.0
0.0
0.0
0.0
test_mean_wealth
-0.07977739
-0.07978897
-0.079831935
-0.07979609
-0.07981619
-0.079794675
-0.07980592
-0.0798004
test_mean_abs_wealth
0.07977739
0.07978897
0.079831935
0.07979609
0.07981619
0.079794675
0.07980592
0.0798004
test_variance_wealth
9.1524606e-05
9.149368e-05
9.1153066e-05
9.14902e-05
9.0929534e-05
9.1120986e-05
9.131087e-05
9.151438e-05
test_wealth_with_price_abs_mean
0.0071744076
0.007175191
0.0071664653
0.0071604615
0.007154904
0.007156087
0.0071652485
0.0071646417
test_wealth_with_price_variance
9.1524606e-05
9.149368e-05
9.1153066e-05
9.14902e-05
9.0929534e-05
9.1120986e-05
9.131087e-05
9.151438e-05
price
0.079788454
0.079788454
0.079788454
0.079788454
0.079788454
0.079788454
0.079788454
0.079788454
train_time
0.5200115000000096
0.4530211999999665
0.5300984000000426
0.45408030000021427
0.4800425000000814
0.5138084999998682
0.48513539999976274
0.46739090000028227


================================================================================
=== payoff layers 2 units 5
train_risk
0.12685218
0.12488143
0.12248159
0.12963088
0.1266118
0.12684484
0.12742504
0.1260047
test_risk
0.12605555
0.12501825
0.12375351
0.12852505
0.12523067
0.12569252
0.12630993
0.12498683
test_mean_value
3.9526687e-05
-0.00031523174
3.423077e-05
-0.00014244995
4.696792e-07
0.00030249753
-0.000101653546
0.00032452028
test_mean_abs_value
0.08112026
0.08073894
0.082635246
0.080013834
0.0807145
0.08199096
0.08065297
0.080813386
test_variance_value
0.0109398
0.010881476
0.011355095
0.010638902
0.010893711
0.01116181
0.010861558
0.010960242
test_mean_costs
0.0
0.0
0.0
0.0
0.0
0.0
0.0
0.0
test_mean_abs_costs
0.0
0.0
0.0
0.0
0.0
0.0
0.0
0.0
test_variance_costs
0.0
0.0
0.0
0.0
0.0
0.0
0.0
0.0
test_mean_wealth
-0.079827055
-0.07974187
-0.07993821
-0.07974066
-0.07978131
-0.079825774
-0.07972311
-0.07985877
test_mean_abs_wealth
0.079827055
0.07974187
0.07993821
0.07974066
0.07978131
0.079825774
0.07972311
0.07985877
test_variance_wealth
0.0007700613
0.00076521165
0.00074707426
0.00082501146
0.0007466189
0.0007797696
0.000785305
0.0007531994
test_wealth_with_price_abs_mean
0.023733687
0.023711815
0.023461362
0.024568265
0.023362959
0.023931304
0.024014907
0.023516256
test_wealth_with_price_variance
0.0007700613
0.00076521165
0.00074707426
0.00082501146
0.0007466189
0.0007797696
0.000785305
0.0007531994
price
0.079788454
0.079788454
0.079788454
0.079788454
0.079788454
0.079788454
0.079788454
0.079788454
train_time
0.4266916000000265
0.43423519999998916
0.47096890000011626
0.42928249999999935
0.4494459000000006
0.4658697999998367
0.43996640000023035
0.43791689999989103


================================================================================
=== twin layers 2 units 5
train_risk
0.10931223
0.109955855
0.110595845
0.11106013
0.11140007
0.11105914
0.112286024
0.1100384
test_risk
0.10857107
0.11057702
0.11181858
0.110499516
0.110233106
0.111295484
0.11221014
0.10907153
test_mean_value
5.283135e-05
-0.00035116603
9.984411e-05
-0.00017277396
-3.1049287e-05
0.0003164461
-0.00013911499
0.0003843016
test_mean_abs_value
0.08671443
0.08772417
0.08444938
0.0865653
0.08588713
0.085449666
0.0848068
0.087262355
test_variance_value
0.012580393
0.012746619
0.012053393
0.012463989
0.012313409
0.012303314
0.012080356
0.012757776
test_mean_costs
0.0
0.0
0.0
0.0
0.0
0.0
0.0
0.0
test_mean_abs_costs
0.0
0.0
0.0
0.0
0.0
0.0
0.0
0.0
test_variance_costs
0.0
0.0
0.0
0.0
0.0
0.0
0.0
0.0
test_mean_wealth
-0.07981375
-0.07977781
-0.07987259
-0.07977098
-0.07981283
-0.07981183
-0.079760574
-0.079799
test_mean_abs_wealth
0.07981375
0.07977781
0.07987259
0.07977098
0.07981283
0.07981183
0.079760574
0.079799
test_variance_wealth
0.00033560878
0.00034263704
0.0003753492
0.00036397818
0.00036047463
0.00040103422
0.00041578364
0.00033122677
test_wealth_with_price_abs_mean
0.01514067
0.015199521
0.01603559
0.015787281
0.015727509
0.016754054
0.017080594
0.014958978
test_wealth_with_price_variance
0.00033560878
0.00034263704
0.0003753492
0.00036397818
0.00036047463
0.00040103422
0.00041578364
0.00033122677
price
0.079788454
0.079788454
0.079788454
0.079788454
0.079788454
0.079788454
0.079788454
0.079788454
train_time
0.4198754999999892
0.42898200000001907
0.4316992999999911
0.45021380000002864
0.42879279999988285
0.4285101999998915
0.41595239999969635
0.4440532999997231


================================================================================
=== payoff layers 3 units 5
train_risk
0.11587266
0.11451095
0.11366333
0.11594723
0.11636199
0.11187295
0.118291415
0.117004365
test_risk
0.11538274
0.1135881
0.11403192
0.11516719
0.117562905
0.111836165
0.117868766
0.11661984
test_mean_value
3.4424203e-05
-0.0003360595
9.7364864e-05
-0.00016070351
-1.3848285e-05
0.00030696084
-0.0001186304
0.00033934417
test_mean_abs_value
0.082772575
0.081886746
0.083644256
0.081765674
0.0813981
0.084533796
0.08116552
0.08180018
test_variance_value
0.011647641
0.011583608
0.012059676
0.01144528
0.0114017455
0.012155336
0.011338789
0.011504577
test_mean_costs
0.0
0.0
0.0
0.0
0.0
0.0
0.0
0.0
test_mean_abs_costs
0.0
0.0
0.0
0.0
0.0
0.0
0.0
0.0
test_variance_costs
0.0
0.0
0.0
0.0
0.0
0.0
0.0
0.0
test_mean_wealth
-0.07983215
-0.079762705
-0.079875074
-0.07975891
-0.07979563
-0.07982131
-0.07974009
-0.07984395
test_mean_abs_wealth
0.07983215
0.079762705
0.079875074
0.07975891
0.07979563
0.07982131
0.07974009
0.07984395
test_variance_wealth
0.0004477333
0.00041986408
0.00042371865
0.00043544208
0.00047310378
0.00040684352
0.0004937987
0.0004738021
test_wealth_with_price_abs_mean
0.01761393
0.017074797
0.017101951
0.017291367
0.018137332
0.01684821
0.018552568
0.01818742
test_wealth_with_price_variance
0.0004477333
0.00041986408
0.00042371865
0.00043544208
0.00047310378
0.00040684352
0.0004937987
0.0004738021
price
0.079788454
0.079788454
0.079788454
0.079788454
0.079788454
0.079788454
0.079788454
0.079788454
train_time
0.42593990000000304
0.425526399999967
0.4154985999998644
0.42305529999998726
0.4214842999999746
0.47756529999969644
0.45901770000000397
0.45819010000013805


================================================================================
=== twin layers 3 units 5
train_risk
0.10147333
0.104883686
0.10283122
0.10289914
0.10130035
0.10605677
0.1034674
0.102395706
test_risk
0.10129639
0.10377444
0.103312604
0.1026807
0.102629215
0.10537213
0.10302602
0.102308914
test_mean_value
0.00010006669
-0.00035827863
0.00013375876
-0.00017806808
-3.2364056e-05
0.00034743303
-0.00015419046
0.00038456364
test_mean_abs_value
0.09028414
0.0910161
0.08786818
0.0894433
0.088778295
0.08802553
0.08812707
0.08939766
test_variance_value
0.013336354
0.013548087
0.012907616
0.013159491
0.012992414
0.012979121
0.012872318
0.013192993
test_mean_costs
0.0
0.0
0.0
0.0
0.0
0.0
0.0
0.0
test_mean_abs_costs
0.0
0.0
0.0
0.0
0.0
0.0
0.0
0.0
test_variance_costs
0.0
0.0
0.0
0.0
0.0
0.0
0.0
0.0
test_mean_wealth
-0.07976651
-0.07978492
-0.07983868
-0.07977628
-0.07981414
-0.07978084
-0.07977565
-0.079798736
test_mean_abs_wealth
0.07976651
0.07978492
0.07983868
0.07977628
0.07981414
0.07978084
0.07977565
0.079798736
test_variance_wealth
0.00012694004
0.0001461573
0.0001396927
0.00014982454
0.00015219153
0.00018486835
0.00015579886
0.00015262271
test_wealth_with_price_abs_mean
0.008694025
0.00931931
0.009171431
0.009495655
0.0095913615
0.010588497
0.009717237
0.009650136
test_wealth_with_price_variance
0.00012694004
0.0001461573
0.0001396927
0.00014982454
0.00015219153
0.00018486835
0.00015579886
0.00015262271
price
0.079788454
0.079788454
0.079788454
0.079788454
0.079788454
0.079788454
0.079788454
0.079788454
train_time
0.42156469999997626
0.4284536999999773
0.46121759999982714
0.470671799999991
0.467435599999817
0.4566324000002169
0.43955030000006445
0.43520870000020295


================================================================================
=== payoff layers 4 units 5
train_risk
0.114662394
0.11393326
0.11260775
0.11743442
0.11653965
0.10838662
0.11444174
0.113586836
test_risk
0.11377872
0.113674946
0.1126632
0.1162873
0.11605952
0.108418494
0.11511224
0.11401159
test_mean_value
6.142869e-05
-0.0003350486
0.00012289268
-0.00017365562
-1.0478986e-05
0.00030537095
-0.000113820206
0.0003488917
test_mean_abs_value
0.08230788
0.08116855
0.083066
0.080439895
0.080873035
0.08482743
0.08086865
0.08131291
test_variance_value
0.011831137
0.01147667
0.012128897
0.011264494
0.011388442
0.012331749
0.011424137
0.011644965
test_mean_costs
0.0
0.0
0.0
0.0
0.0
0.0
0.0
0.0
test_mean_abs_costs
0.0
0.0
0.0
0.0
0.0
0.0
0.0
0.0
test_variance_costs
0.0
0.0
0.0
0.0
0.0
0.0
0.0
0.0
test_mean_wealth
-0.07980515
-0.07976169
-0.07984955
-0.07977187
-0.07979226
-0.0798229
-0.07973528
-0.0798344
test_mean_abs_wealth
0.07980515
0.07976169
0.07984955
0.07977187
0.07979226
0.0798229
0.07973528
0.0798344
test_variance_wealth
0.00035489004
0.00035555087
0.00031619243
0.00037678867
0.00039109716
0.0002910979
0.00038493169
0.00037817174
test_wealth_with_price_abs_mean
0.015274781
0.01526635
0.014258186
0.015588705
0.016026836
0.013874728
0.01596927
0.015833907
test_wealth_with_price_variance
0.00035489004
0.00035555087
0.00031619243
0.00037678867
0.00039109716
0.0002910979
0.00038493169
0.00037817174
price
0.079788454
0.079788454
0.079788454
0.079788454
0.079788454
0.079788454
0.079788454
0.079788454
train_time
0.41909249999997655
0.4297762999999577
0.4374652999999853
0.4208711000001131
0.43411180000020977
0.4528749000000971
0.41902939999999944
0.44329830000015136


================================================================================
=== twin layers 4 units 5
train_risk
0.10193109
0.10187489
0.10315915
0.10103605
0.09973775
0.10159381
0.102154024
0.10027306
test_risk
0.10149756
0.10241058
0.10307616
0.100742094
0.10113113
0.1019911
0.10139084
0.10135246
test_mean_value
9.657409e-05
-0.00035496056
0.00013551863
-0.00018372496
-4.6253237e-05
0.00033382417
-0.00017706896
0.00038202162
test_mean_abs_value
0.091086105
0.092048354
0.08859477
0.09123986
0.09017826
0.08991025
0.08977132
0.09021907
test_variance_value
0.013478002
0.013685648
0.01299692
0.0133900065
0.013188121
0.013217628
0.013159509
0.013324789
test_mean_costs
0.0
0.0
0.0
0.0
0.0
0.0
0.0
0.0
test_mean_abs_costs
0.0
0.0
0.0
0.0
0.0
0.0
0.0
0.0
test_variance_costs
0.0
0.0
0.0
0.0
0.0
0.0
0.0
0.0
test_mean_wealth
-0.079770006
-0.0797816
-0.07983692
-0.079781935
-0.07982803
-0.079794444
-0.07979853
-0.07980128
test_mean_abs_wealth
0.079770006
0.0797816
0.07983692
0.079781935
0.07982803
0.079794444
0.07979853
0.07980128
test_variance_wealth
0.000108986605
0.00011148763
0.0001253772
0.000105599385
0.00010956633
0.00011252322
0.0001060865
0.00012237254
test_wealth_with_price_abs_mean
0.00794307
0.008058673
0.008694517
0.007854365
0.008018577
0.00810418
0.007819152
0.008482911
test_wealth_with_price_variance
0.000108986605
0.00011148763
0.0001253772
0.000105599385
0.00010956633
0.00011252322
0.0001060865
0.00012237254
price
0.079788454
0.079788454
0.079788454
0.079788454
0.079788454
0.079788454
0.079788454
0.079788454
train_time
0.42377449999997907
0.4218131000000085
0.41626259999998183
0.41687950000005003
0.44913610000003246
0.4244615000002341
0.49153630000000703
0.44470060000003286


================================================================================
=== payoff layers 5 units 5
train_risk
0.112813056
0.11712422
0.115152694
0.12107282
0.11246369
0.11266299
0.11278265
0.11323219
test_risk
0.11220136
0.11763292
0.11611538
0.11984299
0.11397704
0.110630244
0.11264531
0.112712935
test_mean_value
6.724168e-05
-0.00034852748
0.00014773567
-0.00021256843
-5.782312e-06
0.00031587124
-0.00011841129
0.00037197
test_mean_abs_value
0.08253624
0.07995336
0.08190798
0.079850234
0.08133962
0.08531208
0.08210818
0.0829821
test_variance_value
0.011891695
0.011311167
0.011913314
0.011261799
0.011536275
0.012583148
0.011744424
0.011951022
test_mean_costs
0.0
0.0
0.0
0.0
0.0
0.0
0.0
0.0
test_mean_abs_costs
0.0
0.0
0.0
0.0
0.0
0.0
0.0
0.0
test_variance_costs
0.0
0.0
0.0
0.0
0.0
0.0
0.0
0.0
test_mean_wealth
-0.07979934
-0.07977517
-0.0798247
-0.079810776
-0.07978756
-0.0798124
-0.07973987
-0.07981133
test_mean_abs_wealth
0.07979934
0.07977517
0.0798247
0.079810776
0.07978756
0.0798124
0.07973987
0.07981133
test_variance_wealth
0.00029090786
0.00038886382
0.00034552763
0.00038913116
0.0003405916
0.00026658628
0.00030859545
0.00028365964
test_wealth_with_price_abs_mean
0.013559503
0.015820066
0.014827061
0.015765114
0.014799149
0.012898313
0.014052954
0.013328203
test_wealth_with_price_variance
0.00029090786
0.00038886382
0.00034552763
0.00038913116
0.0003405916
0.00026658628
0.00030859545
0.00028365964
price
0.079788454
0.079788454
0.079788454
0.079788454
0.079788454
0.079788454
0.079788454
0.079788454
train_time
0.426663700000006
0.41955960000007053
0.42075950000003104
0.4278750000000855
0.4510907999999745
19.250726700000087
0.4444776999998794
0.4298950999996123


================================================================================
=== twin layers 5 units 5
train_risk
0.10218279
0.10254923
0.102521844
0.10075181
0.1005725
0.10282336
0.10295377
0.10013756
test_risk
0.10179703
0.10316285
0.10285848
0.101405464
0.10165356
0.103376105
0.101954974
0.1012729
test_mean_value
9.8213364e-05
-0.00036179877
0.00014549145
-0.00019935382
-3.483397e-05
0.00033177875
-0.00017437864
0.00038288164
test_mean_abs_value
0.0916388
0.09258756
0.089346126
0.09150853
0.09061774
0.08992747
0.090027116
0.090353705
test_variance_value
0.0135314865
0.013801352
0.013066898
0.01341385
0.013274892
0.013236119
0.01321706
0.013284149
test_mean_costs
0.0
0.0
0.0
0.0
0.0
0.0
0.0
0.0
test_mean_abs_costs
0.0
0.0
0.0
0.0
0.0
0.0
0.0
0.0
test_variance_costs
0.0
0.0
0.0
0.0
0.0
0.0
0.0
0.0
test_mean_wealth
-0.07976837
-0.07978844
-0.07982695
-0.079797566
-0.07981662
-0.07979649
-0.07979584
-0.07980041
test_mean_abs_wealth
0.07976837
0.07978844
0.07982695
0.079797566
0.07981662
0.07979649
0.07979584
0.07980041
test_variance_wealth
0.00010124204
0.00010715969
0.00011200561
0.00010037309
0.00010126906
0.000115395844
0.00010396916
0.00011054096
test_wealth_with_price_abs_mean
0.0076003163
0.00785547
0.008213922
0.0076124924
0.0076393876
0.008194588
0.007716111
0.008054924
test_wealth_with_price_variance
0.00010124204
0.00010715969
0.00011200561
0.00010037309
0.00010126906
0.000115395844
0.00010396916
0.00011054096
price
0.079788454
0.079788454
0.079788454
0.079788454
0.079788454
0.079788454
0.079788454
0.079788454
train_time
0.43184730000001537
0.42033260000005157
0.426714999999831
0.41585669999994934
0.42894969999997556
0.4809429000001728
0.44719789999999193
0.4404893999999331


