================================================================================
=== payoff layers 2 units 5
train_time
47.1867176
50.67030880000004
54.655393300000014
52.052189700000326
50.00598420000006
50.40850730000011
52.535117000000355
53.254656400000385


================================================================================
=== twin layers 2 units 5
train_time
56.139427600000005
59.340909099999976
57.83529940000017
77.42070879999983
60.31069419999994
60.10911729999998
61.09263999999985
60.17855089999921


================================================================================
=== payoff layers 3 units 5
train_time
68.05395490000001
58.91892889999997
72.43291210000007
57.478621400000065
56.55485090000002
70.30713199999991
75.77573229999962
76.71319100000073


================================================================================
=== twin layers 3 units 5
train_time
86.27621179999997
74.71281160000001
74.57863609999981
89.37347100000034
89.49146149999979
79.3279222000001
89.6529004999993
83.80205440000009


================================================================================
=== payoff layers 4 units 5
train_time
88.10281369999996
89.42097050000007
81.55828989999986
90.26019559999986
92.94402900000023
90.25325669999984
30.742657699999654
118.56164199999967


================================================================================
=== twin layers 4 units 5
train_time
99.84489530000002
99.6925913
117.51419729999998
103.63315139999986
113.36670979999963
109.40879540000014
118.20569960000012
123.05949430000055


================================================================================
=== payoff layers 5 units 5
train_time
119.54968009999993
96.54020919999994
35.20227060000002
121.74078550000013
41.20898880000004
115.64662500000031
95.75149839999995
97.88441770000009


================================================================================
=== twin layers 5 units 5
train_time
133.4647483
133.56330400000002
129.71726299999978
135.40433230000008
152.16047200000003
120.59500409999964
154.3578979999993
145.1396149000002


================================================================================
=== continuous-time
train_risk
0.10264291
0.099268705
0.10086257
0.1024091
0.102178186
0.09984057
0.10061877
0.10041143
test_risk
0.10194359
0.10193804
0.10203495
0.101904765
0.10185132
0.10191189
0.10193411
0.1018882
test_mean_value
-0.00013362088
-0.00018653322
-1.0719567e-05
5.585321e-05
-8.47123e-05
0.0005933345
0.00022041664
0.00018854476
test_mean_abs_value
0.09185457
0.091647334
0.09174596
0.09199329
0.09181453
0.09204867
0.091867164
0.09195909
test_variance_value
0.013544556
0.013464603
0.01354027
0.013642631
0.013504199
0.0136324335
0.013542604
0.0135970395
test_mean_costs
0.0
0.0
0.0
0.0
0.0
0.0
0.0
0.0
test_mean_abs_costs
0.0
0.0
0.0
0.0
0.0
0.0
0.0
0.0
test_variance_costs
0.0
0.0
0.0
0.0
0.0
0.0
0.0
0.0
test_mean_wealth
-0.0798342
-0.079835206
-0.07979967
-0.079786204
-0.07978918
-0.07977868
-0.07976564
-0.079793416
test_mean_abs_wealth
0.0798342
0.079835206
0.07979967
0.079786204
0.07978918
0.07977868
0.07976564
0.079793416
test_variance_wealth
9.13206e-05
9.132367e-05
9.161159e-05
9.100562e-05
9.12176e-05
9.156582e-05
9.166397e-05
9.108078e-05
test_wealth_with_price_abs_mean
0.0071711307
0.0071739885
0.0071759233
0.0071526854
0.007163833
0.0071788784
0.0071828193
0.00716183
test_wealth_with_price_variance
9.13206e-05
9.132367e-05
9.161159e-05
9.100562e-05
9.12176e-05
9.156582e-05
9.166397e-05
9.108078e-05
price
0.079788454
0.079788454
0.079788454
0.079788454
0.079788454
0.079788454
0.079788454
0.079788454
train_time
0.515785699999924
0.434822499999882
0.49937469999986206
0.5101852000002509
0.4867269999999735
0.5102515999997195
0.49926740000046266
0.4860578000007081


================================================================================
=== payoff layers 2 units 5
train_risk
0.11219
0.11498721
0.114260204
0.11628946
0.110736236
0.11550678
0.111880064
0.114493914
test_risk
0.114019334
0.11476029
0.1149759
0.116373524
0.11112661
0.116232865
0.11217747
0.1140784
test_mean_value
-0.00016149413
-0.00017546286
3.940066e-05
2.9627577e-06
-4.482155e-05
0.00053814304
0.00021060163
9.761873e-05
test_mean_abs_value
0.0843226
0.08305871
0.083658755
0.08381225
0.08514522
0.083647765
0.084249854
0.08397079
test_variance_value
0.01187268
0.011518454
0.011658909
0.011745366
0.012093246
0.011655699
0.01184229
0.011774062
test_mean_costs
0.0
0.0
0.0
0.0
0.0
0.0
0.0
0.0
test_mean_abs_costs
0.0
0.0
0.0
0.0
0.0
0.0
0.0
0.0
test_variance_costs
0.0
0.0
0.0
0.0
0.0
0.0
0.0
0.0
test_mean_wealth
-0.07986207
-0.079824135
-0.07974955
-0.079839095
-0.079749286
-0.07983387
-0.07977545
-0.07988434
test_mean_abs_wealth
0.07986207
0.079824135
0.07974955
0.079839095
0.079749286
0.07983387
0.07977545
0.07988434
test_variance_wealth
0.00047748722
0.00051085243
0.0004897434
0.00054418633
0.0004280331
0.00052541384
0.00045377
0.0004864694
test_wealth_with_price_abs_mean
0.018494846
0.019241713
0.018694753
0.01986137
0.017479017
0.01943878
0.018045533
0.018708752
test_wealth_with_price_variance
0.00047748722
0.00051085243
0.0004897434
0.00054418633
0.0004280331
0.00052541384
0.00045377
0.0004864694
price
0.079788454
0.079788454
0.079788454
0.079788454
0.079788454
0.079788454
0.079788454
0.079788454
train_time
0.4233425000001034
0.4266734999998789
0.4139479999998912
0.44634720000021844
0.44695439999986775
0.420578100000057
0.4218190000001414
0.45780310000009194


================================================================================
=== twin layers 2 units 5
train_risk
0.10189244
0.1021349
0.102540284
0.10186545
0.10227007
0.10093534
0.10183916
0.10139224
test_risk
0.10284173
0.10249197
0.10233287
0.10253313
0.10231373
0.102360055
0.10269297
0.102286324
test_mean_value
-0.00013756992
-0.0001921289
2.478016e-05
3.245996e-05
-5.39192e-05
0.0005818087
0.00022443819
0.00016304423
test_mean_abs_value
0.08716879
0.08820424
0.08925764
0.08944873
0.088283226
0.08818405
0.08818079
0.08813435
test_variance_value
0.012762219
0.012960938
0.0131956935
0.013363702
0.01299241
0.013011416
0.013021582
0.012973037
test_mean_costs
0.0
0.0
0.0
0.0
0.0
0.0
0.0
0.0
test_mean_abs_costs
0.0
0.0
0.0
0.0
0.0
0.0
0.0
0.0
test_variance_costs
0.0
0.0
0.0
0.0
0.0
0.0
0.0
0.0
test_mean_wealth
-0.07983815
-0.0798408
-0.07976417
-0.0798096
-0.07975839
-0.079790205
-0.07976162
-0.07981892
test_mean_abs_wealth
0.07983815
0.0798408
0.07976417
0.0798096
0.07975839
0.079790205
0.07976162
0.07981892
test_variance_wealth
0.00016513937
0.00016144961
0.00016855418
0.00016035249
0.00016485865
0.00015764576
0.00016765203
0.00016280347
test_wealth_with_price_abs_mean
0.009983445
0.009838309
0.010121173
0.009774139
0.009957015
0.009713877
0.010041512
0.009898674
test_wealth_with_price_variance
0.00016513937
0.00016144961
0.00016855418
0.00016035249
0.00016485865
0.00015764576
0.00016765203
0.00016280347
price
0.079788454
0.079788454
0.079788454
0.079788454
0.079788454
0.079788454
0.079788454
0.079788454
train_time
0.40821119999998245
0.4314718000000539
0.41874830000006114
0.4261541999999281
0.42455389999986437
0.44322339999962423
0.5435020999993867
0.43421330000001035


================================================================================
=== payoff layers 3 units 5
train_risk
0.10537598
0.10860906
0.10661748
0.10803606
0.10957969
0.106535695
0.10951491
0.109197594
test_risk
0.10681074
0.10862428
0.106338866
0.1087381
0.10831864
0.10774412
0.10909236
0.10851891
test_mean_value
-0.00013997206
-0.00018614074
4.644758e-05
3.3097836e-05
-3.6304074e-05
0.0005443186
0.00021498864
0.0001375585
test_mean_abs_value
0.08499879
0.083629265
0.08516156
0.08386806
0.084578566
0.0849485
0.084585875
0.08430245
test_variance_value
0.0122424
0.011938291
0.0122236665
0.012041139
0.012303152
0.01224119
0.012235121
0.012071465
test_mean_costs
0.0
0.0
0.0
0.0
0.0
0.0
0.0
0.0
test_mean_abs_costs
0.0
0.0
0.0
0.0
0.0
0.0
0.0
0.0
test_variance_costs
0.0
0.0
0.0
0.0
0.0
0.0
0.0
0.0
test_mean_wealth
-0.079840556
-0.07983481
-0.0797425
-0.079808965
-0.07974077
-0.079827696
-0.07977107
-0.07984441
test_mean_abs_wealth
0.079840556
0.07983481
0.0797425
0.079808965
0.07974077
0.079827696
0.07977107
0.07984441
test_variance_wealth
0.0002356141
0.00028785915
0.00023934124
0.00027912616
0.0002536604
0.00026628416
0.00026825952
0.00026624426
test_wealth_with_price_abs_mean
0.012222235
0.013722438
0.01229932
0.013405744
0.012655426
0.013104863
0.013038007
0.013050652
test_wealth_with_price_variance
0.0002356141
0.00028785915
0.00023934124
0.00027912616
0.0002536604
0.00026628416
0.00026825952
0.00026624426
price
0.079788454
0.079788454
0.079788454
0.079788454
0.079788454
0.079788454
0.079788454
0.079788454
train_time
0.4309529999999313
0.4218631999999616
0.41217790000018795
0.41858659999979864
0.41634549999980663
0.45087640000019746
0.4445765999998912
0.4413984000002529


================================================================================
=== twin layers 3 units 5
train_risk
0.10146966
0.09957705
0.100413784
0.10286337
0.10156541
0.1013533
0.100771174
0.09974202
test_risk
0.10237514
0.101701684
0.101161964
0.10220412
0.10133521
0.10260445
0.10235726
0.101413906
test_mean_value
-0.0001343611
-0.00018547085
-1.1030596e-06
4.6081346e-05
-8.1031714e-05
0.0005834939
0.00022574422
0.0001866027
test_mean_abs_value
0.08924748
0.09082149
0.09172097
0.09223569
0.090948015
0.0906667
0.09145704
0.09059167
test_variance_value
0.0129915895
0.013299308
0.013490335
0.013704296
0.01334142
0.01338861
0.013483624
0.013279484
test_mean_costs
0.0
0.0
0.0
0.0
0.0
0.0
0.0
0.0
test_mean_abs_costs
0.0
0.0
0.0
0.0
0.0
0.0
0.0
0.0
test_variance_costs
0.0
0.0
0.0
0.0
0.0
0.0
0.0
0.0
test_mean_wealth
-0.079834945
-0.07983415
-0.079790056
-0.07979598
-0.079785496
-0.07978852
-0.07976031
-0.07979536
test_mean_abs_wealth
0.079834945
0.07983415
0.079790056
0.07979598
0.079785496
0.07978852
0.07976031
0.07979536
test_variance_wealth
0.00011179445
9.91978e-05
0.00010618399
0.00010190087
9.8481745e-05
0.00010420924
9.864817e-05
0.000101020385
test_wealth_with_price_abs_mean
0.008131711
0.0075456304
0.007904171
0.007620047
0.0074996566
0.007754617
0.007503894
0.007656267
test_wealth_with_price_variance
0.00011179445
9.91978e-05
0.00010618399
0.00010190087
9.8481745e-05
0.00010420924
9.864817e-05
0.000101020385
price
0.079788454
0.079788454
0.079788454
0.079788454
0.079788454
0.079788454
0.079788454
0.079788454
train_time
0.42158740000002126
0.4185852000000523
0.413329700000304
0.4550877000001492
0.44317980000005264
0.4269630999997389
0.44145560000015394
0.41875249999975495


================================================================================
=== payoff layers 4 units 5
train_risk
0.10565164
0.10684686
0.10560705
0.10715186
0.10864334
0.10300985
0.11112446
0.10402431
test_risk
0.107293054
0.106507085
0.10623943
0.10731617
0.10902166
0.10432146
0.11051942
0.10517141
test_mean_value
-0.00014132907
-0.00016745916
2.4096145e-05
5.006633e-05
-4.3703185e-05
0.0005786078
0.00019747094
0.00016265169
test_mean_abs_value
0.08568568
0.08513276
0.085728206
0.08518429
0.084615104
0.087796554
0.08378285
0.08628675
test_variance_value
0.012447046
0.012194511
0.012314555
0.012226114
0.012355749
0.012903558
0.012036848
0.012467934
test_mean_costs
0.0
0.0
0.0
0.0
0.0
0.0
0.0
0.0
test_mean_abs_costs
0.0
0.0
0.0
0.0
0.0
0.0
0.0
0.0
test_variance_costs
0.0
0.0
0.0
0.0
0.0
0.0
0.0
0.0
test_mean_wealth
-0.07984191
-0.07981613
-0.07976485
-0.07979199
-0.07974817
-0.0797934
-0.07978859
-0.079819314
test_mean_abs_wealth
0.07984191
0.07981613
0.07976485
0.07979199
0.07974817
0.0797934
0.07978859
0.079819314
test_variance_wealth
0.00020753274
0.00020599764
0.0002005324
0.00020974602
0.00022215745
0.00016878224
0.00028736464
0.00018012285
test_wealth_with_price_abs_mean
0.011258898
0.011281781
0.011105898
0.011377593
0.011652687
0.01007071
0.013550353
0.010488965
test_wealth_with_price_variance
0.00020753274
0.00020599764
0.0002005324
0.00020974602
0.00022215745
0.00016878224
0.00028736464
0.00018012285
price
0.079788454
0.079788454
0.079788454
0.079788454
0.079788454
0.079788454
0.079788454
0.079788454
train_time
0.4217986999999539
0.41914919999999256
0.41077279999990424
0.4410254000003988
0.4421289000001707
0.41005700000005163
0.41784479999932955
0.4217766000001575


================================================================================
=== twin layers 4 units 5
train_risk
0.1026771
0.099943206
0.10003145
0.10347503
0.101834446
0.1013411
0.10138717
0.100511976
test_risk
0.10269087
0.1024764
0.10154495
0.10310676
0.10182011
0.103258215
0.10305993
0.10195989
test_mean_value
-0.00012758546
-0.00019165325
-1.8845576e-06
5.1613915e-05
-8.575606e-05
0.00058731675
0.00022286591
0.00019381072
test_mean_abs_value
0.0895251
0.09093859
0.092220314
0.09281601
0.09117531
0.09098254
0.09181843
0.09089525
test_variance_value
0.013021961
0.01329628
0.013551763
0.013793232
0.0133942105
0.0134346085
0.013533837
0.013326247
test_mean_costs
0.0
0.0
0.0
0.0
0.0
0.0
0.0
0.0
test_mean_abs_costs
0.0
0.0
0.0
0.0
0.0
0.0
0.0
0.0
test_variance_costs
0.0
0.0
0.0
0.0
0.0
0.0
0.0
0.0
test_mean_wealth
-0.079828165
-0.079840325
-0.07979083
-0.07979044
-0.07979023
-0.0797847
-0.07976319
-0.079788156
test_mean_abs_wealth
0.079828165
0.079840325
0.07979083
0.07979044
0.07979023
0.0797847
0.07976319
0.079788156
test_variance_wealth
0.00010575171
9.709982e-05
9.8414326e-05
9.7572614e-05
9.499089e-05
0.00010100273
9.555399e-05
9.811087e-05
test_wealth_with_price_abs_mean
0.007904246
0.0074414327
0.0075505455
0.0074203326
0.007340153
0.0076297084
0.007356528
0.0075213886
test_wealth_with_price_variance
0.00010575171
9.709982e-05
9.8414326e-05
9.7572614e-05
9.499089e-05
0.00010100273
9.555399e-05
9.811087e-05
price
0.079788454
0.079788454
0.079788454
0.079788454
0.079788454
0.079788454
0.079788454
0.079788454
train_time
0.4255725000000439
0.4294053000000986
0.4230776999997943
0.42877920000000813
0.4233697000004213
0.438709299999573
0.414303700000346
0.4262239999998201


================================================================================
=== payoff layers 5 units 5
train_risk
0.10687255
0.10361174
0.12231012
0.1065164
0.11365964
0.1056866
0.107486024
0.1038652
test_risk
0.10715284
0.1046718
0.12207872
0.10606307
0.11307999
0.106426746
0.1085857
0.10707372
test_mean_value
-0.0001380071
-0.00017078592
5.745931e-05
4.086241e-05
-3.064546e-05
0.0005957409
0.0002087976
0.0001746996
test_mean_abs_value
0.08748402
0.08761706
0.08041799
0.08632937
0.08181988
0.088594064
0.087038845
0.08731534
test_variance_value
0.012809317
0.012629804
0.010930981
0.012445515
0.011442054
0.013222491
0.012833193
0.012660922
test_mean_costs
0.0
0.0
0.0
0.0
0.0
0.0
0.0
0.0
test_mean_abs_costs
0.0
0.0
0.0
0.0
0.0
0.0
0.0
0.0
test_variance_costs
0.0
0.0
0.0
0.0
0.0
0.0
0.0
0.0
test_mean_wealth
-0.07983859
-0.07981946
-0.07973149
-0.079801194
-0.079735115
-0.07977627
-0.07977726
-0.07980727
test_mean_abs_wealth
0.07983859
0.07981946
0.07973149
0.079801194
0.079735115
0.07977627
0.07977726
0.07980727
test_variance_wealth
0.00017283257
0.00014970613
0.00042826252
0.00018681175
0.000297689
0.00016428027
0.00017695459
0.00017064373
test_wealth_with_price_abs_mean
0.010130086
0.009473347
0.016441217
0.010691801
0.0137607865
0.009828927
0.010310325
0.01013943
test_wealth_with_price_variance
0.00017283257
0.00014970613
0.00042826252
0.00018681175
0.000297689
0.00016428027
0.00017695459
0.00017064373
price
0.079788454
0.079788454
0.079788454
0.079788454
0.079788454
0.079788454
0.079788454
0.079788454
train_time
0.42671919999997954
0.43074380000007295
0.4215063999999984
0.46022679999987304
0.40835370000013427
0.4331053999994765
0.4419831000004706
0.4240032000006977


================================================================================
=== twin layers 5 units 5
train_risk
0.103060074
0.10013403
0.10103537
0.10402578
0.10190685
0.1017415
0.102105774
0.10096099
test_risk
0.10295179
0.10279593
0.10180114
0.10358191
0.102036774
0.10355391
0.103703134
0.1022601
test_mean_value
-0.00012763737
-0.00018935867
-3.5984494e-06
4.7503865e-05
-8.635331e-05
0.0005869833
0.00022248579
0.00019488203
test_mean_abs_value
0.08963017
0.09115106
0.09234689
0.0928036
0.09149054
0.091035895
0.09215597
0.09073676
test_variance_value
0.013042538
0.013338774
0.013576948
0.013795952
0.013465303
0.013436552
0.013603044
0.013287528
test_mean_costs
0.0
0.0
0.0
0.0
0.0
0.0
0.0
0.0
test_mean_abs_costs
0.0
0.0
0.0
0.0
0.0
0.0
0.0
0.0
test_variance_costs
0.0
0.0
0.0
0.0
0.0
0.0
0.0
0.0
test_mean_wealth
-0.07982822
-0.07983803
-0.079792544
-0.079794556
-0.07979082
-0.07978503
-0.07976357
-0.07978708
test_mean_abs_wealth
0.07982822
0.07983803
0.079792544
0.079794556
0.07979082
0.07978503
0.07976357
0.07978708
test_variance_wealth
0.00010497021
9.595523e-05
9.7521435e-05
9.8826e-05
9.467703e-05
0.00010036404
9.7509204e-05
9.9249846e-05
test_wealth_with_price_abs_mean
0.007854817
0.0073934332
0.0075099193
0.007476875
0.007317412
0.007595069
0.0074351146
0.007574906
test_wealth_with_price_variance
0.00010497021
9.595523e-05
9.7521435e-05
9.8826e-05
9.467703e-05
0.00010036404
9.7509204e-05
9.9249846e-05
price
0.079788454
0.079788454
0.079788454
0.079788454
0.079788454
0.079788454
0.079788454
0.079788454
train_time
0.4244149999999536
0.4110536000000593
0.4272510999999213
0.447097699999631
0.4177318000001833
17.4115340999997
0.4150773000001209
0.4994339000004402


