================================================================================
=== payoff layers 2 units 5
train_time
48.0075076
40.14785000000006
37.98329910000007
37.40739529999996
38.49279230000002
39.16637280000032
41.739042100000006
33.35295630000019


================================================================================
=== twin layers 2 units 5
train_time
54.3198203
46.50538770000003
44.95030420000012
45.42875479999998
45.504299000000174
45.85668980000037
47.16555000000017
46.765096999999514


================================================================================
=== payoff layers 3 units 5
train_time
58.40883530000001
56.35208079999995
49.8399809
56.93770050000012
57.17619370000011
58.05333470000005
50.50838210000029
53.13590409999961


================================================================================
=== twin layers 3 units 5
train_time
62.78665999999998
66.25537240000006
68.2311357000001
58.355948300000136
60.9584261
71.31188229999998
71.03828990000011
69.53765000000021


================================================================================
=== payoff layers 4 units 5
train_time
68.16043300000001
64.93060639999999
68.78176180000014
79.31690500000013
75.26738710000018
74.11464250000017
64.38957699999992
78.77139200000056


================================================================================
=== twin layers 4 units 5
train_time
93.2521716
77.87583310000002
90.73069579999992
75.34298569999987
88.41468579999992
83.72071909999977
108.93251729999974
78.37894400000005


================================================================================
=== payoff layers 5 units 5
train_time
77.71677460000001
33.177294000000074
33.459770100000014
78.5919302000002
88.91483010000002
82.37376099999983
86.83773259999998
85.61078960000032


================================================================================
=== twin layers 5 units 5
train_time
114.01776859999995
111.60306070000001
110.08035689999997
105.63302180000028
110.24691419999999
114.25696309999967
119.50521260000005
109.33314280000013


================================================================================
=== continuous-time
train_risk
0.10156933
0.099144
0.10331851
0.10173805
0.10249053
0.10264046
0.10161941
0.101317614
test_risk
0.102051966
0.10180141
0.10189233
0.101843156
0.1019787
0.10199778
0.10188496
0.1018374
test_mean_value
0.00012620438
-3.371058e-05
0.00018042958
-0.00019626199
-4.0228897e-05
-5.304714e-06
6.40513e-05
-0.000117891024
test_mean_abs_value
0.09187666
0.09175228
0.09191695
0.09160297
0.091748364
0.09177683
0.09172829
0.091789946
test_variance_value
0.013555644
0.013543345
0.013590487
0.01347625
0.0135472175
0.013520223
0.0135176545
0.013525944
test_mean_costs
0.0
0.0
0.0
0.0
0.0
0.0
0.0
0.0
test_mean_abs_costs
0.0
0.0
0.0
0.0
0.0
0.0
0.0
0.0
test_variance_costs
0.0
0.0
0.0
0.0
0.0
0.0
0.0
0.0
test_mean_wealth
-0.07981569
-0.07979586
-0.07981024
-0.07980285
-0.07978455
-0.07983079
-0.07978583
-0.07978285
test_mean_abs_wealth
0.07981569
0.07979586
0.07981024
0.07980285
0.07978455
0.07983079
0.07978583
0.07978285
test_variance_wealth
9.18092e-05
9.090902e-05
9.140669e-05
9.135199e-05
9.1290625e-05
9.100344e-05
9.121864e-05
9.093527e-05
test_wealth_with_price_abs_mean
0.007180693
0.007157389
0.007174618
0.007177971
0.007160372
0.007148145
0.007168939
0.0071542975
test_wealth_with_price_variance
9.18092e-05
9.090902e-05
9.140669e-05
9.135199e-05
9.1290625e-05
9.100344e-05
9.121864e-05
9.093527e-05
price
0.079788454
0.079788454
0.079788454
0.079788454
0.079788454
0.079788454
0.079788454
0.079788454
train_time
0.49969320000002426
0.45046190000016395
0.4936963000000105
0.5283644999999524
0.5336649999999281
0.5013358000001062
0.5052488000001176
0.49327850000008766


================================================================================
=== payoff layers 2 units 5
train_risk
0.11668015
0.11546217
0.11513544
0.11629921
0.11607062
0.119716056
0.11693043
0.11661382
test_risk
0.11559845
0.11577754
0.11637682
0.11649505
0.11640485
0.11910944
0.1163255
0.11753391
test_mean_value
0.00017957726
-4.445292e-05
0.0001446822
-0.00018862217
-4.458178e-05
-1.4940545e-05
6.8673464e-05
-0.0001236168
test_mean_abs_value
0.084482275
0.08323518
0.0843489
0.08432759
0.0829774
0.081913434
0.08339717
0.08401397
test_variance_value
0.011857197
0.011575875
0.011835141
0.0117968
0.011510813
0.011199609
0.011551328
0.011692982
test_mean_costs
0.0
0.0
0.0
0.0
0.0
0.0
0.0
0.0
test_mean_abs_costs
0.0
0.0
0.0
0.0
0.0
0.0
0.0
0.0
test_variance_costs
0.0
0.0
0.0
0.0
0.0
0.0
0.0
0.0
test_mean_wealth
-0.07976232
-0.0798066
-0.07984599
-0.07979521
-0.07978891
-0.07984042
-0.07978121
-0.07978857
test_mean_abs_wealth
0.07976232
0.0798066
0.07984599
0.07979521
0.07978891
0.07984042
0.07978121
0.07978857
test_variance_wealth
0.0005434135
0.00053089694
0.0005684068
0.0005752658
0.00055819086
0.0005965759
0.00055016676
0.0006053921
test_wealth_with_price_abs_mean
0.019889474
0.019612871
0.020395704
0.020515718
0.020159088
0.020819683
0.019987639
0.021095654
test_wealth_with_price_variance
0.0005434135
0.00053089694
0.0005684068
0.0005752658
0.00055819086
0.0005965759
0.00055016676
0.0006053921
price
0.079788454
0.079788454
0.079788454
0.079788454
0.079788454
0.079788454
0.079788454
0.079788454
train_time
0.41561420000005
0.428666400000111
0.4153046000001268
0.44585940000024493
0.47733629999993354
0.4139804000001277
0.4506369000000632
0.4444653999998991


================================================================================
=== twin layers 2 units 5
train_risk
0.10400008
0.10340738
0.10189657
0.10211832
0.10254406
0.102097414
0.10337131
0.10327328
test_risk
0.103695326
0.10327272
0.103754
0.102544546
0.10325561
0.10298663
0.10370895
0.103523605
test_mean_value
0.00014602918
-3.369028e-05
0.00015635895
-0.00018664051
-3.4661847e-05
-1.06154075e-05
5.1872536e-05
-0.00011506603
test_mean_abs_value
0.0867501
0.0873491
0.08852572
0.08823692
0.08733066
0.088131
0.08633186
0.09023842
test_variance_value
0.012726679
0.012873528
0.013155677
0.012995714
0.0128579745
0.0129514085
0.012602289
0.013544075
test_mean_costs
0.0
0.0
0.0
0.0
0.0
0.0
0.0
0.0
test_mean_abs_costs
0.0
0.0
0.0
0.0
0.0
0.0
0.0
0.0
test_variance_costs
0.0
0.0
0.0
0.0
0.0
0.0
0.0
0.0
test_mean_wealth
-0.07979587
-0.07979584
-0.07983431
-0.07979323
-0.079778984
-0.07983609
-0.07979801
-0.07978003
test_mean_abs_wealth
0.07979587
0.07979584
0.07983431
0.07979323
0.079778984
0.07983609
0.07979801
0.07978003
test_variance_wealth
0.00018835085
0.00019011016
0.00020190759
0.00017076686
0.00019417223
0.00019302056
0.00019733566
0.00017730371
test_wealth_with_price_abs_mean
0.010745202
0.010812631
0.011193782
0.010171967
0.010940593
0.010949724
0.011063631
0.010392259
test_wealth_with_price_variance
0.00018835085
0.00019011016
0.00020190759
0.00017076686
0.00019417223
0.00019302056
0.00019733566
0.00017730371
price
0.079788454
0.079788454
0.079788454
0.079788454
0.079788454
0.079788454
0.079788454
0.079788454
train_time
0.4277049000000943
0.42388230000005933
0.4679453999999623
0.4491969999999128
0.4432756999999583
0.4218758000001799
0.44614739999997255
0.4188168000000587


================================================================================
=== payoff layers 3 units 5
train_risk
0.10983032
0.10805765
0.10726399
0.108067
0.11104033
0.110270135
0.10798639
0.10664114
test_risk
0.10998973
0.10968534
0.1071749
0.10885035
0.111060016
0.110429056
0.10884933
0.107860655
test_mean_value
0.00013998536
-3.8435133e-05
0.00016942616
-0.00019233197
-3.8823546e-05
-2.3974124e-05
3.513874e-05
-0.00012428814
test_mean_abs_value
0.084295854
0.08362149
0.08543116
0.08450768
0.08260288
0.08296569
0.08419381
0.085038565
test_variance_value
0.012178394
0.012061468
0.012369405
0.012223008
0.011746939
0.011724433
0.012122937
0.01226778
test_mean_costs
0.0
0.0
0.0
0.0
0.0
0.0
0.0
0.0
test_mean_abs_costs
0.0
0.0
0.0
0.0
0.0
0.0
0.0
0.0
test_variance_costs
0.0
0.0
0.0
0.0
0.0
0.0
0.0
0.0
test_mean_wealth
-0.07980191
-0.07980058
-0.079821244
-0.079798914
-0.07978315
-0.07984945
-0.07981475
-0.07978924
test_mean_abs_wealth
0.07980191
0.07980058
0.079821244
0.079798914
0.07978315
0.07984945
0.07981475
0.07978924
test_variance_wealth
0.00029795038
0.00027798847
0.00026747843
0.00030808075
0.00031376275
0.000332357
0.00028029602
0.00028117516
test_wealth_with_price_abs_mean
0.013923789
0.0133081805
0.0132004935
0.014254647
0.014340699
0.01490376
0.013486351
0.013565954
test_wealth_with_price_variance
0.00029795038
0.00027798847
0.00026747843
0.00030808075
0.00031376275
0.000332357
0.00028029602
0.00028117516
price
0.079788454
0.079788454
0.079788454
0.079788454
0.079788454
0.079788454
0.079788454
0.079788454
train_time
0.41590640000003987
0.4292703999999503
0.42680139999993116
0.4672120000000177
0.44862119999970673
0.4404410000001917
0.4800046000000293
0.4536704000001919


================================================================================
=== twin layers 3 units 5
train_risk
0.1025426
0.09930875
0.10184038
0.10127117
0.10254044
0.10120474
0.100926094
0.10249011
test_risk
0.10265033
0.10162168
0.101676404
0.10195733
0.10192249
0.100781545
0.10178354
0.10264184
test_mean_value
0.00012006645
-4.1466257e-05
0.00018224263
-0.00019344686
-3.573249e-05
-5.7105517e-06
5.688955e-05
-0.00012144346
test_mean_abs_value
0.089293845
0.090152495
0.091443375
0.090816826
0.089795955
0.09080971
0.08930664
0.09375134
test_variance_value
0.013002632
0.013246982
0.013586989
0.013390155
0.013228139
0.013341094
0.013031961
0.01406351
test_mean_costs
0.0
0.0
0.0
0.0
0.0
0.0
0.0
0.0
test_mean_abs_costs
0.0
0.0
0.0
0.0
0.0
0.0
0.0
0.0
test_variance_costs
0.0
0.0
0.0
0.0
0.0
0.0
0.0
0.0
test_mean_wealth
-0.079821825
-0.079803616
-0.07980843
-0.07980003
-0.07978006
-0.07983119
-0.079793
-0.079786405
test_mean_abs_wealth
0.079821825
0.079803616
0.07980843
0.07980003
0.07978006
0.07983119
0.079793
0.079786405
test_variance_wealth
0.0001153229
0.000108706445
0.00010284235
0.00010321576
0.00011407299
0.00010394351
0.000108009204
0.00010288539
test_wealth_with_price_abs_mean
0.008291807
0.007939857
0.007666822
0.0077100866
0.0081020845
0.00776026
0.007963491
0.0077915294
test_wealth_with_price_variance
0.0001153229
0.000108706445
0.00010284235
0.00010321576
0.00011407299
0.00010394351
0.000108009204
0.00010288539
price
0.079788454
0.079788454
0.079788454
0.079788454
0.079788454
0.079788454
0.079788454
0.079788454
train_time
0.41605970000000525
0.41692190000003393
0.4227421000000504
0.4276079999999638
0.4576311999999234
0.428900099999737
0.4765342000000601
0.4975919000007707


================================================================================
=== payoff layers 4 units 5
train_risk
0.1089058
0.11255529
0.106873296
0.10552268
0.11100302
0.10665964
0.10730974
0.10772686
test_risk
0.10839858
0.111601174
0.10788858
0.106615834
0.112401724
0.10791663
0.108104974
0.10894363
test_mean_value
0.00013958063
-5.4865282e-05
0.00017206141
-0.00019010014
-3.1958913e-05
-1.9971472e-05
3.197182e-05
-0.00011391457
test_mean_abs_value
0.085136704
0.08329429
0.08541376
0.085717045
0.081829265
0.08447639
0.08469179
0.08461838
test_variance_value
0.0123116365
0.012068222
0.012492638
0.012535956
0.011728258
0.011994003
0.012218039
0.012289706
test_mean_costs
0.0
0.0
0.0
0.0
0.0
0.0
0.0
0.0
test_mean_abs_costs
0.0
0.0
0.0
0.0
0.0
0.0
0.0
0.0
test_variance_costs
0.0
0.0
0.0
0.0
0.0
0.0
0.0
0.0
test_mean_wealth
-0.07980231
-0.07981701
-0.07981861
-0.07979669
-0.07977628
-0.07984545
-0.07981791
-0.07977887
test_mean_abs_wealth
0.07980231
0.07981701
0.07981861
0.07979669
0.07977628
0.07984545
0.07981791
0.07977887
test_variance_wealth
0.00023172633
0.00026135996
0.0002395405
0.00020167862
0.00031331554
0.00023633448
0.00021693952
0.00025490756
test_wealth_with_price_abs_mean
0.012006719
0.012760311
0.01221145
0.011039814
0.014134593
0.012181037
0.011562055
0.0126164965
test_wealth_with_price_variance
0.00023172633
0.00026135996
0.0002395405
0.00020167862
0.00031331554
0.00023633448
0.00021693952
0.00025490756
price
0.079788454
0.079788454
0.079788454
0.079788454
0.079788454
0.079788454
0.079788454
0.079788454
train_time
0.41151609999997163
0.4252513999999792
0.41549370000007
0.41621219999979076
0.4876509000000624
0.46599960000003193
0.437511899999663
0.41596539999954985


================================================================================
=== twin layers 4 units 5
train_risk
0.10292274
0.10031395
0.10305162
0.10271532
0.10209596
0.101709
0.101823
0.1030418
test_risk
0.10283421
0.102801144
0.102279626
0.10312366
0.1017925
0.101388805
0.10250545
0.10337211
test_mean_value
0.00012142161
-3.5947352e-05
0.0001807824
-0.0002011672
-4.0894185e-05
-6.42605e-06
6.60612e-05
-0.000117955635
test_mean_abs_value
0.08979539
0.090530805
0.0920011
0.09136093
0.09047822
0.09151197
0.089896165
0.094010435
test_variance_value
0.013078635
0.013301768
0.013665772
0.013456288
0.013298442
0.013462829
0.013094008
0.014115532
test_mean_costs
0.0
0.0
0.0
0.0
0.0
0.0
0.0
0.0
test_mean_abs_costs
0.0
0.0
0.0
0.0
0.0
0.0
0.0
0.0
test_variance_costs
0.0
0.0
0.0
0.0
0.0
0.0
0.0
0.0
test_mean_wealth
-0.07982047
-0.079798095
-0.07980989
-0.07980775
-0.07978522
-0.079831906
-0.07978383
-0.07978292
test_mean_abs_wealth
0.07982047
0.079798095
0.07980989
0.07980775
0.07978522
0.079831906
0.07978383
0.07978292
test_variance_wealth
0.00010638214
0.00010213426
9.639016e-05
9.787567e-05
9.986816e-05
9.938522e-05
0.0001012289
0.000102570455
test_wealth_with_price_abs_mean
0.00792583
0.00768078
0.007392446
0.0074543385
0.0075479466
0.0075729564
0.0076678884
0.007763321
test_wealth_with_price_variance
0.00010638214
0.00010213426
9.639016e-05
9.787567e-05
9.986816e-05
9.938522e-05
0.0001012289
0.000102570455
price
0.079788454
0.079788454
0.079788454
0.079788454
0.079788454
0.079788454
0.079788454
0.079788454
train_time
0.41550869999991846
0.4187181999998302
0.4159379000000172
0.41371120000030714
0.4239977000002
0.4270094999997127
0.4974072000004526
0.47420209999927465


================================================================================
=== payoff layers 5 units 5
train_risk
0.11005053
0.118833534
0.12863532
0.10602838
0.109259024
0.10627536
0.10873757
0.108108744
test_risk
0.10830771
0.118431136
0.12956266
0.107299596
0.10934408
0.107114285
0.11005394
0.10867379
test_mean_value
0.00013346478
-5.1314564e-05
0.00016258683
-0.00021503863
-5.0946444e-05
-2.6463951e-05
2.4068488e-05
-0.00010450739
test_mean_abs_value
0.08632234
0.082201675
0.07417296
0.08652078
0.08416366
0.085579455
0.084921695
0.085223265
test_variance_value
0.012639095
0.012073064
0.009793489
0.012728711
0.012097051
0.012189332
0.012235238
0.012378016
test_mean_costs
0.0
0.0
0.0
0.0
0.0
0.0
0.0
0.0
test_mean_abs_costs
0.0
0.0
0.0
0.0
0.0
0.0
0.0
0.0
test_variance_costs
0.0
0.0
0.0
0.0
0.0
0.0
0.0
0.0
test_mean_wealth
-0.07980843
-0.079813465
-0.07982808
-0.079821624
-0.07979527
-0.07985195
-0.07982582
-0.07976947
test_mean_abs_wealth
0.07980843
0.079813465
0.07982808
0.079821624
0.07979527
0.07985195
0.07982582
0.07976947
test_variance_wealth
0.00019669962
0.00034726635
0.00061402546
0.00017997237
0.0002216072
0.00019737755
0.00021640742
0.00022442479
test_wealth_with_price_abs_mean
0.010892592
0.014784059
0.020748056
0.010318557
0.011761331
0.011062027
0.011654554
0.011699953
test_wealth_with_price_variance
0.00019669962
0.00034726635
0.00061402546
0.00017997237
0.0002216072
0.00019737755
0.00021640742
0.00022442479
price
0.079788454
0.079788454
0.079788454
0.079788454
0.079788454
0.079788454
0.079788454
0.079788454
train_time
0.4100866999999653
0.4167649999999412
0.42279439999992974
0.43705739999995785
0.41863439999997354
0.41709920000039347
0.48967759999959526
0.4627387999998973


================================================================================
=== twin layers 5 units 5
train_risk
0.103091545
0.10089313
0.103268184
0.1034289
0.102751985
0.10187579
0.10235181
0.10301035
test_risk
0.10312287
0.10320347
0.102571905
0.103587165
0.102336325
0.10161925
0.102921985
0.103804566
test_mean_value
0.00011966346
-3.630203e-05
0.0001845395
-0.00020805604
-4.257661e-05
-9.687357e-06
6.1900944e-05
-0.0001212817
test_mean_abs_value
0.089780696
0.0906926
0.091985226
0.091358736
0.09053538
0.09143907
0.08998497
0.09403062
test_variance_value
0.013067118
0.013318901
0.013658678
0.01346665
0.013278915
0.013441858
0.013119724
0.0140938675
test_mean_costs
0.0
0.0
0.0
0.0
0.0
0.0
0.0
0.0
test_mean_abs_costs
0.0
0.0
0.0
0.0
0.0
0.0
0.0
0.0
test_variance_costs
0.0
0.0
0.0
0.0
0.0
0.0
0.0
0.0
test_mean_wealth
-0.07982223
-0.07979845
-0.079806134
-0.07981464
-0.0797869
-0.07983517
-0.079787984
-0.07978624
test_mean_abs_wealth
0.07982223
0.07979845
0.079806134
0.07981464
0.0797869
0.07983517
0.079787984
0.07978624
test_variance_wealth
0.00010554313
0.00010226959
9.697822e-05
9.795806e-05
9.930468e-05
9.611183e-05
0.00010131823
0.00010175295
test_wealth_with_price_abs_mean
0.007904481
0.0076807337
0.007415518
0.0074536614
0.0075370334
0.0074093146
0.0076582055
0.0077106855
test_wealth_with_price_variance
0.00010554313
0.00010226959
9.697822e-05
9.795806e-05
9.930468e-05
9.611183e-05
0.00010131823
0.00010175295
price
0.079788454
0.079788454
0.079788454
0.079788454
0.079788454
0.079788454
0.079788454
0.079788454
train_time
0.41936999999995805
0.4086550999998053
0.41743419999988873
0.41180590000021766
0.40947979999964446
0.4218249000000469
0.44701850000001286
0.41612650000024587


