================================================================================
=== payoff layers 2 units 5
train_time
56.7418428
55.6623108
62.1829302000001
45.604294099999606
47.14572590000034
59.2880310999999
61.725061000000096
60.84069460000046


================================================================================
=== twin layers 2 units 5
train_time
67.4858534
67.08049040000003
69.4860291
72.72740889999977
68.90123420000009
68.24636379999993
73.62680199999977
69.72732129999986


================================================================================
=== payoff layers 3 units 5
train_time
82.43123299999999
84.7595258
83.06263960000001
77.05491389999997
74.07740130000002
88.43075439999939
68.3011947999994
68.85985749999963


================================================================================
=== twin layers 3 units 5
train_time
106.32469630000003
90.8140664
102.65408419999994
89.18345760000011
104.83829300000025
92.61754649999966
94.06280100000004
104.0600375999993


================================================================================
=== payoff layers 4 units 5
train_time
102.25345729999998
92.78213970000002
98.10786569999982
113.42742499999986
99.16535360000034
114.30820760000006
95.20145169999978
131.58200189999934


================================================================================
=== twin layers 4 units 5
train_time
131.41176589999998
109.85147289999986
132.3485697000001
133.44697929999984
140.19847630000004
120.02899460000026
136.34512230000018
131.30347210000036


================================================================================
=== payoff layers 5 units 5
train_time
110.68714149999994
126.00154369999996
113.6971125
101.6920399999999
129.65372530000013
44.84354280000025
142.40512579999995
122.94023060000018


================================================================================
=== twin layers 5 units 5
train_time
147.89063579999993
140.9128065
159.0850863999999
156.6387391999997
155.24557509999977
58.78865589999987
177.5978796999998
170.35053079999943


================================================================================
=== continuous-time
train_risk
0.10093707
0.1037387
0.10088568
0.1017295
0.101884805
0.1021663
0.103254884
0.10166271
test_risk
0.101808704
0.1020503
0.10180324
0.10193749
0.10195546
0.101869166
0.1019865
0.101948
test_mean_value
1.8578858e-05
9.5247815e-05
-0.00011630825
-3.9415958e-05
0.00021551509
0.00029342005
-0.000571308
0.00033160314
test_mean_abs_value
0.09175113
0.09191618
0.09168276
0.09187774
0.09197158
0.09196471
0.091483735
0.09203794
test_variance_value
0.013536433
0.013587089
0.013524063
0.013561857
0.013626447
0.013643372
0.013394836
0.013640564
test_mean_costs
0.0
0.0
0.0
0.0
0.0
0.0
0.0
0.0
test_mean_abs_costs
0.0
0.0
0.0
0.0
0.0
0.0
0.0
0.0
test_variance_costs
0.0
0.0
0.0
0.0
0.0
0.0
0.0
0.0
test_mean_wealth
-0.07980038
-0.0798401
-0.079793155
-0.07982313
-0.079802305
-0.07978435
-0.07980316
-0.079838715
test_mean_abs_wealth
0.07980038
0.0798401
0.079793155
0.07982313
0.079802305
0.07978435
0.07980316
0.079838715
test_variance_wealth
9.110498e-05
9.164589e-05
9.1116264e-05
9.1242306e-05
9.123815e-05
9.081232e-05
9.125665e-05
9.0989655e-05
test_wealth_with_price_abs_mean
0.0071672793
0.007178666
0.0071655465
0.007164839
0.0071626334
0.007147138
0.007161935
0.007148258
test_wealth_with_price_variance
9.110498e-05
9.164589e-05
9.1116264e-05
9.1242306e-05
9.123815e-05
9.081232e-05
9.125665e-05
9.0989655e-05
price
0.079788454
0.079788454
0.079788454
0.079788454
0.079788454
0.079788454
0.079788454
0.079788454
train_time
0.49643090000006396
0.4468117000001257
0.505332300000191
0.49710200000026816
0.4876686999996309
0.5072860000000219
0.5219895999998698
0.4762888999994175


================================================================================
=== payoff layers 2 units 5
train_risk
0.11095897
0.11098707
0.110689595
0.11133102
0.111349486
0.11206096
0.11026589
0.10894603
test_risk
0.11082757
0.111324504
0.11116077
0.111294575
0.11245002
0.11109025
0.11139702
0.11034604
test_mean_value
-1.5401574e-05
5.9384714e-05
-0.00013362379
-8.994549e-05
0.00017445606
0.0002625402
-0.0005592781
0.00029498085
test_mean_abs_value
0.08446086
0.084919915
0.08493574
0.086020954
0.08317419
0.0839209
0.08569306
0.08506923
test_variance_value
0.011978235
0.012025624
0.01204014
0.01227252
0.011679601
0.011890136
0.012180473
0.012115536
test_mean_costs
0.0
0.0
0.0
0.0
0.0
0.0
0.0
0.0
test_mean_abs_costs
0.0
0.0
0.0
0.0
0.0
0.0
0.0
0.0
test_variance_costs
0.0
0.0
0.0
0.0
0.0
0.0
0.0
0.0
test_mean_wealth
-0.079834364
-0.07987597
-0.07981047
-0.07987366
-0.079843365
-0.07981523
-0.07979113
-0.079875335
test_mean_abs_wealth
0.079834364
0.07987597
0.07981047
0.07987366
0.079843365
0.07981523
0.07979113
0.079875335
test_variance_wealth
0.00040738907
0.00041239156
0.0004136396
0.0004137453
0.00042711935
0.00041152997
0.0004169817
0.00040717388
test_wealth_with_price_abs_mean
0.016952971
0.017066777
0.0170957
0.017092606
0.017367145
0.017062446
0.017196352
0.017007386
test_wealth_with_price_variance
0.00040738907
0.00041239156
0.0004136396
0.0004137453
0.00042711935
0.00041152997
0.0004169817
0.00040717388
price
0.079788454
0.079788454
0.079788454
0.079788454
0.079788454
0.079788454
0.079788454
0.079788454
train_time
0.4190767999999707
0.4197810999999092
0.41629980000016076
0.41978510000035385
0.4918402999992395
0.4280658999996376
0.48090010000032635
0.4445101999999679


================================================================================
=== twin layers 2 units 5
train_risk
0.10226407
0.10374367
0.10202457
0.101524614
0.10087098
0.10136747
0.103699364
0.10109231
test_risk
0.10221595
0.10185216
0.10280673
0.10150236
0.1016598
0.10138646
0.10261612
0.10180642
test_mean_value
2.1190135e-06
9.111226e-05
-0.00012743611
-5.475313e-05
0.00017570496
0.00027711457
-0.000571255
0.00031210313
test_mean_abs_value
0.088273905
0.09015303
0.087426625
0.08991818
0.08864498
0.08842605
0.0876572
0.08826618
test_variance_value
0.013065796
0.013430114
0.012846418
0.013363361
0.01308209
0.01303694
0.012817825
0.013010258
test_mean_costs
0.0
0.0
0.0
0.0
0.0
0.0
0.0
0.0
test_mean_abs_costs
0.0
0.0
0.0
0.0
0.0
0.0
0.0
0.0
test_variance_costs
0.0
0.0
0.0
0.0
0.0
0.0
0.0
0.0
test_mean_wealth
-0.07981684
-0.07984424
-0.07980428
-0.07983846
-0.07984211
-0.07980066
-0.07980311
-0.07985821
test_mean_abs_wealth
0.07981684
0.07984424
0.07980428
0.07983846
0.07984211
0.07980066
0.07980311
0.07985821
test_variance_wealth
0.00015411453
0.00014324803
0.00016460945
0.00014066523
0.00014594555
0.0001486224
0.00015259962
0.000143016
test_wealth_with_price_abs_mean
0.0095634535
0.009199112
0.009945024
0.009100529
0.009318425
0.009458223
0.009537678
0.0092189815
test_wealth_with_price_variance
0.00015411453
0.00014324803
0.00016460945
0.00014066523
0.00014594555
0.0001486224
0.00015259962
0.000143016
price
0.079788454
0.079788454
0.079788454
0.079788454
0.079788454
0.079788454
0.079788454
0.079788454
train_time
0.41855820000000676
0.4204128999999739
0.42549890000009327
0.4148696000002019
0.41839230000005045
0.4180863000001409
0.47095850000005157
0.4282874999998967


================================================================================
=== payoff layers 3 units 5
train_risk
0.10885054
0.10858935
0.10433969
0.103797786
0.1068692
0.107527055
0.10667575
0.10526452
test_risk
0.107689716
0.106900856
0.10478042
0.10419075
0.10859133
0.10790382
0.10622939
0.10615784
test_mean_value
-1.0061687e-05
6.694009e-05
-0.0001249759
-4.531059e-05
0.00017783912
0.0002762702
-0.00058082555
0.00030587718
test_mean_abs_value
0.08437044
0.08569352
0.08681367
0.08826864
0.08414183
0.08512512
0.086978026
0.085719444
test_variance_value
0.012224737
0.0125164585
0.012676129
0.013070069
0.012081618
0.012325849
0.012760204
0.012570774
test_mean_costs
0.0
0.0
0.0
0.0
0.0
0.0
0.0
0.0
test_mean_abs_costs
0.0
0.0
0.0
0.0
0.0
0.0
0.0
0.0
test_variance_costs
0.0
0.0
0.0
0.0
0.0
0.0
0.0
0.0
test_mean_wealth
-0.07982902
-0.07986841
-0.07980182
-0.07982902
-0.07983998
-0.0798015
-0.07981268
-0.07986444
test_mean_abs_wealth
0.07982902
0.07986841
0.07980182
0.07982902
0.07983998
0.0798015
0.07981268
0.07986444
test_variance_wealth
0.00026645706
0.00025300987
0.0002013023
0.00017483995
0.00025413526
0.0002332118
0.00021892662
0.00021261508
test_wealth_with_price_abs_mean
0.0130840605
0.012698518
0.011158107
0.010245938
0.012695009
0.012152802
0.011628495
0.011442611
test_wealth_with_price_variance
0.00026645706
0.00025300987
0.0002013023
0.00017483995
0.00025413526
0.0002332118
0.00021892662
0.00021261508
price
0.079788454
0.079788454
0.079788454
0.079788454
0.079788454
0.079788454
0.079788454
0.079788454
train_time
0.41742439999995895
0.42540680000001885
0.42490019999968354
0.4259916000000885
0.45704339999974763
0.44202020000011544
0.468084799999815
0.4299707000000126


================================================================================
=== twin layers 3 units 5
train_risk
0.10073515
0.10490667
0.10130537
0.10156345
0.10086607
0.100798555
0.10472922
0.101475455
test_risk
0.10217301
0.103313565
0.10208791
0.10151144
0.10131257
0.10095738
0.10321845
0.10206324
test_mean_value
1.656279e-05
8.8731394e-05
-0.000117161464
-4.2966258e-05
0.0002030873
0.00028222066
-0.0005592456
0.00032505294
test_mean_abs_value
0.090649195
0.09277624
0.08991514
0.092114314
0.0908568
0.089738056
0.09019353
0.09010227
test_variance_value
0.013369542
0.013796873
0.013150678
0.013652643
0.013368219
0.013157504
0.013122125
0.013237473
test_mean_costs
0.0
0.0
0.0
0.0
0.0
0.0
0.0
0.0
test_mean_abs_costs
0.0
0.0
0.0
0.0
0.0
0.0
0.0
0.0
test_variance_costs
0.0
0.0
0.0
0.0
0.0
0.0
0.0
0.0
test_mean_wealth
-0.0798024
-0.07984662
-0.079794005
-0.079826675
-0.07981473
-0.079795554
-0.0797911
-0.079845265
test_mean_abs_wealth
0.0798024
0.07984662
0.079794005
0.079826675
0.07981473
0.079795554
0.0797911
0.079845265
test_variance_wealth
9.894745e-05
9.9190045e-05
0.00010309815
9.618401e-05
9.9420766e-05
0.00011054791
0.000103747356
0.00010108693
test_wealth_with_price_abs_mean
0.0075068916
0.007485809
0.0077596875
0.007391421
0.0075605013
0.008066805
0.0077717877
0.007670367
test_wealth_with_price_variance
9.894745e-05
9.9190045e-05
0.00010309815
9.618401e-05
9.9420766e-05
0.00011054791
0.000103747356
0.00010108693
price
0.079788454
0.079788454
0.079788454
0.079788454
0.079788454
0.079788454
0.079788454
0.079788454
train_time
0.4243994000000839
0.42401559999984784
0.42228579999982685
0.42456929999980275
0.45229769999968994
0.44205800000054296
0.4588891999992484
0.419902199999342


================================================================================
=== payoff layers 4 units 5
train_risk
0.104273245
0.10546752
0.10597868
0.10566903
0.10601336
0.10557137
0.107465796
0.10601744
test_risk
0.10591318
0.10500882
0.106469
0.105711564
0.107501194
0.1057349
0.10534458
0.10634319
test_mean_value
-3.4966388e-06
7.618305e-05
-0.00012551837
-5.3574022e-05
0.00018241501
0.00028063136
-0.0005725241
0.00030612643
test_mean_abs_value
0.086257786
0.08841185
0.08769788
0.08952092
0.08561066
0.08708564
0.08870675
0.087078646
test_variance_value
0.012595739
0.013128144
0.013026209
0.013392072
0.012410541
0.012811988
0.013142129
0.012840355
test_mean_costs
0.0
0.0
0.0
0.0
0.0
0.0
0.0
0.0
test_mean_abs_costs
0.0
0.0
0.0
0.0
0.0
0.0
0.0
0.0
test_variance_costs
0.0
0.0
0.0
0.0
0.0
0.0
0.0
0.0
test_mean_wealth
-0.07982246
-0.07985917
-0.079802364
-0.079837285
-0.07983541
-0.07979714
-0.079804376
-0.07986419
test_mean_abs_wealth
0.07982246
0.07985917
0.079802364
0.079837285
0.07983541
0.07979714
0.079804376
0.07986419
test_variance_wealth
0.0001820342
0.00015295894
0.00017606874
0.00015026618
0.0001989867
0.00016280249
0.00015435538
0.00016725464
test_wealth_with_price_abs_mean
0.0104712015
0.009443207
0.010167733
0.00934294
0.011037019
0.009846691
0.009542713
0.0099923005
test_wealth_with_price_variance
0.0001820342
0.00015295894
0.00017606874
0.00015026618
0.0001989867
0.00016280249
0.00015435538
0.00016725464
price
0.079788454
0.079788454
0.079788454
0.079788454
0.079788454
0.079788454
0.079788454
0.079788454
train_time
0.4234652999999753
0.4187590999999884
0.4196941999998671
0.41950450000013007
0.4410146000000168
0.4141033999994761
0.41567920000034064
0.43457179999950313


================================================================================
=== twin layers 4 units 5
train_risk
0.10152219
0.10571292
0.101603575
0.1015646
0.10151884
0.10088656
0.10541687
0.10209793
test_risk
0.102665015
0.104131065
0.102564886
0.101963915
0.10165341
0.10078709
0.10401942
0.10260844
test_mean_value
1.6008127e-05
8.723688e-05
-0.000113054586
-4.3048414e-05
0.00020795819
0.00028875654
-0.0005607519
0.00033199336
test_mean_abs_value
0.09089576
0.09296623
0.09045558
0.09221074
0.09102259
0.09036277
0.09038561
0.09036568
test_variance_value
0.013399278
0.013828153
0.013230156
0.013672578
0.013392612
0.013267391
0.013127463
0.013267067
test_mean_costs
0.0
0.0
0.0
0.0
0.0
0.0
0.0
0.0
test_mean_abs_costs
0.0
0.0
0.0
0.0
0.0
0.0
0.0
0.0
test_variance_costs
0.0
0.0
0.0
0.0
0.0
0.0
0.0
0.0
test_mean_wealth
-0.07980295
-0.07984812
-0.0797899
-0.07982676
-0.07980986
-0.07978901
-0.079792604
-0.07983832
test_mean_abs_wealth
0.07980295
0.07984812
0.0797899
0.07982676
0.07980986
0.07978901
0.079792604
0.07983832
test_variance_wealth
9.5790834e-05
0.00010097187
9.9488425e-05
9.533328e-05
9.58261e-05
9.850002e-05
0.00010272775
0.00010039096
test_wealth_with_price_abs_mean
0.0073614516
0.0075488696
0.0075910026
0.0073445695
0.007402191
0.007581393
0.0077215256
0.00762181
test_wealth_with_price_variance
9.5790834e-05
0.00010097187
9.9488425e-05
9.533328e-05
9.58261e-05
9.850002e-05
0.00010272775
0.00010039096
price
0.079788454
0.079788454
0.079788454
0.079788454
0.079788454
0.079788454
0.079788454
0.079788454
train_time
0.41615090000004784
0.4242721000000529
0.42863889999989624
0.463862699999936
0.42559890000029554
0.44753529999979946
0.4920531000007031
0.4498802000007345


================================================================================
=== payoff layers 5 units 5
train_risk
0.10686636
0.10983961
0.106215574
0.10579165
0.106571354
0.118235
0.10865685
0.10697707
test_risk
0.106935546
0.10768082
0.10724021
0.10662512
0.10774204
0.11828517
0.10732648
0.10886786
test_mean_value
-2.3511553e-05
8.467148e-05
-0.00010231965
-4.7900226e-05
0.00018505756
0.00027411486
-0.00056134537
0.00031804608
test_mean_abs_value
0.0871799
0.08817434
0.08928527
0.090847194
0.08734665
0.08433414
0.0896783
0.08737071
test_variance_value
0.012850211
0.013086577
0.013212726
0.013661873
0.012782783
0.012067407
0.013315352
0.012940028
test_mean_costs
0.0
0.0
0.0
0.0
0.0
0.0
0.0
0.0
test_mean_abs_costs
0.0
0.0
0.0
0.0
0.0
0.0
0.0
0.0
test_variance_costs
0.0
0.0
0.0
0.0
0.0
0.0
0.0
0.0
test_mean_wealth
-0.07984247
-0.07985068
-0.07977916
-0.079831615
-0.07983276
-0.07980366
-0.0797932
-0.07985227
test_mean_abs_wealth
0.07984247
0.07985068
0.07977916
0.079831615
0.07983276
0.07980366
0.0797932
0.07985227
test_variance_wealth
0.00016855741
0.00016558351
0.0001490391
0.00014036271
0.00016590705
0.00035709806
0.00015256563
0.00017904225
test_wealth_with_price_abs_mean
0.009989219
0.00988021
0.0093937665
0.0090279
0.0099622095
0.015262529
0.009543561
0.010439095
test_wealth_with_price_variance
0.00016855741
0.00016558351
0.0001490391
0.00014036271
0.00016590705
0.00035709806
0.00015256563
0.00017904225
price
0.079788454
0.079788454
0.079788454
0.079788454
0.079788454
0.079788454
0.079788454
0.079788454
train_time
0.4285297000000128
0.4221405999999206
0.4278599999997823
0.4118177000000287
0.4733417000006739
16.09894609999992
0.444445000000087
0.4369096999998874


================================================================================
=== twin layers 5 units 5
train_risk
0.10178143
0.10586654
0.10144912
0.10227723
0.10155353
0.10208168
0.105702326
0.102208816
test_risk
0.10303675
0.10444803
0.10273051
0.10222253
0.101944685
0.103171684
0.104415275
0.10284689
test_mean_value
1.5197918e-05
8.7989625e-05
-0.00011389539
-4.2178654e-05
0.00021211646
0.00029659376
-0.00056024233
0.0003295752
test_mean_abs_value
0.09095969
0.09282392
0.0902571
0.09227858
0.09123453
0.0911956
0.090354994
0.09034988
test_variance_value
0.013411506
0.013796947
0.013192669
0.013699084
0.013431433
0.013541458
0.013126999
0.013260375
test_mean_costs
0.0
0.0
0.0
0.0
0.0
0.0
0.0
0.0
test_mean_abs_costs
0.0
0.0
0.0
0.0
0.0
0.0
0.0
0.0
test_variance_costs
0.0
0.0
0.0
0.0
0.0
0.0
0.0
0.0
test_mean_wealth
-0.079803765
-0.07984736
-0.07979074
-0.07982589
-0.0798057
-0.079781175
-0.0797921
-0.07984074
test_mean_abs_wealth
0.079803765
0.07984736
0.07979074
0.07982589
0.0798057
0.079781175
0.0797921
0.07984074
test_variance_wealth
9.6472686e-05
0.00010215228
0.00010011329
9.5775526e-05
9.5153264e-05
0.00011844954
0.00010434804
0.0001000675
test_wealth_with_price_abs_mean
0.007383476
0.007593952
0.007640155
0.007362358
0.0073699323
0.008344406
0.00779122
0.007618206
test_wealth_with_price_variance
9.6472686e-05
0.00010215228
0.00010011329
9.5775526e-05
9.5153264e-05
0.00011844954
0.00010434804
0.0001000675
price
0.079788454
0.079788454
0.079788454
0.079788454
0.079788454
0.079788454
0.079788454
0.079788454
train_time
0.40898889999994026
0.4148732999999538
0.4102023000000372
0.4386343000001034
0.43974030000026687
0.4463069000003088
0.44320520000019314
0.47891470000013214


