================================================================================
=== continuous-time
train_risk
2.6736453
2.6613448
2.8197134
2.7303798
2.7201393
2.8781197
2.7563674
2.651166
2.7057676
2.7320015
2.7106254
2.9083002
2.7656262
2.7782946
2.6692512
2.67781
test_risk
2.6745358
2.6614218
2.818506
2.7283242
2.722618
2.8731225
2.7556677
2.6519563
2.7064824
2.728482
2.708543
2.9077768
2.761587
2.7818456
2.666093
2.6758099
test_mean_value
-0.00022801025
-0.0010999112
0.0020106758
0.0016560866
-0.0014721235
-0.0008135814
0.0038104616
-0.0016300612
0.0033705463
-0.0028450189
0.00058720034
-0.006243387
-0.00046082496
0.0035349503
0.0028034349
-0.0013026043
test_mean_abs_value
0.7110123
0.6847902
0.86318773
0.76991767
0.76505023
0.90306693
0.7909863
0.67273146
0.76396257
0.7700052
0.7336649
0.9877275
0.8012502
0.80708504
0.69671726
0.6938516
test_variance_value
0.7680667
0.71429634
1.0894374
0.8893782
0.8832408
1.1855696
0.9336407
0.69255614
0.88818896
0.8732801
0.8125911
1.4071567
0.9367512
0.97492784
0.7406993
0.75665027
test_mean_costs
0.0
0.0
0.0
0.0
0.0
0.0
0.0
0.0
0.0
0.0
0.0
0.0
0.0
0.0
0.0
0.0
test_mean_abs_costs
0.0
0.0
0.0
0.0
0.0
0.0
0.0
0.0
0.0
0.0
0.0
0.0
0.0
0.0
0.0
0.0
test_variance_costs
0.0
0.0
0.0
0.0
0.0
0.0
0.0
0.0
0.0
0.0
0.0
0.0
0.0
0.0
0.0
0.0
test_mean_wealth
-1.9290572
-1.9296072
-1.9304202
-1.9282824
-1.928855
-1.9290293
-1.9282507
-1.9287187
-1.9294132
-1.9292455
-1.9303325
-1.9290491
-1.9281493
-1.9291028
-1.9301064
-1.9288992
test_mean_abs_wealth
1.929116
1.9296288
1.9309347
1.928417
1.9290051
1.9296244
1.9284985
1.9287494
1.9295796
1.9293768
1.9304013
1.9301881
1.9282968
1.9293599
1.9301503
1.9289421
test_variance_wealth
0.13028747
0.1261923
0.18239348
0.1459392
0.14378229
0.18848947
0.1557363
0.12318549
0.14166892
0.14051503
0.13315457
0.21352406
0.14820766
0.16675723
0.12752238
0.12940075
test_wealth_with_price_abs_mean
0.28027204
0.2765236
0.3276134
0.29445922
0.29236066
0.3291659
0.3034341
0.273425
0.29087526
0.28867158
0.28197074
0.35078746
0.29493773
0.3148094
0.2777047
0.27877456
test_wealth_with_price_variance
0.13028747
0.1261923
0.18239348
0.1459392
0.14378229
0.18848947
0.1557363
0.12318549
0.14166892
0.14051503
0.13315457
0.21352406
0.14820766
0.16675723
0.12752238
0.12940075
price
1.9294605
1.9294624
1.9294605
1.9294586
1.9294586
1.9294591
1.9294586
1.929456
1.9294624
1.9294605
1.9294586
1.9294624
1.9294586
1.9294605
1.9294605
1.929461
train_time
3.7571700999999997
4.4472470999999985
3.1655363000000136
4.004355900000007
3.419674499999985
4.368777200000068
3.195370799999978
2.3450960000000123
2.86630839999998
6.268703499999901
2.6511321999998927
3.277373500000067
2.029213900000059
2.5468029000001025
6.42296209999995
11.473607499999844


================================================================================
=== deep network
train_risk
2.7077987
2.7087479
2.7645917
2.7314644
2.7049813
2.838083
2.7234874
2.63518
2.6964805
2.7748606
2.6842928
2.836171
2.7622595
2.769383
2.6528597
2.6629798
test_risk
2.7214198
2.7207751
2.7755518
2.741418
2.7166872
2.8380365
2.7329628
2.6520147
2.7092202
2.7774365
2.6918547
2.8404944
2.7623913
2.7796128
2.6649497
2.6730452
test_mean_value
-8.9207046e-05
-0.0011731901
0.0026832356
0.0016326617
-0.0018612467
-0.0014515009
0.0043351185
-0.0014007457
0.0030912205
-0.0030504542
0.00011074468
-0.0063728425
-7.719308e-05
0.0039404575
0.002744436
-0.001535051
test_mean_abs_value
0.76547366
0.7250532
0.95624036
0.8269481
0.826275
0.98212993
0.8708913
0.7252634
0.824198
0.7998043
0.7881196
1.0971814
0.8614062
0.8921683
0.75275344
0.7419368
test_variance_value
0.8910896
0.80209285
1.3437603
1.0284078
1.0394437
1.4189847
1.1394488
0.8072494
1.0415003
0.93863326
0.93777263
1.7399892
1.0875472
1.1974992
0.8681431
0.8684199
test_mean_costs
0.0
0.0
0.0
0.0
0.0
0.0
0.0
0.0
0.0
0.0
0.0
0.0
0.0
0.0
0.0
0.0
test_mean_abs_costs
0.0
0.0
0.0
0.0
0.0
0.0
0.0
0.0
0.0
0.0
0.0
0.0
0.0
0.0
0.0
0.0
test_variance_costs
0.0
0.0
0.0
0.0
0.0
0.0
0.0
0.0
0.0
0.0
0.0
0.0
0.0
0.0
0.0
0.0
test_mean_wealth
-1.9289185
-1.9296805
-1.9297476
-1.9283059
-1.9292442
-1.9296672
-1.927726
-1.9284894
-1.9296925
-1.9294509
-1.930809
-1.9291786
-1.9277656
-1.9286972
-1.9301654
-1.9291316
test_mean_abs_wealth
1.9291415
1.9297916
1.9316797
1.9287971
1.9297813
1.9318749
1.9286023
1.9286361
1.9302508
1.9297802
1.9311161
1.9328257
1.9283731
1.9297116
1.9303645
1.929309
test_variance_wealth
0.17486781
0.1720481
0.22112383
0.18251953
0.17587055
0.2380572
0.19092005
0.14486893
0.17256953
0.19311678
0.1563217
0.26376727
0.19091181
0.21336704
0.15081161
0.1528033
test_wealth_with_price_abs_mean
0.32582346
0.3242267
0.35796452
0.3315476
0.3243306
0.37327313
0.33574498
0.29625818
0.32100365
0.34576327
0.30699986
0.38850397
0.3385556
0.3556368
0.3016236
0.30402344
test_wealth_with_price_variance
0.17486781
0.1720481
0.22112383
0.18251953
0.17587055
0.2380572
0.19092005
0.14486893
0.17256953
0.19311678
0.1563217
0.26376727
0.19091181
0.21336704
0.15081161
0.1528033
price
1.9294605
1.9294624
1.9294605
1.9294586
1.9294586
1.9294591
1.9294586
1.929456
1.9294624
1.9294605
1.9294586
1.9294624
1.9294586
1.9294605
1.9294605
1.929461
train_time
81.4051403
78.96608499999999
100.4215562
94.18859530000003
81.8731616
60.87875329999997
78.42635600000006
115.55092879999995
89.63426069999991
61.4664765
81.11441889999992
72.76333490000002
72.53808690000005
98.40633170000001
146.08759329999998
134.09241099999986


================================================================================
=== identity feature map
train_risk
2.6630936
2.639398
2.775541
2.7057943
2.6830049
2.8126624
2.7162032
2.6295424
2.6741405
2.6899774
2.6900785
2.8414276
2.7254257
2.756967
2.646321
2.6518142
test_risk
2.6628191
2.6403773
2.777826
2.7051716
2.6870558
2.8105686
2.7162921
2.6318872
2.6758306
2.6863356
2.6915426
2.8422534
2.72371
2.7623904
2.6455092
2.6516154
test_mean_value
-0.0003715998
-0.0012026738
0.0024854
0.0016053317
-0.0016504652
-0.001056777
0.0042356504
-0.0017958191
0.0036257599
-0.0032752848
0.000502712
-0.007238701
-0.00020864359
0.00408654
0.0030988911
-0.001296567
test_mean_abs_value
0.7894902
0.7504533
0.9667378
0.8563558
0.85338295
1.0321031
0.8857027
0.73644334
0.8477585
0.86372685
0.82029444
1.1083702
0.90811396
0.8930274
0.7655847
0.76816994
test_variance_value
0.94649655
0.8566976
1.3624612
1.097552
1.097799
1.5469421
1.1701465
0.8291774
1.0944062
1.0956262
1.0124168
1.771506
1.200772
1.1926882
0.89331377
0.92459893
test_mean_costs
0.0
0.0
0.0
0.0
0.0
0.0
0.0
0.0
0.0
0.0
0.0
0.0
0.0
0.0
0.0
0.0
test_mean_abs_costs
0.0
0.0
0.0
0.0
0.0
0.0
0.0
0.0
0.0
0.0
0.0
0.0
0.0
0.0
0.0
0.0
test_variance_costs
0.0
0.0
0.0
0.0
0.0
0.0
0.0
0.0
0.0
0.0
0.0
0.0
0.0
0.0
0.0
0.0
test_mean_wealth
-1.9292009
-1.9297099
-1.9299455
-1.9283332
-1.9290333
-1.9292725
-1.9278255
-1.9288845
-1.929158
-1.9296757
-1.9304171
-1.9300444
-1.9278971
-1.9285512
-1.9298109
-1.9288931
test_mean_abs_wealth
1.9293753
1.9297676
1.9310436
1.9286468
1.929384
1.9309645
1.9283571
1.9289554
1.9295237
1.929992
1.9306144
1.9323891
1.9283618
1.9290679
1.9299105
1.9290075
test_variance_wealth
0.14662321
0.13487715
0.20513952
0.16498166
0.16000687
0.22234836
0.17458868
0.13140972
0.15689433
0.1575373
0.15385206
0.24053791
0.17432521
0.18857369
0.13722472
0.14089438
test_wealth_with_price_abs_mean
0.29608405
0.28454727
0.34558633
0.31219482
0.30691528
0.35761312
0.31996435
0.28115654
0.30404043
0.30464607
0.3028642
0.37042078
0.31963667
0.33373338
0.2865004
0.2899951
test_wealth_with_price_variance
0.14662321
0.13487715
0.20513952
0.16498166
0.16000687
0.22234836
0.17458868
0.13140972
0.15689433
0.1575373
0.15385206
0.24053791
0.17432521
0.18857369
0.13722472
0.14089438
price
1.9294605
1.9294624
1.9294605
1.9294586
1.9294586
1.9294591
1.9294586
1.929456
1.9294624
1.9294605
1.9294586
1.9294624
1.9294586
1.9294605
1.9294605
1.929461
train_time
6.911734100000004
10.422917399999989
10.183158600000013
8.07841689999998
8.32034699999997
8.608730400000013
10.185124300000098
13.773886900000093
8.245596599999999
8.729377399999976
5.912568400000055
10.110599900000125
7.475046199999952
8.909887000000026
17.58934750000003
9.943795300000147


================================================================================
=== deep network w. PCA
train_risk
2.8499806
2.8078601
2.7585552
2.8772337
2.7367508
2.7856414
2.7148497
2.6473007
2.869231
2.8758497
2.6781461
2.9012482
2.8685334
2.8658922
2.8495245
2.6939797
test_risk
2.8556368
2.8191063
2.7652862
2.8832815
2.7502196
2.791172
2.7265224
2.6590445
2.8778062
2.8755493
2.6850858
2.9028947
2.875166
2.8678086
2.8574443
2.704898
test_mean_value
0.00087449315
0.0013934701
0.0016713226
-0.0013493643
-0.00020357799
0.0022127326
0.0022333525
0.0026014973
0.0029395216
0.0040120385
-0.0013590351
0.0008127597
-7.258231e-05
-0.0022369814
0.0017023814
0.0011266392
test_mean_abs_value
0.7208622
0.7138755
0.962803
0.81333
0.8188692
1.0109758
0.8671208
0.7198206
0.8044615
0.8033673
0.7887138
1.098265
0.8514868
0.8831798
0.705847
0.73545384
test_variance_value
0.7890391
0.7734246
1.3594654
0.98886424
1.0253267
1.5071592
1.132785
0.7954033
0.9894381
0.9458326
0.9417316
1.747187
1.065319
1.171036
0.7610611
0.85311717
test_mean_costs
0.0
0.0
0.0
0.0
0.0
0.0
0.0
0.0
0.0
0.0
0.0
0.0
0.0
0.0
0.0
0.0
test_mean_abs_costs
0.0
0.0
0.0
0.0
0.0
0.0
0.0
0.0
0.0
0.0
0.0
0.0
0.0
0.0
0.0
0.0
test_variance_costs
0.0
0.0
0.0
0.0
0.0
0.0
0.0
0.0
0.0
0.0
0.0
0.0
0.0
0.0
0.0
0.0
test_mean_wealth
-1.9283667
-1.9300988
-1.9277421
-1.9287314
-1.9291395
-1.9287342
-1.9289634
-1.9292812
-1.9305751
-1.9286792
-1.9290572
-1.9294279
-1.9296842
-1.9304934
-1.929824
-1.9295495
test_mean_abs_wealth
1.9292635
1.9308339
1.9298426
1.9304836
1.9296576
1.9312637
1.9297148
1.9293624
1.9319532
1.929895
1.9293242
1.9339836
1.9306809
1.9328045
1.930518
1.9297248
test_variance_wealth
0.2405687
0.23127653
0.22103883
0.26539057
0.19243889
0.2275831
0.187112
0.14517498
0.26094776
0.2573682
0.15585668
0.2955211
0.24691544
0.275658
0.24477638
0.16195792
test_wealth_with_price_abs_mean
0.3798218
0.37056342
0.35627693
0.39924514
0.34086746
0.35983378
0.33227816
0.29786304
0.39490765
0.39299098
0.30629256
0.41273674
0.38681984
0.40137663
0.38463986
0.31429058
test_wealth_with_price_variance
0.2405687
0.23127653
0.22103883
0.26539057
0.19243889
0.2275831
0.187112
0.14517498
0.26094776
0.2573682
0.15585668
0.2955211
0.24691544
0.275658
0.24477638
0.16195792
price
1.9294605
1.9294624
1.9294605
1.9294586
1.9294586
1.9294591
1.9294586
1.929456
1.9294624
1.9294605
1.9294586
1.9294624
1.9294586
1.9294605
1.9294605
1.929461
train_time
104.1574743
78.70786740000003
92.98271410000001
82.65264059999998
92.12986160000003
153.48581079999997
107.11237559999995
102.11625850000007
134.2004257000001
95.64824040000008
105.02052780000008
67.31456149999985
73.63349990000006
112.10209499999996
91.97165949999999
155.84764489999998

