================================================================================
=== continuous-time
train_risk
2.4741762
2.5095413
2.4952636
2.5466363
2.513252
2.4832232
2.4951832
2.4717398
2.5128903
2.4912093
2.4605274
2.4666827
2.4794996
2.4641623
2.480066
2.4847856
test_risk
2.472673
2.5102782
2.493424
2.5441842
2.5174806
2.4815383
2.4938502
2.4728668
2.5121796
2.4921277
2.4606125
2.4634154
2.474594
2.4633968
2.4808402
2.4874167
test_mean_value
-0.0010957144
-0.002168389
-0.0016125224
-0.00049422466
-0.00033801483
0.00048771073
-0.0016883459
-0.00097019586
0.0006677162
-0.0017182059
-0.0021813752
-0.0010028839
0.0014721683
-0.0007434304
-0.00078803475
0.00024935952
test_mean_abs_value
0.5305207
0.58408237
0.55232614
0.61524206
0.58086705
0.5437369
0.5499096
0.5232937
0.58069307
0.5564421
0.5090961
0.51574
0.53688425
0.5140794
0.5402648
0.5406317
test_variance_value
0.4347371
0.5221229
0.47102493
0.5764125
0.5197091
0.45466238
0.4656896
0.42177463
0.51538396
0.4734344
0.402195
0.41239157
0.4453524
0.40781268
0.44906
0.45036092
test_mean_costs
0.0
0.0
0.0
0.0
0.0
0.0
0.0
0.0
0.0
0.0
0.0
0.0
0.0
0.0
0.0
0.0
test_mean_abs_costs
0.0
0.0
0.0
0.0
0.0
0.0
0.0
0.0
0.0
0.0
0.0
0.0
0.0
0.0
0.0
0.0
test_variance_costs
0.0
0.0
0.0
0.0
0.0
0.0
0.0
0.0
0.0
0.0
0.0
0.0
0.0
0.0
0.0
0.0
test_mean_wealth
-1.9289016
-1.9291394
-1.9280857
-1.9289304
-1.92885
-1.9288064
-1.9300379
-1.929829
-1.9282701
-1.9292029
-1.9290942
-1.9285868
-1.9286901
-1.9286963
-1.9293097
-1.929232
test_mean_abs_wealth
1.9289017
1.9291403
1.9280868
1.9289356
1.928853
1.9288064
1.9300379
1.929829
1.928274
1.9292033
1.9290946
1.9285868
1.9286901
1.9286983
1.9293108
1.929232
test_variance_wealth
0.069369614
0.079265855
0.07567247
0.085145816
0.079935655
0.07094459
0.074550726
0.06916869
0.078965455
0.07305306
0.0664804
0.0671705
0.070610635
0.067078725
0.07118809
0.072705686
test_wealth_with_price_abs_mean
0.20624533
0.21934713
0.21519706
0.22583556
0.22039075
0.20798734
0.21353908
0.20608096
0.21887642
0.21113054
0.20221862
0.20315686
0.20798452
0.20335875
0.20871735
0.21088849
test_wealth_with_price_variance
0.069369614
0.079265855
0.07567247
0.085145816
0.079935655
0.07094459
0.074550726
0.06916869
0.078965455
0.07305306
0.0664804
0.0671705
0.070610635
0.067078725
0.07118809
0.072705686
price
1.929461
1.9294596
1.9294617
1.9294605
1.9294605
1.9294608
1.9294598
1.9294617
1.9294615
1.9294598
1.9294586
1.9294615
1.92946
1.92946
1.9294591
1.9294591
train_time
3.732072999999998
4.36077370000001
3.54011730000002
5.7082348999999795
6.551412699999958
3.679005200000006
4.8672910999999885
3.7146095999999034
3.2765055999999504
3.7980912999998964
5.838673799999924
3.400467499999877
6.354253299999982
6.139371299999993
3.1670217000000775
3.597417499999665


================================================================================
=== deep network w. PCA
train_risk
2.7105122
2.7274673
2.685687
2.7022114
2.6883397
2.7444272
2.7055511
2.6599767
2.6679168
2.6844263
2.7108343
2.6757634
2.7194455
2.6775897
2.6902852
2.690921
test_risk
2.7286408
2.7426374
2.6970084
2.7092533
2.7017667
2.7590563
2.7183778
2.6833382
2.6821349
2.6990013
2.7334023
2.6912386
2.7353337
2.6977615
2.7043195
2.713219
test_mean_value
-0.0010880538
-0.001336794
-0.0013237335
-0.0002500277
-0.001312925
-0.0003037071
-0.0020183944
-0.00041791704
0.001492879
-0.001621557
-0.0029829706
0.0003309074
0.0014571134
-0.0012164543
-0.0011997193
-0.0003771791
test_mean_abs_value
0.4911213
0.5739124
0.54049855
0.6161815
0.5635972
0.49546364
0.51429296
0.49384448
0.58893746
0.5214768
0.44366968
0.47316858
0.4980144
0.47892135
0.5080991
0.50481564
test_variance_value
0.37062642
0.50069946
0.4479634
0.57344216
0.4896367
0.3761314
0.40718555
0.37656444
0.5257089
0.4147712
0.30720142
0.34921825
0.38199592
0.35223845
0.39609486
0.39116517
test_mean_costs
0.0
0.0
0.0
0.0
0.0
0.0
0.0
0.0
0.0
0.0
0.0
0.0
0.0
0.0
0.0
0.0
test_mean_abs_costs
0.0
0.0
0.0
0.0
0.0
0.0
0.0
0.0
0.0
0.0
0.0
0.0
0.0
0.0
0.0
0.0
test_variance_costs
0.0
0.0
0.0
0.0
0.0
0.0
0.0
0.0
0.0
0.0
0.0
0.0
0.0
0.0
0.0
0.0
test_mean_wealth
-1.9288938
-1.9283078
-1.9277968
-1.9286861
-1.929825
-1.9295979
-1.9303678
-1.9292767
-1.9274449
-1.9291064
-1.9298958
-1.9272531
-1.9287052
-1.9291693
-1.9297215
-1.9298586
test_mean_abs_wealth
1.9289037
1.9283329
1.9278073
1.9287068
1.9298309
1.9296039
1.9303678
1.9292833
1.9274762
1.9291066
1.9298962
1.9272531
1.9287106
1.9291708
1.9297287
1.9298633
test_variance_wealth
0.16118404
0.17130366
0.1502188
0.15790781
0.15113802
0.1735036
0.15680185
0.14430355
0.14759055
0.14972998
0.16085234
0.14451464
0.16596343
0.1509839
0.15303575
0.15330493
test_wealth_with_price_abs_mean
0.31949487
0.3275967
0.30630141
0.31403083
0.308594
0.33186585
0.31558514
0.3020985
0.3022094
0.30758387
0.31971228
0.30270165
0.32375455
0.30874974
0.31095198
0.31180033
test_wealth_with_price_variance
0.16118404
0.17130366
0.1502188
0.15790781
0.15113802
0.1735036
0.15680185
0.14430355
0.14759055
0.14972998
0.16085234
0.14451464
0.16596343
0.1509839
0.15303575
0.15330493
price
1.929461
1.9294596
1.9294617
1.9294605
1.9294605
1.9294608
1.9294598
1.9294617
1.9294615
1.9294598
1.9294586
1.9294615
1.92946
1.92946
1.9294591
1.9294591
train_time
102.33716910000001
95.23216629999999
79.86569109999999
68.28546179999995
84.38384560000003
83.87856339999996
110.91189940000004
138.82015289999993
134.5593963
142.27855249999993
122.07654360000015
121.75146610000002
150.1103716
198.75147629999992
137.80564270000013
146.88921340000024


