================================================================================
=== continuous-time
train_risk
3.3807068
3.2028656
3.2133658
2.935861
3.1292088
3.3302534
3.2472706
3.3208113
2.9396555
3.1200602
3.0302515
3.316587
3.3701594
3.354932
3.3438473
3.356651
test_risk
3.3755724
3.2087917
3.2154427
2.9403212
3.1268797
3.3237615
3.2504678
3.3225567
2.94088
3.1265512
3.0281615
3.3135808
3.3803473
3.351525
3.3423004
3.3595538
test_mean_value
-0.00018848263
-0.0004660861
0.0021261002
0.0003592782
0.0019149523
-0.0032761225
0.0055985767
-0.0036778166
-0.00090544723
0.0027635784
-0.00022443944
-0.0012109629
0.0016993553
0.0027202165
0.0032921976
-0.002801341
test_mean_abs_value
1.3523467
1.2492816
1.2602444
0.9084543
1.1778781
1.3319774
1.2852691
1.3316332
0.9151328
1.1713445
1.0567383
1.3281008
1.3559691
1.3478782
1.3405877
1.3486941
test_variance_value
2.4297812
2.1069636
2.1358247
1.2499937
1.9129196
2.358391
2.2113671
2.3598645
1.264321
1.8959284
1.6117594
2.3446681
2.4438221
2.4150984
2.3897426
2.4123144
test_mean_costs
0.0
0.0
0.0
0.0
0.0
0.0
0.0
0.0
0.0
0.0
0.0
0.0
0.0
0.0
0.0
0.0
test_mean_abs_costs
0.0
0.0
0.0
0.0
0.0
0.0
0.0
0.0
0.0
0.0
0.0
0.0
0.0
0.0
0.0
0.0
test_variance_costs
0.0
0.0
0.0
0.0
0.0
0.0
0.0
0.0
0.0
0.0
0.0
0.0
0.0
0.0
0.0
0.0
test_mean_wealth
-1.9277159
-1.9294327
-1.928673
-1.9289423
-1.9286577
-1.9298288
-1.9324349
-1.9283915
-1.9298378
-1.930585
-1.9283499
-1.930148
-1.9279891
-1.928886
-1.9319574
-1.9309949
test_mean_abs_wealth
1.9378386
1.9352117
1.9348811
1.9297714
1.9328285
1.9385113
1.9389769
1.9371423
1.930803
1.9344224
1.9307138
1.9388151
1.9388436
1.9384067
1.9409484
1.9403648
test_variance_wealth
0.45401645
0.36181685
0.3684011
0.2360289
0.32093996
0.42639166
0.38527858
0.42694375
0.23511483
0.31650844
0.27191758
0.42231992
0.45873082
0.4415668
0.43620384
0.44364452
test_wealth_with_price_abs_mean
0.5035822
0.45295298
0.45656553
0.37324288
0.42707095
0.4896804
0.4676383
0.48993936
0.37289765
0.42477065
0.39579895
0.48746628
0.50538707
0.4975366
0.49556473
0.49884406
test_wealth_with_price_variance
0.45401645
0.36181685
0.3684011
0.2360289
0.32093996
0.42639166
0.38527858
0.42694375
0.23511483
0.31650844
0.27191758
0.42231992
0.45873082
0.4415668
0.43620384
0.44364452
price
1.9294548
1.9294548
1.9294548
1.9294586
1.9294586
1.9294548
1.9294548
1.9294548
1.9294548
1.9294548
1.9294548
1.9294548
1.9294558
1.9294548
1.9294548
1.9294548
train_time
2.1332816
1.94556630000001
3.1794942999999876
1.6575425000000052
3.6296237000000247
4.513071299999979
1.9186215999999376
1.6604865000000473
2.0946976000000177
8.793887199999972
6.8776763999999275
8.83370990000003
5.959785900000043
2.8706571000000167
3.6074080000000777
4.180204300000014


================================================================================
=== deep network
train_risk
3.179872
3.0768237
3.1169963
2.8585055
3.0181828
3.1790805
3.1119788
3.1522462
2.8804488
2.9910977
2.9172623
3.1487968
3.1799037
3.1848428
3.1620998
3.184704
test_risk
3.1762805
3.0839138
3.121131
2.8684564
3.0213969
3.1727912
3.1164947
3.155512
2.8865497
2.9991868
2.9195874
3.1518264
3.1897619
3.1845248
3.16728
3.1907315
test_mean_value
-7.2589624e-05
-0.00040847156
0.0020330977
0.00032023067
0.0012539527
-0.0043720813
0.006559997
-0.00455355
-0.0008980147
0.0025523975
0.00020047385
-0.0014974041
0.0029260053
0.0037143605
0.0033056412
-0.0036725095
test_mean_abs_value
1.5323838
1.4045812
1.3860509
1.0261303
1.2869185
1.5301561
1.4614915
1.5178899
1.023306
1.3079824
1.187239
1.5243894
1.5530657
1.5307745
1.5333279
1.5193346
test_variance_value
3.22092
2.7067425
2.6193116
1.5971044
2.329395
3.1965215
2.9097
3.1537104
1.585042
2.4093726
2.055833
3.1709054
3.3024533
3.2134912
3.224854
3.1583314
test_mean_costs
0.0
0.0
0.0
0.0
0.0
0.0
0.0
0.0
0.0
0.0
0.0
0.0
0.0
0.0
0.0
0.0
test_mean_abs_costs
0.0
0.0
0.0
0.0
0.0
0.0
0.0
0.0
0.0
0.0
0.0
0.0
0.0
0.0
0.0
0.0
test_variance_costs
0.0
0.0
0.0
0.0
0.0
0.0
0.0
0.0
0.0
0.0
0.0
0.0
0.0
0.0
0.0
0.0
test_mean_wealth
-1.9276
-1.9293752
-1.928766
-1.9289813
-1.9293187
-1.9309248
-1.9314735
-1.9292672
-1.9298304
-1.9307963
-1.9279249
-1.9304343
-1.9267625
-1.927892
-1.931944
-1.931866
test_mean_abs_wealth
1.9613026
1.9473974
1.9458776
1.9327812
1.9420815
1.9614226
1.9536353
1.9597118
1.9334682
1.9435412
1.9362125
1.9610248
1.9634293
1.9609343
1.9648769
1.9633923
test_variance_wealth
0.5834983
0.45780748
0.4684303
0.28266168
0.40141147
0.5597759
0.50023836
0.5593973
0.2817999
0.39314476
0.33144867
0.56001985
0.60115415
0.58365154
0.578381
0.57995695
test_wealth_with_price_abs_mean
0.5645067
0.50491256
0.5134347
0.40316725
0.4750482
0.5524379
0.52661055
0.5526875
0.40375304
0.46858895
0.43125936
0.5525392
0.5702938
0.5646461
0.56215435
0.5658139
test_wealth_with_price_variance
0.5834983
0.45780748
0.4684303
0.28266168
0.40141147
0.5597759
0.50023836
0.5593973
0.2817999
0.39314476
0.33144867
0.56001985
0.60115415
0.58365154
0.578381
0.57995695
price
1.9294548
1.9294548
1.9294548
1.9294586
1.9294586
1.9294548
1.9294548
1.9294548
1.9294548
1.9294548
1.9294548
1.9294548
1.9294558
1.9294548
1.9294548
1.9294548
train_time
78.89478299999999
60.613361600000005
47.55699200000001
93.12519419999998
81.270873
54.05680610000002
118.28931239999997
123.60522329999992
95.3073333000001
151.54260599999998
217.34296489999997
122.14354920000005
65.33325259999992
64.34872970000015
118.22490650000009
63.54026769999996


================================================================================
=== identity feature map
train_risk
3.3543131
3.172447
3.1496744
2.8993452
3.131182
3.257392
3.1700013
3.3020287
2.9019842
3.0604074
2.9739094
3.2440457
3.2782676
3.278947
3.2690415
3.2689846
test_risk
3.3488953
3.1798387
3.1489534
2.9045002
3.1284657
3.2499795
3.175665
3.3022156
2.90348
3.0664945
2.9731827
3.2453048
3.2909005
3.2775853
3.271891
3.2771719
test_mean_value
-0.0001670752
-0.00049579813
0.0023810102
0.00038597753
0.0015349623
-0.0036871608
0.0064266524
-0.003996354
-0.0010260325
0.0034526486
6.870571e-05
-0.0011368477
0.002502287
0.0030979149
0.0034914082
-0.003341769
test_mean_abs_value
1.5349646
1.398489
1.4325964
1.0116158
1.3031672
1.5182022
1.4527413
1.5342013
1.0217698
1.3362168
1.1965668
1.5117462
1.5547744
1.5447792
1.542066
1.5427078
test_variance_value
3.1506255
2.6494486
2.762324
1.5477452
2.356289
3.0625901
2.821487
3.153182
1.5736834
2.4676826
2.0669503
3.0387309
3.2065039
3.1712835
3.159877
3.1554258
test_mean_costs
0.0
0.0
0.0
0.0
0.0
0.0
0.0
0.0
0.0
0.0
0.0
0.0
0.0
0.0
0.0
0.0
test_mean_abs_costs
0.0
0.0
0.0
0.0
0.0
0.0
0.0
0.0
0.0
0.0
0.0
0.0
0.0
0.0
0.0
0.0
test_variance_costs
0.0
0.0
0.0
0.0
0.0
0.0
0.0
0.0
0.0
0.0
0.0
0.0
0.0
0.0
0.0
0.0
test_mean_wealth
-1.9276944
-1.9294626
-1.9284182
-1.9289156
-1.9290377
-1.9302398
-1.9316069
-1.92871
-1.9299583
-1.929896
-1.9280567
-1.9300739
-1.9271863
-1.9285084
-1.9317582
-1.9315354
test_mean_abs_wealth
1.9480566
1.9406987
1.9406778
1.9306663
1.937292
1.947534
1.9440334
1.9482692
1.931871
1.9380187
1.9331224
1.9468302
1.9481896
1.9473535
1.9506049
1.9498473
test_variance_wealth
0.57222366
0.4304549
0.43326172
0.25865316
0.40380144
0.50559676
0.44372332
0.5467052
0.25826475
0.37457138
0.3137377
0.50206393
0.53744847
0.52352464
0.52454
0.51986104
test_wealth_with_price_abs_mean
0.57109684
0.49179438
0.49313167
0.3881507
0.48214248
0.53261185
0.4988429
0.5564863
0.38822064
0.45996684
0.4223071
0.5306435
0.54559755
0.541099
0.5425075
0.5394757
test_wealth_with_price_variance
0.57222366
0.4304549
0.43326172
0.25865316
0.40380144
0.50559676
0.44372332
0.5467052
0.25826475
0.37457138
0.3137377
0.50206393
0.53744847
0.52352464
0.52454
0.51986104
price
1.9294548
1.9294548
1.9294548
1.9294586
1.9294586
1.9294548
1.9294548
1.9294548
1.9294548
1.9294548
1.9294548
1.9294548
1.9294558
1.9294548
1.9294548
1.9294548
train_time
5.392326699999998
3.8085139000000083
6.080629899999991
6.995853299999965
5.6174179999999865
10.554154799999992
8.6767744
4.390181900000016
23.60263860000009
19.77741590000005
16.843397400000185
7.8128988000000845
8.038181099999974
6.841960900000004
7.526927999999998
7.845837100000153


