================================================================================
=== continuous-time
train_risk
3.4003031
3.4099593
3.4070027
3.4069362
3.401466
3.4072528
3.4002717
3.4023035
3.3934288
3.400915
3.400923
3.4076815
3.4029086
3.408098
3.400984
3.4070165
test_risk
3.4013903
3.4061542
3.4016497
3.4071522
3.4070134
3.4054122
3.399637
3.3998427
3.400898
3.4026725
3.404857
3.398012
3.4039567
3.4019208
3.3984826
3.4018703
test_mean_value
-0.0032992968
-0.0008155228
-0.0022311213
-0.0020695091
0.001812587
-0.00097174704
0.0009828851
0.00416889
-0.000504138
-0.006593791
-0.006566964
0.0007215555
0.0035498813
-0.0036021438
-0.00090840127
-0.0026198418
test_mean_abs_value
1.3617146
1.359695
1.3647386
1.359902
1.360735
1.3621348
1.3619039
1.3611687
1.3602697
1.3617624
1.3609815
1.362682
1.3608202
1.35999
1.3626738
1.3623065
test_variance_value
2.4619834
2.4558415
2.4718723
2.4572291
2.4614286
2.4672375
2.4639645
2.4627545
2.4565027
2.4655645
2.46044
2.463243
2.4616444
2.4588506
2.4667282
2.4622889
test_mean_costs
0.0
0.0
0.0
0.0
0.0
0.0
0.0
0.0
0.0
0.0
0.0
0.0
0.0
0.0
0.0
0.0
test_mean_abs_costs
0.0
0.0
0.0
0.0
0.0
0.0
0.0
0.0
0.0
0.0
0.0
0.0
0.0
0.0
0.0
0.0
test_variance_costs
0.0
0.0
0.0
0.0
0.0
0.0
0.0
0.0
0.0
0.0
0.0
0.0
0.0
0.0
0.0
0.0
test_mean_wealth
-1.9302142
-1.9290869
-1.9294462
-1.9302671
-1.9313526
-1.9265126
-1.9284174
-1.9286005
-1.9287224
-1.9289733
-1.9289862
-1.928949
-1.9294071
-1.9276634
-1.9255261
-1.9278086
test_mean_abs_wealth
1.9404507
1.9393346
1.9398278
1.9410952
1.941978
1.9374454
1.9389806
1.9393731
1.9393839
1.9393052
1.939441
1.9390059
1.9402171
1.9385549
1.9363859
1.9380655
test_variance_wealth
0.4618467
0.46412516
0.46422032
0.46497783
0.46551567
0.46747503
0.46473733
0.4649829
0.46609077
0.4616631
0.46278882
0.46089533
0.4656034
0.46461686
0.4650745
0.4650227
test_wealth_with_price_abs_mean
0.50717384
0.5088369
0.50889176
0.5083047
0.50909966
0.51010466
0.5090741
0.50876933
0.5098959
0.5069802
0.5075808
0.507589
0.5090676
0.50785
0.5088364
0.5094626
test_wealth_with_price_variance
0.4618467
0.46412516
0.46422032
0.46497783
0.46551567
0.46747503
0.46473733
0.4649829
0.46609077
0.4616631
0.46278882
0.46089533
0.4656034
0.46461686
0.4650745
0.4650227
price
1.9294548
1.9294624
1.9294548
1.9294624
1.9294548
1.9294548
1.9294548
1.9294548
1.9294548
1.9294548
1.9294624
1.9294548
1.9294548
1.9294548
1.9294624
1.9294548
train_time
3.2587659999999996
2.0889693000000022
1.679897000000011
2.2901627999999903
2.308305300000029
1.747829300000035
4.060258399999952
2.682834699999944
1.9406185999999934
3.2448393999999325
3.818007599999987
3.645626600000014
3.232987699999967
2.825799699999834
2.1507395000000997
2.8008488000000398


================================================================================
=== deep network w. PCA
train_risk
3.210803
3.1999962
3.2124178
3.198818
3.1933854
3.2129185
3.2010114
3.1930282
3.1951387
3.2071004
3.197072
3.2197623
3.2210796
3.204334
3.2105742
3.2155712
test_risk
3.211193
3.2000608
3.208012
3.199
3.2024372
3.2172484
3.2012267
3.1938307
3.2026672
3.2105176
3.2056007
3.2147048
3.2229428
3.204019
3.2111094
3.2162085
test_mean_value
-0.0039069196
-1.7767288e-05
-0.0026066136
-0.0023080981
0.0022403917
-0.00087183766
0.0012155306
0.0048398837
-0.00067291816
-0.008045416
-0.0078927595
0.0007948833
0.0039424365
-0.0030035048
-0.0009799118
-0.0029201033
test_mean_abs_value
1.5566424
1.5604178
1.572511
1.5588638
1.5594257
1.5595199
1.5523379
1.5612109
1.5555027
1.5575049
1.5627275
1.533834
1.547593
1.5606855
1.5396639
1.583217
test_variance_value
3.3207874
3.3464866
3.3923278
3.3432336
3.3478248
3.3523905
3.3069153
3.3636153
3.3246336
3.3435416
3.3558588
3.2380927
3.2964253
3.3530536
3.26534
3.4337234
test_mean_costs
0.0
0.0
0.0
0.0
0.0
0.0
0.0
0.0
0.0
0.0
0.0
0.0
0.0
0.0
0.0
0.0
test_mean_abs_costs
0.0
0.0
0.0
0.0
0.0
0.0
0.0
0.0
0.0
0.0
0.0
0.0
0.0
0.0
0.0
0.0
test_variance_costs
0.0
0.0
0.0
0.0
0.0
0.0
0.0
0.0
0.0
0.0
0.0
0.0
0.0
0.0
0.0
0.0
test_mean_wealth
-1.9308218
-1.9282892
-1.9298217
-1.9305058
-1.9309248
-1.9264127
-1.9281847
-1.9279296
-1.9288912
-1.9304249
-1.9303119
-1.9288757
-1.9290146
-1.9270648
-1.9255977
-1.9281089
test_mean_abs_wealth
1.9681183
1.9665065
1.9685735
1.9696093
1.9701028
1.9664501
1.9651502
1.9686183
1.967485
1.9682239
1.9684309
1.9659239
1.9659773
1.9661995
1.9625837
1.9677204
test_variance_wealth
0.61796886
0.61785376
0.6232415
0.62098527
0.62295294
0.6328668
0.6137793
0.6294135
0.62055975
0.6178694
0.6185922
0.6202773
0.6223512
0.62202084
0.61246943
0.63421154
test_wealth_with_price_abs_mean
0.5812545
0.5791448
0.58254594
0.58020544
0.5814909
0.5857962
0.5792827
0.5833696
0.58105296
0.58016956
0.5801997
0.5825334
0.58445686
0.5802455
0.57811993
0.5876558
test_wealth_with_price_variance
0.61796886
0.61785376
0.6232415
0.62098527
0.62295294
0.6328668
0.6137793
0.6294135
0.62055975
0.6178694
0.6185922
0.6202773
0.6223512
0.62202084
0.61246943
0.63421154
price
1.9294548
1.9294624
1.9294548
1.9294624
1.9294548
1.9294548
1.9294548
1.9294548
1.9294548
1.9294548
1.9294624
1.9294548
1.9294548
1.9294548
1.9294624
1.9294548
train_time
52.554064200000006
99.4532923
59.777318199999996
101.27523579999996
74.1145396
62.41944609999996
72.96494339999992
101.73134720000007
70.24612450000006
67.43931429999998
80.16190670000003
81.83028909999996
78.82856470000002
108.37749789999998
93.2223856999999
66.46715099999983


