================================================================================
=== continuous-time
train_risk
2.4727511
2.512767
2.4967303
2.5428913
2.5134623
2.4822953
2.493216
2.4720383
2.5142486
2.4918637
2.4601157
2.4647295
2.4779112
2.462481
2.480099
2.4879496
test_risk
2.4725845
2.5085015
2.494888
2.545711
2.5181916
2.4793036
2.4922476
2.4738734
2.5124285
2.489135
2.4593995
2.4661462
2.4770591
2.4640605
2.4811795
2.489181
test_mean_value
-0.0009643278
0.0008690449
0.00017199913
0.0017584654
0.00045550833
0.00044102626
-0.002271501
0.0002485715
-0.0039612497
-0.00040719015
0.0011539051
-0.0024470899
-0.0007958256
0.0020930734
0.0010577787
-0.0005513468
test_mean_abs_value
0.53173184
0.58361447
0.5514094
0.6177291
0.5832495
0.54297596
0.5498106
0.52368915
0.5788269
0.5567034
0.5090766
0.5168403
0.5371897
0.5136015
0.53930044
0.53974503
test_variance_value
0.43650317
0.52165514
0.46944603
0.5816328
0.5236614
0.4542831
0.464847
0.4220022
0.51238567
0.47527725
0.40255153
0.4134959
0.4456273
0.4070187
0.44832546
0.44859955
test_mean_costs
0.0
0.0
0.0
0.0
0.0
0.0
0.0
0.0
0.0
0.0
0.0
0.0
0.0
0.0
0.0
0.0
test_mean_abs_costs
0.0
0.0
0.0
0.0
0.0
0.0
0.0
0.0
0.0
0.0
0.0
0.0
0.0
0.0
0.0
0.0
test_variance_costs
0.0
0.0
0.0
0.0
0.0
0.0
0.0
0.0
0.0
0.0
0.0
0.0
0.0
0.0
0.0
0.0
test_mean_wealth
-1.9296271
-1.9278771
-1.9302883
-1.9304429
-1.9299142
-1.9283671
-1.92967
-1.9290327
-1.9294145
-1.9284399
-1.9293833
-1.9291114
-1.9302328
-1.9283375
-1.9286433
-1.9295412
test_mean_abs_wealth
1.9296292
1.9278836
1.9302884
1.9304485
1.9299192
1.9283671
1.92967
1.929033
1.9294162
1.9284416
1.9293833
1.9291114
1.9302334
1.9283375
1.9286435
1.9295441
test_variance_wealth
0.069435865
0.07944329
0.07564713
0.08501406
0.08008346
0.07083601
0.07409772
0.06943366
0.07883617
0.07319395
0.06618173
0.06745053
0.070370205
0.06699713
0.07112229
0.07238569
test_wealth_with_price_abs_mean
0.20644642
0.21951719
0.21525592
0.22593538
0.22041059
0.20806599
0.21270934
0.20635086
0.21867062
0.21116215
0.2018227
0.20369044
0.20763855
0.2031697
0.20846368
0.21035066
test_wealth_with_price_variance
0.069435865
0.07944329
0.07564713
0.08501406
0.08008346
0.07083601
0.07409772
0.06943366
0.07883617
0.07319395
0.06618173
0.06745053
0.070370205
0.06699713
0.07112229
0.07238569
price
1.929461
1.9294596
1.9294617
1.9294605
1.9294605
1.9294608
1.9294598
1.9294617
1.9294615
1.9294598
1.9294586
1.9294615
1.92946
1.92946
1.9294591
1.9294591
train_time
5.621271099999998
3.1506365999999844
3.0445277999999973
3.0650509999999827
2.6421088000000736
5.691065499999922
3.936830900000018
8.20866209999997
5.298126400000001
2.7366001000000324
5.544505699999945
3.521207699999877
5.789885299999696
6.525007800000367
6.257135800000015
4.192517699999826


================================================================================
=== deep network
train_risk
2.7173657
2.7310193
2.6756523
2.6905432
2.7711728
2.6985438
2.7124918
2.6595223
2.6286976
2.7747183
2.5971134
2.663686
2.7141562
2.6574514
2.7475245
2.7433972
test_risk
2.7353904
2.741977
2.6931865
2.7033067
2.7846465
2.7110407
2.7256434
2.6818137
2.643458
2.781371
2.6214924
2.6830926
2.7279766
2.6770205
2.761611
2.7599664
test_mean_value
-0.0014657098
-0.0002889609
-0.0006154624
0.0017334665
0.0007208904
0.0007167291
-0.0014920234
-0.0005816632
-0.0037287616
-0.00071847305
0.0013509726
-0.0018834097
-0.0015403939
0.0019341395
0.0015909479
-0.00035766634
test_mean_abs_value
0.50290275
0.56852406
0.5530408
0.6219767
0.5609802
0.5060619
0.51689065
0.50049424
0.5894758
0.5219091
0.47688282
0.47886473
0.5078662
0.4863069
0.5074981
0.5018809
test_variance_value
0.38487434
0.490542
0.46945265
0.58171153
0.4819498
0.3915686
0.40870342
0.38571286
0.528382
0.41036636
0.35520932
0.3564147
0.39614603
0.364994
0.3915751
0.3844528
test_mean_costs
0.0
0.0
0.0
0.0
0.0
0.0
0.0
0.0
0.0
0.0
0.0
0.0
0.0
0.0
0.0
0.0
test_mean_abs_costs
0.0
0.0
0.0
0.0
0.0
0.0
0.0
0.0
0.0
0.0
0.0
0.0
0.0
0.0
0.0
0.0
test_variance_costs
0.0
0.0
0.0
0.0
0.0
0.0
0.0
0.0
0.0
0.0
0.0
0.0
0.0
0.0
0.0
0.0
test_mean_wealth
-1.9301285
-1.9290351
-1.9310758
-1.9304678
-1.9296489
-1.9280915
-1.9288905
-1.929863
-1.929182
-1.9287512
-1.9291862
-1.9285476
-1.9309773
-1.9284964
-1.9281101
-1.9293476
test_mean_abs_wealth
1.9301449
1.9290637
1.9310881
1.9305001
1.9296794
1.9280916
1.9288946
1.9298657
1.9291945
1.9287859
1.9291862
1.9285476
1.9309951
1.928499
1.9281353
1.9293523
test_variance_wealth
0.16513541
0.16971377
0.15264325
0.15698174
0.18487874
0.15497437
0.15785411
0.1443087
0.13273968
0.18717243
0.11860335
0.14362939
0.16377863
0.14249633
0.17957632
0.17381495
test_wealth_with_price_abs_mean
0.32215902
0.32639447
0.30872187
0.31302607
0.34091935
0.3132058
0.31658554
0.30138534
0.2877779
0.3428687
0.27459967
0.30202338
0.32141986
0.3000769
0.33633268
0.33168298
test_wealth_with_price_variance
0.16513541
0.16971377
0.15264325
0.15698174
0.18487874
0.15497437
0.15785411
0.1443087
0.13273968
0.18717243
0.11860335
0.14362939
0.16377863
0.14249633
0.17957632
0.17381495
price
1.929461
1.9294596
1.9294617
1.9294605
1.9294605
1.9294608
1.9294598
1.9294617
1.9294615
1.9294598
1.9294586
1.9294615
1.92946
1.92946
1.9294591
1.9294591
train_time
84.2691806
72.95068379999998
113.51530250000002
86.10077589999997
52.89150129999996
170.0270898
99.70613070000002
113.21960549999994
196.7557592999999
109.3160699
174.7350603
165.9591574000001
100.81958450000002
144.83237000000008
109.85337019999997
142.77045520000001


================================================================================
=== identity feature map
train_risk
2.4604976
2.4910789
2.479984
2.5146642
2.4939883
2.4668639
2.4742908
2.4557242
2.490784
2.4715202
2.4458392
2.4539728
2.4605064
2.4517217
2.4643703
2.4682434
test_risk
2.460992
2.4899344
2.4789758
2.5190437
2.499534
2.4657693
2.476467
2.460076
2.4912329
2.4696016
2.44716
2.456592
2.462637
2.4541087
2.4676147
2.4723742
test_mean_value
-0.0010799795
0.00090142287
0.00020013102
0.0020076456
0.0005385
0.0005149286
-0.0025383066
0.00026193267
-0.004251737
-0.00042076843
0.0012931651
-0.0025605662
-0.000993258
0.0023281092
0.0011844847
-0.0007979717
test_mean_abs_value
0.57837784
0.6402962
0.60036093
0.6851121
0.6387092
0.5935839
0.6004775
0.57057196
0.63474756
0.609587
0.55191976
0.5616102
0.5860265
0.55656475
0.58740056
0.59038377
test_variance_value
0.5159076
0.6270268
0.5558431
0.7137994
0.62731236
0.5423431
0.55376613
0.5002425
0.61515826
0.56905603
0.4726093
0.4878973
0.5298805
0.47747132
0.53079057
0.5357951
test_mean_costs
0.0
0.0
0.0
0.0
0.0
0.0
0.0
0.0
0.0
0.0
0.0
0.0
0.0
0.0
0.0
0.0
test_mean_abs_costs
0.0
0.0
0.0
0.0
0.0
0.0
0.0
0.0
0.0
0.0
0.0
0.0
0.0
0.0
0.0
0.0
test_variance_costs
0.0
0.0
0.0
0.0
0.0
0.0
0.0
0.0
0.0
0.0
0.0
0.0
0.0
0.0
0.0
0.0
test_mean_wealth
-1.9297427
-1.9278446
-1.9302602
-1.9301937
-1.9298313
-1.9282932
-1.9299368
-1.9290193
-1.929705
-1.9284534
-1.929244
-1.9292248
-1.9304303
-1.9281024
-1.9285166
-1.9297879
test_mean_abs_wealth
1.9297473
1.9278579
1.930262
1.9302121
1.9298401
1.9282932
1.9299368
1.9290205
1.9297109
1.9284604
1.929244
1.9292248
1.9304322
1.9281024
1.9285183
1.9297917
test_variance_wealth
0.07491079
0.08597227
0.08060873
0.09462677
0.08710981
0.07694406
0.07927206
0.073937796
0.085034184
0.07875783
0.06986055
0.07242557
0.07509458
0.07169581
0.07655621
0.07706309
test_wealth_with_price_abs_mean
0.2139475
0.22735275
0.22143969
0.23797578
0.22938207
0.21631886
0.21932192
0.2124515
0.22648901
0.21830675
0.20683564
0.21056697
0.21395181
0.20970234
0.21573023
0.21655855
test_wealth_with_price_variance
0.07491079
0.08597227
0.08060873
0.09462677
0.08710981
0.07694406
0.07927206
0.073937796
0.085034184
0.07875783
0.06986055
0.07242557
0.07509458
0.07169581
0.07655621
0.07706309
price
1.929461
1.9294596
1.9294617
1.9294605
1.9294605
1.9294608
1.9294598
1.9294617
1.9294615
1.9294598
1.9294586
1.9294615
1.92946
1.92946
1.9294591
1.9294591
train_time
10.136946000000009
14.842976399999998
14.703456000000017
10.035911800000008
9.972145000000069
15.113273999999933
23.94815760000006
14.777607399999852
20.616235599999982
17.396219200000132
56.63288299999999
14.879720399999997
20.231907299999875
13.964919000000009
18.353335600000264
14.493403099999796


================================================================================
=== deep network w. PCA
train_risk
2.7105122
2.7274673
2.685687
2.7022114
2.6883397
2.7444272
2.7055511
2.6599767
2.6679168
2.6844263
2.7108343
2.6757634
2.7194455
2.6775897
2.6902852
2.690921
test_risk
2.7286408
2.7426374
2.6970084
2.7092533
2.7017667
2.7590563
2.7183778
2.6833382
2.6821349
2.6990013
2.7334023
2.6912386
2.7353337
2.6977615
2.7043195
2.713219
test_mean_value
-0.0010880538
-0.001336794
-0.0013237335
-0.0002500277
-0.001312925
-0.0003037071
-0.0020183944
-0.00041791704
0.001492879
-0.001621557
-0.0029829706
0.0003309074
0.0014571134
-0.0012164543
-0.0011997193
-0.0003771791
test_mean_abs_value
0.4911213
0.5739124
0.54049855
0.6161815
0.5635972
0.49546364
0.51429296
0.49384448
0.58893746
0.5214768
0.44366968
0.47316858
0.4980144
0.47892135
0.5080991
0.50481564
test_variance_value
0.37062642
0.50069946
0.4479634
0.57344216
0.4896367
0.3761314
0.40718555
0.37656444
0.5257089
0.4147712
0.30720142
0.34921825
0.38199592
0.35223845
0.39609486
0.39116517
test_mean_costs
0.0
0.0
0.0
0.0
0.0
0.0
0.0
0.0
0.0
0.0
0.0
0.0
0.0
0.0
0.0
0.0
test_mean_abs_costs
0.0
0.0
0.0
0.0
0.0
0.0
0.0
0.0
0.0
0.0
0.0
0.0
0.0
0.0
0.0
0.0
test_variance_costs
0.0
0.0
0.0
0.0
0.0
0.0
0.0
0.0
0.0
0.0
0.0
0.0
0.0
0.0
0.0
0.0
test_mean_wealth
-1.9288938
-1.9283078
-1.9277968
-1.9286861
-1.929825
-1.9295979
-1.9303678
-1.9292767
-1.9274449
-1.9291064
-1.9298958
-1.9272531
-1.9287052
-1.9291693
-1.9297215
-1.9298586
test_mean_abs_wealth
1.9289037
1.9283329
1.9278073
1.9287068
1.9298309
1.9296039
1.9303678
1.9292833
1.9274762
1.9291066
1.9298962
1.9272531
1.9287106
1.9291708
1.9297287
1.9298633
test_variance_wealth
0.16118404
0.17130366
0.1502188
0.15790781
0.15113802
0.1735036
0.15680185
0.14430355
0.14759055
0.14972998
0.16085234
0.14451464
0.16596343
0.1509839
0.15303575
0.15330493
test_wealth_with_price_abs_mean
0.31949487
0.3275967
0.30630141
0.31403083
0.308594
0.33186585
0.31558514
0.3020985
0.3022094
0.30758387
0.31971228
0.30270165
0.32375455
0.30874974
0.31095198
0.31180033
test_wealth_with_price_variance
0.16118404
0.17130366
0.1502188
0.15790781
0.15113802
0.1735036
0.15680185
0.14430355
0.14759055
0.14972998
0.16085234
0.14451464
0.16596343
0.1509839
0.15303575
0.15330493
price
1.929461
1.9294596
1.9294617
1.9294605
1.9294605
1.9294608
1.9294598
1.9294617
1.9294615
1.9294598
1.9294586
1.9294615
1.92946
1.92946
1.9294591
1.9294591
train_time
102.33716910000001
95.23216629999999
79.86569109999999
68.28546179999995
84.38384560000003
83.87856339999996
110.91189940000004
138.82015289999993
134.5593963
142.27855249999993
122.07654360000015
121.75146610000002
150.1103716
198.75147629999992
137.80564270000013
146.88921340000024

