================================================================================
=== continuous-time
train_risk
2.6751165
2.658624
2.8205197
2.7313874
2.7180026
2.877382
2.755558
2.6499162
2.705061
2.7338057
2.7089133
2.9099844
2.7633488
2.7800577
2.667957
2.6755636
test_risk
2.6728077
2.6607566
2.8150961
2.7304845
2.7203748
2.8727446
2.7576454
2.649427
2.706815
2.7312658
2.70657
2.9087627
2.7677858
2.776108
2.6657891
2.6763484
test_mean_value
0.00067873875
0.0013504268
0.0010520453
-0.002052438
-0.00019202167
0.0019353671
0.002057493
0.0023588033
0.002573854
0.002596423
-0.0011212436
0.00084341364
-0.0006521741
-0.00093191856
0.0010314035
0.00064319134
test_mean_abs_value
0.70948595
0.68666613
0.8635182
0.77044374
0.76195765
0.90051454
0.78968245
0.67498225
0.7642538
0.77311
0.73237735
0.9870175
0.80340046
0.804657
0.69622624
0.6950251
test_variance_value
0.7647226
0.71698934
1.090226
0.8890521
0.87775916
1.1811686
0.9311608
0.69521946
0.88653594
0.88108677
0.8100949
1.4070939
0.9405355
0.969555
0.7380293
0.75851816
test_mean_costs
0.0
0.0
0.0
0.0
0.0
0.0
0.0
0.0
0.0
0.0
0.0
0.0
0.0
0.0
0.0
0.0
test_mean_abs_costs
0.0
0.0
0.0
0.0
0.0
0.0
0.0
0.0
0.0
0.0
0.0
0.0
0.0
0.0
0.0
0.0
test_variance_costs
0.0
0.0
0.0
0.0
0.0
0.0
0.0
0.0
0.0
0.0
0.0
0.0
0.0
0.0
0.0
0.0
test_mean_wealth
-1.9285624
-1.9301418
-1.9283614
-1.9294345
-1.9291279
-1.9290115
-1.9291393
-1.929524
-1.9309407
-1.9300948
-1.9288194
-1.9293972
-1.9302636
-1.9291884
-1.9304949
-1.930033
test_mean_abs_wealth
1.9286587
1.930195
1.9289005
1.9295841
1.9292811
1.9296365
1.9293205
1.9295396
1.9310799
1.9302179
1.9288744
1.9308218
1.9304286
1.9294678
1.9305217
1.9300802
test_variance_wealth
0.13022642
0.12586722
0.18250327
0.1463065
0.14383829
0.1886481
0.15535006
0.12203769
0.14088771
0.1413629
0.13338026
0.21595031
0.14914204
0.16609223
0.12773646
0.12833221
test_wealth_with_price_abs_mean
0.28005183
0.27588382
0.32744262
0.2948538
0.29253152
0.32947627
0.30354667
0.2725671
0.290314
0.28930014
0.2823101
0.351905
0.29536557
0.3143206
0.2784064
0.27792257
test_wealth_with_price_variance
0.13022642
0.12586722
0.18250327
0.1463065
0.14383829
0.1886481
0.15535006
0.12203769
0.14088771
0.1413629
0.13338026
0.21595031
0.14914204
0.16609223
0.12773646
0.12833221
price
1.9294605
1.9294624
1.9294605
1.9294586
1.9294586
1.9294591
1.9294586
1.929456
1.9294624
1.9294605
1.9294586
1.9294624
1.9294586
1.9294605
1.9294605
1.929461
train_time
2.514095900000001
3.1606869000000017
3.4936237999999946
2.456802200000027
3.642832800000008
5.836359000000016
3.1329915999999685
3.5774801000000025
2.883356899999967
2.655066899999838
4.745575900000176
2.495026299999836
7.425447100000156
5.620280299999877
2.169841699999779
2.519479600000068


================================================================================
=== deep network w. PCA
train_risk
2.8499806
2.8078601
2.7585552
2.8772337
2.7367508
2.7856414
2.7148497
2.6473007
2.869231
2.8758497
2.6781461
2.9012482
2.8685334
2.8658922
2.8495245
2.6939797
test_risk
2.8556368
2.8191063
2.7652862
2.8832815
2.7502196
2.791172
2.7265224
2.6590445
2.8778062
2.8755493
2.6850858
2.9028947
2.875166
2.8678086
2.8574443
2.704898
test_mean_value
0.00087449315
0.0013934701
0.0016713226
-0.0013493643
-0.00020357799
0.0022127326
0.0022333525
0.0026014973
0.0029395216
0.0040120385
-0.0013590351
0.0008127597
-7.258231e-05
-0.0022369814
0.0017023814
0.0011266392
test_mean_abs_value
0.7208622
0.7138755
0.962803
0.81333
0.8188692
1.0109758
0.8671208
0.7198206
0.8044615
0.8033673
0.7887138
1.098265
0.8514868
0.8831798
0.705847
0.73545384
test_variance_value
0.7890391
0.7734246
1.3594654
0.98886424
1.0253267
1.5071592
1.132785
0.7954033
0.9894381
0.9458326
0.9417316
1.747187
1.065319
1.171036
0.7610611
0.85311717
test_mean_costs
0.0
0.0
0.0
0.0
0.0
0.0
0.0
0.0
0.0
0.0
0.0
0.0
0.0
0.0
0.0
0.0
test_mean_abs_costs
0.0
0.0
0.0
0.0
0.0
0.0
0.0
0.0
0.0
0.0
0.0
0.0
0.0
0.0
0.0
0.0
test_variance_costs
0.0
0.0
0.0
0.0
0.0
0.0
0.0
0.0
0.0
0.0
0.0
0.0
0.0
0.0
0.0
0.0
test_mean_wealth
-1.9283667
-1.9300988
-1.9277421
-1.9287314
-1.9291395
-1.9287342
-1.9289634
-1.9292812
-1.9305751
-1.9286792
-1.9290572
-1.9294279
-1.9296842
-1.9304934
-1.929824
-1.9295495
test_mean_abs_wealth
1.9292635
1.9308339
1.9298426
1.9304836
1.9296576
1.9312637
1.9297148
1.9293624
1.9319532
1.929895
1.9293242
1.9339836
1.9306809
1.9328045
1.930518
1.9297248
test_variance_wealth
0.2405687
0.23127653
0.22103883
0.26539057
0.19243889
0.2275831
0.187112
0.14517498
0.26094776
0.2573682
0.15585668
0.2955211
0.24691544
0.275658
0.24477638
0.16195792
test_wealth_with_price_abs_mean
0.3798218
0.37056342
0.35627693
0.39924514
0.34086746
0.35983378
0.33227816
0.29786304
0.39490765
0.39299098
0.30629256
0.41273674
0.38681984
0.40137663
0.38463986
0.31429058
test_wealth_with_price_variance
0.2405687
0.23127653
0.22103883
0.26539057
0.19243889
0.2275831
0.187112
0.14517498
0.26094776
0.2573682
0.15585668
0.2955211
0.24691544
0.275658
0.24477638
0.16195792
price
1.9294605
1.9294624
1.9294605
1.9294586
1.9294586
1.9294591
1.9294586
1.929456
1.9294624
1.9294605
1.9294586
1.9294624
1.9294586
1.9294605
1.9294605
1.929461
train_time
104.1574743
78.70786740000003
92.98271410000001
82.65264059999998
92.12986160000003
153.48581079999997
107.11237559999995
102.11625850000007
134.2004257000001
95.64824040000008
105.02052780000008
67.31456149999985
73.63349990000006
112.10209499999996
91.97165949999999
155.84764489999998


