================================================================================
=== continuous-time
train_risk
3.3737752
3.205559
3.2179694
2.9394794
3.1318333
3.3304317
3.2428508
3.3215144
2.9428275
3.1254401
3.0297756
3.312981
3.3794222
3.3592558
3.3425827
3.3560214
test_risk
3.3847175
3.20222
3.2181792
2.9381285
3.1318922
3.3218863
3.2466316
3.3256094
2.942598
3.126129
3.0300329
3.3167725
3.3780062
3.3513222
3.342245
3.3608744
test_mean_value
0.001768815
0.0027412819
0.0032818655
-0.0030903148
-0.002847395
0.003110763
-0.0035370092
0.0028676968
-0.00033077496
-0.00070627476
0.0015491581
-0.0030185068
-0.0018815327
-0.00516342
-0.0034111866
-0.0065466706
test_mean_abs_value
1.35474
1.250585
1.2607753
0.91035324
1.1772089
1.3330837
1.2849
1.3316063
0.91453516
1.1715933
1.056197
1.3233231
1.3531657
1.3447293
1.3421148
1.3456026
test_variance_value
2.4360623
2.1068418
2.139806
1.251502
1.9102327
2.3639286
2.2099762
2.3569899
1.2632582
1.8974037
1.614816
2.3309674
2.4302263
2.4038744
2.3931594
2.4051936
test_mean_costs
0.0
0.0
0.0
0.0
0.0
0.0
0.0
0.0
0.0
0.0
0.0
0.0
0.0
0.0
0.0
0.0
test_mean_abs_costs
0.0
0.0
0.0
0.0
0.0
0.0
0.0
0.0
0.0
0.0
0.0
0.0
0.0
0.0
0.0
0.0
test_variance_costs
0.0
0.0
0.0
0.0
0.0
0.0
0.0
0.0
0.0
0.0
0.0
0.0
0.0
0.0
0.0
0.0
test_mean_wealth
-1.932096
-1.9283458
-1.9303076
-1.9307253
-1.9312747
-1.9289414
-1.9296501
-1.9305094
-1.9301094
-1.9304975
-1.9295343
-1.9319369
-1.9291946
-1.9292294
-1.9284401
-1.9298123
test_mean_abs_wealth
1.9418728
1.9343187
1.9368123
1.9315829
1.9355997
1.9378704
1.9366521
1.9391116
1.9309388
1.9344729
1.9317667
1.9403938
1.9392762
1.9393783
1.9381862
1.9393837
test_variance_wealth
0.4539086
0.36228424
0.36919406
0.23245803
0.3217584
0.429958
0.38681158
0.4278673
0.23545882
0.3159976
0.27073497
0.42120746
0.4540708
0.44296792
0.43805912
0.44504702
test_wealth_with_price_abs_mean
0.5042364
0.45257005
0.45657635
0.37080738
0.42746288
0.49188688
0.46792975
0.49107152
0.3733634
0.42426097
0.3951567
0.48696774
0.5042225
0.49741173
0.49539644
0.4994405
test_wealth_with_price_variance
0.4539086
0.36228424
0.36919406
0.23245803
0.3217584
0.429958
0.38681158
0.4278673
0.23545882
0.3159976
0.27073497
0.42120746
0.4540708
0.44296792
0.43805912
0.44504702
price
1.9294548
1.9294548
1.9294548
1.9294586
1.9294586
1.9294548
1.9294548
1.9294548
1.9294548
1.9294548
1.9294548
1.9294548
1.9294558
1.9294548
1.9294548
1.9294548
train_time
3.9978909
3.2653940000000006
2.914855700000004
1.962548599999991
1.9426606000000106
3.5603554999999574
2.3929689999999937
1.7252925000000232
2.3544255000000476
2.381875799999989
2.8637977000000774
1.9648732999999083
4.666530199999897
4.511145999999826
2.3225287999998727
5.089960900000051


================================================================================
=== deep network w. PCA
train_risk
3.173591
3.1262703
3.1259346
2.8871593
3.1641052
3.160975
3.153661
3.1765037
2.8648622
3.1535587
2.9181354
3.1621916
3.185294
3.1965344
3.1703851
3.1885095
test_risk
3.180207
3.1255453
3.1257684
2.891281
3.163813
3.1574376
3.1583116
3.1808815
2.870453
3.1529086
2.9251394
3.1665092
3.1883857
3.1930096
3.1705146
3.1961923
test_mean_value
0.002853133
0.0028621925
0.00369078
-0.0033385435
-0.0035646157
0.004415496
-0.004329645
0.0029080978
-0.00067910325
-0.00049688434
0.0020345626
-0.0038679678
-0.002250716
-0.006625618
-0.0035456899
-0.0068328325
test_mean_abs_value
1.5414532
1.4418613
1.4560882
1.0129613
1.3780125
1.5276314
1.456391
1.497447
1.0274236
1.366983
1.1885453
1.5175105
1.5606476
1.5433387
1.544572
1.5182928
test_variance_value
3.2568262
2.8433402
2.8957005
1.5517677
2.6113114
3.1898906
2.8941848
3.0534832
1.5978099
2.5673978
2.0649807
3.149717
3.3383875
3.264394
3.266529
3.151898
test_mean_costs
0.0
0.0
0.0
0.0
0.0
0.0
0.0
0.0
0.0
0.0
0.0
0.0
0.0
0.0
0.0
0.0
test_mean_abs_costs
0.0
0.0
0.0
0.0
0.0
0.0
0.0
0.0
0.0
0.0
0.0
0.0
0.0
0.0
0.0
0.0
test_variance_costs
0.0
0.0
0.0
0.0
0.0
0.0
0.0
0.0
0.0
0.0
0.0
0.0
0.0
0.0
0.0
0.0
test_mean_wealth
-1.9310117
-1.9282249
-1.9298986
-1.9309735
-1.9319919
-1.9276366
-1.9304427
-1.930469
-1.9304577
-1.9302881
-1.9290489
-1.9327862
-1.9295638
-1.9306916
-1.9285747
-1.9300985
test_mean_abs_wealth
1.9652371
1.9525526
1.9553019
1.9341857
1.9586176
1.9596753
1.9541736
1.958287
1.9338688
1.9561416
1.9372331
1.962434
1.9671491
1.9653178
1.9630829
1.9613516
test_variance_wealth
0.5858153
0.5203957
0.5214183
0.27945244
0.5521812
0.56954145
0.51916456
0.55774695
0.27902025
0.5426777
0.3326357
0.55580175
0.6060147
0.592595
0.5824651
0.575126
test_wealth_with_price_abs_mean
0.56578517
0.5361962
0.53547287
0.40362182
0.55351317
0.55713344
0.537064
0.5562855
0.40209576
0.5486516
0.43222764
0.5516124
0.57200366
0.5680404
0.561872
0.56151843
test_wealth_with_price_variance
0.5858153
0.5203957
0.5214183
0.27945244
0.5521812
0.56954145
0.51916456
0.55774695
0.27902025
0.5426777
0.3326357
0.55580175
0.6060147
0.592595
0.5824651
0.575126
price
1.9294548
1.9294548
1.9294548
1.9294586
1.9294586
1.9294548
1.9294548
1.9294548
1.9294548
1.9294548
1.9294548
1.9294548
1.9294558
1.9294548
1.9294548
1.9294548
train_time
67.4624368
68.3975972
86.3086169
69.35160640000004
75.65557100000001
81.04149800000005
60.91382280000005
61.60273369999993
93.37256890000003
104.1995895
123.15641130000006
60.608322399999906
83.59906939999996
68.08005830000002
106.05439449999994
68.31896429999983


