================================================================================
=== continuous-time
train_risk
3.4069095
3.3976622
3.3968613
3.4020252
3.3969069
3.4051025
3.40702
3.401031
3.4016297
3.4034357
3.4021654
3.3975956
3.405536
3.3957524
3.403896
3.4007704
test_risk
3.3987243
3.4007087
3.409071
3.39578
3.399429
3.4013062
3.3998153
3.4050071
3.4046054
3.4115248
3.406632
3.4039848
3.4022794
3.4034007
3.4017339
3.402528
test_mean_value
0.00010450556
0.0030874785
-0.00232536
-0.0063529196
0.001743626
-0.0010426581
0.0018675174
0.0041036843
-0.0013234204
0.004054016
0.00069823593
0.00012139936
-0.0032915375
-0.002019881
-0.0026130765
0.00013469261
test_mean_abs_value
1.3629918
1.3613632
1.3615959
1.359292
1.3586164
1.3614359
1.3624665
1.3636887
1.3603886
1.3617675
1.3617253
1.3613454
1.3591863
1.3602562
1.360477
1.3606107
test_variance_value
2.4683394
2.4623275
2.4626784
2.4581711
2.4526412
2.4606586
2.4640791
2.4703608
2.4603612
2.4654818
2.4618003
2.4644723
2.4541109
2.4562192
2.4594374
2.4590316
test_mean_costs
0.0
0.0
0.0
0.0
0.0
0.0
0.0
0.0
0.0
0.0
0.0
0.0
0.0
0.0
0.0
0.0
test_mean_abs_costs
0.0
0.0
0.0
0.0
0.0
0.0
0.0
0.0
0.0
0.0
0.0
0.0
0.0
0.0
0.0
0.0
test_variance_costs
0.0
0.0
0.0
0.0
0.0
0.0
0.0
0.0
0.0
0.0
0.0
0.0
0.0
0.0
0.0
0.0
test_mean_wealth
-1.9256834
-1.928067
-1.9309665
-1.9291366
-1.9290417
-1.9298825
-1.9288551
-1.929595
-1.9318268
-1.9298053
-1.9303536
-1.9288079
-1.9294857
-1.9321185
-1.9281237
-1.9295071
test_mean_abs_wealth
1.9366285
1.9387139
1.9414346
1.9397998
1.9394841
1.9402523
1.939554
1.9406018
1.9420217
1.940568
1.9408512
1.9397236
1.9398639
1.9427599
1.938725
1.9398648
test_variance_wealth
0.46559036
0.46509546
0.4636573
0.46110055
0.46490544
0.463061
0.46489027
0.46811128
0.46330026
0.46896064
0.4645503
0.46685234
0.46575636
0.46240604
0.46405154
0.46385184
test_wealth_with_price_abs_mean
0.50831866
0.5090286
0.50806206
0.5063256
0.5094908
0.50772566
0.50910866
0.51020956
0.50854445
0.5108961
0.50865126
0.5097279
0.51016146
0.5070855
0.5079725
0.5085186
test_wealth_with_price_variance
0.46559036
0.46509546
0.4636573
0.46110055
0.46490544
0.463061
0.46489027
0.46811128
0.46330026
0.46896064
0.4645503
0.46685234
0.46575636
0.46240604
0.46405154
0.46385184
price
1.9294548
1.9294624
1.9294548
1.9294624
1.9294548
1.9294548
1.9294548
1.9294548
1.9294548
1.9294548
1.9294624
1.9294548
1.9294548
1.9294548
1.9294624
1.9294548
train_time
1.8133520999999995
1.980339200000003
1.9562296999999944
2.2559861999999953
1.5715411000000472
2.292638599999975
2.336327900000015
2.4896715999999515
5.75930029999995
2.3934320999999272
1.458396300000004
2.442022599999973
2.0360065999999506
3.366340199999968
2.563378499999999
1.5778697000000648


================================================================================
=== deep network
train_risk
3.2058053
3.2243795
3.1920094
3.198474
3.193221
3.234668
3.2209246
3.2247348
3.2243469
3.2115793
3.2200122
3.411379
3.2023232
3.2007885
3.2109869
3.1989372
test_risk
3.1989906
3.2246485
3.2071586
3.19403
3.1989956
3.231815
3.213643
3.2297556
3.2277763
3.2182686
3.2218318
3.4189787
3.2003987
3.20229
3.2113636
3.199103
test_mean_value
-0.000670331
0.0029027883
-0.0035924478
-0.008557792
0.002442179
-0.0006256281
0.0030824193
0.0051641534
-0.0016871735
0.005547279
0.0012676817
0.0013054322
-0.003158776
-0.0020959668
-0.0041548093
-0.00025527805
test_mean_abs_value
1.5593507
1.5788118
1.561637
1.5573996
1.5561098
1.5623503
1.5286524
1.5895058
1.5340748
1.5667912
1.5697879
1.4679018
1.5561068
1.5545355
1.5787351
1.5567929
test_variance_value
3.3453312
3.4380033
3.347432
3.3461158
3.3240745
3.3618333
3.2156196
3.473712
3.232198
3.374324
3.39177
2.99385
3.3267708
3.3131125
3.4337335
3.333436
test_mean_costs
0.0
0.0
0.0
0.0
0.0
0.0
0.0
0.0
0.0
0.0
0.0
0.0
0.0
0.0
0.0
0.0
test_mean_abs_costs
0.0
0.0
0.0
0.0
0.0
0.0
0.0
0.0
0.0
0.0
0.0
0.0
0.0
0.0
0.0
0.0
test_variance_costs
0.0
0.0
0.0
0.0
0.0
0.0
0.0
0.0
0.0
0.0
0.0
0.0
0.0
0.0
0.0
0.0
test_mean_wealth
-1.9264582
-1.9282517
-1.9322336
-1.9313415
-1.9283433
-1.9294654
-1.9276401
-1.9285345
-1.9321905
-1.928312
-1.9297843
-1.9276239
-1.9293529
-1.9321946
-1.9296654
-1.9298972
test_mean_abs_wealth
1.9657964
1.969278
1.9703013
1.9710118
1.9660524
1.9690036
1.9631678
1.9701627
1.966959
1.9688737
1.9705157
1.9652148
1.9674741
1.9685704
1.9699304
1.9669176
test_variance_wealth
0.6227225
0.6394823
0.6150377
0.6221743
0.61666644
0.6334185
0.6107899
0.63980067
0.6016914
0.63613164
0.63633823
0.7130989
0.6171682
0.6044392
0.6367958
0.61497027
test_wealth_with_price_abs_mean
0.58076876
0.58792365
0.5777846
0.58052313
0.57948685
0.5867556
0.5786763
0.586906
0.57342756
0.5873196
0.5866367
0.6370088
0.5797257
0.5733274
0.58848244
0.57945603
test_wealth_with_price_variance
0.6227225
0.6394823
0.6150377
0.6221743
0.61666644
0.6334185
0.6107899
0.63980067
0.6016914
0.63613164
0.63633823
0.7130989
0.6171682
0.6044392
0.6367958
0.61497027
price
1.9294548
1.9294624
1.9294548
1.9294624
1.9294548
1.9294548
1.9294548
1.9294548
1.9294548
1.9294548
1.9294624
1.9294548
1.9294548
1.9294548
1.9294624
1.9294548
train_time
56.17918680000001
71.0011259
75.372681
65.11651979999999
71.16329919999998
68.0895731
63.98335300000008
64.76665580000008
51.28021380000007
48.530129800000054
58.07569560000002
54.7645837
103.61235469999997
57.5608823
62.19212659999994
83.7178292000001


================================================================================
=== identity feature map
train_risk
3.363943
3.304973
3.3270404
3.3111382
3.3027046
3.3541853
3.318425
3.3121748
3.3108764
3.3121061
3.3218417
3.3079715
3.3109274
3.3031664
3.3105438
3.3077617
test_risk
3.3523326
3.3078303
3.3411613
3.3051233
3.305233
3.351449
3.3106086
3.3179505
3.316486
3.3205588
3.3274066
3.3161118
3.3096936
3.3113673
3.3081625
3.3071387
test_mean_value
0.00040534075
0.0032746738
-0.0036077548
-0.0073157502
0.002709013
-0.00045804976
0.0022868095
0.004852924
-0.001722135
0.0045599695
0.001500504
0.00030745758
-0.00354911
-0.0024260327
-0.0031910157
0.0002581586
test_mean_abs_value
1.5983336
1.5644006
1.5747588
1.5628793
1.5605668
1.5366838
1.5611404
1.5689524
1.5695364
1.5673002
1.5713902
1.5668755
1.56035
1.5605556
1.5651019
1.5672517
test_variance_value
3.4040327
3.2441742
3.2984393
3.2426252
3.2283702
3.1457534
3.2312832
3.2626548
3.2707627
3.258222
3.2786407
3.25952
3.227981
3.2264805
3.2483916
3.2559178
test_mean_costs
0.0
0.0
0.0
0.0
0.0
0.0
0.0
0.0
0.0
0.0
0.0
0.0
0.0
0.0
0.0
0.0
test_mean_abs_costs
0.0
0.0
0.0
0.0
0.0
0.0
0.0
0.0
0.0
0.0
0.0
0.0
0.0
0.0
0.0
0.0
test_variance_costs
0.0
0.0
0.0
0.0
0.0
0.0
0.0
0.0
0.0
0.0
0.0
0.0
0.0
0.0
0.0
0.0
test_mean_wealth
-1.9253825
-1.9278798
-1.9322488
-1.9300995
-1.9280764
-1.9292979
-1.9284357
-1.9288458
-1.9322256
-1.9292992
-1.9295515
-1.9286218
-1.9297432
-1.9325247
-1.9287016
-1.9293838
test_mean_abs_wealth
1.9506444
1.9488072
1.954107
1.9512557
1.9487535
1.9490163
1.9493612
1.9507208
1.9528527
1.9507035
1.95102
1.9504778
1.95056
1.9532745
1.9495642
1.9499221
test_variance_wealth
0.5887631
0.54575783
0.5677342
0.5436245
0.54619366
0.55409104
0.55129594
0.5499018
0.5471153
0.5491459
0.56289005
0.5500914
0.5458126
0.5410048
0.5469763
0.54409426
test_wealth_with_price_abs_mean
0.57162124
0.5507374
0.5641955
0.549491
0.5518293
0.55780876
0.5550475
0.5512996
0.5522324
0.5516318
0.56222856
0.55203116
0.55153215
0.548068
0.5518121
0.5500504
test_wealth_with_price_variance
0.5887631
0.54575783
0.5677342
0.5436245
0.54619366
0.55409104
0.55129594
0.5499018
0.5471153
0.5491459
0.56289005
0.5500914
0.5458126
0.5410048
0.5469763
0.54409426
price
1.9294548
1.9294624
1.9294548
1.9294624
1.9294548
1.9294548
1.9294548
1.9294548
1.9294548
1.9294548
1.9294624
1.9294548
1.9294548
1.9294548
1.9294624
1.9294548
train_time
3.3996013000000005
5.392763699999989
4.886826799999966
6.447642199999962
7.114211000000012
3.3880379999999946
4.029253499999982
11.303255400000012
4.535738500000093
4.279545600000006
3.1351697999999715
5.09561819999999
8.011175099999946
11.750049999999874
5.469581699999935
7.647224400000141


