================================================================================
=== continuous-time
train_risk
16.686049
16.70137
16.684582
16.672308
16.717064
16.653019
16.66431
16.686762
test_risk
16.70861
16.660618
16.691973
16.716728
16.718872
16.669693
16.65806
16.708271
test_mean_value
0.9898526
1.0378996
1.036406
1.0564253
1.0141431
1.0005945
0.96469444
0.98613924
test_mean_abs_value
13.34272
13.365767
13.363486
13.400334
13.354725
13.337508
13.30538
13.335756
test_variance_value
344.43625
343.96844
345.9599
346.60605
344.29678
344.98367
342.61383
343.7447
test_mean_costs
0.91598445
0.9158427
0.9164701
0.91663796
0.9161367
0.916328
0.91522205
0.9164369
test_mean_abs_costs
0.91598445
0.9158427
0.9164701
0.91663796
0.9161367
0.916328
0.91522205
0.9164369
test_variance_costs
0.08723854
0.08698776
0.08697621
0.087300606
0.086778335
0.08664246
0.086414106
0.08709092
test_mean_wealth
-10.236329
-10.226441
-10.230494
-10.230603
-10.23274
-10.227433
-10.231774
-10.241638
test_mean_abs_wealth
10.262358
10.250302
10.255276
10.254018
10.257962
10.253233
10.256718
10.267459
test_variance_wealth
12.944561
12.868353
12.922957
12.972252
12.972265
12.884521
12.852572
12.933266
test_wealth_with_price_abs_mean
2.780686
2.7750535
2.7780764
2.7843235
2.7820818
2.7742956
2.7734609
2.782208
test_wealth_with_price_variance
12.944561
12.868353
12.922957
12.972252
12.972265
12.884521
12.852572
12.933266
price
9.440579
9.440579
9.440579
9.440579
9.440579
9.440579
9.440579
9.440601
train_time
2.3165210999999992
3.85769769999996
2.000654999999938
3.160453000000075
2.205511000000115
2.2071968999998717
1.4802784000000884
1.6369320999997399


================================================================================
=== deep network
train_risk
14.493118
14.436663
14.54915
14.4304285
14.429115
14.536615
14.471121
14.572006
test_risk
14.499663
14.421122
14.569338
14.452906
14.452114
14.553608
14.46883
14.570473
test_mean_value
0.90225977
0.9384439
0.943292
0.9520241
0.9317573
0.8910733
0.8638431
0.8743346
test_mean_abs_value
12.217711
12.159239
12.233288
12.224937
12.336287
12.071026
11.993509
11.800512
test_variance_value
285.91058
282.14197
288.11655
286.41678
288.8828
281.01163
277.3328
271.1026
test_mean_costs
0.8018192
0.79919165
0.8311365
0.8012141
0.80366665
0.82047707
0.80572486
0.7944706
test_mean_abs_costs
0.8018192
0.79919165
0.8311365
0.8012141
0.80366665
0.82047707
0.80572486
0.7944706
test_variance_costs
0.051347308
0.050936367
0.055959933
0.05067843
0.05031331
0.050425444
0.047382314
0.04820478
test_mean_wealth
-10.209757
-10.209246
-10.238275
-10.21958
-10.202656
-10.241103
-10.223129
-10.231477
test_mean_abs_wealth
10.209815
10.2092495
10.238281
10.219588
10.202665
10.241165
10.223164
10.23162
test_variance_wealth
8.579813
8.423751
8.662126
8.466651
8.498916
8.625009
8.491401
8.677991
test_wealth_with_price_abs_mean
2.3371875
2.3134584
2.348425
2.317216
2.3282459
2.3516047
2.325089
2.3441632
test_wealth_with_price_variance
8.579813
8.423751
8.662126
8.466651
8.498916
8.625009
8.491401
8.677991
price
9.440579
9.440579
9.440579
9.440579
9.440579
9.440579
9.440579
9.440601
train_time
68.2361791
100.58575309999998
82.07138800000007
82.43709769999998
85.31469700000002
59.45061940000005
54.07488439999997
62.52371989999983


================================================================================
=== identity feature map
train_risk
14.123116
14.027572
14.113694
14.194552
14.026004
13.986077
14.268791
14.034558
test_risk
14.122507
14.021144
14.115524
14.22097
14.0442295
13.995981
14.257198
14.034938
test_mean_value
0.899786
0.9387037
0.9388913
0.95299387
0.91708183
0.90053874
0.87310845
0.88976836
test_mean_abs_value
12.249677
12.238827
12.261247
12.3278265
12.224839
12.171883
12.148192
12.115164
test_variance_value
286.4262
283.57556
285.66122
287.7456
283.6352
282.46725
281.66867
279.21762
test_mean_costs
0.8161629
0.8256061
0.84379774
0.848187
0.83077353
0.8250238
0.8179205
0.8206325
test_mean_abs_costs
0.8161629
0.8256061
0.84379774
0.848187
0.83077353
0.8250238
0.8179205
0.8206325
test_variance_costs
0.055843934
0.059714008
0.06305097
0.0541376
0.059518605
0.057040785
0.06048188
0.057624254
test_mean_wealth
-10.226574
-10.235401
-10.255336
-10.265583
-10.244438
-10.236184
-10.226059
-10.242205
test_mean_abs_wealth
10.226574
10.235401
10.255336
10.265583
10.244438
10.236184
10.226059
10.242205
test_variance_wealth
7.791867
7.571486
7.720376
7.910775
7.599583
7.519594
8.062278
7.585467
test_wealth_with_price_abs_mean
2.2433093
2.2096565
2.2304685
2.267981
2.2164602
2.2066057
2.2806451
2.2124329
test_wealth_with_price_variance
7.791867
7.571486
7.720376
7.910775
7.599583
7.519594
8.062278
7.585467
price
9.440579
9.440579
9.440579
9.440579
9.440579
9.440579
9.440579
9.440601
train_time
5.345891800000004
8.879470200000014
4.200995900000066
6.502496199999996
5.312910599999896
4.952555200000006
4.78923420000001
5.337466899999981


================================================================================
=== deep memory network
train_risk
14.227545
14.403508
14.323191
14.338873
14.121181
14.32761
14.379444
14.504032
test_risk
14.24823
14.406092
14.353758
14.371163
14.146213
14.34144
14.39892
14.49811
test_mean_value
0.9082975
0.92481816
0.94828564
0.9508455
0.9214005
0.90601385
0.8687329
0.8916805
test_mean_abs_value
12.2849245
12.028146
12.222001
12.211203
12.236903
12.148522
12.074676
12.005791
test_variance_value
288.0234
277.5967
287.82712
285.4274
285.34955
283.47595
280.5814
278.75644
test_mean_costs
0.82559854
0.83066356
0.8345269
0.8208967
0.82651687
0.80796015
0.8008158
0.8261108
test_mean_abs_costs
0.82559854
0.83066356
0.8345269
0.8208967
0.82651687
0.80796015
0.8008158
0.8261108
test_variance_costs
0.05069531
0.04657895
0.053946197
0.04829101
0.050674226
0.04927792
0.048156343
0.048586506
test_mean_wealth
-10.227498
-10.254344
-10.2366705
-10.240441
-10.235863
-10.213646
-10.21333
-10.245771
test_mean_abs_wealth
10.227703
10.254344
10.236688
10.240459
10.235863
10.213658
10.21335
10.245816
test_variance_wealth
8.041463
8.303495
8.234176
8.261444
7.8206997
8.255589
8.371181
8.504678
test_wealth_with_price_abs_mean
2.2666829
2.3009262
2.2768006
2.2930663
2.23798
2.2960973
2.3075747
2.3230128
test_wealth_with_price_variance
8.041463
8.303495
8.234176
8.261444
7.8206997
8.255589
8.371181
8.504678
price
9.440579
9.440579
9.440579
9.440579
9.440579
9.440579
9.440579
9.440601
train_time
117.88741759999999
102.45081549999998
101.95170580000001
84.06408229999988
86.35989289999998
116.28963140000019
103.46376499999997
62.108556200000294


================================================================================
=== lstm
train_risk
14.042114
13.957514
14.344316
13.984123
13.960211
13.999705
14.229298
14.00872
test_risk
14.047251
13.969802
14.349781
14.019006
13.984046
14.012664
14.238823
14.008927
test_mean_value
0.8974937
0.9415711
0.96889174
0.9524459
0.9203807
0.9026226
0.86005044
0.895183
test_mean_abs_value
12.260721
12.274686
12.3366585
12.2866125
12.264809
12.168071
12.063411
12.137916
test_variance_value
286.35965
285.2834
290.08392
286.6021
285.4635
282.3205
279.43506
281.8211
test_mean_costs
0.837731
0.8408468
0.83137345
0.83519953
0.84321463
0.84347945
0.8472739
0.8363641
test_mean_abs_costs
0.837731
0.8408468
0.83137345
0.83519953
0.84321463
0.84347945
0.8472739
0.8363641
test_variance_costs
0.055951443
0.049306195
0.05172246
0.054002143
0.050807983
0.05367483
0.047674447
0.05076661
test_mean_wealth
-10.250434
-10.247774
-10.212912
-10.253143
-10.25358
-10.252557
-10.268471
-10.2525215
test_mean_abs_wealth
10.250437
10.247774
10.21297
10.253143
10.25358
10.252576
10.268488
10.25256
test_variance_wealth
7.5936337
7.444056
8.27374
7.5317245
7.4609323
7.5202136
7.9407043
7.512811
test_wealth_with_price_abs_mean
2.2060297
2.1744103
2.2976017
2.1930032
2.1840963
2.1929371
2.2497199
2.1885052
test_wealth_with_price_variance
7.5936337
7.444056
8.27374
7.5317245
7.4609323
7.5202136
7.9407043
7.512811
price
9.440579
9.440579
9.440579
9.440579
9.440579
9.440579
9.440579
9.440601
train_time
62.146383300000025
123.88605160000009
46.77178499999991
95.72060320000014
98.23976790000006
61.14988779999999
42.064984600000116
70.50325820000035


