================================================================================
=== continuous-time
train_risk
12.513516
12.294785
12.803995
12.765974
12.520876
13.384696
12.669966
12.034938
test_risk
12.532213
12.29768
12.825539
12.764835
12.5411005
13.379938
12.697208
12.014393
test_mean_value
1.0200288
1.0168668
0.99743706
1.0240736
0.9980889
0.9939691
1.0543125
1.0125397
test_mean_abs_value
8.6369505
8.32148
6.72601
8.584314
7.396081
8.721354
8.084684
6.807017
test_variance_value
134.131
120.75938
87.433426
134.27678
92.828606
139.2093
110.8949
79.408165
test_mean_costs
0.91637015
0.91588384
0.9164154
0.91650844
0.9161886
0.916043
0.9163651
0.916301
test_mean_abs_costs
0.91637015
0.91588384
0.9164154
0.91650844
0.9161886
0.916043
0.9163651
0.916301
test_variance_costs
0.031993996
0.029063616
0.023164466
0.032321926
0.023622027
0.03452955
0.027535904
0.020316888
test_mean_wealth
-10.232525
-10.227934
-10.234105
-10.22801
-10.236919
-10.239328
-10.229794
-10.228941
test_mean_abs_wealth
10.232768
10.227995
10.23425
10.228306
10.236959
10.239841
10.229895
10.228946
test_variance_wealth
4.5993767
4.139492
5.182868
5.07365
4.6083627
6.281219
4.9348288
3.5709047
test_wealth_with_price_abs_mean
1.7740554
1.7052938
1.8422062
1.8513815
1.763715
2.0204318
1.8232121
1.5970461
test_wealth_with_price_variance
4.5993767
4.139492
5.182868
5.07365
4.6083627
6.281219
4.9348288
3.5709047
price
9.440584
9.4405775
9.440583
9.440589
9.440589
9.440589
9.44059
9.440595
train_time
3.2341093999999995
1.9761760000000095
4.281550799999991
2.042777299999898
2.900120999999899
2.325884999999971
5.323619700000108
1.9927073000003475


================================================================================
=== deep network
train_risk
12.4433975
12.323488
11.854142
12.563688
12.533663
12.0311365
12.457195
12.30158
test_risk
12.46033
12.336466
11.881763
12.5770035
12.544994
12.031491
12.482679
12.311449
test_mean_value
0.9347992
0.9319026
1.8552972
1.0344328
1.0065643
1.7537608
1.1193401
0.9648743
test_mean_abs_value
7.7455616
7.442829
6.0587106
7.8015075
6.564633
7.8387184
7.217755
5.9693103
test_variance_value
108.223495
97.44253
74.03406
110.68804
74.81484
115.749405
89.814865
62.05733
test_mean_costs
0.87140244
0.880635
0.9402655
0.91372705
0.88919944
1.1072322
0.8980862
0.88696307
test_mean_abs_costs
0.87140244
0.880635
0.9402655
0.91372705
0.88919944
1.1072322
0.8980862
0.88696307
test_variance_costs
0.018523911
0.015909098
0.013253462
0.020142853
0.015614795
0.029777156
0.016095307
0.012664542
test_mean_wealth
-10.272787
-10.27765
-9.400095
-10.2148695
-10.201455
-9.670726
-10.146487
-10.247269
test_mean_abs_wealth
10.272787
10.277674
9.400358
10.2148695
10.201528
9.67096
10.146509
10.247368
test_variance_wealth
4.375086
4.1176314
4.9633374
4.7242675
4.687079
4.721531
4.6723843
4.1283603
test_wealth_with_price_abs_mean
1.768555
1.7306468
1.7675714
1.8178235
1.8027517
1.7150681
1.7869943
1.7215986
test_wealth_with_price_variance
4.375086
4.1176314
4.9633374
4.7242675
4.687079
4.721531
4.6723843
4.1283603
price
9.440584
9.4405775
9.440583
9.440589
9.440589
9.440589
9.44059
9.440595
train_time
95.6271485
92.62549620000004
78.26651809999998
88.98272470000006
89.9763759
121.86615919999986
107.2367878
93.46615199999997


================================================================================
=== identity feature map
train_risk
11.53904
11.418805
11.250471
11.658399
11.662599
11.694738
11.643325
11.332029
test_risk
11.544244
11.424102
11.266105
11.6719055
11.667344
11.69615
11.660536
11.31851
test_mean_value
0.93605864
0.92450225
1.4755223
0.9990239
0.9773811
1.299534
1.067167
0.9576642
test_mean_abs_value
7.9058957
7.5550356
6.0993114
7.8711677
6.6967254
7.9534717
7.351158
6.17754
test_variance_value
111.22352
98.97426
74.29268
111.761
75.898384
117.31432
91.4896
65.043434
test_mean_costs
0.7881326
0.77725846
1.0284835
0.79922175
0.7942288
1.1185998
0.80589384
0.7705459
test_mean_abs_costs
0.7881326
0.77725846
1.0284835
0.79922175
0.7942288
1.1185998
0.80589384
0.7705459
test_variance_costs
0.018355535
0.016702777
0.007930303
0.01905067
0.012020864
0.014231094
0.015159166
0.0106335655
test_mean_wealth
-10.188258
-10.181673
-9.868088
-10.135773
-10.135668
-10.13632
-10.106468
-10.138062
test_mean_abs_wealth
10.188258
10.181673
9.868157
10.135773
10.135668
10.136463
10.106468
10.138062
test_variance_wealth
2.7119718
2.4848578
2.7960331
3.072266
3.0633526
3.1196597
3.1081355
2.360896
test_wealth_with_price_abs_mean
1.4008528
1.3548303
1.3592048
1.4716935
1.4614459
1.4739888
1.4663718
1.3170801
test_wealth_with_price_variance
2.7119718
2.4848578
2.7960331
3.072266
3.0633526
3.1196597
3.1081355
2.360896
price
9.440584
9.4405775
9.440583
9.440589
9.440589
9.440589
9.44059
9.440595
train_time
9.516802099999992
11.05647319999997
14.190525000000093
14.63230190000013
11.16579139999999
13.910290499999974
13.995324999999866
14.815416099999766


================================================================================
=== deep memory network
train_risk
12.865122
12.499165
11.886845
12.055949
12.175225
11.553059
12.514061
12.336871
test_risk
12.904038
12.513375
11.903762
12.085033
12.189521
11.555349
12.545475
12.34572
test_mean_value
0.9417314
0.93404335
1.8354856
1.0214509
1.0045085
1.7050556
1.1322124
0.96257955
test_mean_abs_value
7.7330704
7.442664
5.976509
7.7919097
6.637518
7.8869605
7.187208
5.9442606
test_variance_value
108.253075
97.5781
72.7687
110.55975
75.890396
117.361206
89.50029
61.5091
test_mean_costs
0.87200737
0.8355017
0.95601094
0.80288124
0.8381114
1.0172718
0.84489214
0.84595805
test_mean_abs_costs
0.87200737
0.8355017
0.95601094
0.80288124
0.8381114
1.0172718
0.84489214
0.84595805
test_variance_costs
0.02482256
0.019579655
0.0144748455
0.019727573
0.013891687
0.02181962
0.015707098
0.013112994
test_mean_wealth
-10.266459
-10.230375
-9.435652
-10.117005
-10.152423
-9.629471
-10.080421
-10.208558
test_mean_abs_wealth
10.266565
10.23038
9.436088
10.117005
10.152423
9.629588
10.080445
10.208588
test_variance_wealth
5.275158
4.5660005
4.9362197
3.9360561
4.074196
3.851757
4.9301066
4.274324
test_wealth_with_price_abs_mean
1.9005989
1.7857896
1.7605087
1.6404343
1.6688454
1.5479636
1.8087388
1.7302083
test_wealth_with_price_variance
5.275158
4.5660005
4.9362197
3.9360561
4.074196
3.851757
4.9301066
4.274324
price
9.440584
9.4405775
9.440583
9.440589
9.440589
9.440589
9.44059
9.440595
train_time
101.41426709999999
120.21281829999998
81.03877379999994
179.4829874999998
166.75182339999992
127.84490820000019
109.74107730000014
93.87324149999995


================================================================================
=== lstm
train_risk
11.764132
11.485701
10.953785
11.709406
11.732937
11.153746
11.645536
11.423099
test_risk
11.772497
11.496841
10.983284
11.737848
11.755673
11.162402
11.6770935
11.42808
test_mean_value
0.9403413
0.92823654
1.8291086
1.0153117
0.9923712
1.7423043
1.1086285
0.96713465
test_mean_abs_value
7.883984
7.57553
6.1811805
7.818772
6.7490377
7.9739637
7.338156
6.162877
test_variance_value
111.52083
99.505196
75.012794
110.76981
76.97034
118.22709
91.30988
64.592316
test_mean_costs
0.7680517
0.760088
0.85818815
0.77041405
0.7918402
0.93000084
0.7901101
0.7662313
test_mean_abs_costs
0.7680517
0.760088
0.85818815
0.77041405
0.7918402
0.93000084
0.7901101
0.7662313
test_variance_costs
0.016791604
0.014746619
0.010523646
0.01633631
0.0118454695
0.016099548
0.0134319225
0.009308711
test_mean_wealth
-10.163895
-10.1607685
-9.344206
-10.090677
-10.118289
-9.5049515
-10.049223
-10.124276
test_mean_abs_wealth
10.163895
10.1607685
9.344206
10.090677
10.118289
9.504968
10.049223
10.124276
test_variance_wealth
3.217205
2.6721466
3.2781553
3.2943416
3.2747686
3.3149018
3.2557414
2.607606
test_wealth_with_price_abs_mean
1.4977596
1.3853488
1.440137
1.4962419
1.4912161
1.4279337
1.4715601
1.3588411
test_wealth_with_price_variance
3.217205
2.6721466
3.2781553
3.2943416
3.2747686
3.3149018
3.2557414
2.607606
price
9.440584
9.4405775
9.440583
9.440589
9.440589
9.440589
9.44059
9.440595
train_time
64.5806039
109.90296850000004
92.13225999999997
137.80772680000018
98.54950740000004
87.02560379999977
101.11922249999998
108.1146189000001


