================================================================================
=== continuous-time
train_risk
15.091469
14.6938095
16.177523
13.400855
14.462055
16.48153
16.273119
16.525679
test_risk
15.047121
14.690163
16.117788
13.406011
14.465359
16.513348
16.237898
16.488264
test_mean_value
1.057976
1.017834
1.0421102
1.0118464
1.0180684
1.0169998
0.9978117
1.0471277
test_mean_abs_value
7.642016
7.6730924
12.976677
9.532186
7.8007956
13.2533045
13.070468
13.247557
test_variance_value
105.49436
105.33666
326.99402
153.86842
107.7941
339.1301
331.9872
339.79614
test_mean_costs
0.91573536
0.9162115
0.91665334
0.91635895
0.9168797
0.91630733
0.91518104
0.9160453
test_mean_abs_costs
0.91573536
0.9162115
0.91665334
0.91635895
0.9168797
0.91630733
0.91518104
0.9160453
test_variance_costs
0.034598045
0.032389373
0.079621814
0.039498497
0.03159755
0.084733054
0.08128206
0.08438373
test_mean_wealth
-10.221066
-10.224584
-10.229358
-10.233237
-10.240569
-10.231293
-10.221664
-10.223711
test_mean_abs_wealth
10.221312
10.224819
10.248807
10.233685
10.240816
10.254431
10.242595
10.247164
test_variance_wealth
9.652109
8.931157
11.77686
6.3455462
8.44958
12.564108
12.032468
12.529106
test_wealth_with_price_abs_mean
2.451261
2.3562388
2.658602
2.0463142
2.3003972
2.7438
2.6859236
2.7339664
test_wealth_with_price_variance
9.652109
8.931157
11.77686
6.3455462
8.44958
12.564108
12.032468
12.529106
price
9.440579
9.440579
9.440579
9.440588
9.440579
9.440579
9.440579
9.440579
train_time
3.5904534000000004
2.6097806999999875
1.6898735000000897
1.9606211999998777
2.158553200000142
2.1766979999999876
3.7528062000001228
1.708952599999975


================================================================================
=== deep network
train_risk
11.034985
13.44068
13.927955
12.651001
13.521421
14.408989
14.019825
14.09395
test_risk
11.012664
13.441157
13.954237
12.644381
13.548586
14.437657
14.002828
14.07657
test_mean_value
2.7232528
1.2720256
0.9505253
0.92854065
1.1279075
0.9296811
0.89656806
0.9428846
test_mean_abs_value
7.036462
6.8888636
11.851696
8.587241
6.983179
12.069969
11.9101305
12.045362
test_variance_value
92.60781
86.70909
269.3064
125.2655
87.295334
277.9061
272.627
279.17477
test_mean_costs
1.2780765
0.8901024
0.8811926
0.83057207
0.8520666
1.1579803
0.9844165
1.2955005
test_mean_abs_costs
1.2780765
0.8901024
0.8811926
0.83057207
0.8520666
1.1579803
0.9844165
1.2955005
test_variance_costs
0.01885603
0.012936877
0.04829964
0.022132985
0.017209668
0.082105145
0.0570146
0.16017693
test_mean_wealth
-8.918131
-9.9442835
-10.285482
-10.230756
-10.065917
-10.560285
-10.392143
-10.707409
test_mean_abs_wealth
8.919049
9.944333
10.285482
10.230756
10.065936
10.56029
10.392143
10.707409
test_variance_wealth
4.189066
6.993747
7.33751
4.82725
6.965338
7.7547455
7.2213693
6.738322
test_wealth_with_price_abs_mean
1.6686527
2.1164646
2.1790135
1.8242979
2.1147125
2.3004663
2.184703
2.1733236
test_wealth_with_price_variance
4.189066
6.993747
7.33751
4.82725
6.965338
7.7547455
7.2213693
6.738322
price
9.440579
9.440579
9.440579
9.440588
9.440579
9.440579
9.440579
9.440579
train_time
93.8046996
65.79449470000003
85.50580690000004
106.69397189999995
84.82860629999982
90.40954829999987
129.3979502000002
84.72563390000005


================================================================================
=== identity feature map
train_risk
11.51712
13.096382
13.637573
12.179199
13.068924
14.233641
13.799296
14.127223
test_risk
11.501866
13.091626
13.656415
12.179493
13.08655
14.250638
13.785799
14.102194
test_mean_value
2.0368686
1.1803622
0.9455888
0.9342723
1.0744014
0.92377377
0.90079993
0.93846244
test_mean_abs_value
6.6234474
6.8706903
11.890164
8.718389
6.9757023
12.124305
12.028033
11.970604
test_variance_value
89.8003
86.25419
269.93716
128.12521
86.730576
279.56152
275.97974
273.60922
test_mean_costs
1.4501714
0.88916594
0.8225914
0.81220126
0.84167004
0.8469737
0.8245414
0.844267
test_mean_abs_costs
1.4501714
0.88916594
0.8225914
0.81220126
0.84167004
0.8469737
0.8245414
0.844267
test_variance_costs
0.0040775468
0.012144931
0.053580698
0.024201807
0.014409423
0.049098
0.04956481
0.054144997
test_mean_wealth
-9.776609
-10.03501
-10.231817
-10.206654
-10.109027
-10.255185
-10.228037
-10.260597
test_mean_abs_wealth
9.77972
10.03501
10.231817
10.206654
10.109027
10.255185
10.228037
10.260597
test_variance_wealth
3.4505146
6.113232
6.8491955
3.9456785
5.955045
7.9909062
7.1155252
7.683193
test_wealth_with_price_abs_mean
1.4880311
1.9851071
2.1071482
1.6584255
1.9675716
2.28065
2.151597
2.2237062
test_wealth_with_price_variance
3.4505146
6.113232
6.8491955
3.9456785
5.955045
7.9909062
7.1155252
7.683193
price
9.440579
9.440579
9.440579
9.440588
9.440579
9.440579
9.440579
9.440579
train_time
8.096279199999998
10.018606399999953
10.555564400000094
8.250432799999999
10.787052700000004
5.005921700000044
10.776747899999918
5.680707099999836


================================================================================
=== deep memory network
train_risk
10.756142
13.19224
14.096886
12.643495
13.410368
13.952529
13.864455
13.526304
test_risk
10.740989
13.199467
14.131746
12.643269
13.439186
13.985474
13.864729
13.512506
test_mean_value
2.7574785
1.2680881
0.93855673
0.93442625
1.1215707
0.923933
0.89136696
0.9714405
test_mean_abs_value
6.9773116
6.8051996
11.72743
8.626137
6.886756
12.094889
11.935071
12.158264
test_variance_value
91.72027
84.79077
263.9301
126.24147
86.43458
278.9286
272.6506
282.24924
test_mean_costs
1.2397574
0.94905895
0.9773127
0.8376369
0.82825357
1.4028643
1.1782668
1.2154915
test_mean_abs_costs
1.2397574
0.94905895
0.9773127
0.8376369
0.82825357
1.4028643
1.1782668
1.2154915
test_variance_costs
0.015817104
0.03216396
0.0440897
0.024636377
0.014272703
0.26081598
0.14489596
0.48533008
test_mean_wealth
-8.845586
-10.007177
-10.393571
-10.2319355
-10.048441
-10.810916
-10.591195
-10.598845
test_mean_abs_wealth
8.846199
10.007183
10.393571
10.2319355
10.048441
10.810916
10.591195
10.598845
test_variance_wealth
3.790805
6.3845797
7.4763513
4.8226657
6.7814894
6.3491154
6.5470667
5.8273225
test_wealth_with_price_abs_mean
1.6085466
2.0191574
2.2066371
1.8214806
2.079039
2.1638086
2.123738
1.9610859
test_wealth_with_price_variance
3.790805
6.3845797
7.4763513
4.8226657
6.7814894
6.3491154
6.5470667
5.8273225
price
9.440579
9.440579
9.440579
9.440588
9.440579
9.440579
9.440579
9.440579
train_time
98.5304684
123.82637339999997
84.59681579999994
108.75280019999991
89.07422470000006
94.4860086000001
131.8480012
133.60069879999992


================================================================================
=== lstm
train_risk
9.8794565
12.28652
13.059083
12.197067
12.731672
13.012008
13.127749
13.009632
test_risk
9.882564
12.303608
13.092764
12.205968
12.768654
13.028661
13.1298275
12.999774
test_mean_value
3.0450518
1.2745789
0.94617146
0.9310652
1.1118351
0.9190537
0.8915576
0.9584772
test_mean_abs_value
7.142753
6.906448
11.86123
8.6909075
6.9901757
12.078356
11.917719
12.150149
test_variance_value
94.57729
85.55687
268.47852
127.002304
86.54308
276.9752
271.29315
281.77014
test_mean_costs
1.3500423
1.2862663
1.4317186
0.8119251
1.0797372
1.7915963
1.5090657
1.7689633
test_mean_abs_costs
1.3500423
1.2862663
1.4317186
0.8119251
1.0797372
1.7915963
1.5090657
1.7689633
test_variance_costs
0.14416258
0.6486035
0.8803776
0.022493005
0.21201478
1.8645422
1.069967
1.7706759
test_mean_wealth
-8.668298
-10.3378935
-10.840362
-10.209584
-10.30966
-11.204528
-10.921803
-11.165279
test_mean_abs_wealth
8.668387
10.3378935
10.840362
10.209584
10.309689
11.204528
10.921803
11.165279
test_variance_wealth
2.4285312
3.9314287
4.504804
3.992768
4.9179883
3.6482666
4.416049
3.6689887
test_wealth_with_price_abs_mean
1.4468788
1.5318345
1.8230066
1.6517476
1.7507024
1.8932352
1.8533776
1.8626572
test_wealth_with_price_variance
2.4285312
3.9314287
4.504804
3.992768
4.9179883
3.6482666
4.416049
3.6689887
price
9.440579
9.440579
9.440579
9.440588
9.440579
9.440579
9.440579
9.440579
train_time
160.13737260000002
138.71322150000003
105.13854950000007
73.86779060000003
100.38011200000005
106.64159360000008
152.0180494000001
148.15162340000006


