================================================================================
=== continuous-time
train_risk
63.356823
92.964615
48.535152
79.25512
88.072464
37.246357
56.411907
67.86162
test_risk
63.162823
92.781044
48.593037
79.156975
88.0257
37.23794
56.313652
67.78921
test_mean_value
3.0547862
3.7676117
-2.736252
0.14069591
-3.1370249
-0.79157037
-1.1826949
-4.781608
test_mean_abs_value
49.26233
39.160946
17.830553
27.35482
34.2988
17.526133
21.754519
34.868168
test_variance_value
3964.4998
2531.493
500.08643
1205.9999
1809.76
486.19824
744.1114
1874.2075
test_mean_costs
15.490569
15.88215
9.775493
10.766586
16.089802
12.583485
9.565981
11.545557
test_mean_abs_costs
15.490569
15.88215
9.775493
10.766586
16.089802
12.583485
9.565981
11.545557
test_variance_costs
1.6202455
1.5249476
0.30767864
1.0627524
1.1934419
0.7539487
0.6529068
0.5913928
test_mean_wealth
-37.24993
-66.30118
-36.829323
-56.69602
-63.68223
-24.129383
-39.406338
-50.08665
test_mean_abs_wealth
37.25686
66.30118
36.829323
56.69602
63.68223
24.130692
39.406338
50.08665
test_variance_wealth
143.53685
136.8636
26.660748
96.00989
111.93485
40.110058
55.03152
64.13572
test_wealth_with_price_abs_mean
16.228533
16.24924
10.184713
11.855513
16.837273
12.8190565
10.229954
12.557507
test_wealth_with_price_variance
143.53685
136.8636
26.660748
96.00989
111.93485
40.11006
55.03152
64.13572
price
22.112398
50.830322
26.69443
45.87509
47.16486
11.44254
29.6572
37.899868
train_time
6.683452000000003
8.244265300000052
4.248538599999847
7.880388999999923
6.153799199999867
4.446075400000154
7.161316699999588
6.9692019000031


================================================================================
=== deep network
train_risk
-2304.0168
80.70491
40.76047
-160.17583
77.51958
31.753428
-9778.694
53.725105
test_risk
-2281.6602
81.10614
40.976967
-151.87971
77.8228
32.073517
-9746.587
53.855877
test_mean_value
8711.24
16.06931
6.301186
1870.8082
1.5977437
0.17768571
31819.943
4.9265428
test_mean_abs_value
8711.24
35.59745
15.506068
1870.8184
28.606783
14.29493
31819.943
30.570478
test_variance_value
5808181.5
1965.6688
353.8557
332182.4
1286.9657
328.3085
84336220.0
1511.2843
test_mean_costs
2580.456
16.19356
7.3867936
642.4143
11.023169
5.640949
9210.562
9.418944
test_mean_abs_costs
2580.456
16.19356
7.3867936
642.4143
11.023169
5.640949
9210.562
9.418944
test_variance_costs
19857.852
0.5838196
0.14014375
980.3806
0.40908277
0.25749075
291811.9
0.19828992
test_mean_wealth
6105.9707
-54.310894
-25.403187
1182.3239
-53.88083
-16.21759
22580.723
-38.251884
test_mean_abs_wealth
6106.027
54.31107
25.405823
1184.7866
53.88083
16.36913
22580.723
38.251915
test_variance_wealth
5405636.0
155.32108
56.197914
307484.75
128.56288
61.41629
78803580.0
51.600952
test_wealth_with_price_abs_mean
4455.371
26.997545
15.685962
1061.6293
24.12172
15.967896
13262.674
15.727339
test_wealth_with_price_variance
5405636.0
155.32108
56.197914
307484.75
128.56288
61.41629
78803580.0
51.600952
price
-1656.9722
81.1061
40.976948
-126.25419
77.82277
32.07343
-9362.722
53.855865
train_time
280.0112933
125.19204570000011
156.1093890000002
172.09129810000013
138.88253040000018
164.50134630000048
6625.7243015
150.62444060000053


================================================================================
=== identity feature map
train_risk
-116.5074
81.12585
40.952217
26.199001
77.33888
30.194748
-166.45264
54.276573
test_risk
-116.33888
81.137436
41.05061
26.433977
77.29504
30.20267
-166.62128
54.295242
test_mean_value
705.7079
11.422393
3.0786228
224.72237
-0.38167045
0.026472123
863.5824
2.777439
test_mean_abs_value
705.71136
34.84539
15.079954
224.73643
28.99191
14.519122
863.6183
30.323355
test_variance_value
84658.28
1978.3739
363.91736
11871.364
1319.6583
333.7011
151897.95
1491.8829
test_mean_costs
176.61208
14.143172
7.1018977
60.686863
10.844498
6.2898903
198.35059
8.422539
test_mean_abs_costs
176.61208
14.143172
7.1018977
60.686863
10.844498
6.2898903
198.35059
8.422539
test_variance_costs
26.61925
0.5881513
0.10693919
2.9129784
0.55343753
0.24461336
34.93355
0.15270297
test_mean_wealth
504.28168
-56.90742
-28.340855
117.965385
-55.681572
-17.017746
636.57416
-39.404583
test_mean_abs_wealth
504.47116
56.907658
28.347418
120.629944
55.681667
17.04922
636.89307
39.405636
test_variance_wealth
80281.72
128.32025
39.04434
9612.68
101.28879
42.190147
147887.72
48.931877
test_wealth_with_price_abs_mean
1012.6308
24.414331
12.803157
170.22205
21.782524
13.277139
853.85205
15.00249
test_wealth_with_price_variance
80281.72
128.32025
39.04434
9612.68
101.28879
42.190147
147887.72
48.931877
price
508.34912
81.1374
41.05059
52.059505
77.295006
30.202581
217.24438
54.29523
train_time
29.01607800000005
30.412209800000028
37.3948190000001
36.08403790000011
34.50692870000012
24.295592400000714
47.981764199999816
36.996912300000986


================================================================================
=== deep memory network
train_risk
-3600.9856
80.78167
40.91096
-224.55344
77.60956
31.186329
-14285.94
53.717003
test_risk
-3555.2917
81.190445
41.10355
-202.54926
77.95269
31.585945
-14272.844
53.854233
test_mean_value
13653.339
16.083591
6.6100636
3129.4023
1.5498351
0.12733912
65954.23
4.7628717
test_mean_abs_value
13653.339
35.781883
15.631818
3129.4602
28.57073
14.376315
65954.23
30.44807
test_variance_value
13148777.0
1988.684
355.6398
991049.8
1284.3276
331.0796
417532900.0
1500.219
test_mean_costs
4226.971
16.086126
7.3139477
1090.2156
10.871627
5.59152
20886.762
9.28542
test_mean_abs_costs
4226.971
16.086126
7.3139477
1090.2156
10.871627
5.59152
20886.762
9.28542
test_variance_costs
67247.63
0.57911325
0.14659773
3026.3027
0.4013141
0.23444843
2076747.2
0.1901109
test_mean_wealth
9401.555
-54.18918
-25.021463
1993.1165
-53.7772
-16.218508
45038.81
-38.282032
test_mean_abs_wealth
9401.642
54.189335
25.02628
1998.542
53.7772
16.344753
45043.332
38.282196
test_variance_wealth
11975383.0
157.896
60.24475
923167.9
131.4169
57.46357
396455740.0
51.237297
test_wealth_with_price_abs_mean
6486.964
27.204857
16.197845
1826.482
24.356491
15.475913
31302.125
15.695641
test_wealth_with_price_variance
11975384.0
157.896
60.24475
923167.75
131.4169
57.46357
396455780.0
51.237297
price
-2930.6038
81.19041
41.10353
-176.92372
77.95266
31.585857
-13888.979
53.85422
train_time
669.9387336
129.0086553000001
160.77400799999987
228.53945750000003
150.83476889999974
280.4734939
7119.218147300002
158.3884039000004


================================================================================
=== lstm
train_risk
-1031.9281
79.23444
40.423405
-96.01092
76.644684
30.482218
-2583.0771
52.67378
test_risk
-1024.684
79.75812
40.72339
-91.18494
77.07726
30.780083
-2585.102
53.01037
test_mean_value
4558.862
15.284046
5.779763
1063.8582
1.0930111
-0.010028157
8040.0913
4.2468677
test_mean_abs_value
4558.862
35.4588
15.133775
1063.869
28.673162
14.496933
8040.0913
30.398582
test_variance_value
3102990.2
1976.5653
345.44373
135347.45
1295.6908
334.7778
8284245.0
1497.5448
test_mean_costs
1153.6749
16.100939
7.49372
332.48596
10.946063
5.589037
2017.8119
9.371738
test_mean_abs_costs
1153.6749
16.100939
7.49372
332.48596
10.946063
5.589037
2017.8119
9.371738
test_variance_costs
2550.0598
0.6736472
0.12712958
197.31667
0.43521848
0.23851742
12274.733
0.17748976
test_mean_wealth
3380.3726
-55.003536
-26.031536
685.30206
-54.308456
-16.353394
5993.6216
-38.884357
test_mean_abs_wealth
3380.5327
55.003757
26.03271
686.5956
54.308456
16.437107
5993.682
38.884495
test_variance_wealth
3102335.0
128.96567
46.894123
126727.01
112.56057
50.668488
8294543.0
41.959095
test_wealth_with_price_abs_mean
2981.3188
24.961855
14.813016
622.50494
22.94738
14.5303335
3797.1775
14.262501
test_wealth_with_price_variance
3102334.8
128.96567
46.894123
126727.01
112.56057
50.668488
8294543.0
41.959095
price
-399.99597
79.75808
40.72337
-65.55941
77.07723
30.779995
-2201.2363
53.010357
train_time
405.5695890000002
150.14970959999982
141.75811509999994
210.52367800000002
185.62456900000006
142.00630739999997
852.4038411000001
194.791026400002


