================================================================================
=== twin network
train_time
39.7645096
41.79723899999999
48.30541360000001
42.83274559999995
41.98486099999991
42.97568890000002
43.46616559999984
44.188978000000134
44.62169350000022
43.91170940000029
27.43666340000027
44.2513957000001
44.85401110000021
44.292388500000015
45.36271039999974
45.37340940000013
45.930348400000184
45.936384000000544
46.03779130000021
79.93816669999978
49.57247559999996
47.00869229999989
47.21628959999907
46.60976970000047
47.98004129999936
48.758598899999924
47.77769620000072
48.02011619999939
48.07421719999911
49.01352589999988
51.116854600000806
50.14423470000111


================================================================================
=== continuous-time
train_risk
7.604813
7.380098
7.376525
7.167045
7.6108174
7.5147443
7.4329996
7.1603713
7.5443754
7.6611676
7.354681
7.331729
7.93474
7.4571404
7.671252
7.5674996
7.8724127
7.1678205
7.788949
7.527238
7.819397
7.6258183
7.749399
7.847471
7.85524
7.3924127
7.7785544
7.5887337
7.5379148
7.7017016
7.9057264
7.6631675
test_risk
7.610988
7.38989
7.372473
7.1748815
7.6135564
7.5103364
7.425982
7.159655
7.5533214
7.657993
7.352715
7.3389354
7.9381213
7.458989
7.6689034
7.577717
7.8719153
7.170148
7.7837415
7.527205
7.8235517
7.6173377
7.744289
7.8437667
7.8643384
7.3906307
7.771924
7.587691
7.537236
7.696424
7.9041405
7.6709743
test_mean_value
0.4165571
0.401162
0.4057336
0.41972008
0.4203643
0.4169215
0.40631765
0.42125806
0.41914445
0.41775241
0.41386783
0.41461343
0.41282117
0.4099921
0.42514402
0.40765393
0.41480058
0.41550067
0.4215776
0.4164516
0.40688086
0.41871816
0.41589943
0.42126316
0.41879922
0.41062227
0.41956323
0.40778753
0.4124447
0.41006112
0.42278785
0.4181268
test_mean_abs_value
2.3187315
2.7660363
1.9799751
2.0570326
2.0657258
2.4987755
2.2535727
2.0875576
2.3707626
2.9717822
2.2751315
2.2985837
2.8659103
2.382272
2.0727282
2.018722
2.2552814
1.9427322
2.419335
2.1533778
2.1182675
1.9734823
2.360861
2.696447
2.6408098
2.3186703
1.9196863
2.4162602
2.0054426
2.7298326
2.2370987
1.651807
test_variance_value
8.687941
12.476457
6.3492665
6.809081
6.9113517
10.323204
8.384117
7.0801883
9.841746
14.608677
8.468601
8.622441
13.503881
9.36368
7.110329
6.722726
8.331593
6.204518
9.872807
7.4954414
7.960197
6.334815
9.389093
12.303576
11.895599
9.093633
5.99179
9.465988
7.326526
12.639164
8.363266
4.487192
test_mean_costs
1.0851886
1.0856532
1.0853984
1.0856667
1.0852268
1.0855955
1.0859152
1.0853817
1.0854306
1.0857881
1.0855944
1.085278
1.0852753
1.08544
1.084907
1.0855645
1.0858974
1.0851363
1.085619
1.0851984
1.0857978
1.0856587
1.085798
1.0853367
1.0856336
1.0853013
1.0854785
1.0859354
1.0851595
1.0855799
1.0855331
1.0859267
test_mean_abs_costs
1.0851886
1.0856532
1.0853984
1.0856667
1.0852268
1.0855955
1.0859152
1.0853817
1.0854306
1.0857881
1.0855944
1.085278
1.0852753
1.08544
1.084907
1.0855645
1.0858974
1.0851363
1.085619
1.0851984
1.0857978
1.0856587
1.085798
1.0853367
1.0856336
1.0853013
1.0854785
1.0859354
1.0851595
1.0855799
1.0855331
1.0859267
test_variance_costs
0.02351928
0.022203732
0.022761026
0.02494352
0.026329352
0.021125577
0.023145093
0.023078175
0.026463587
0.024574403
0.0205146
0.023224214
0.025129726
0.022715006
0.027062053
0.02328496
0.02713217
0.026676537
0.02699628
0.02257271
0.029307924
0.023143562
0.024503924
0.022513902
0.02781838
0.027915722
0.025032861
0.027481625
0.026956363
0.02228983
0.023321904
0.02431873
test_mean_wealth
-6.3262925
-6.182805
-6.1457157
-5.932363
-6.257834
-6.312675
-6.1997185
-5.9672246
-6.1959114
-6.352181
-6.200176
-6.1197715
-6.554889
-6.2253995
-6.2938123
-6.3032784
-6.4511857
-5.90341
-6.3939047
-6.2948437
-6.3308997
-6.3488407
-6.420728
-6.536905
-6.436401
-6.029098
-6.418846
-6.2303863
-6.1734133
-6.4252844
-6.5879493
-6.3595862
test_mean_abs_wealth
6.3262925
6.182805
6.1457157
5.932363
6.257834
6.312675
6.1997185
5.9672246
6.1959114
6.352181
6.200176
6.1197715
6.554889
6.2253995
6.2938123
6.3032784
6.4511857
5.90341
6.3939047
6.2948437
6.3308997
6.3488407
6.420728
6.536905
6.436401
6.029098
6.418846
6.2303863
6.1734133
6.4252844
6.5879493
6.3595862
test_variance_wealth
0.3172763
0.28213575
0.28672454
0.2891416
0.34483126
0.28026903
0.29199347
0.27145067
0.3414525
0.3286844
0.26090503
0.28335717
0.36481518
0.29348725
0.35252658
0.30891982
0.3769211
0.30385396
0.36508432
0.29378858
0.4025273
0.31115806
0.3350448
0.32720506
0.38291708
0.34144187
0.3441534
0.344572
0.34704348
0.308784
0.33452162
0.32724613
test_wealth_with_price_abs_mean
1.0921212
1.0919385
1.0903324
1.0921507
1.0945588
1.0916191
1.0917501
1.0905092
1.0949727
1.0941576
1.0905379
1.091045
1.0959195
1.0905145
1.0942508
1.0929165
1.0989238
1.0914084
1.094976
1.0901641
1.0979209
1.0922716
1.0938482
1.0932724
1.0977458
1.0924572
1.0950899
1.0949962
1.0953244
1.0910785
1.0945299
1.0930765
test_wealth_with_price_variance
0.3172763
0.28213575
0.28672454
0.2891416
0.34483126
0.28026903
0.29199347
0.27145067
0.3414525
0.3286844
0.26090503
0.28335717
0.36481518
0.29348725
0.35252658
0.30891982
0.3769211
0.30385396
0.36508432
0.29378858
0.4025273
0.31115806
0.3350448
0.32720506
0.38291708
0.34144187
0.3441534
0.344572
0.34704348
0.308784
0.33452162
0.32724613
price
5.2406797
5.0950246
5.05958
4.844213
5.1710606
5.2251496
5.1127086
4.879936
5.1080666
5.2655163
5.112825
5.0326104
5.4691668
5.139669
5.207898
5.2158995
5.362829
4.8169327
5.3088255
5.209547
5.244897
5.2625403
5.334575
5.450682
5.349986
4.9437637
5.3315926
5.143132
5.086097
5.339913
5.5013037
5.273247
train_time
5.1875274000000005
5.185763699999995
9.554505199999994
7.756540399999949
7.73558509999998
3.368323799999871
3.8752999000000727
4.615445099999761
4.163311199999953
5.313633899999786
4.179981599999792
4.756259200000386
4.84643670000014
4.922642499999711
8.328360299999986
4.438414100000045
8.168148599999768
6.32400989999951
8.668560099999922
6.471360500000628
4.625778200000241
7.098729999999705
4.776777299999594
7.377348500000153
5.583194199998616
4.955880800000159
4.359102899999925
13.633104200000162
6.495120100000349
6.0340861000004224
12.397289399999863
8.195276399999784


================================================================================
=== deep network w. softplus
train_risk
8.9587
8.831632
7.9397044
6.627777
8.416554
8.778855
7.05331
8.403346
7.55845
7.0347204
8.311863
8.585986
7.784025
8.787262
8.420372
8.161151
8.953374
7.635666
7.607235
7.550045
5.601272
8.469637
8.309602
7.986205
8.010066
6.9898767
8.792656
8.851927
7.6594176
9.15688
7.8598924
6.132333
test_risk
8.957024
8.838032
7.9423447
6.6398144
8.430263
8.792028
7.0581665
8.410202
7.581041
7.049769
8.319382
8.597079
7.797445
8.78255
8.427789
8.149654
8.972332
7.6507416
7.6148596
7.5753374
5.604472
8.4749365
8.308681
8.014068
7.9923506
7.001705
8.814691
8.86079
7.667449
9.150889
7.8791766
6.1275
test_mean_value
0.6895925
0.5050991
0.998076
1.4685328
1.0348222
0.58074147
2.3396397
0.64833355
0.5242097
1.0675374
1.1855986
0.75870824
0.62281775
0.6342057
1.035536
1.9319077
1.1022508
1.424023
0.66795284
2.3695881
2.954227
1.335448
1.5818837
0.47104093
1.9799103
0.87292457
0.9265313
0.5014696
2.0457752
0.4917904
1.8878518
4.4890456
test_mean_abs_value
2.2977288
2.7315216
2.0167534
2.376445
2.189268
2.3543696
3.1245213
2.0931287
2.2488375
2.974528
2.4632766
2.3145146
2.7770705
2.365439
2.198762
2.703802
2.405513
2.1980817
2.3263867
3.1082435
3.3290203
2.326779
2.701249
2.5726366
3.1386907
2.2755625
1.9966187
2.2086484
2.7811291
2.5367553
2.8357837
4.6621346
test_variance_value
8.278354
12.054692
5.805237
7.436182
7.020776
8.989486
11.98086
6.9082093
8.928754
14.572666
8.674192
8.480256
12.741456
9.194451
7.216096
8.566206
8.484854
6.373133
9.152483
10.452966
11.72903
7.2337246
10.163586
11.2886305
14.589482
8.554896
5.861496
7.8671317
9.656528
11.000285
10.760692
14.198427
test_mean_costs
1.1975673
1.1892613
0.890064
0.34397957
1.0121411
0.90103734
0.8417591
1.2521529
0.5721541
0.66844475
0.88331175
1.1100358
0.6211717
1.2880427
0.9415021
0.9160744
1.0126095
1.0248057
0.5940966
0.9732268
0.4530634
0.97058785
0.8183576
0.56532097
0.92301446
0.47889128
0.9785699
0.9860997
0.84332186
1.2662413
0.844624
1.0013278
test_mean_abs_costs
1.1975673
1.1892613
0.890064
0.34397957
1.0121411
0.90103734
0.8417591
1.2521529
0.5721541
0.66844475
0.88331175
1.1100358
0.6211717
1.2880427
0.9415021
0.9160744
1.0126095
1.0248057
0.5940966
0.9732268
0.4530634
0.97058785
0.8183576
0.56532097
0.92301446
0.47889128
0.9785699
0.9860997
0.84332186
1.2662413
0.844624
1.0013278
test_variance_costs
0.021758754
0.020684788
0.02849467
0.0027114847
0.009054048
0.0103104925
0.012153653
0.023564223
0.006765214
0.007552621
0.008156375
0.011262919
0.0055405637
0.00965237
0.011472856
0.006473615
0.023610994
0.017940385
0.0059100213
0.00780228
0.0063857976
0.0081338845
0.010604485
0.0050500017
0.008080914
0.0053978874
0.011040776
0.013309315
0.013641266
0.009947902
0.009471539
0.006711264
test_mean_wealth
-6.1656356
-6.182476
-5.358039
-4.141863
-5.57029
-5.964297
-4.0222406
-5.9069204
-5.57757
-5.285053
-5.2261624
-5.800434
-5.880789
-6.2037888
-5.5400157
-4.6095343
-5.690448
-4.834557
-5.6560073
-4.2297354
-3.1508193
-5.31704
-4.9873037
-5.967111
-4.712671
-4.9603853
-5.80497
-6.0368686
-4.298245
-6.5242167
-4.881976
-2.204069
test_mean_abs_wealth
6.1656356
6.182476
5.358039
4.1420846
5.57029
5.964297
4.0822268
5.9069204
5.57757
5.285054
5.226181
5.800434
5.880789
6.2037888
5.5400157
4.6140594
5.690452
4.8345666
5.6560073
4.238591
3.2105486
5.317102
4.987795
5.967111
4.7248607
4.9603853
5.80497
6.0368686
4.3016987
6.5242167
4.8843226
2.6461873
test_variance_wealth
1.6652187
1.4062732
1.3106941
1.3985106
1.8101978
1.6490709
2.5836856
1.2967457
0.88903826
0.6799507
2.0450346
1.6735201
0.85442126
1.4196088
1.8156804
2.8027575
2.3152728
1.6339922
0.8837408
2.520867
1.8123425
2.2013898
2.483503
0.9047317
2.586936
0.96704227
1.9819502
1.5949546
2.5690336
1.4277254
2.0601287
4.7983184
test_wealth_with_price_abs_mean
1.265419
1.2890005
0.92705524
1.1095736
1.1148059
1.1690989
1.4729728
1.2332977
0.8380799
0.6534366
1.1387944
1.1933905
0.8097383
1.2897936
1.1021017
1.4213176
1.2337157
1.0148424
0.79956317
1.4970939
2.1316366
1.1832949
1.2886434
0.8599444
1.3591772
0.7856052
1.1790947
1.222461
1.4334308
1.3633567
1.243196
3.1555371
test_wealth_with_price_variance
1.6652187
1.4062732
1.3106941
1.3985106
1.8101978
1.6490709
2.5836856
1.2967457
0.88903826
0.6799507
2.0450346
1.6735201
0.85442126
1.4196088
1.8156804
2.8027575
2.3152728
1.6339922
0.8837408
2.520867
1.8123425
2.2013898
2.483503
0.9047317
2.586936
0.96704227
1.9819502
1.5949546
2.5690336
1.4277254
2.0601287
4.7983184
price
5.2406797
5.0950246
5.05958
4.844213
5.1710606
5.2251496
5.1127086
4.879936
5.1080666
5.2655163
5.112825
5.0326104
5.4691668
5.139669
5.207898
5.2158995
5.362829
4.8169327
5.3088255
5.209547
5.244897
5.2625403
5.334575
5.450682
5.349986
4.9437637
5.3315926
5.143132
5.086097
5.339913
5.5013037
5.273247
train_time
57.51583720000001
58.52330810000001
66.50420939999992
137.3723683999999
59.3537323999999
61.73276310000006
66.17066369999998
79.58317299999999
180.16731570000002
224.61623659999987
79.85313039999983
81.19864329999973
340.4721913000003
96.75342309999996
88.00619060000008
123.21116449999954
91.44135940000069
93.16986259999976
404.7836954000004
95.12022850000085
276.4480670999992
100.39353109999865
101.61170930000117
500.7771198999999
112.57756320000044
399.54863939999996
110.82567650000055
112.52156449999893
117.6780402000004
134.7683763999994
126.06223480000153
196.49258799999916


================================================================================
=== deep network w. relu
train_risk
8.381378
8.752167
8.031658
7.054414
8.658389
8.657906
7.817357
7.9994287
8.980705
8.920189
7.861333
8.247239
9.286136
8.3510475
8.820721
7.4054694
8.64651
7.2412033
8.923093
7.1361094
7.3739586
7.8901854
7.6901603
9.348137
7.6315274
8.175471
8.271246
9.181218
7.0669937
9.194567
7.516525
5.247841
test_risk
8.365016
8.757327
8.031127
7.062834
8.657174
8.678885
7.8130965
8.005029
9.030725
8.915785
7.872251
8.26448
9.255073
8.3288555
8.81438
7.3884444
8.6556835
7.2510066
8.950087
7.1452904
7.37475
7.8929214
7.6922817
9.371577
7.602503
8.156509
8.28868
9.188916
7.0792947
9.1883745
7.537088
5.2457542
test_mean_value
0.7950326
0.49041897
1.0657091
1.5188423
1.0659673
0.6321707
2.4535031
0.7918404
0.6561667
0.74547917
1.0539331
0.79646504
0.7068474
0.69473827
1.0186079
1.7236322
1.0892749
1.4180298
0.93251747
1.9527947
2.2781713
1.306446
1.4970163
0.5515787
1.6453558
1.1257179
1.1408159
0.6074399
1.9250404
0.53955513
1.6375365
3.218984
test_mean_abs_value
2.3048482
2.6595635
2.128522
2.4284637
2.2345355
2.484918
3.247434
2.1161668
2.4229052
2.9512105
2.4003296
2.3238046
2.8104115
2.359212
2.2613068
2.5505261
2.3915067
2.249864
2.5156517
2.7540724
2.9737136
2.2385323
2.6433702
2.6622896
2.8674405
2.4843183
2.1373708
2.33382
2.6409235
2.703431
2.635527
3.3861806
test_variance_value
7.8687015
10.985313
6.138412
7.134303
6.9146137
9.435825
12.160708
6.539171
9.026544
13.294742
8.028971
7.970773
12.095963
8.458974
7.1695547
7.815383
8.004438
6.095248
9.308396
8.707056
9.221027
6.500689
9.468286
11.029893
11.887048
8.893473
6.033133
8.307467
8.307649
11.4048815
8.867786
8.411307
test_mean_costs
0.018010307
0.16216238
0.00026917353
0.00027728028
0.00033784407
0.091159
1.0005951
0.014761114
0.015561178
0.018821249
0.01008538
0.015838522
0.0022901879
0.0139223095
0.100040436
0.022555066
0.11474955
0.0002538202
0.00035143245
0.001954728
0.0141791245
0.016694212
0.0019802717
0.00025631423
0.084543064
0.010739803
0.0017193645
0.178668
0.00024183613
0.015161134
3.245621e-05
0.111832805
test_mean_abs_costs
0.018010307
0.16216238
0.00026917353
0.00027728028
0.00033784407
0.091159
1.0005951
0.014761114
0.015561178
0.018821249
0.01008538
0.015838522
0.0022901879
0.0139223095
0.100040436
0.022555066
0.11474955
0.0002538202
0.00035143245
0.001954728
0.0141791245
0.016694212
0.0019802717
0.00025631423
0.084543064
0.010739803
0.0017193645
0.178668
0.00024183613
0.015161134
3.245621e-05
0.111832805
test_variance_costs
4.410018e-06
2.0224892e-05
1.682961e-06
1.7400432e-06
6.3889374e-06
1.9068739e-05
0.0006442109
2.7489334e-06
2.54083e-06
3.6675885e-06
4.9535804e-05
1.3680029e-06
1.4076336e-06
4.8471607e-06
2.6783353e-05
1.2011702e-06
6.9406933e-06
1.1337231e-05
8.7119474e-07
1.6116355e-05
1.4885193e-05
2.5936399e-05
2.0054384e-05
8.473934e-06
2.0128688e-05
1.3634167e-05
5.5957717e-06
1.2796875e-05
1.7117904e-05
1.0468971e-05
1.0577226e-06
6.7164605e-05
test_mean_wealth
-4.8806386
-5.1700573
-4.400611
-3.7478511
-4.527342
-5.102989
-4.067213
-4.5260215
-4.88902
-4.9574876
-4.4846015
-4.6684804
-5.1778774
-4.869136
-4.715482
-3.9242907
-4.8055634
-3.8159983
-4.797697
-3.6752567
-3.3879907
-4.3921485
-4.2557936
-5.321509
-4.208754
-4.239441
-4.6138344
-5.123467
-3.5759
-5.225372
-4.2876997
-2.5846355
test_mean_abs_wealth
4.8806596
5.1700573
4.400611
3.7494054
4.527731
5.102989
4.158025
4.5260572
4.88902
4.9574876
4.4846444
4.668507
5.1778784
4.869138
4.7157483
3.9289303
4.8057337
3.8172777
4.7979293
3.6822896
3.403744
4.3928394
4.2576246
5.321509
4.2116747
4.2402167
4.615003
5.123467
3.588863
5.225372
4.288375
2.6686277
test_variance_wealth
2.4951022
2.4036374
2.3133044
2.165538
3.2080986
2.415974
3.551869
2.401639
3.1099615
2.7563124
2.1756563
2.4532535
3.132812
2.2548115
3.3379586
2.4933193
2.8877447
2.3531876
3.2495043
2.4418643
2.969523
2.5478208
2.5139313
2.9563622
2.3475068
2.8574944
2.949788
3.0527444
2.6984916
2.7825568
2.0942247
2.0054123
test_wealth_with_price_abs_mean
1.3070248
1.2331398
1.3571903
1.5168488
1.5481828
1.245822
1.6301138
1.2852603
1.4276446
1.3574034
1.3041104
1.2980759
1.4471616
1.228062
1.533835
1.6834038
1.4468341
1.5063872
1.5172722
1.8350194
2.1568308
1.4794824
1.5623244
1.3805358
1.569567
1.4906498
1.5058609
1.3956921
1.8437134
1.3345279
1.5654023
2.705176
test_wealth_with_price_variance
2.4951022
2.4036374
2.3133044
2.165538
3.2080986
2.415974
3.551869
2.401639
3.1099615
2.7563124
2.1756563
2.4532535
3.132812
2.2548115
3.3379586
2.4933193
2.8877447
2.3531876
3.2495043
2.4418643
2.969523
2.5478208
2.5139313
2.9563622
2.3475068
2.8574944
2.949788
3.0527444
2.6984916
2.7825568
2.0942247
2.0054123
price
5.2406797
5.0950246
5.05958
4.844213
5.1710606
5.2251496
5.1127086
4.879936
5.1080666
5.2655163
5.112825
5.0326104
5.4691668
5.139669
5.207898
5.2158995
5.362829
4.8169327
5.3088255
5.209547
5.244897
5.2625403
5.334575
5.450682
5.349986
4.9437637
5.3315926
5.143132
5.086097
5.339913
5.5013037
5.273247
train_time
70.5605553
71.38479369999999
113.0599737
137.29084120000005
129.85535519999985
70.58051579999983
83.7997828
108.48765189999995
106.96223820000023
133.57140299999992
101.36407220000001
137.1104833999998
161.3280737999994
130.7157659000004
102.07026080000014
179.91233460000058
113.35557330000029
221.9910663999999
253.9232345999999
175.8945920999995
146.1064263999997
162.9735796999994
203.6892212999992
271.92664109999896
138.72638969999934
153.94325690000005
196.1418747000007
188.82745460000115
252.90649370000028
321.87416420000045
407.13190620000023
173.7022976999997


================================================================================
=== twin network feature map
train_risk
7.11338
6.9806805
6.4815097
6.2689476
7.0246243
7.10178
5.768098
6.6922727
7.1150227
6.9213686
6.7799225
6.8630896
7.476981
6.9717855
7.0910635
6.6320996
7.250126
6.15681
7.3136144
6.1152844
5.574483
6.920463
6.9430585
7.491994
6.6181006
6.7229896
7.2163033
7.1790853
6.4462304
7.316051
6.690451
5.1837955
test_risk
7.1210723
6.984264
6.4828224
6.2753386
7.0357237
7.105255
5.7768197
6.69436
7.1272736
6.9278927
6.7864356
6.8646674
7.4793005
6.96775
7.0912285
6.634631
7.2535987
6.156825
7.3106666
6.117264
5.569087
6.9221754
6.9438596
7.495286
6.612395
6.725861
7.219154
7.1767254
6.4463806
7.307756
6.6963406
5.180434
test_mean_value
0.5383451
0.44718954
0.9644122
0.99346834
0.6870364
0.48187947
2.1882024
0.5243587
0.4799144
0.8266967
0.7439528
0.5452705
0.5333839
0.5274193
0.6971642
1.1230255
0.7034796
1.112003
0.5876137
1.7107832
2.8750765
0.82103556
0.9360898
0.45140314
1.3167158
0.71412086
0.6498064
0.45119622
1.3158163
0.45000768
1.3615633
3.5189714
test_mean_abs_value
2.266561
2.7214203
2.0542228
2.1149013
2.04453
2.4572744
2.8981948
2.0407395
2.3291717
2.9618506
2.2902887
2.267613
2.8215406
2.3428037
2.0628943
2.1270683
2.2257333
2.0301273
2.3811967
2.5236015
3.2552106
1.9807153
2.3728368
2.658419
2.7185814
2.2952564
1.9020497
2.3455951
2.1702847
2.691368
2.4106393
3.6525629
test_variance_value
8.283349
12.043422
6.386651
6.7095175
6.6262255
9.941426
10.576539
6.7257476
9.4115715
14.392633
8.400283
8.3335705
13.069772
9.026425
6.8338537
6.8224516
8.010338
6.164751
9.512043
8.294437
11.321917
6.1261463
9.260806
11.949322
12.350561
8.79158
5.7154093
8.896082
7.639373
12.249494
8.749154
8.748795
test_mean_costs
0.6306088
0.66815025
0.51509607
0.47801492
0.61051005
0.64694905
0.45334655
0.6548911
0.69223905
0.61256206
0.55507886
0.6624713
0.6807007
0.6281895
0.6316325
0.44683367
0.5873035
0.5176184
0.66399074
0.39930725
0.41370052
0.54782856
0.50787836
0.70751977
0.45437208
0.6031488
0.59477323
0.7072848
0.39098233
0.7002136
0.38479435
0.24969438
test_mean_abs_costs
0.6306088
0.66815025
0.51509607
0.47801492
0.61051005
0.64694905
0.45334655
0.6548911
0.69223905
0.61256206
0.55507886
0.6624713
0.6807007
0.6281895
0.6316325
0.44683367
0.5873035
0.5176184
0.66399074
0.39930725
0.41370052
0.54782856
0.50787836
0.70751977
0.45437208
0.6031488
0.59477323
0.7072848
0.39098233
0.7002136
0.38479435
0.24969438
test_variance_costs
0.0041791275
0.0045998283
0.003767409
0.0025859997
0.004889016
0.0036515403
0.002172204
0.0043033883
0.0064721103
0.005488069
0.0024989084
0.0044140103
0.0052680504
0.0036953127
0.0058988365
0.0020537965
0.0038086341
0.0034468365
0.005052006
0.0024043517
0.0044130767
0.0030710648
0.002774032
0.005480341
0.0024645291
0.0049378667
0.0038970376
0.006106957
0.0021214355
0.0053969254
0.0019935688
0.0003806141
test_mean_wealth
-5.7499247
-5.7192745
-5.0167346
-4.7509627
-5.516445
-5.8090706
-3.7852654
-5.4336333
-5.74195
-5.4700108
-5.3395753
-5.5663075
-6.029752
-5.6507215
-5.5685177
-4.949176
-5.663913
-4.63939
-5.8062406
-4.314621
-3.1906068
-5.4086933
-5.3226185
-6.1289477
-4.9072227
-5.243447
-5.697898
-5.808327
-4.575865
-5.999972
-4.948435
-2.4225097
test_mean_abs_wealth
5.7499247
5.7192745
5.0167346
4.7509627
5.516445
5.8090706
3.810384
5.4336333
5.74195
5.4700108
5.3395753
5.5663075
6.029752
5.6507215
5.5685177
4.949176
5.663913
4.63939
5.8062406
4.3149247
3.2278218
5.4086933
5.3226185
6.1289477
4.90735
5.243447
5.697898
5.808327
4.575865
5.999972
4.9484935
2.5232282
test_variance_wealth
0.43483576
0.35704175
0.46013477
0.53841215
0.52063715
0.38213772
1.2629145
0.3628268
0.41966766
0.4404019
0.48387098
0.38197955
0.4767582
0.39777794
0.5218955
0.6676265
0.58337796
0.51679295
0.50787705
0.743563
1.506065
0.5360395
0.61959314
0.4117705
0.70078015
0.499015
0.53207463
0.42430627
0.81163985
0.38411018
0.7227385
2.11993
test_wealth_with_price_abs_mean
0.67463195
0.71191186
0.53985804
0.5894155
0.6374999
0.69582486
1.4039564
0.6683611
0.7397403
0.54562104
0.5831299
0.66347784
0.72094506
0.6580081
0.6435158
0.6864291
0.6555467
0.59124106
0.69857585
1.0278639
2.0905552
0.595592
0.62729347
0.7690274
0.75299317
0.61168915
0.6522699
0.76652974
0.8316494
0.74767655
0.81307256
2.8654857
test_wealth_with_price_variance
0.43483576
0.35704175
0.46013477
0.53841215
0.52063715
0.38213772
1.2629145
0.3628268
0.41966766
0.4404019
0.48387098
0.38197955
0.4767582
0.39777794
0.5218955
0.6676265
0.58337796
0.51679295
0.50787705
0.743563
1.506065
0.5360395
0.61959314
0.4117705
0.70078015
0.499015
0.53207463
0.42430627
0.81163985
0.38411018
0.7227385
2.11993
price
5.2406797
5.0950246
5.05958
4.844213
5.1710606
5.2251496
5.1127086
4.879936
5.1080666
5.2655163
5.112825
5.0326104
5.4691668
5.139669
5.207898
5.2158995
5.362829
4.8169327
5.3088255
5.209547
5.244897
5.2625403
5.334575
5.450682
5.349986
4.9437637
5.3315926
5.143132
5.086097
5.339913
5.5013037
5.273247
train_time
27.048124599999994
25.4667379
37.70806959999993
36.14322560000005
37.2183199000001
51.425833799999964
39.55391139999983
50.263842999999724
43.7895225999996
59.22860420000006
30.430098099999668
37.449056200000086
40.49335989999963
52.2442560999998
50.995328699999845
50.98012519999975
46.45685880000019
50.2733317000002
29.440342500000042
51.46349610000016
77.60739470000044
44.811912199998915
48.51302670000041
34.17794910000157
48.60047630000008
79.45411710000008
55.921524899998985
72.9640105999988
79.7440899000012
67.75263189999896
54.89423549999992
50.886955099998886


