================================================================================
=== twin network
train_time
41.053730099999996
41.28417880000001
41.37335809999996
26.335674499999982
42.4007024
41.99802890000012
41.91388350000011
42.24226140000019


================================================================================
=== continuous-time
test_risk
42.583096
22.835358
43.49334
22.334324
42.04467
12.708514
27.829683
49.31438
test_wealth_with_price_abs_mean
9.719507
9.094197
7.615013
7.6758885
7.8782887
9.341781
8.334883
8.340655
test_wealth_with_price_variance
15.17185
13.501671
13.972738
5.096744
23.308077
11.036529
10.239911
14.451157
price
23.779308
4.9064856
27.05654
9.239199
22.614946
-3.7652464
11.968918
32.206596
train_time
4.660995799999995
3.055211600000007
4.206281600000011
3.9929082999999537
5.008574100000033
4.64083410000012
3.4715343000000303
5.098008700000037


================================================================================
=== continuous time feature map
test_risk
38.990505
19.548983
35.328873
18.704716
38.457268
10.11834
21.600595
46.144787
test_wealth_with_price_abs_mean
6.136285
6.1716824
4.434329
3.9964995
5.7000237
6.2454967
3.499382
5.425291
test_wealth_with_price_variance
19.363894
17.062147
28.607292
8.4500065
24.747726
15.732358
13.057378
17.637604
price
23.779308
4.9064856
27.05654
9.239199
22.614946
-3.7652464
11.968918
32.206596
train_time
24.1300674
24.77259319999999
20.0937055
16.878287799999953
17.53697640000007
24.395311199999924
31.535643800000116
26.350673299999926


================================================================================
=== deep network
test_risk
39.87479
20.338566
35.461876
18.839369
38.97777
10.796921
21.466578
46.60343
test_wealth_with_price_abs_mean
6.0129685
6.0761704
4.195427
3.920594
5.914778
6.256187
3.461756
5.4740195
test_wealth_with_price_variance
29.366564
28.684689
25.856335
10.655258
31.299963
20.502493
14.259303
21.754293
price
23.779308
4.9064856
27.05654
9.239199
22.614946
-3.7652464
11.968918
32.206596
train_time
85.55860700000001
96.61475730000001
96.95134489999998
106.0107888
67.72337789999995
92.97357549999992
132.90739669999994
102.78182000000015


================================================================================
=== twin network feature map
test_risk
39.152924
19.692678
35.424244
18.724564
38.60997
10.214913
21.648096
46.276943
test_wealth_with_price_abs_mean
6.1669297
6.2111306
4.308563
3.9932394
5.786876
6.226764
3.531832
5.486023
test_wealth_with_price_variance
20.13814
17.544537
27.372183
8.423208
25.152918
16.294176
13.28389
18.179422
price
23.779308
4.9064856
27.05654
9.239199
22.614946
-3.7652464
11.968918
32.206596
train_time
18.371737800000005
25.41683439999997
19.86127060000001
16.092179099999953
17.873635299999933
23.0075503999999
31.215219299999944
25.925456799999893


