================================================================================
=== twin network
train_time
26.632988399999995
41.21061279999998
42.0531297
41.230466500000034
42.73579010000003
40.511146800000006
41.19129879999991
47.06386610000004
47.704757499999914
49.72054919999982
48.487295599999925
47.770082999999886
48.14678819999972
49.99462209999956
44.51615300000003
45.31524639999998
44.74396930000012
79.53167979999989
47.99459609999985
48.10409459999937
44.85092319999967
46.954535799999576
43.62563059999957
56.52763229999982
50.2836398999998
54.309205000000475
62.20934789999956
49.12410400000044
52.5417496
49.091500800000176
47.60406640000019
50.75893869999982


================================================================================
=== continuous-time
train_risk
5.9936037
5.9495015
6.001443
6.331874
6.022783
5.839462
5.298081
6.0264616
6.0430913
5.9668097
5.8847055
5.8037405
5.9242473
5.9094415
5.937173
5.7538495
5.8783965
5.9528117
6.101097
6.134895
5.960588
6.143744
5.8867545
5.7738304
6.1148777
5.825756
5.9519453
5.663227
5.8431225
5.673998
5.8669324
5.786892
test_risk
5.994846
5.9370356
6.0017548
6.3302464
6.0188055
5.84828
5.298134
6.0159225
6.040938
5.976558
5.880302
5.8032393
5.923459
5.90892
5.933127
5.756942
5.879768
5.951481
6.092457
6.1336403
5.9578524
6.144625
5.8847837
5.7743325
6.1106353
5.822636
5.9524374
5.662954
5.8402343
5.67087
5.8710756
5.782597
test_mean_value
-0.0043549514
-0.007901046
-0.0068261186
-0.0057633026
-0.0069440803
-0.003081967
-0.00025184132
-0.0008942464
-0.010650506
-0.0068718675
-0.009868711
-0.008557039
-0.00088545354
0.00050750194
-0.008944913
-0.0042152056
-0.0068456577
-0.0005096117
-0.0059159533
-0.007637652
-0.00072446064
-0.004340717
-0.010624127
-0.0033932128
-0.010883795
-0.0064949263
-0.008345748
-0.0014084338
-0.006237883
0.0008807034
0.0009639001
-0.0073433155
test_mean_abs_value
1.3691733
1.2055571
1.1714374
1.3313552
1.2942753
1.3691866
1.112081
1.3315563
1.2814608
1.3868432
1.2254877
1.1957641
1.3121532
1.225683
1.2433738
1.266507
1.199682
1.3628814
1.4107447
1.2271681
1.2929276
1.2760866
1.2265776
1.2719365
1.2843593
1.3370816
1.1901245
1.1551386
1.2472105
1.2262418
1.3619056
1.2953157
test_variance_value
2.859265
2.2508469
2.1112983
2.703872
2.5755985
2.8461878
1.9239291
2.72644
2.524814
2.9147108
2.2977486
2.223139
2.613444
2.3172147
2.4238145
2.4374437
2.2274113
2.785569
2.9884398
2.3353474
2.5634322
2.4972956
2.3299673
2.4629543
2.523885
2.7267077
2.1801367
2.0595558
2.3755417
2.29466
2.8372564
2.5699978
test_mean_costs
1.1193149
1.1614932
1.2028757
1.2759972
1.1659417
1.0419742
0.9176071
1.1283765
1.1829937
1.0901921
1.1320988
1.0975113
1.1159008
1.1428272
1.148411
1.0668604
1.1409622
1.1014112
1.162869
1.2307546
1.1188446
1.2156523
1.1254891
1.0592189
1.1942046
1.0498323
1.1751229
1.0611981
1.1064217
1.0414441
1.0634624
1.0496856
test_mean_abs_costs
1.1193149
1.1614932
1.2028757
1.2759972
1.1659417
1.0419742
0.9176071
1.1283765
1.1829937
1.0901921
1.1320988
1.0975113
1.1159008
1.1428272
1.148411
1.0668604
1.1409622
1.1014112
1.162869
1.2307546
1.1188446
1.2156523
1.1254891
1.0592189
1.1942046
1.0498323
1.1751229
1.0611981
1.1064217
1.0414441
1.0634624
1.0496856
test_variance_costs
0.058420766
0.047071185
0.04416093
0.060514618
0.054193147
0.052699
0.032738987
0.055044316
0.05394087
0.056517642
0.046828352
0.044434197
0.052340925
0.048115883
0.05026726
0.046527065
0.045806445
0.055196833
0.06270251
0.0502666
0.050579518
0.05198152
0.04713261
0.047640692
0.05219921
0.05198053
0.045588177
0.03927501
0.04791935
0.043104075
0.055319134
0.049739003
test_mean_wealth
-4.206088
-4.334443
-4.458323
-4.6876864
-4.3483243
-3.9594114
-3.5839045
-4.2300835
-4.396083
-4.11346
-4.2336183
-4.1375966
-4.1851387
-4.272943
-4.2847815
-4.035828
-4.2689233
-4.1432705
-4.332533
-4.5481615
-4.1967115
-4.4981084
-4.2196984
-4.014481
-4.4349504
-3.9842803
-4.372389
-4.0230007
-4.157758
-3.9588106
-4.026599
-3.9866772
test_mean_abs_wealth
4.2063403
4.334507
4.4583297
4.6877184
4.3483734
3.9601161
3.584195
4.2303777
4.396099
4.113899
4.2336826
4.1376367
4.1852736
4.272994
4.2848353
4.0361085
4.268948
4.143648
4.3326955
4.5482135
4.196838
4.498139
4.219798
4.0146937
4.4350123
3.9847581
4.372422
4.0230584
4.1578403
3.9590948
4.0270753
3.9870086
test_variance_wealth
0.66635424
0.5525425
0.52276117
0.56267303
0.5929971
0.73245263
0.6236392
0.64114225
0.57568413
0.707576
0.57029974
0.58040476
0.6277103
0.5696694
0.5782823
0.63389206
0.5589713
0.68535626
0.6544942
0.5406953
0.6413874
0.58771896
0.584801
0.6324869
0.60434294
0.69467753
0.5376767
0.582012
0.59559804
0.626443
0.69426054
0.6560351
test_wealth_with_price_abs_mean
1.1768873
1.1976012
1.2317488
1.3029089
1.2073199
1.1220778
1.0064105
1.1797236
1.2175775
1.1566272
1.1692343
1.1429743
1.1674504
1.1820595
1.1892971
1.1269273
1.1813822
1.166305
1.2116725
1.2598208
1.1692743
1.2530233
1.1691877
1.1184955
1.2327881
1.1217546
1.2064105
1.1141576
1.151663
1.1066709
1.1310713
1.1160518
test_wealth_with_price_variance
0.66635424
0.5525425
0.52276117
0.56267303
0.5929971
0.73245263
0.6236392
0.64114225
0.57568413
0.707576
0.57029974
0.58040476
0.6277103
0.5696694
0.5782823
0.63389206
0.5589713
0.68535626
0.6544942
0.5406953
0.6413874
0.58771896
0.584801
0.6324869
0.60434294
0.69467753
0.5376767
0.582012
0.59559804
0.626443
0.69426054
0.6560351
price
3.086101
3.1731725
3.2560573
3.4113011
3.1814578
2.9177196
2.6639557
3.100308
3.2153044
3.024003
3.1060648
3.0427027
3.0697007
3.1313167
3.1366742
2.9693556
3.1272101
3.040337
3.1695602
3.3167095
3.0814536
3.281327
3.0952897
2.9556303
3.2430809
2.9343178
3.1989825
2.96312
3.0547407
2.9157317
2.9633229
2.935461
train_time
2.3872342000000017
3.4473661000000106
2.7384342999999944
3.6662500999999565
3.766878899999938
2.753118699999959
3.8652326999999786
4.536585000000059
3.1837434999999914
3.42046930000015
3.338534299999992
5.351371199999903
5.737545999999838
5.167315700000017
4.20315810000011
7.053168500000083
3.5300045000003593
3.5555820999998105
5.3608156999998755
9.619576500000221
4.401635400000487
6.991852399999516
2.6401138000001083
5.869030899999416
3.667799599999853
6.824123200000031
6.444055500000104
5.757504999999583
5.97241699999995
5.971050500000274
2.6972651999994923
4.231183299999429


================================================================================
=== continuous time feature map
train_risk
5.665773
5.6711802
5.7612333
5.875917
5.7719965
5.6310277
5.1515303
5.7764645
5.7969093
5.835834
5.6629324
5.568715
5.6162996
5.6890674
5.5845428
5.5659885
5.718803
5.7112083
5.9365253
5.8650374
5.722795
5.8837996
5.6514893
5.552344
5.858582
5.557838
5.7226477
5.4891396
5.624909
5.485138
5.4540124
5.661166
test_risk
5.6680474
5.663574
5.7586665
5.8857026
5.7749114
5.6391454
5.156123
5.7655683
5.7980137
5.845547
5.6659904
5.571384
5.6104455
5.6921263
5.579534
5.5737867
5.723305
5.716423
5.93527
5.8683376
5.71908
5.8846273
5.653548
5.556676
5.86159
5.552945
5.727439
5.486757
5.621007
5.4888077
5.460673
5.6630483
test_mean_value
0.3004909
0.12174884
0.0019853818
0.5191078
0.057043415
0.0075047077
0.0055655837
0.01654813
-0.0038095277
0.047091294
0.010032078
0.028941588
0.38348356
0.015912069
0.44949308
0.0015401253
0.008223193
0.1449285
0.0024497558
0.0060457727
0.02761489
0.024218377
0.007888762
0.0041568293
-0.0017235883
0.15027124
-0.0018269445
-0.002384489
0.0005044988
0.005653098
0.6959126
0.0026344766
test_mean_abs_value
1.4566686
1.2070456
1.1009701
1.3562398
1.3206125
1.4696573
1.1508201
1.4133093
1.2836376
1.4490088
1.2413003
1.2119172
1.372092
1.2307142
1.2899332
1.2853124
1.1605806
1.4313055
1.3938644
1.1896068
1.325472
1.2556463
1.2392113
1.3321459
1.2734585
1.4101326
1.1563768
1.1175861
1.2771971
1.250006
1.5397904
1.3950473
test_variance_value
3.1304681
2.229987
1.8624113
2.6230423
2.6879597
3.2275925
2.042884
3.0260785
2.5340612
3.162235
2.3341804
2.2727816
2.7622838
2.3248024
2.446506
2.4892657
2.0826304
3.0408018
2.9272876
2.1799483
2.6701596
2.4030612
2.3559816
2.6692042
2.4592466
3.004455
2.048079
1.9236141
2.4720743
2.3663225
3.2618527
2.9506443
test_mean_costs
0.8986759
0.83972836
0.8146258
0.9711871
0.8687681
0.839656
0.75339574
0.8758172
0.85228115
0.91242254
0.8427234
0.81513387
0.90568775
0.8478197
0.9049803
0.80927324
0.84896827
0.9031766
0.89240307
0.8370218
0.8483793
0.8451097
0.82229406
0.81836486
0.8408465
0.84545493
0.8192246
0.7657562
0.8303835
0.78758615
0.94465184
0.8621784
test_mean_abs_costs
0.8986759
0.83972836
0.8146258
0.9711871
0.8687681
0.839656
0.75339574
0.8758172
0.85228115
0.91242254
0.8427234
0.81513387
0.90568775
0.8478197
0.9049803
0.80927324
0.84896827
0.9031766
0.89240307
0.8370218
0.8483793
0.8451097
0.82229406
0.81836486
0.8408465
0.84545493
0.8192246
0.7657562
0.8303835
0.78758615
0.94465184
0.8621784
test_variance_costs
0.02004472
0.013582609
0.011916572
0.019215276
0.016179593
0.022290863
0.014451494
0.01977931
0.015864296
0.021382662
0.015854418
0.014261406
0.018330652
0.015337697
0.016080603
0.016627891
0.014352391
0.021943286
0.020822588
0.013210167
0.017622037
0.014771091
0.014804852
0.017345423
0.015950516
0.020362576
0.012402998
0.012145602
0.015912099
0.01493199
0.021468444
0.018796073
test_mean_wealth
-3.6806033
-3.8830283
-4.0612617
-3.8580053
-3.987163
-3.7465067
-3.4138756
-3.9600816
-4.0585294
-3.8817272
-3.9243422
-3.8177207
-3.5905566
-3.9625309
-3.582913
-3.7724857
-3.9618602
-3.799598
-4.0537014
-4.140745
-3.8979068
-4.0990067
-3.8979905
-3.7660773
-4.072432
-3.6231368
-4.0099716
-3.728535
-3.8749778
-3.7001803
-3.2128396
-3.7891922
test_mean_abs_wealth
3.6834981
3.8833184
4.061296
3.8595786
3.9874332
3.7482398
3.414345
3.9607294
4.0587134
3.8828857
3.9244616
3.817915
3.5936074
3.9627337
3.585432
3.7729845
3.9619408
3.8008218
4.054026
4.140836
3.898243
4.099197
3.8982742
3.766555
4.0725513
3.6249845
4.0100503
3.7286572
3.8751838
3.7007418
3.2318125
3.790308
test_variance_wealth
1.0009642
0.75456053
0.6650855
1.0233096
0.7687975
0.8686756
0.7034974
0.78141594
0.7162015
0.9054359
0.70419943
0.723829
1.0226377
0.70380354
1.0164359
0.7597437
0.71580684
0.88080484
0.8199329
0.7014601
0.78136384
0.75621873
0.72318083
0.7544731
0.7581319
0.9077946
0.68733656
0.71083045
0.71785164
0.7551169
1.3878399
0.85430616
test_wealth_with_price_abs_mean
0.9353583
0.9147842
0.94362634
0.8797212
0.9809401
1.0263337
0.91987455
1.0234102
0.99021906
1.0525556
0.966944
0.9451194
0.90821105
0.9775906
0.8795351
0.9721627
0.9799163
0.9838621
1.0434197
0.97119194
0.9900258
0.98303497
0.9632932
0.9791894
0.99133277
0.9523281
0.95575464
0.93083686
0.9743377
0.96005315
0.940394
1.0397086
test_wealth_with_price_variance
1.0009642
0.75456053
0.6650855
1.0233096
0.7687975
0.8686756
0.7034974
0.78141594
0.7162015
0.9054359
0.70419943
0.723829
1.0226377
0.70380354
1.0164359
0.7597437
0.71580684
0.88080484
0.8199329
0.7014601
0.78136384
0.75621873
0.72318083
0.7544731
0.7581319
0.9077946
0.68733656
0.71083045
0.71785164
0.7551169
1.3878399
0.85430616
price
3.086101
3.1731725
3.2560573
3.4113011
3.1814578
2.9177196
2.6639557
3.100308
3.2153044
3.024003
3.1060648
3.0427027
3.0697007
3.1313167
3.1366742
2.9693556
3.1272101
3.040337
3.1695602
3.3167095
3.0814536
3.281327
3.0952897
2.9556303
3.2430809
2.9343178
3.1989825
2.96312
3.0547407
2.9157317
2.9633229
2.935461
train_time
15.806591000000004
16.78420669999997
12.148350999999991
15.124350299999946
13.538354899999945
11.924567600000046
12.511615200000051
22.107559000000037
18.297403499999973
10.565357800000129
13.626230899999882
17.2076591
14.882721100000254
14.538939600000049
12.592869600000085
18.4834264000001
10.78937709999991
14.986004599999887
11.467124400000102
28.16091629999937
20.16313959999934
67.07774570000038
15.338249700000233
20.039899100000184
14.692941500000416
35.822545200000604
20.337750899999264
18.539375100000143
17.005904399999963
17.47161259999939
19.103831000000355
10.109133799999654


================================================================================
=== deep network
train_risk
5.7819347
6.0673494
6.119872
6.077379
5.928554
6.8006835
5.478835
7.068556
6.0511127
6.901621
7.026707
6.6077623
6.7076874
6.0453243
5.5762033
6.74925
6.4633074
5.7609005
6.1224394
6.2343564
6.9416695
6.1555343
6.6173806
6.6199603
6.2146454
6.3770676
6.828618
6.8356495
6.006201
6.0049963
6.509209
5.9193296
test_risk
5.785666
6.0678797
6.122382
6.0948353
5.930045
6.8191586
5.4925003
7.081775
6.0541625
6.91345
7.0346875
6.613936
6.711004
6.0529046
5.571626
6.7550073
6.4606395
5.774736
6.1281176
6.243097
6.948663
6.157702
6.625898
6.6159654
6.2210646
6.3760443
6.8353415
6.8352814
6.0061326
6.0092735
6.5030656
5.92384
test_mean_value
0.56031084
0.15913443
0.005524771
1.0970958
0.1156636
0.022232419
0.0069551268
0.029974768
-0.0075948983
0.06660921
0.02528284
0.073420815
0.82671636
0.016488679
1.1138194
-0.016241005
0.004062932
0.16512182
0.0045415233
0.013026368
0.03056972
0.035430178
0.008189837
0.013555223
0.0053014345
0.3263386
0.0035384616
-0.0035088626
-0.0009797424
0.018551225
1.4162301
-0.0029411158
test_mean_abs_value
1.5099181
1.0263574
0.8708451
1.5082264
1.2162931
1.1300806
0.9493815
1.0918678
1.1357877
1.278038
1.040096
0.86171186
1.4286509
1.004131
1.5675515
1.2455121
0.6553875
1.395425
1.4295539
0.958438
0.90370125
1.1007956
1.0391204
0.9777256
1.0693394
1.3538636
0.73962736
0.92339844
1.0861602
1.0197023
1.9211736
1.2161186
test_variance_value
3.2005515
1.5750542
1.1652716
2.3698351
2.2693293
1.9343642
1.3975304
1.8858409
1.9948688
2.526128
1.6749461
1.1784818
2.5430048
1.5688332
2.6414342
2.4229503
0.752754
2.8792584
3.0321572
1.4004198
1.2735002
1.8470734
1.6867172
1.4835255
1.7007369
2.6896987
0.9051782
1.3429363
1.7807977
1.527368
3.7020426
2.1990664
test_mean_costs
0.82826006
0.62996995
0.57861215
0.8378856
0.72523063
1.0215323
0.5679271
1.0743004
0.6610867
1.1895136
1.2463412
0.9070666
1.3728805
0.5852562
0.97199404
1.0130786
0.38308877
0.77759546
0.7426549
0.6215501
0.9030901
0.69045967
1.074163
0.8428615
0.60878575
1.054401
0.8089662
1.0690296
0.60945696
0.59862405
1.4265442
0.62120754
test_mean_abs_costs
0.82826006
0.62996995
0.57861215
0.8378856
0.72523063
1.0215323
0.5679271
1.0743004
0.6610867
1.1895136
1.2463412
0.9070666
1.3728805
0.5852562
0.97199404
1.0130786
0.38308877
0.77759546
0.7426549
0.6215501
0.9030901
0.69045967
1.074163
0.8428615
0.60878575
1.054401
0.8089662
1.0690296
0.60945696
0.59862405
1.4265442
0.62120754
test_variance_costs
0.0314538
0.013550645
0.008708322
0.028722093
0.017173758
0.023171023
0.010838658
0.061494227
0.013777618
0.028674023
0.03082449
0.013535401
0.060534205
0.009595232
0.0268286
0.030270772
0.008599081
0.02532721
0.025424788
0.011418011
0.014026283
0.014320477
0.021346416
0.012928861
0.012317868
0.026504787
0.013796839
0.02373082
0.011585902
0.010522488
0.045022324
0.015121293
test_mean_wealth
-3.3503673
-3.6358843
-3.8217084
-3.1467159
-3.7850053
-3.9136553
-3.2270176
-4.1451383
-3.8711205
-4.1393003
-4.3127093
-3.865174
-3.6145167
-3.699391
-2.9856002
-3.9940722
-3.500141
-3.6538236
-3.9018614
-3.918293
-3.949663
-3.933145
-4.1495585
-3.7811754
-3.8333464
-3.6560156
-3.9943478
-4.0329328
-3.6555355
-3.49832
-2.9744143
-3.553797
test_mean_abs_wealth
3.357627
3.636497
3.8218462
3.1687272
3.7853072
3.9155445
3.2277489
4.1458726
3.8713157
4.140751
4.312952
3.865449
3.6276944
3.699739
3.0033243
3.9960208
3.5018604
3.6554153
3.9029462
3.918441
3.9500792
3.9333856
4.1497235
3.782628
3.8338337
3.6610537
3.9945834
4.0334077
3.6559093
3.4992647
3.058698
3.5552306
test_variance_wealth
1.4435098
1.3798633
1.2179956
2.0797331
1.0760436
1.8330069
1.1417364
1.8177117
1.1163508
1.7620165
1.7039999
1.6452911
2.2705867
1.2778741
1.6392022
1.7718341
1.8824278
1.0643996
1.2002726
1.2434489
1.886916
1.1464871
1.4164431
1.7193183
1.3144332
1.7511001
1.7573913
1.7384431
1.2544888
1.3913212
3.1137555
1.2766579
test_wealth_with_price_abs_mean
0.97189045
1.0088172
0.99141484
1.1596221
0.9621274
1.3418545
0.9604826
1.3642356
0.9990452
1.4068587
1.4501073
1.2114159
1.274626
1.0098292
1.0132746
1.355866
1.1279552
0.961699
1.0655104
1.0150092
1.2824746
1.0039091
1.2936023
1.228918
1.029543
1.2069087
1.2294985
1.3653641
1.0145444
1.043822
1.3993548
1.0259895
test_wealth_with_price_variance
1.4435098
1.3798633
1.2179956
2.0797331
1.0760436
1.8330069
1.1417364
1.8177117
1.1163508
1.7620165
1.7039999
1.6452911
2.2705867
1.2778741
1.6392022
1.7718341
1.8824278
1.0643996
1.2002726
1.2434489
1.8869162
1.1464871
1.4164431
1.7193183
1.3144332
1.7511001
1.7573915
1.7384431
1.2544888
1.3913212
3.1137555
1.2766579
price
3.086101
3.1731725
3.2560573
3.4113011
3.1814578
2.9177196
2.6639557
3.100308
3.2153044
3.024003
3.1060648
3.0427027
3.0697007
3.1313167
3.1366742
2.9693556
3.1272101
3.040337
3.1695602
3.3167095
3.0814536
3.281327
3.0952897
2.9556303
3.2430809
2.9343178
3.1989825
2.96312
3.0547407
2.9157317
2.9633229
2.935461
train_time
121.32628519999999
119.01118029999998
143.08812680000005
131.43604860000005
181.69633129999988
52.80998139999997
185.58031000000005
54.849239300000136
155.63670639999987
68.06687539999984
60.759607799999685
61.0344012999999
66.04527969999981
190.08244890000014
121.99968129999979
61.097137100000054
101.44383620000008
177.81809569999996
133.76516699999956
173.00011199999972
58.4726512999996
131.18184920000022
76.99888939999983
66.86649920000036
165.2174414000001
75.13194340000064
184.05415210000046
76.12968930000079
214.0364829
107.14928619999955
74.23216799999955
245.6362468999996


================================================================================
=== twin network feature map
train_risk
5.6871686
5.6974473
5.786911
5.88432
5.7943296
5.653393
5.206982
5.8033447
5.823876
5.881718
5.6908407
5.60761
5.634438
5.7285223
5.598923
5.6782737
5.7591295
5.736164
5.9915204
5.8832226
5.754259
5.902916
5.742837
5.573832
5.884707
5.6021023
5.756175
5.5202804
5.6609893
5.521911
5.4878306
5.6067333
test_risk
5.6890316
5.6897216
5.7822666
5.8927417
5.797625
5.6642494
5.21208
5.791926
5.822514
5.8911467
5.691962
5.611383
5.6284604
5.730209
5.593089
5.6872187
5.758817
5.7414837
5.989537
5.885146
5.7482133
5.9026604
5.747432
5.5797915
5.88849
5.5989466
5.763951
5.517332
5.656332
5.5237308
5.4938536
5.6061363
test_mean_value
0.29633638
0.12540184
0.0077662063
0.5526363
0.057557903
0.00744969
0.009254741
0.016919589
-0.002120619
0.044994377
0.013269666
0.0351626
0.37424916
0.016863387
0.4543084
-0.0020318823
0.015838668
0.14186889
-0.00030110843
0.0069769644
0.029690271
0.02573517
1.1102625e-06
0.005100873
0.0019139007
0.1363249
0.004102534
0.0024125674
0.0007820902
0.010669778
0.6993079
-0.00067762705
test_mean_abs_value
1.4332026
1.1921418
1.075953
1.3443921
1.3064175
1.4561927
1.1197543
1.3957464
1.2729106
1.4782531
1.2220753
1.1792846
1.3759536
1.1834296
1.2810944
1.276183
1.1441104
1.403513
1.3899175
1.1877
1.2995913
1.2272764
1.2098334
1.32133
1.2426232
1.396411
1.1279364
1.0910515
1.2391143
1.2415051
1.4944503
1.3471196
test_variance_value
3.027754
2.1716301
1.7757379
2.5541248
2.6242104
3.169034
1.9374748
2.9591837
2.4913573
3.2890842
2.264821
2.1494339
2.7879531
2.1487367
2.4086275
2.4547536
2.0168455
2.927395
2.9242816
2.1704879
2.5573452
2.2953546
2.2487118
2.6250117
2.346211
2.9575138
1.9474046
1.8329952
2.344973
2.331756
3.0832236
2.7437243
test_mean_costs
0.8809646
0.8166494
0.79183114
0.94387704
0.8590986
0.8331469
0.7237913
0.8569978
0.8405282
0.9138823
0.8300037
0.79651666
0.90814877
0.7976219
0.88952327
0.8330549
0.81646967
0.88364863
0.88963264
0.82705873
0.8271717
0.8267836
0.8005019
0.7976208
0.8135699
0.8503228
0.7942472
0.7464941
0.786696
0.7688813
0.9233009
0.8056579
test_mean_abs_costs
0.8809646
0.8166494
0.79183114
0.94387704
0.8590986
0.8331469
0.7237913
0.8569978
0.8405282
0.9138823
0.8300037
0.79651666
0.90814877
0.7976219
0.88952327
0.8330549
0.81646967
0.88364863
0.88963264
0.82705873
0.8271717
0.8267836
0.8005019
0.7976208
0.8135699
0.8503228
0.7942472
0.7464941
0.786696
0.7688813
0.9233009
0.8056579
test_variance_costs
0.023427319
0.015425394
0.01425277
0.021095602
0.017766736
0.02375041
0.017915709
0.022234343
0.016442714
0.02547798
0.01825784
0.017051764
0.018958038
0.015753455
0.018643789
0.018393528
0.015313285
0.025313107
0.020103442
0.014456099
0.021754785
0.016807223
0.016195057
0.020485124
0.019096319
0.022491435
0.014630968
0.013346301
0.018834226
0.019553669
0.025988586
0.023744421
test_mean_wealth
-3.6670463
-3.8562963
-4.032686
-3.7971668
-3.976979
-3.7400525
-3.380582
-3.9408908
-4.045088
-3.8852837
-3.9083848
-3.7928824
-3.602252
-3.9113817
-3.5626404
-3.7998395
-3.921746
-3.7831297
-4.053682
-4.129851
-3.8746238
-4.079164
-3.8840861
-3.744389
-4.041518
-3.641951
-3.979065
-3.7044759
-3.8310127
-3.6764588
-3.1880932
-3.7359838
test_mean_abs_wealth
3.6697025
3.856638
4.0327206
3.7996418
3.9772532
3.7417355
3.381169
3.9416397
4.045275
3.8869042
3.9085236
3.7930703
3.605401
3.911604
3.5654268
3.8004515
3.9218645
3.784416
4.0540657
4.129947
3.8750353
4.0793734
3.8844554
3.7450266
4.041669
3.6437402
3.9791436
3.704619
3.831283
3.6771922
3.2099288
3.736899
test_variance_wealth
1.0410129
0.804946
0.7188545
1.1372166
0.799866
0.89781076
0.78101814
0.8276199
0.7424937
0.98784196
0.7425759
0.7723522
1.0382911
0.78033316
1.0625092
0.8414354
0.7927208
0.9228509
0.88310325
0.7351318
0.8300198
0.79179686
0.82075477
0.80616
0.8148652
0.93349725
0.7495191
0.759185
0.7899323
0.82131636
1.4841151
0.8352193
test_wealth_with_price_abs_mean
0.94426507
0.9155464
0.94168586
0.90241235
0.9831032
1.0297898
0.9223583
1.0227545
0.9872517
1.0801668
0.96685106
0.94174045
0.91916513
0.96458507
0.8904474
1.0138011
0.9764293
0.98566306
1.0609775
0.97518533
0.98686033
0.9791879
0.9819533
0.9802465
0.9864029
0.9709523
0.95370835
0.92996615
0.9641609
0.9653624
0.9692281
0.9951107
test_wealth_with_price_variance
1.0410129
0.804946
0.7188545
1.1372166
0.799866
0.89781076
0.78101814
0.8276199
0.7424937
0.98784196
0.7425759
0.7723522
1.0382911
0.78033316
1.0625092
0.8414354
0.7927208
0.9228509
0.88310325
0.7351318
0.8300198
0.79179686
0.82075477
0.80616
0.8148652
0.93349725
0.7495191
0.759185
0.7899323
0.82131636
1.4841151
0.8352193
price
3.086101
3.1731725
3.2560573
3.4113011
3.1814578
2.9177196
2.6639557
3.100308
3.2153044
3.024003
3.1060648
3.0427027
3.0697007
3.1313167
3.1366742
2.9693556
3.1272101
3.040337
3.1695602
3.3167095
3.0814536
3.281327
3.0952897
2.9556303
3.2430809
2.9343178
3.1989825
2.96312
3.0547407
2.9157317
2.9633229
2.935461
train_time
12.732730900000007
17.39550220000001
12.158360499999958
14.267171200000007
12.249486500000103
13.961548399999856
16.81579439999996
23.736346400000002
16.17211700000007
15.113527200000135
18.75615650000009
12.421223299999838
16.52746019999995
15.70157990000007
13.965059099999962
10.522324800000206
11.357948899999883
13.513366300000143
10.896332299999813
24.275396600000022
19.8756429999994
21.38909909999984
10.61085279999952
19.419442700000218
13.674952499999563
12.323375900000428
17.902587200000198
16.242168999999194
20.269810200000393
16.20827459999964
22.5783808999995
20.17047829999956


