================================================================================
=== twin network
train_time
37.9725706
39.829819000000015
38.643996300000026
40.71600580000006
39.92985520000002
39.94914629999994
40.56336549999992
42.05126569999993


================================================================================
=== continuous-time
train_risk
2.3617291
2.3942065
2.3778365
2.363364
2.3685346
2.3815992
2.3911386
2.3731346
test_risk
2.3580313
2.394632
2.3782303
2.3628807
2.3701324
2.374303
2.394029
2.3751385
test_mean_value
-0.0036748636
-0.0033185103
-0.002459705
-0.0019887895
-0.003838631
-0.0042351433
-0.0016278088
-0.0021292642
test_mean_abs_value
0.39892134
0.42250165
0.41480502
0.39978734
0.402523
0.40997082
0.42547786
0.41111743
test_variance_value
0.24898703
0.27975592
0.2693809
0.25093523
0.25386533
0.26554832
0.28412127
0.26590088
test_mean_costs
0.5609394
0.5609147
0.5611125
0.5606395
0.56104815
0.56084144
0.5609885
0.5612305
test_mean_abs_costs
0.5609394
0.5609147
0.5611125
0.5606395
0.56104815
0.56084144
0.5609885
0.5612305
test_variance_costs
0.0112203015
0.012893692
0.012699481
0.01145989
0.011395326
0.012463038
0.013379229
0.012284844
test_mean_wealth
-1.533907
-1.5332689
-1.5349236
-1.5325679
-1.5335186
-1.5326579
-1.532905
-1.5330926
test_mean_abs_wealth
1.5340356
1.533492
1.5351151
1.5326464
1.5336466
1.5328023
1.5331119
1.5332396
test_variance_wealth
0.13818306
0.14540406
0.14312035
0.13886052
0.14127927
0.14119843
0.14558378
0.14266032
test_wealth_with_price_abs_mean
0.5789197
0.5794259
0.5804699
0.5777509
0.5792345
0.5779349
0.5791527
0.5790511
test_wealth_with_price_variance
0.13818304
0.14540404
0.14312033
0.13886052
0.14127925
0.14119841
0.14558376
0.1426603
price
0.9725904
0.9725861
0.9725818
0.97258824
0.9725818
0.97258824
0.9725818
0.9725904
train_time
2.702279400000002
2.696025800000001
3.601631599999962
2.7760332999999946
5.869838400000049
5.145010399999819
2.8618570000001
3.9494740000000093


================================================================================
=== continuous time feature map
train_risk
2.170987
2.2510107
2.238243
2.0782754
2.1611865
2.2337954
2.2450159
2.2320964
test_risk
2.1657631
2.251681
2.2404768
2.0724044
2.160681
2.2265854
2.2476363
2.237759
test_mean_value
0.12700802
0.020244831
0.009979646
0.3147492
0.1809245
0.039189886
0.02511669
0.0087982565
test_mean_abs_value
0.3667576
0.39630207
0.3738273
0.44565213
0.38956702
0.38369396
0.40151677
0.37220666
test_variance_value
0.19681734
0.24340256
0.21826181
0.2081982
0.20871188
0.22909214
0.25021476
0.21589544
test_mean_costs
0.32373002
0.35956696
0.34258497
0.32104737
0.33184138
0.36956745
0.35325667
0.35009408
test_mean_abs_costs
0.32373002
0.35956696
0.34258497
0.32104737
0.33184138
0.36956745
0.35325667
0.35009408
test_variance_costs
0.0018002507
0.002719041
0.0023308543
0.0015519169
0.0018585032
0.0026805326
0.0026304126
0.0024678
test_mean_wealth
-1.1660148
-1.3083578
-1.3039566
-0.97623765
-1.1195487
-1.2979589
-1.2984285
-1.3110287
test_mean_abs_wealth
1.167412
1.3088785
1.3044597
0.9886311
1.1221147
1.2983876
1.2992738
1.3113878
test_variance_wealth
0.20875737
0.18196347
0.17856927
0.26628926
0.22560485
0.1779311
0.18525407
0.17511263
test_wealth_with_price_abs_mean
0.389304
0.43142897
0.42569354
0.40817347
0.38994864
0.42343932
0.42812377
0.4276478
test_wealth_with_price_variance
0.20875737
0.18196347
0.17856927
0.26628926
0.22560485
0.17793109
0.18525405
0.17511263
price
0.9725904
0.9725861
0.9725818
0.97258824
0.9725818
0.97258824
0.9725818
0.9725904
train_time
20.164628600000007
14.629594700000013
14.549757899999975
20.255461699999955
19.620039200000065
14.78811450000012
13.869363399999884
12.69411520000017


================================================================================
=== deep network
train_risk
3.82892
2.3773427
2.421694
2.3132117
3.6718125
2.460352
2.4232357
2.4211428
test_risk
3.820253
2.3810787
2.4217882
2.3095052
3.6749055
2.4506824
2.4294052
2.4243531
test_mean_value
1.1694162
0.038285043
0.009946255
0.41546085
1.4807671
0.075884484
0.031391498
0.0073849782
test_mean_abs_value
1.545024
0.27802613
0.16689636
0.47704467
1.8007531
0.17482817
0.25152972
0.1581017
test_variance_value
2.377047
0.1206409
0.051838253
0.18979816
2.7931705
0.05240548
0.104782596
0.043932408
test_mean_costs
0.573878
0.19057822
0.111839525
0.07891593
0.46391135
0.05968049
0.16277398
0.11648465
test_mean_abs_costs
0.573878
0.19057822
0.111839525
0.07891593
0.46391135
0.05968049
0.16277398
0.11648465
test_variance_costs
0.018057687
0.0010083908
0.00350976
0.0035498382
0.03311724
0.0015336156
0.001562383
0.002034038
test_mean_wealth
-0.37375462
-1.121329
-1.0732446
-0.6333946
0.04822403
-0.9513773
-1.1016711
-1.0788326
test_mean_abs_wealth
1.3922732
1.1230824
1.075965
0.8163906
1.4660299
0.97048384
1.1049194
1.0806512
test_variance_wealth
2.9131804
0.2997728
0.33442613
0.62750757
3.4066553
0.41221893
0.32609516
0.33077487
test_wealth_with_price_abs_mean
1.4345407
0.44302085
0.4607137
0.6892355
1.6779641
0.5108051
0.4568783
0.45965657
test_wealth_with_price_variance
2.9131804
0.2997728
0.3344261
0.62750757
3.4066553
0.4122189
0.32609513
0.33077487
price
0.9725904
0.9725861
0.9725818
0.97258824
0.9725818
0.97258824
0.9725818
0.9725904
train_time
41.88249889999999
189.04640369999998
136.87412870000003
101.03643150000005
42.71231389999991
109.71159059999991
157.15275129999986
135.76437629999987


================================================================================
=== twin network feature map
train_risk
2.217704
2.2897246
2.2636561
2.1742277
2.1948419
2.2565465
2.2717915
2.2609227
test_risk
2.2125514
2.2916138
2.26552
2.1702957
2.1927073
2.248233
2.274058
2.2659738
test_mean_value
0.13964775
0.024555337
0.014914297
0.16216263
0.20332402
0.055795256
0.028367905
0.011659945
test_mean_abs_value
0.33213863
0.34725717
0.31721893
0.31129637
0.35641053
0.33807415
0.34809408
0.3176206
test_variance_value
0.15794504
0.18824585
0.15646012
0.1308544
0.16545208
0.177497
0.1892196
0.15637627
test_mean_costs
0.28685305
0.2853699
0.23258409
0.26531884
0.26130584
0.28057113
0.26281017
0.24308422
test_mean_abs_costs
0.28685305
0.2853699
0.23258409
0.26531884
0.26130584
0.28057113
0.26281017
0.24308422
test_variance_costs
0.0020918427
0.0019393113
0.001388426
0.001941804
0.0019858961
0.0016625279
0.002218088
0.0017326972
test_mean_wealth
-1.1164981
-1.2298503
-1.1890211
-1.0730958
-1.0266136
-1.1923572
-1.2047309
-1.2011572
test_mean_abs_wealth
1.1181915
1.2304722
1.1900078
1.074995
1.0324879
1.1931725
1.2057549
1.2017335
test_variance_wealth
0.2479404
0.22768791
0.23171851
0.2450439
0.28110766
0.22590433
0.22933902
0.22745098
test_wealth_with_price_abs_mean
0.4091147
0.42452368
0.41237766
0.39976934
0.42309868
0.410138
0.41534236
0.4135321
test_wealth_with_price_variance
0.24794039
0.22768791
0.23171851
0.24504389
0.28110766
0.22590432
0.22933902
0.22745097
price
0.9725904
0.9725861
0.9725818
0.97258824
0.9725818
0.97258824
0.9725818
0.9725904
train_time
11.974498799999992
14.941474599999992
33.97488600000008
27.852062400000023
18.479819399999997
14.887404299999844
31.68084769999996
17.646420200000193


