================================================================================
=== deep network w. relu
train_risk
7.202352
6.674729
6.487123
6.820762
6.9370775
7.0546365
6.761882
7.2247763
6.9817495
7.111488
6.596549
6.6970744
7.0638504
6.6744537
6.967663
6.715071
6.53259
7.005946
6.950815
7.196265
7.0302033
6.8381567
6.623845
6.773556
6.809817
6.9563375
6.6583295
6.713306
6.8744745
6.679821
7.1803975
7.051469
test_risk
7.1913276
6.675756
6.502917
6.782387
6.9163933
7.055806
6.762444
7.2258983
6.9926577
7.1150537
6.5952454
6.706175
7.059214
6.691089
6.991568
6.7094
6.5289974
6.996004
6.941728
7.1974926
7.036961
6.850538
6.612487
6.764262
6.806186
6.956415
6.6611786
6.729295
6.8642173
6.6950665
7.167492
7.0473223
test_mean_value
0.0088803535
-0.018486854
-0.01690501
0.13955307
0.09814333
-0.05651101
-0.030131372
-0.026442146
-0.05193594
-0.064605035
-0.037381098
-0.01980762
0.37819982
-0.043390717
-0.034167748
-0.03654182
-0.033445455
-0.060100272
-0.044203494
-0.013777215
-0.04694651
-0.005455424
-0.055838965
-0.043437902
-0.018624386
-0.1046609
-0.031322088
-0.03164345
-0.01311096
-0.037443794
0.7544695
-0.058238275
test_mean_abs_value
0.44843003
0.043485854
0.08844097
0.38057086
0.40794724
0.30693686
0.29262826
0.54063386
0.36068028
0.19541724
0.2138588
0.2776877
0.5071167
0.23850828
0.357166
0.40182367
0.26213393
0.16952156
0.3138868
0.35744262
0.42743164
0.12738977
0.26525795
0.44239485
0.29787388
0.3901442
0.26909834
0.33654886
0.38751355
0.1817073
0.8353875
0.71835107
test_variance_value
0.31971157
0.0037915048
0.012627086
0.22355603
0.2839605
0.14935614
0.13631487
0.46540424
0.20737404
0.06000329
0.073041275
0.123116046
0.3258764
0.08949138
0.20192829
0.2592437
0.10867379
0.04707439
0.15624744
0.20400542
0.2888399
0.026066983
0.11063205
0.3109235
0.14812212
0.25195682
0.11425298
0.18016352
0.24082021
0.05395952
0.6784807
0.82761955
test_mean_costs
0.07200494
0.016005274
0.0028518136
0.003798123
0.001278471
0.016711105
0.00025859318
0.015486993
0.01446805
0.0035919077
0.0020552017
0.010888581
0.0044115176
0.0021476855
0.0021414713
0.085821606
0.08356821
0.001448838
0.052480455
0.35714254
0.08474969
0.06150517
0.001812
0.012632961
0.04561348
0.07253472
0.0017020645
0.0023370804
0.0019278127
0.0053068013
0.09750298
0.024146503
test_mean_abs_costs
0.07200494
0.016005274
0.0028518136
0.003798123
0.001278471
0.016711105
0.00025859318
0.015486993
0.01446805
0.0035919077
0.0020552017
0.010888581
0.0044115176
0.0021476855
0.0021414713
0.085821606
0.08356821
0.001448838
0.052480455
0.35714254
0.08474969
0.06150517
0.001812
0.012632961
0.04561348
0.07253472
0.0017020645
0.0023370804
0.0019278127
0.0053068013
0.09750298
0.024146503
test_variance_costs
0.00037331568
0.0014328836
0.0005841077
0.0029864851
0.00045369446
0.0010976793
8.103719e-05
0.00080609735
0.00046718633
0.0006292668
0.0002953839
0.00033696133
0.0020859633
0.0006745618
0.0014693239
0.0027782787
0.00016482311
0.00062577927
0.00032296978
0.0010475549
0.0005338
0.00036463147
0.00048260295
0.00028119335
0.0012140672
0.00023472491
0.00015768269
0.00032283243
0.00023666244
0.0009775958
0.0007348961
0.0066517866
test_mean_wealth
-3.097513
-3.0082698
-3.0434623
-2.717612
-3.014613
-3.0510004
-3.1541326
-3.2025921
-3.2476752
-2.989814
-2.8954146
-2.9669716
-2.771301
-2.983719
-3.1830206
-3.046079
-2.9553008
-3.029444
-2.9829898
-3.4959698
-3.1458387
-3.121414
-2.9012432
-2.8783395
-3.106812
-3.0259254
-3.1231174
-3.1737022
-3.1090107
-3.0473843
-2.5614767
-3.0725923
test_mean_abs_wealth
3.1486661
3.0085015
3.0451815
2.7864811
3.0534072
3.0741086
3.1667452
3.2622457
3.2691262
2.9934936
2.9073007
2.984843
2.9050002
2.9944434
3.2101882
3.079502
2.9695077
3.036333
2.995095
3.5039184
3.1805246
3.1254082
2.9087055
2.9235802
3.1216161
3.0524516
3.1360543
3.1897914
3.133839
3.0537446
2.9604113
3.149065
test_variance_wealth
3.7764168
2.6839046
2.5187507
3.4576848
3.336499
3.6354876
2.749633
3.646372
3.0808418
3.394348
2.7377942
2.8246408
4.33205
2.7570066
3.04072
3.049723
2.6786108
3.2792735
3.3865407
2.902117
3.2742143
3.0217428
2.735677
3.1463337
2.9767177
3.1909144
2.683791
2.722406
3.0664864
2.865888
5.8469973
3.5687401
test_wealth_with_price_abs_mean
1.5846041
1.3230621
1.2865325
1.5132414
1.493153
1.5766541
1.3382752
1.5296823
1.4135709
1.5017968
1.3376604
1.3532906
1.7387593
1.3429823
1.3978168
1.4151729
1.321538
1.4857874
1.5223073
1.3928591
1.4599693
1.4170785
1.3314725
1.4232595
1.4023143
1.4428165
1.3229702
1.328075
1.4122481
1.3811581
2.0019264
1.5004454
test_wealth_with_price_variance
3.7764168
2.683905
2.5187507
3.4576848
3.336499
3.6354876
2.749633
3.646372
3.0808418
3.394348
2.7377942
2.8246408
4.33205
2.7570066
3.04072
3.049723
2.6786108
3.2792735
3.3865407
2.902117
3.2742143
3.0217428
2.735677
3.1463337
2.9767177
3.1909144
2.683791
2.722406
3.0664864
2.865888
5.8469973
3.5687401
price
3.0416012
2.9766667
3.0255241
2.8623395
3.116641
2.9860747
3.1307888
3.172183
3.1842344
2.9232929
2.8564446
2.9389434
3.1548858
2.9331312
3.1492076
2.9243054
2.841843
2.9768376
2.8911576
3.1375046
3.0111675
3.059542
2.847981
2.82766
3.0516512
2.847564
3.093614
3.1420465
3.0926738
3.0037363
3.2253222
2.9933136
train_time
67.4021956
68.1156878
121.89413809999999
161.2482574
109.59119650000002
86.0592365
110.9312496
92.43493139999998
84.25119249999989
73.80487850000009
102.90011959999993
71.2033798
184.0898698000001
146.04610620000017
124.20952149999994
60.10139530000015
65.15738609999994
129.66433069999994
56.13437520000025
39.96792020000021
67.12887380000029
69.02274960000022
137.2996059000002
103.19024450000006
120.67564250000032
81.84953790000009
123.09718680000015
146.54637999999977
148.20806079999966
214.69858380000005
91.23039999999992
101.2297509


