================================================================================
=== twin network
train_time
39.3696351
39.6830564
42.13427960000001
39.6478965
39.73445289999995
40.07105290000004
40.31673930000011
39.3312284000001


================================================================================
=== continuous-time
train_risk
2.4262972
2.489822
2.4318871
2.4624336
2.4257264
2.4337964
2.4902022
2.4355683
test_risk
2.4282
2.4882944
2.4352255
2.4606457
2.4337475
2.4314206
2.4894803
2.4367363
test_mean_value
-0.0032557528
-0.003544176
-0.0027544436
-0.0036537468
-0.0038613947
-0.0018649756
-0.003053404
-0.0017136858
test_mean_abs_value
0.42588407
0.47506154
0.42865258
0.4525831
0.42224026
0.43013203
0.45857567
0.43442488
test_variance_value
0.28457052
0.35283315
0.2894413
0.3223209
0.28209236
0.29001644
0.33509567
0.2977145
test_mean_costs
0.5610782
0.5609806
0.56111866
0.5610536
0.5609398
0.56140804
0.5613223
0.56087834
test_mean_abs_costs
0.5610782
0.5609806
0.56111866
0.5610536
0.5609398
0.56140804
0.5613223
0.56087834
test_variance_costs
0.01285009
0.01649433
0.013144823
0.014805201
0.01276194
0.013090559
0.015713308
0.013611439
test_mean_wealth
-1.5332915
-1.5321767
-1.5340537
-1.5330341
-1.5352683
-1.5346371
-1.5342232
-1.5337923
test_mean_abs_wealth
1.5335038
1.5328048
1.5342666
1.5335331
1.5355139
1.5348955
1.5347365
1.5340841
test_variance_wealth
0.16028325
0.17666622
0.16169609
0.16834149
0.16079462
0.1612513
0.17151146
0.16281931
test_wealth_with_price_abs_mean
0.58438593
0.5869408
0.58507836
0.5855628
0.5857825
0.58573735
0.5866197
0.5853027
test_wealth_with_price_variance
0.16028325
0.17666622
0.16169609
0.16834149
0.16079462
0.1612513
0.17151146
0.16281931
price
0.9725852
0.9725852
0.9725826
0.9725876
0.9725852
0.9725876
0.9725852
0.9725876
train_time
5.599946199999998
2.6367764000000022
2.528163100000029
5.580226400000015
4.088179700000069
2.528123800000003
3.300843499999928
3.313717199999928


================================================================================
=== continuous time feature map
train_risk
2.2780774
2.320036
2.2536929
2.2180326
2.2657275
2.2981164
2.429434
2.291903
test_risk
2.2844098
2.3204587
2.2614274
2.2122185
2.2746718
2.2999213
2.433235
2.2925785
test_mean_value
0.015084359
0.05809745
0.09458763
0.298562
0.04736341
0.022879003
0.009010777
0.047825497
test_mean_abs_value
0.3881541
0.4805029
0.40380344
0.51201403
0.38929936
0.39544675
0.478208
0.4066155
test_variance_value
0.2333412
0.3535139
0.2485228
0.32762077
0.23590696
0.24257958
0.35601097
0.25630835
test_mean_costs
0.33792555
0.38030064
0.34736875
0.37141368
0.34823737
0.3607919
0.4581878
0.3592426
test_mean_abs_costs
0.33792555
0.38030064
0.34736875
0.37141368
0.34823737
0.3607919
0.4581878
0.3592426
test_variance_costs
0.0024717227
0.0036824495
0.0024249058
0.0027296725
0.0024707362
0.0028510413
0.0046279333
0.00263572
test_mean_wealth
-1.2917987
-1.2898551
-1.2229617
-1.0411785
-1.271341
-1.3092769
-1.4190246
-1.2826173
test_mean_abs_wealth
1.2925516
1.2923684
1.2245053
1.0548221
1.272115
1.3099716
1.4200352
1.2837044
test_variance_wealth
0.201519
0.22566962
0.22253098
0.30228177
0.20682636
0.20021565
0.21515091
0.21204177
test_wealth_with_price_abs_mean
0.43468884
0.45277542
0.41871208
0.43627322
0.42837957
0.44309866
0.52387065
0.43839943
test_wealth_with_price_variance
0.201519
0.22566962
0.22253098
0.30228177
0.20682636
0.20021565
0.21515091
0.21204177
price
0.9725852
0.9725852
0.9725826
0.9725876
0.9725852
0.9725876
0.9725852
0.9725876
train_time
23.761987500000004
14.635972899999985
21.7802911
18.394112500000006
17.00562309999998
10.683701999999812
9.632935000000089
12.611470100000133


================================================================================
=== deep network
train_risk
2.5402281
2.8792307
2.4867258
2.4512436
2.5016887
2.4870684
2.6169317
2.4875188
test_risk
2.5524645
2.8798504
2.4955866
2.444186
2.5091276
2.489633
2.615611
2.4873385
test_mean_value
0.041253403
0.09347162
0.1200356
0.67675
0.05543171
0.022399597
0.006350232
0.06968896
test_mean_abs_value
0.17641263
0.41327143
0.23350854
0.77635884
0.17457536
0.18153015
0.27384984
0.24692282
test_variance_value
0.049433358
0.2587358
0.07295877
0.4367699
0.048621975
0.055075295
0.12395995
0.09361803
test_mean_costs
0.1271528
0.57486576
0.12266255
0.23992635
0.1244928
0.111795634
0.19963033
0.15989709
test_mean_abs_costs
0.1271528
0.57486576
0.12266255
0.23992635
0.1244928
0.111795634
0.19963033
0.15989709
test_variance_costs
0.0029660952
0.003868596
0.0033779414
0.0050539477
0.0033505736
0.002012275
0.0037311078
0.0024403282
test_mean_wealth
-1.0548569
-1.4490461
-0.97280747
-0.5315031
-1.0395281
-1.0607601
-1.1631277
-1.0614084
test_mean_abs_wealth
1.0608046
1.4515544
0.989168
0.8259237
1.0456195
1.064698
1.1671487
1.0686955
test_variance_wealth
0.4080795
0.409252
0.4247031
0.7976022
0.3925465
0.37491968
0.3761105
0.37979335
test_wealth_with_price_abs_mean
0.5078413
0.6301458
0.5191676
0.8023094
0.4975514
0.48808563
0.4946684
0.49031296
test_wealth_with_price_variance
0.4080795
0.409252
0.4247031
0.7976022
0.3925465
0.37491968
0.3761105
0.37979335
price
0.9725852
0.9725852
0.9725826
0.9725876
0.9725852
0.9725876
0.9725852
0.9725876
train_time
85.88365399999999
63.342433400000004
144.2554038
153.32946749999996
110.2550672000001
197.7307999000002
128.27312959999995
122.64523840000015


================================================================================
=== twin network feature map
train_risk
2.3088338
2.3518863
2.286126
2.238327
2.3012588
2.3357923
2.3695943
2.3395913
test_risk
2.3151088
2.352652
2.2919416
2.232603
2.3097441
2.3380952
2.3744798
2.3398438
test_mean_value
0.019327305
0.06161158
0.10458894
0.3280955
0.05507428
0.023728032
0.009409482
0.050048776
test_mean_abs_value
0.3481845
0.43798882
0.36457324
0.50038326
0.34706116
0.34729737
0.4228898
0.3771801
test_variance_value
0.18954927
0.29536104
0.20141658
0.29368934
0.1875678
0.18754406
0.27726823
0.22271389
test_mean_costs
0.27846724
0.32272825
0.28928748
0.3212119
0.27161887
0.2962765
0.309347
0.29926527
test_mean_abs_costs
0.27846724
0.32272825
0.28928748
0.3212119
0.27161887
0.2962765
0.309347
0.29926527
test_variance_costs
0.0024708144
0.0036146499
0.002630676
0.0030721447
0.0020461674
0.002452908
0.0038936033
0.0027784673
test_mean_wealth
-1.2280974
-1.2287686
-1.1548791
-0.9614431
-1.1870117
-1.2439126
-1.269785
-1.2204167
test_mean_abs_wealth
1.2292377
1.2320933
1.1569195
0.98491466
1.1884702
1.2448338
1.2712505
1.2226143
test_variance_wealth
0.23859711
0.2611268
0.2636238
0.35278955
0.25677046
0.23963988
0.24499384
0.260477
test_wealth_with_price_abs_mean
0.43097225
0.44690794
0.42825866
0.47209057
0.43139806
0.4371036
0.45154953
0.44533932
test_wealth_with_price_variance
0.23859711
0.2611268
0.2636238
0.35278955
0.25677046
0.23963988
0.24499384
0.260477
price
0.9725852
0.9725852
0.9725826
0.9725876
0.9725852
0.9725876
0.9725852
0.9725876
train_time
13.588903899999991
15.236062400000037
21.69058940000002
16.638736900000026
20.042398599999842
10.463051199999882
16.912751599999865
13.149186899999904


