================================================================================
=== twin network
train_time
37.591529300000005
38.89387800000003
39.145677199999966
39.311711100000025
39.32065160000002
39.91021219999993
41.44885410000006
39.48398569999995
40.99840900000004
42.75785649999989
41.3409780999998
41.65268210000022
41.48404610000034
44.49275519999992
41.77113250000002
42.34274899999991
41.7659364000001
68.72045020000041
41.43701539999984
42.01344850000032
42.10772639999959
43.74478910000016
42.50249220000023
44.4345643000006
44.697960200000125
42.85292060000029
41.782523500000025
44.02781539999978
43.21857739999996
42.584667699999954
42.70634830000017
42.392112200000156


================================================================================
=== continuous-time
train_risk
5.640148
5.6999207
5.641163
5.9245877
5.77911
5.4987597
5.326507
5.5123367
5.746415
5.554184
5.556821
5.4886765
5.8136296
5.7504196
5.6415405
5.7335362
5.78655
5.5506096
5.6982737
5.9918513
5.658174
5.8760343
5.506668
5.5214605
5.8709927
5.6888337
5.775122
5.4716053
5.4626255
5.41802
5.5142646
5.4856772
test_risk
5.6440763
5.700958
5.640483
5.925515
5.772049
5.497621
5.3242903
5.512424
5.7452064
5.5565157
5.556693
5.4970536
5.805983
5.7488947
5.6413245
5.729314
5.779366
5.5545926
5.6942897
5.9920692
5.6601367
5.8761363
5.505599
5.514642
5.874327
5.687848
5.7783737
5.473846
5.464173
5.419703
5.504164
5.4825735
test_mean_value
-0.0012472634
-0.0048352764
-0.00726312
-0.0072506038
-0.007289968
0.0012729645
-0.0016480485
0.000532157
-0.009675953
-0.0032885212
-0.0049683107
-0.00027693927
-0.0057375915
-0.005347596
-0.003980431
-0.008792918
-0.006245187
-0.0058352062
-0.007599138
-0.00895452
-0.006649353
-0.008180472
-0.003487137
-0.0032984647
-0.006156992
-0.006509187
-0.0040134876
-0.007003757
-0.0071596056
-0.0027852696
-0.0049965135
-0.0043151802
test_mean_abs_value
1.031291
1.0967371
1.0814587
1.0681498
1.0578177
1.0507119
1.0702989
1.0531071
1.123799
1.0739168
0.9957684
1.0950799
1.1176872
1.1723917
1.092979
1.0737405
1.0543562
1.0403057
1.076192
1.1658627
1.1430216
1.1045532
1.0362428
1.1082776
1.1720874
1.1019554
1.1264337
1.0839314
1.0293864
1.0183092
1.1093613
1.0562257
test_variance_value
1.6497281
1.8499467
1.8126049
1.7627486
1.73073
1.7201439
1.7823757
1.7310951
1.9397117
1.7813417
1.5491893
1.8372366
1.9161736
2.0996983
1.8565391
1.7967763
1.7179216
1.680166
1.7874489
2.0743873
2.0151465
1.8855822
1.6641723
1.8994684
2.0940285
1.8828188
1.954362
1.8186578
1.6483469
1.6123102
1.9049649
1.7337713
test_mean_costs
1.1446189
1.1346716
1.1319915
1.2470171
1.1878328
1.0735936
0.9978218
1.0856864
1.1471221
1.0864924
1.1196469
1.0494796
1.1778296
1.1420811
1.1205504
1.1487907
1.1958387
1.1070607
1.1554595
1.2353196
1.1040668
1.21074
1.0843449
1.0592048
1.1865809
1.1237339
1.164045
1.0506358
1.0629163
1.0338845
1.0579075
1.0696257
test_mean_abs_costs
1.1446189
1.1346716
1.1319915
1.2470171
1.1878328
1.0735936
0.9978218
1.0856864
1.1471221
1.0864924
1.1196469
1.0494796
1.1778296
1.1420811
1.1205504
1.1487907
1.1958387
1.1070607
1.1554595
1.2353196
1.1040668
1.21074
1.0843449
1.0592048
1.1865809
1.1237339
1.164045
1.0506358
1.0629163
1.0338845
1.0579075
1.0696257
test_variance_costs
0.0338684
0.037834685
0.037726328
0.03924673
0.036673784
0.03424079
0.033629324
0.03465662
0.04064966
0.03531977
0.031403832
0.03541304
0.04035843
0.044348102
0.037972707
0.037024397
0.03737294
0.033794813
0.03740121
0.04570719
0.0411618
0.04114833
0.032963008
0.03681213
0.045209862
0.038112704
0.0409071
0.035460573
0.03193094
0.029056892
0.037037734
0.03423439
test_mean_wealth
-4.2766423
-4.249887
-4.238221
-4.59509
-4.4138346
-4.054252
-3.8258686
-4.096818
-4.287881
-4.094744
-4.1993566
-3.9936295
-4.3784614
-4.2722
-4.201396
-4.2916236
-4.4373565
-4.159648
-4.3071604
-4.560779
-4.152782
-4.4834685
-4.091534
-4.012811
-4.4116435
-4.212199
-4.3402324
-3.9908435
-4.0286717
-3.9362555
-4.009756
-4.041724
test_mean_abs_wealth
4.2766438
4.249891
4.2382274
4.59509
4.413842
4.0542784
3.825907
4.0968237
4.2878976
4.0947523
4.199372
3.9936798
4.378474
4.2722435
4.201408
4.291632
4.4373574
4.159664
4.3071613
4.560779
4.15281
4.4834685
4.091547
4.0128613
4.411644
4.2122006
4.3402615
3.9908829
4.0287127
3.9363155
4.009787
4.041734
test_variance_wealth
0.40939063
0.44318086
0.42766386
0.38544637
0.4058488
0.43765798
0.47429514
0.4332293
0.4425462
0.44553086
0.39829555
0.47508565
0.4314276
0.4614505
0.44279152
0.42823616
0.3923485
0.41792724
0.41359234
0.43928462
0.46517804
0.4136497
0.4285838
0.47555807
0.4480938
0.46341172
0.4411571
0.46789235
0.43791732
0.46749833
0.4720264
0.43732488
test_wealth_with_price_abs_mean
1.164134
1.1573786
1.1521082
1.2568814
1.2037508
1.0992696
1.0378284
1.1119322
1.1694801
1.1107266
1.1386255
1.0878737
1.1963493
1.1674701
1.1454057
1.1672142
1.2079855
1.1292452
1.173125
1.2519497
1.131718
1.224322
1.1108416
1.0931641
1.2068632
1.15057
1.1863168
1.0854361
1.0934143
1.071799
1.0931016
1.0955347
test_wealth_with_price_variance
0.40939063
0.44318086
0.42766386
0.38544637
0.4058488
0.43765798
0.47429514
0.4332293
0.4425462
0.44553086
0.39829555
0.47508565
0.4314276
0.4614505
0.44279152
0.42823616
0.3923485
0.41792724
0.41359234
0.43928462
0.46517804
0.4136497
0.4285838
0.47555807
0.4480938
0.46341172
0.4411571
0.46789235
0.43791732
0.46749833
0.4720264
0.43732488
price
3.1323545
3.1164217
3.108525
3.3497477
3.2266386
2.9826152
2.830186
3.011546
3.1406057
3.011758
3.0805976
2.941292
3.2011495
3.1299489
3.0809608
3.1447713
3.2439153
3.0531223
3.1531038
3.3254569
3.048726
3.274558
3.0071483
2.9557793
3.224259
3.0891006
3.1755092
2.9400725
2.9644682
2.9020853
2.9512148
2.9747682
train_time
3.665656399999996
3.0824607999999785
3.116426600000068
3.1241990999999416
3.873300699999959
5.491357899999912
3.1360052999998516
3.499680799999851
3.155846499999825
2.8114263999998457
7.391673600000104
2.8353259999998954
2.811303299999963
4.121430000000146
3.3467202000001635
2.9651890999998614
7.470542200000182
3.768864399999984
3.357140000000072
2.876278199999433
3.7436931000002005
8.008526200000233
7.670254699999532
4.2482380999999805
6.362833099999989
4.230938100000458
4.246732200000224
5.105676099999982
3.907084699999359
3.934497499999452
3.4365074000006643
4.416170700000293


================================================================================
=== continuous time feature map
train_risk
5.3557863
5.3612275
5.390449
5.5299373
5.4992547
5.266141
5.1170325
5.322504
5.436809
5.3128896
5.000342
5.2475624
5.5442367
5.495837
5.5544147
5.41937
5.4273963
5.3300004
5.436493
5.7242346
5.367378
5.4093795
5.28171
5.294395
5.6091805
5.600448
5.5039477
5.1418114
5.1471543
5.210024
5.2322083
5.252587
test_risk
5.3635798
5.3647127
5.3939724
5.53292
5.488797
5.2689977
5.1222925
5.3235264
5.435795
5.318413
5.004145
5.250714
5.53948
5.4930797
5.5589404
5.415596
5.4203863
5.333567
5.4366155
5.7226505
5.3713284
5.4173594
5.2826357
5.2906694
5.610117
5.6003647
5.50904
5.144983
5.1431565
5.2147703
5.2220016
5.2519693
test_mean_value
0.11150145
0.13066652
0.013506765
0.26746276
0.15596336
0.03554147
0.030310908
0.01672003
0.19051684
0.092704386
1.0849067
0.033914283
0.044394586
0.017289631
0.09717226
0.12556762
0.33603013
0.013887002
0.016817052
0.06308453
0.1748646
0.6277923
0.090143286
0.019036392
0.05618547
0.26462024
0.0063353665
0.36989903
0.33875838
0.09340326
0.3352109
0.09591565
test_mean_abs_value
0.97208697
1.0598159
1.0382077
1.0006561
0.99636954
1.0411114
1.086025
1.0174638
1.1297303
1.0747578
1.3318005
1.1090124
1.0984842
1.1827118
1.1235315
1.0363283
1.0306762
1.0081941
1.0407088
1.1275976
1.1780287
1.1719717
1.0049123
1.1092064
1.176214
1.087535
1.1087674
1.1014637
1.0437057
0.98233837
1.1374774
1.0487063
test_variance_value
1.4495661
1.7230463
1.6750926
1.4898118
1.5148045
1.6749148
1.8211665
1.6073245
1.920709
1.7691109
1.5497963
1.8593869
1.8377482
2.1278682
1.9493817
1.6711292
1.557409
1.5666893
1.6633508
1.9210504
2.0980644
1.781591
1.5515963
1.887042
2.0922372
1.7905554
1.8844829
1.7777762
1.6066821
1.4844811
1.9112635
1.6899418
test_mean_costs
0.7530421
0.73691654
0.7428289
0.8032208
0.8101204
0.75642514
0.73622
0.7512324
0.81813496
0.7869971
0.8421207
0.73340106
0.80380666
0.7979633
0.86809736
0.76207185
0.8230623
0.778116
0.7691413
0.8279903
0.81879157
0.85129124
0.75999045
0.7494629
0.83404493
0.96558374
0.7748064
0.8200119
0.7806347
0.73835176
0.8210101
0.7823157
test_mean_abs_costs
0.7530421
0.73691654
0.7428289
0.8032208
0.8101204
0.75642514
0.73622
0.7512324
0.81813496
0.7869971
0.8421207
0.73340106
0.80380666
0.7979633
0.86809736
0.76207185
0.8230623
0.778116
0.7691413
0.8279903
0.81879157
0.85129124
0.75999045
0.7494629
0.83404493
0.96558374
0.7748064
0.8200119
0.7806347
0.73835176
0.8210101
0.7823157
test_variance_costs
0.007927618
0.009223146
0.008687492
0.007936484
0.008920245
0.009548131
0.010345724
0.00872766
0.010850643
0.010305904
0.007876325
0.010818245
0.010459238
0.011981705
0.010815038
0.009675975
0.008306269
0.009605054
0.009013722
0.010703929
0.012502984
0.008856887
0.008553039
0.011067754
0.011902856
0.012513648
0.010421242
0.011220211
0.009410683
0.009121534
0.010952735
0.009966025
test_mean_wealth
-3.772317
-3.71663
-3.8282888
-3.8765802
-3.8728688
-3.702815
-3.5323079
-3.746176
-3.758701
-3.6992557
-2.8319554
-3.6433597
-3.9543061
-3.9054449
-3.84779
-3.7705443
-3.7223048
-3.810981
-3.896426
-4.081411
-3.6859927
-3.4880471
-3.6735492
-3.6807342
-3.9967654
-3.7829196
-3.9406447
-3.3833168
-3.4004724
-3.5445342
-3.4326515
-3.6541831
test_mean_abs_wealth
3.772361
3.716677
3.8283803
3.8766496
3.8728905
3.702851
3.532445
3.7462301
3.7588356
3.699339
2.8471081
3.6435444
3.954381
3.9055977
3.847897
3.770623
3.7223644
3.8109949
3.8964345
4.081444
3.6864922
3.4892483
3.6736388
3.6808918
3.9968195
3.78305
3.9407742
3.3840716
3.4010878
3.5447621
3.4334733
3.6543014
test_variance_wealth
0.588182
0.62201244
0.57519764
0.65388423
0.6140679
0.5613747
0.5924524
0.5793791
0.6627709
0.6079002
1.252108
0.60633045
0.58755744
0.5969109
0.71169305
0.6103219
0.6908937
0.53250164
0.55207705
0.6272571
0.68577176
0.937282
0.60916656
0.60416615
0.6114108
0.78825563
0.58116734
0.7664336
0.7471468
0.6557723
0.7848529
0.58936316
test_wealth_with_price_abs_mean
0.81265116
0.79942113
0.8602164
0.7773112
0.8262817
0.8545598
0.85589933
0.8710223
0.8289476
0.8498466
0.8917203
0.8597918
0.8879322
0.90890527
0.9382272
0.8094379
0.7694013
0.8710888
0.86899173
0.9011292
0.8495926
0.785007
0.8377176
0.8734426
0.90999377
0.9158809
0.89581686
0.78537905
0.7741077
0.83878905
0.8073267
0.8372307
test_wealth_with_price_variance
0.588182
0.62201244
0.57519764
0.65388423
0.6140679
0.5613747
0.5924524
0.5793791
0.6627709
0.6079002
1.2521081
0.60633045
0.58755744
0.5969109
0.71169305
0.6103219
0.6908937
0.53250164
0.55207705
0.6272571
0.68577176
0.937282
0.60916656
0.60416615
0.6114108
0.78825563
0.58116734
0.7664336
0.7471468
0.6557723
0.7848529
0.58936316
price
3.1323545
3.1164217
3.108525
3.3497477
3.2266386
2.9826152
2.830186
3.011546
3.1406057
3.011758
3.0805976
2.941292
3.2011495
3.1299489
3.0809608
3.1447713
3.2439153
3.0531223
3.1531038
3.3254569
3.048726
3.274558
3.0071483
2.9557793
3.224259
3.0891006
3.1755092
2.9400725
2.9644682
2.9020853
2.9512148
2.9747682
train_time
25.1538653
19.111048100000005
19.621950399999946
24.406353800000034
13.65370310000003
21.013643499999944
20.964161200000035
18.760766699999976
25.277356099999906
13.280964999999924
17.654211000000032
35.48209410000027
24.536356299999625
30.048299600000064
11.057802399999673
28.061339799999587
16.913433899999745
14.152336199999809
30.614234900000156
18.979183399999783
33.81080479999946
33.125498600000356
22.17381220000061
29.852885000000242
20.160775099999228
15.038743000000068
40.327384500000335
15.638479799999914
32.467278899999656
26.524352200000067
21.100917599999775
18.011590699999942


================================================================================
=== deep network
train_risk
5.790243
5.7512307
6.5807185
5.94656
6.569371
5.5939317
6.4531217
6.704024
6.94935
6.7360635
6.348057
6.7938895
6.7453246
6.655809
5.965634
5.679895
5.909129
6.5352874
6.6688156
6.0867095
7.012663
5.753633
6.6097803
5.605337
6.7062106
5.8011556
5.721406
5.4542646
6.3843203
5.6093645
5.8095884
6.737832
test_risk
5.8092403
5.755821
6.5867386
5.9592657
6.5548425
5.6089892
6.4605055
6.718144
6.959228
6.7386985
6.34946
6.8046193
6.7449794
6.66031
5.9679456
5.684481
5.907441
6.53949
6.6690445
6.0901136
7.0025954
5.760084
6.613097
5.6132236
6.6995716
5.813698
5.738615
5.4635925
6.3723693
5.622555
5.804597
6.7569084
test_mean_value
0.16864952
0.24120302
0.03921001
0.4381856
0.6812884
0.0664986
0.18910152
0.017133981
0.43121094
0.2775084
1.6608362
0.061627198
0.10413799
0.021502515
0.17144613
0.24239478
0.65301293
-0.023259493
0.04304711
0.0921579
0.6290714
0.9153806
0.18669501
0.027240856
0.092908524
0.6975894
0.006181302
0.7502898
0.71758157
0.38236156
1.1056888
0.14804246
test_mean_abs_value
0.7818617
0.8503459
0.80584246
0.8691749
0.9285735
0.87064296
0.75613236
0.6812688
1.0183537
0.80232984
1.7913824
0.77474767
0.7165088
0.8181241
0.7774207
0.95224565
0.9727509
0.5508017
0.63693076
0.93023074
1.2282348
1.2176206
0.8342802
0.98173666
0.9806595
1.0499512
1.0007652
1.1094185
1.1032622
0.8368856
1.4760041
0.77788526
test_variance_value
0.90373987
1.0570519
1.1040177
0.95030636
0.9018951
1.1486702
0.91859627
0.7793655
1.4086004
0.944701
1.7653443
0.95443654
0.8428121
1.0652711
0.9160775
1.359169
1.0325103
0.57845426
0.6675113
1.2931333
2.2057178
1.4212546
1.051361
1.4652737
1.5077274
1.2345288
1.5360783
1.3033373
1.3676943
0.98581773
2.1222923
0.94763625
test_mean_costs
0.57214147
0.46797568
0.92298174
0.62797666
0.18989669
0.6141192
0.649888
1.0348647
1.2874581
1.1520468
1.6151414
1.1551776
0.8899099
0.9232747
0.50511926
0.6345097
0.6329718
0.6941655
0.9149737
0.60479325
1.1007991
0.8412365
1.1383443
0.6235053
0.96978384
0.6222875
0.5664102
0.71227926
1.2742442
0.5939547
0.808591
1.1438916
test_mean_abs_costs
0.57214147
0.46797568
0.92298174
0.62797666
0.18989669
0.6141192
0.649888
1.0348647
1.2874581
1.1520468
1.6151414
1.1551776
0.8899099
0.9232747
0.50511926
0.6345097
0.6329718
0.6941655
0.9149737
0.60479325
1.1007991
0.8412365
1.1383443
0.6235053
0.96978384
0.6222875
0.5664102
0.71227926
1.2742442
0.5939547
0.808591
1.1438916
test_variance_costs
0.0071065063
0.0072126305
0.023469195
0.010576709
0.009484847
0.010476523
0.037338275
0.029874299
0.027441083
0.039305635
0.03889585
0.027511261
0.07391218
0.030625409
0.012601439
0.011331237
0.017628744
0.02862423
0.05041034
0.011927464
0.1854937
0.017594105
0.021836452
0.012447144
0.03816393
0.0231135
0.010663624
0.019103555
0.019651802
0.015741896
0.023117466
0.032928027
test_mean_wealth
-3.5342681
-3.3371527
-3.9827385
-3.5306132
-2.72732
-3.529552
-3.2871852
-4.029394
-3.98733
-3.8795016
-3.0290468
-4.037423
-3.9806662
-4.026543
-3.4105382
-3.526155
-3.2152314
-3.764177
-4.0160284
-3.8291404
-3.5137935
-3.1904042
-3.9553514
-3.5465722
-4.0957813
-3.0066543
-3.7324028
-2.8951933
-3.5152586
-3.1111786
-2.6497543
-3.963632
test_mean_abs_wealth
3.5345335
3.3377812
3.9830613
3.5315425
2.829966
3.529659
3.295031
4.0295644
3.9888878
3.8803544
3.074108
4.0376515
3.9810476
4.026633
3.411587
3.5264027
3.2207959
3.7649245
4.016086
3.8292122
3.5564117
3.1967456
3.9560184
3.54678
4.09665
3.0157068
3.7325196
2.903558
3.5199928
3.1147103
2.7136383
3.9640193
test_variance_wealth
1.1628515
1.3089707
1.5534207
1.354649
3.401216
0.9661727
2.1326654
1.56325
1.9346744
1.7373241
2.6381948
1.639573
1.6175623
1.4476964
1.4598879
1.0615172
1.682443
1.6527878
1.4947008
1.1328789
2.9949002
1.5535789
1.6105107
0.94915843
1.5540853
1.7366828
0.9228909
1.5041158
1.8746697
1.3878499
2.3736618
1.6813264
test_wealth_with_price_abs_mean
0.91457134
0.9272087
1.2248485
0.93704367
1.5369493
0.896312
1.2082553
1.2964549
1.297328
1.2534499
1.2911541
1.355493
1.1799055
1.1941111
0.9969497
0.8739599
1.0332991
1.1625834
1.1917524
0.935958
1.4222126
0.99165297
1.2784847
0.9078756
1.2221841
1.0521007
0.88860077
0.9754323
1.176059
0.94829404
1.2411053
1.3066738
test_wealth_with_price_variance
1.1628515
1.3089707
1.5534207
1.354649
3.401216
0.9661727
2.1326654
1.56325
1.9346744
1.7373241
2.6381948
1.6395731
1.6175623
1.4476964
1.4598879
1.0615172
1.682443
1.6527878
1.4947008
1.1328789
2.9949002
1.5535789
1.6105107
0.94915843
1.5540853
1.7366828
0.9228909
1.5041158
1.8746697
1.3878499
2.3736618
1.6813264
price
3.1323545
3.1164217
3.108525
3.3497477
3.2266386
2.9826152
2.830186
3.011546
3.1406057
3.011758
3.0805976
2.941292
3.2011495
3.1299489
3.0809608
3.1447713
3.2439153
3.0531223
3.1531038
3.3254569
3.048726
3.274558
3.0071483
2.9557793
3.224259
3.0891006
3.1755092
2.9400725
2.9644682
2.9020853
2.9512148
2.9747682
train_time
100.52353930000001
154.78342419999996
49.678360800000064
154.94195650000006
114.7114805
105.0735353
42.551066999999875
49.03223700000012
69.1037186000001
54.54713590000006
68.5504633999999
54.13136940000004
54.80875520000018
75.64286549999997
195.90398789999972
139.42473689999997
163.43839909999997
49.34553499999993
59.3744399000002
156.98657120000007
52.578761900000245
176.24118309999994
66.45129550000001
132.59637899999962
61.52506689999973
165.48302440000043
273.16003139999975
156.13467390000005
76.2809627000006
126.77235269999983
141.42882219999956
67.32413579999957


================================================================================
=== twin network feature map
train_risk
5.41987
5.408365
5.4352093
5.5522475
5.529282
5.315053
5.1915374
5.4419937
5.463198
5.3521733
5.040233
5.3213663
5.5901656
5.534724
5.5623255
5.451784
5.4651012
5.39449
5.473318
5.8210573
5.40732
5.4445543
5.2998157
5.335253
5.663358
5.397524
5.5605807
5.1737256
5.1957154
5.2694283
5.265256
5.2959843
test_risk
5.429907
5.4126906
5.438256
5.556079
5.5185347
5.3191614
5.198944
5.438297
5.4617147
5.356779
5.044936
5.3220553
5.586019
5.53376
5.567421
5.4476953
5.456168
5.398036
5.4753566
5.8213873
5.408507
5.450543
5.302157
5.332992
5.664238
5.404671
5.56753
5.17854
5.192472
5.2734594
5.2567654
5.2939825
test_mean_value
0.11415972
0.14879347
0.014507911
0.2981619
0.16008893
0.04621194
0.031747583
0.02070097
0.19638193
0.09662881
1.1458002
0.036327988
0.046759482
0.018497322
0.09785124
0.14282952
0.35854948
0.012901768
0.01893666
0.074929215
0.17396407
0.6593759
0.09803788
0.02322264
0.060827173
0.2821835
0.015067259
0.38217336
0.37283775
0.106492
0.35626346
0.10058294
test_mean_abs_value
0.93905896
1.0236773
0.99380416
0.97811764
0.9603492
0.9918562
1.020853
0.969661
1.1205586
1.032263
1.3597262
1.0613875
1.049412
1.1277932
1.0792886
1.0039464
1.000875
0.9497074
1.001329
1.0956703
1.13524
1.1415083
0.9512947
1.0595021
1.1312382
1.0754292
1.0835341
1.0510199
0.989722
0.9489691
1.1000541
1.0145439
test_variance_value
1.3556412
1.6086183
1.5270734
1.406707
1.406579
1.5198683
1.601603
1.4589549
1.8795301
1.63362
1.5012429
1.6971039
1.6760356
1.9374056
1.7897339
1.5635672
1.457252
1.3906512
1.5432836
1.8256128
1.946935
1.6582174
1.3883269
1.7252969
1.9324969
1.7448968
1.7890372
1.6220814
1.4347621
1.3941565
1.7797679
1.5733564
test_mean_costs
0.734367
0.68780696
0.68978906
0.7676957
0.75940746
0.7029793
0.6642764
0.7140588
0.79411554
0.7529321
0.8115558
0.70032495
0.74989533
0.7371003
0.84065944
0.7128062
0.77894247
0.7077429
0.7245169
0.8087269
0.777682
0.8007321
0.6984471
0.70331585
0.77188003
0.79758734
0.7569558
0.760297
0.7228559
0.7126195
0.7908819
0.73652923
test_mean_abs_costs
0.734367
0.68780696
0.68978906
0.7676957
0.75940746
0.7029793
0.6642764
0.7140588
0.79411554
0.7529321
0.8115558
0.70032495
0.74989533
0.7371003
0.84065944
0.7128062
0.77894247
0.7077429
0.7245169
0.8087269
0.777682
0.8007321
0.6984471
0.70331585
0.77188003
0.79758734
0.7569558
0.760297
0.7228559
0.7126195
0.7908819
0.73652923
test_variance_costs
0.009876422
0.009322778
0.009805303
0.008950826
0.010128914
0.010497313
0.011602956
0.009415626
0.011173052
0.011651442
0.009768777
0.011630817
0.012991884
0.015095961
0.01263438
0.011677677
0.010189042
0.009468012
0.011128606
0.011987118
0.014523546
0.013870587
0.010750225
0.012407578
0.013232981
0.012779726
0.011879799
0.013994007
0.011526137
0.010415369
0.012213393
0.011484789
test_mean_wealth
-3.7509835
-3.6493933
-3.774248
-3.810356
-3.81803
-3.6386988
-3.4589276
-3.7050214
-3.7288165
-3.6612663
-2.7404969
-3.6078699
-3.89803
-3.8433743
-3.8196733
-3.7040167
-3.6556656
-3.7415931
-3.849682
-4.0503025
-3.6457837
-3.4059043
-3.6041112
-3.630401
-3.9299586
-3.59736
-3.9140625
-3.3113277
-3.3086143
-3.5057132
-3.3814707
-3.6037292
test_mean_abs_wealth
3.7510235
3.6494622
3.7743804
3.810446
3.8180606
3.6387544
3.459076
3.7050986
3.7290049
3.6613529
2.764159
3.608026
3.8981175
3.8435667
3.8197737
3.7040906
3.655772
3.741611
3.8496974
4.050369
3.646322
3.4078956
3.6041887
3.630613
3.93004
3.597622
3.914179
3.3123758
3.3094099
3.506064
3.382343
3.6038532
test_variance_wealth
0.6638677
0.7215536
0.6530512
0.7417073
0.68322754
0.644899
0.69795924
0.70750993
0.7117376
0.6615938
1.4242979
0.6737887
0.6680447
0.68449265
0.73417753
0.69322044
0.7833682
0.6351868
0.61704946
0.75549805
0.7498741
1.0729413
0.67109895
0.67357874
0.7089524
0.7786717
0.6406092
0.86535203
0.86425686
0.7404043
0.85569865
0.6598288
test_wealth_with_price_abs_mean
0.8290277
0.80364823
0.8510097
0.7844349
0.8201186
0.8400822
0.84339494
0.8868314
0.830445
0.8425057
0.965695
0.8559021
0.8746543
0.89299834
0.9253608
0.80459243
0.78112507
0.8571516
0.8574069
0.9246505
0.84845704
0.82876754
0.8174394
0.8616568
0.8951531
0.8159913
0.8935167
0.7999082
0.79017776
0.8472903
0.814488
0.8301973
test_wealth_with_price_variance
0.6638677
0.7215536
0.6530512
0.7417073
0.68322754
0.644899
0.69795924
0.70750993
0.7117376
0.6615938
1.4242979
0.6737887
0.6680447
0.68449265
0.73417753
0.69322044
0.7833682
0.6351868
0.61704946
0.75549805
0.7498741
1.0729413
0.67109895
0.67357874
0.7089524
0.7786717
0.6406092
0.86535203
0.86425686
0.7404043
0.85569865
0.6598288
price
3.1323545
3.1164217
3.108525
3.3497477
3.2266386
2.9826152
2.830186
3.011546
3.1406057
3.011758
3.0805976
2.941292
3.2011495
3.1299489
3.0809608
3.1447713
3.2439153
3.0531223
3.1531038
3.3254569
3.048726
3.274558
3.0071483
2.9557793
3.224259
3.0891006
3.1755092
2.9400725
2.9644682
2.9020853
2.9512148
2.9747682
train_time
13.348063800000006
19.662716700000033
19.629103299999997
22.755803799999967
12.194716999999855
20.87658639999995
22.792972800000143
8.725963299999876
26.551845100000037
13.218821999999818
18.853350999999748
14.8228924
21.613457800000106
30.13000000000011
11.143982699999924
27.367504199999985
16.882419000000027
20.969362900000306
22.04971250000017
10.27655279999999
33.849526400000286
32.993778799999745
26.247897100000046
29.537555699999757
20.576480200000333
17.080721299999823
16.020506299999397
15.538349200000084
31.493822499999624
28.142418300000827
22.73072409999986
17.69772699999976


