================================================================================
=== deep network w. relu
train_risk
6.0772467
5.778005
5.934318
5.9383135
6.1424937
5.793026
5.9074874
6.0077662
6.094209
5.800604
5.7648964
5.825238
6.080121
5.8924975
5.9552445
5.891858
6.0727043
6.0055656
6.135231
5.949061
6.132318
5.9547114
5.8158894
5.685028
6.0830927
6.0487843
5.8419323
6.127896
5.8985944
5.818589
5.9641633
5.8120847
test_risk
6.098528
5.7882876
5.9208937
5.941076
6.1401334
5.7777295
5.9106364
6.011534
6.0964847
5.797657
5.755947
5.8380246
6.0803957
5.8897295
5.976723
5.8939543
6.061891
6.010233
6.1270695
5.950457
6.136008
5.962773
5.8174224
5.674031
6.083825
6.0567408
5.8423257
6.141072
5.890335
5.8279443
5.9664145
5.792533
test_mean_value
-0.016896516
0.016462453
0.20892166
0.25654015
0.023138396
-0.0038744234
0.43020728
-0.0026594126
-0.007859157
0.11166924
0.025665328
0.0026620848
0.03382702
0.023759326
0.12525797
0.30221766
0.030852184
0.08302585
0.06814431
0.7198178
0.3148665
0.22797234
0.09363622
-0.016142622
0.34048983
-0.007422694
0.045116156
0.013022134
0.34714854
-0.012274746
0.5311299
0.9043433
test_mean_abs_value
0.11969948
0.18277754
0.3111937
0.3686543
0.11203359
0.103114896
0.4824048
0.10223788
0.13768499
0.30492872
0.13403775
0.094945766
0.24089596
0.12709084
0.26837853
0.37245828
0.14106594
0.15535678
0.20079263
0.768532
0.3513263
0.31847483
0.19964957
0.111635305
0.42497292
0.1309117
0.08508606
0.20225358
0.41736493
0.17103186
0.6126579
0.9433015
test_variance_value
0.022565844
0.05685219
0.13360925
0.16273183
0.01949831
0.01694589
0.3014342
0.016595174
0.030343166
0.15266661
0.028737059
0.014244415
0.0909249
0.025705606
0.106658615
0.14402536
0.03093791
0.03513537
0.06158072
0.42096078
0.13602859
0.119901516
0.056553043
0.019884642
0.23553091
0.027652532
0.00983656
0.06573
0.17317878
0.046516318
0.3677672
0.6582977
test_mean_costs
0.1525918
0.0005050802
0.22253749
0.12276854
0.003088149
0.0029856225
0.020083826
0.020098848
0.020915063
0.002932741
0.0007434226
0.015076964
0.016484188
0.0015696416
0.018732307
0.13283812
0.12364575
0.0030950631
0.023614367
0.003068959
0.021241566
0.13890518
0.00046640614
0.0006041766
0.017432135
0.16325979
0.018313007
0.018069644
0.02455471
0.13166341
0.11794248
0.018409578
test_mean_abs_costs
0.1525918
0.0005050802
0.22253749
0.12276854
0.003088149
0.0029856225
0.020083826
0.020098848
0.020915063
0.002932741
0.0007434226
0.015076964
0.016484188
0.0015696416
0.018732307
0.13283812
0.12364575
0.0030950631
0.023614367
0.003068959
0.021241566
0.13890518
0.00046640614
0.0006041766
0.017432135
0.16325979
0.018313007
0.018069644
0.02455471
0.13166341
0.11794248
0.018409578
test_variance_costs
0.00020394936
0.00013937936
0.00023663885
0.0005360914
0.0011959091
0.00028107566
0.0005398767
0.00014295202
0.00024462744
0.000686326
0.00037629958
8.354709e-05
0.00018563951
0.00095053023
0.00036120464
0.00088547973
0.00045644116
0.00033937997
0.00053871685
0.00014080733
0.0008564317
0.0007152789
0.00017537668
0.0002181009
0.00013555711
0.00031837213
0.00024037578
0.00010596614
0.00030907564
0.0003495581
0.0011424498
0.0015898696
test_mean_wealth
-3.2290194
-2.95793
-2.978886
-2.8195894
-3.1384296
-3.0611675
-2.6684892
-3.205133
-3.1699214
-2.803902
-3.0133927
-3.0319011
-3.0747504
-3.067454
-2.922073
-2.8225172
-3.0439324
-2.9143724
-3.0783548
-2.5586176
-2.8048532
-2.9108655
-2.839636
-2.9248834
-2.6883543
-3.0757833
-2.9643705
-3.0935166
-2.666862
-3.1079297
-2.6461866
-2.059861
test_mean_abs_wealth
3.2290764
2.9593518
2.9858732
2.8402457
3.1393995
3.0615022
2.7296014
3.2053645
3.1710496
2.813415
3.013997
3.0324292
3.076473
3.0681765
2.9286935
2.8401566
3.0450888
2.9172149
3.0813885
2.644071
2.8489718
2.91922
2.8434346
2.925416
2.743463
3.0759735
2.9655142
3.094505
2.6948328
3.1086905
2.7104378
2.3204756
test_variance_wealth
1.659503
1.6275175
1.8856388
2.1982405
1.8920001
1.5362538
2.5209074
1.6523106
1.8483217
1.8314825
1.5448036
1.6469759
1.8156859
1.6744103
1.9796393
2.1239438
1.9170703
1.9480747
1.9948517
2.7209885
2.5804665
2.0029335
1.8004574
1.5577581
2.615012
1.8149284
1.8059953
1.8981768
2.264906
1.5920665
2.567697
3.451723
test_wealth_with_price_abs_mean
1.0351999
1.0216978
1.1014029
1.1995333
1.1103543
0.9953328
1.314415
1.0347095
1.0970403
1.082542
0.99783236
1.0324719
1.0788695
1.0416356
1.1390389
1.1834882
1.1168894
1.1315013
1.1417477
1.4430184
1.3132725
1.1424718
1.0821736
1.00266
1.328146
1.0849835
1.0904156
1.1112692
1.2473993
1.0168195
1.3246244
1.642077
test_wealth_with_price_variance
1.659503
1.6275175
1.8856388
2.1982405
1.8920001
1.5362538
2.5209074
1.6523106
1.8483217
1.8314825
1.5448036
1.6469759
1.8156859
1.6744103
1.9796393
2.1239438
1.9170703
1.9480747
1.9948517
2.7209885
2.5804665
2.0029335
1.8004574
1.5577581
2.615012
1.8149284
1.8059953
1.8981768
2.264906
1.5920665
2.567697
3.451723
price
3.0629318
2.9836106
2.96904
2.9531097
3.1707027
3.056096
3.0831165
3.1850412
3.1506212
2.9158745
3.044604
3.023957
3.0997682
3.0967312
3.0336564
2.9996321
2.960719
3.0008366
3.1287541
3.2816582
3.1067472
3.0034406
2.9341114
2.9155679
3.0186636
2.9142857
2.9927711
3.0936916
2.9924467
2.9675245
3.0655994
2.9509726
train_time
57.551430399999994
121.58798610000001
73.38574780000002
54.545696899999996
84.08383839999999
97.62375920000005
76.4730763
86.11056840000003
94.08345029999998
99.28570779999995
139.66280389999997
80.35105380000005
81.52730049999991
122.71480869999982
88.60978869999985
78.93947979999984
68.059845
89.91405889999987
119.92451419999998
130.76902990000008
92.89400830000022
74.59918190000008
126.11363029999984
159.5939682999997
111.94869759999983
81.15736220000008
101.22394720000011
112.15099109999983
113.7411345999999
86.60254020000002
83.56119390000003
98.21150530000023


