================================================================================
=== twin network
train_time
39.1799728
40.63766319999999
41.96966200000003
40.15654219999999
39.64945409999996
39.64515259999985
41.6655960999999
41.877463900000066


================================================================================
=== continuous-time
train_risk
2.3056989
2.3377368
2.3253639
2.365241
2.3432386
2.311317
2.32436
2.306959
test_risk
2.3104672
2.3384404
2.3264632
2.363865
2.3447363
2.3135529
2.3231485
2.3112593
test_mean_value
-0.0015862097
-0.0026009777
-0.0022482781
-0.0024577396
-0.0020324679
-0.0028616895
-0.0025504334
-0.0022820486
test_mean_abs_value
0.3754075
0.40351823
0.3913911
0.4177775
0.40330285
0.38219038
0.38879475
0.3738707
test_variance_value
0.22186364
0.2555163
0.24039918
0.27641556
0.25717443
0.23028314
0.23725925
0.21983533
test_mean_costs
0.5611586
0.56139994
0.56087744
0.56079036
0.56105375
0.56108457
0.5611454
0.5611728
test_mean_abs_costs
0.5611586
0.56139994
0.56087744
0.56079036
0.56105375
0.56108457
0.5611454
0.5611728
test_variance_costs
0.0102494415
0.012172754
0.010910244
0.013418741
0.012159237
0.010731923
0.010819099
0.009860161
test_mean_wealth
-1.5348957
-1.5341066
-1.5327185
-1.5330322
-1.5332184
-1.5329978
-1.5330783
-1.5339149
test_mean_abs_wealth
1.5349349
1.5342611
1.5328321
1.5332022
1.5333394
1.5330461
1.5331584
1.5339724
test_variance_wealth
0.12202449
0.12893793
0.12769128
0.13230217
0.12996621
0.12275338
0.12679465
0.12254274
test_wealth_with_price_abs_mean
0.57531846
0.5762128
0.5752461
0.5751324
0.57553774
0.5736932
0.57524747
0.5749545
test_wealth_with_price_variance
0.12202449
0.12893793
0.12769128
0.13230217
0.12996621
0.12275338
0.12679465
0.12254274
price
0.9725814
0.9725832
0.9725797
0.9725814
0.97258127
0.9725815
0.9725832
0.9725797
train_time
3.3697084000000004
3.7810486999999853
8.34282159999998
4.079217299999982
5.501847099999964
4.527103699999998
3.29054189999988
7.135930599999938


================================================================================
=== continuous time feature map
train_risk
2.0565639
2.1263561
2.1630275
2.1846883
2.3013916
2.0859418
2.149625
2.2967024
test_risk
2.0560946
2.1320899
2.1649797
2.1864774
2.3015795
2.0916336
2.1484556
2.2990894
test_mean_value
0.299024
0.15079893
0.023466201
0.07437983
0.12192266
0.19251387
0.058619466
0.05491508
test_mean_abs_value
0.41684905
0.3934348
0.3356471
0.41160655
0.44805643
0.36863807
0.34176952
0.36525813
test_variance_value
0.18155777
0.22081295
0.17519173
0.2604362
0.30489326
0.18107858
0.17941414
0.20758832
test_mean_costs
0.32181016
0.31621596
0.3046556
0.35623547
0.48092473
0.32037696
0.3115127
0.45501602
test_mean_abs_costs
0.32181016
0.31621596
0.3046556
0.35623547
0.48092473
0.32037696
0.3115127
0.45501602
test_variance_costs
0.0014501176
0.0015858354
0.0016600268
0.0025392768
0.0028972183
0.0015643352
0.0016762508
0.0020543726
test_mean_wealth
-0.994937
-1.1355227
-1.2507823
-1.2516397
-1.3291342
-1.0969146
-1.2222757
-1.370561
test_mean_abs_wealth
1.0015258
1.1378086
1.2511233
1.2528698
1.3304644
1.09922
1.2228442
1.3708603
test_variance_wealth
0.24218373
0.20931719
0.16916686
0.18108599
0.21797621
0.20911671
0.17602892
0.18754636
test_wealth_with_price_abs_mean
0.3904931
0.38064924
0.38999638
0.4015658
0.4747423
0.37282678
0.38327205
0.47725514
test_wealth_with_price_variance
0.24218373
0.20931719
0.16916686
0.18108599
0.21797621
0.20911671
0.17602892
0.18754636
price
0.9725814
0.9725832
0.9725797
0.9725814
0.97258127
0.9725815
0.9725832
0.9725797
train_time
20.513537099999994
21.76405649999998
25.80308709999997
20.211271299999908
11.664176699999985
18.585346200000004
23.63707959999988
11.803251099999898


================================================================================
=== deep network
train_risk
3.0433035
3.149053
2.3758652
2.3968184
2.3805518
4.0053062
2.3928509
2.3043401
test_risk
3.0448844
3.1652517
2.373033
2.401144
2.3796368
4.024739
2.3915691
2.3130152
test_mean_value
1.0775611
0.5307814
0.05096566
0.11659425
0.30640233
1.396484
0.1844116
0.05801298
test_mean_abs_value
1.2095047
0.7003622
0.1602989
0.3126373
0.3968839
1.8186138
0.3118369
0.12613349
test_variance_value
1.0427604
0.47988808
0.039886665
0.13997842
0.1690843
3.1592867
0.124421485
0.023745859
test_mean_costs
0.7301028
0.7795308
0.08050489
0.21533777
0.08735868
0.5262699
0.07875847
0.05611719
test_mean_abs_costs
0.7301028
0.7795308
0.08050489
0.21533777
0.08735868
0.5262699
0.07875847
0.05611719
test_variance_costs
0.012394325
0.0055514583
0.0014576118
0.0054825363
0.0037045158
0.013126227
0.0034349533
0.0010434996
test_mean_wealth
-0.62469244
-1.218855
-0.99913204
-1.0685276
-0.7510885
-0.09883751
-0.86372936
-0.9685642
test_mean_abs_wealth
1.0909255
1.2932885
1.0059766
1.0752212
0.85852975
1.5435988
0.91058326
0.97345537
test_variance_wealth
1.4516376
0.8429826
0.35540628
0.3285982
0.5513668
3.7401512
0.46100986
0.32893372
test_wealth_with_price_abs_mean
0.9898497
0.75355184
0.47586945
0.45296675
0.62138766
1.6904904
0.5533159
0.45785844
test_wealth_with_price_variance
1.4516376
0.8429826
0.35540628
0.3285982
0.5513668
3.7401512
0.46100986
0.32893372
price
0.9725814
0.9725832
0.9725797
0.9725814
0.97258127
0.9725815
0.9725832
0.9725797
train_time
60.491635099999996
60.970666600000015
122.19453709999993
140.221136
141.16571439999996
42.85908190000009
198.90623779999987
224.47618039999998


================================================================================
=== twin network feature map
train_risk
2.0471904
2.1617677
2.233592
2.2169547
2.4015424
2.1085415
2.185427
2.1757581
test_risk
2.0451114
2.167139
2.2366583
2.2186222
2.4022763
2.1163979
2.183757
2.1794474
test_mean_value
0.39344713
0.17122461
0.02906678
0.087764814
0.07539004
0.2357416
0.07041661
0.062476836
test_mean_abs_value
0.4673613
0.3561805
0.26829135
0.36542794
0.33042347
0.350659
0.29196587
0.26662165
test_variance_value
0.1746275
0.17293282
0.11210318
0.204345
0.16936034
0.1422305
0.12965894
0.109041296
test_mean_costs
0.23105898
0.24280575
0.23128831
0.26565486
0.38387442
0.22512333
0.22231314
0.21096472
test_mean_abs_costs
0.23105898
0.24280575
0.23128831
0.26565486
0.38387442
0.22512333
0.22231314
0.21096472
test_variance_costs
0.0011971465
0.001213714
0.0013868558
0.002600806
0.00170105
0.0013590939
0.0010543409
0.0010018966
test_mean_wealth
-0.80976266
-1.0416868
-1.1718143
-1.1476741
-1.2786165
-0.95843333
-1.121279
-1.1189479
test_mean_abs_wealth
0.8449656
1.0460228
1.1721256
1.1493543
1.2795746
0.9681327
1.1222476
1.1196258
test_variance_wealth
0.33068004
0.2609393
0.22449942
0.23229219
0.26553282
0.28124472
0.22713496
0.22347906
test_wealth_with_price_abs_mean
0.48016837
0.4082403
0.4021417
0.40167484
0.47367147
0.42369416
0.39258033
0.38842502
test_wealth_with_price_variance
0.33068004
0.2609393
0.22449942
0.23229219
0.26553282
0.28124472
0.22713496
0.22347906
price
0.9725814
0.9725832
0.9725797
0.9725814
0.97258127
0.9725815
0.9725832
0.9725797
train_time
21.368230600000004
26.799186399999996
13.963507499999992
19.228653099999974
9.03963439999984
27.15547629999992
23.432526399999915
23.799734800000124


