================================================================================
=== twin network
train_time
42.1985003
42.8712304
43.82739319999996
44.17822690000003
42.69634329999997
51.3555316999998
46.38065669999992
44.609916599999906
43.72629370000004
42.83917810000003
42.96355409999978
42.771592000000055
43.56256689999964
44.35339190000013
46.81028419999984
45.57551339999918
46.84093980000034
44.9649615999997
29.263528500000575
87.09878050000043
46.26027559999966
44.240823199999795
52.91918439999972
50.006073299999116
49.317741700000624
48.08117449999918
47.23196149999967
49.32963960000052
47.93772069999977
49.298893000001044
53.591034499999296
55.67267030000039


================================================================================
=== continuous-time
train_risk
7.7269306
7.595911
7.3359957
7.4434347
7.823049
7.6828814
7.622021
7.266885
7.6146355
7.7196913
7.531872
7.4516215
8.104035
7.6118336
7.623828
7.654465
7.7158213
7.045176
7.676948
7.5855217
7.891197
7.5490384
7.851337
7.8758163
7.90671
7.2541704
7.776202
7.582893
7.680441
7.9562073
7.8430595
7.61109
test_risk
7.7410297
7.5856895
7.3415775
7.4363403
7.8174195
7.6858673
7.618393
7.2596903
7.6170373
7.7175856
7.529767
7.4560547
8.103902
7.6226797
7.6106706
7.6536155
7.7122154
7.0426908
7.6705313
7.583477
7.8867197
7.54922
7.856059
7.8711433
7.9085164
7.2549677
7.778157
7.5797353
7.6715302
7.958757
7.848279
7.6187205
test_mean_value
0.41886526
0.40927723
0.41352513
0.41651896
0.41352123
0.42270342
0.4229964
0.4327491
0.41489986
0.4136966
0.42427927
0.41454285
0.41678482
0.4153963
0.41189235
0.41581264
0.40271553
0.41317603
0.41390848
0.41177353
0.41901886
0.40945068
0.42463246
0.41460925
0.41912723
0.41989145
0.41250598
0.4170233
0.42303234
0.40554538
0.40966687
0.40634063
test_mean_abs_value
2.130155
2.64361
2.4097307
2.2063344
2.9089122
1.9724517
2.2893696
2.2075121
2.136911
2.833017
2.3974888
2.4587915
3.1316445
2.4684246
1.8966521
2.1912854
2.5822127
1.7626663
2.0736206
2.3267498
2.9212148
2.353679
2.8253136
2.1435153
2.6817741
2.3954349
2.042191
2.5928175
2.4944382
2.109087
2.847078
2.6188436
test_variance_value
7.310488
11.840675
9.503636
7.9715858
13.763067
6.651348
8.653321
7.983292
7.368275
13.351253
9.6202
9.830179
16.512194
9.894077
5.926592
7.8812914
10.902673
5.205887
7.295346
9.363457
14.889809
8.989276
13.164681
7.907324
12.027443
9.35339
7.0257792
11.503921
10.247646
7.913403
13.162798
11.265279
test_mean_costs
1.0855229
1.0855383
1.0854996
1.0851916
1.0854396
1.0850018
1.0851818
1.0850161
1.0858303
1.0860628
1.0854306
1.0856074
1.0861989
1.0857008
1.0852655
1.0859054
1.0855726
1.0850827
1.0853038
1.0851966
1.085215
1.0856688
1.085907
1.0856116
1.0852332
1.0851868
1.0864546
1.0855519
1.0852154
1.0860289
1.0857332
1.0852416
test_mean_abs_costs
1.0855229
1.0855383
1.0854996
1.0851916
1.0854396
1.0850018
1.0851818
1.0850161
1.0858303
1.0860628
1.0854306
1.0856074
1.0861989
1.0857008
1.0852655
1.0859054
1.0855726
1.0850827
1.0853038
1.0851966
1.085215
1.0856688
1.085907
1.0856116
1.0852332
1.0851868
1.0864546
1.0855519
1.0852154
1.0860289
1.0857332
1.0852416
test_variance_costs
0.025381213
0.030666817
0.027146209
0.03445254
0.030617671
0.026680017
0.026807044
0.024141885
0.030239288
0.027826939
0.023190504
0.023897264
0.026164863
0.023648009
0.026218671
0.025997084
0.024402285
0.026188953
0.025546592
0.02982871
0.032426525
0.024600178
0.025236703
0.028075935
0.027217241
0.023095394
0.029193765
0.02754761
0.028722994
0.031117817
0.024533743
0.023029463
test_mean_wealth
-6.385373
-6.150927
-6.0244417
-5.9508743
-6.3315883
-6.319421
-6.264662
-6.025722
-6.180035
-6.3239155
-6.288373
-6.198005
-6.6740656
-6.3371425
-6.268512
-6.3239026
-6.404451
-5.8142834
-6.3291335
-6.169741
-6.3510127
-6.2721057
-6.502461
-6.4414644
-6.489311
-6.0488086
-6.326831
-6.206988
-6.2608194
-6.4087143
-6.506404
-6.359606
test_mean_abs_wealth
6.385373
6.150927
6.0244417
5.9508743
6.3315883
6.319421
6.264662
6.025722
6.180035
6.3239155
6.288373
6.198005
6.6740656
6.3371425
6.268512
6.3239026
6.404451
5.8142834
6.3291335
6.169741
6.3510127
6.2721057
6.502461
6.4414644
6.489311
6.0488086
6.326831
6.206988
6.2608194
6.4087143
6.506404
6.359606
test_variance_wealth
0.34948117
0.37979996
0.32483795
0.40248814
0.41111702
0.35441464
0.34771067
0.2928972
0.38312867
0.36586663
0.30137503
0.30336815
0.38991272
0.3177199
0.34374532
0.33717445
0.33005536
0.29063347
0.3412378
0.3693905
0.42836568
0.31526417
0.35210347
0.3856863
0.38580358
0.2770134
0.38665515
0.35213983
0.3687593
0.43749425
0.34413284
0.30714807
test_wealth_with_price_abs_mean
1.0954623
1.0953292
1.093261
1.0992714
1.1006349
1.0956202
1.0946103
1.0902582
1.0992144
1.0966872
1.0924008
1.0917072
1.1002759
1.0921127
1.0925816
1.0953212
1.0936223
1.0893795
1.093376
1.095098
1.1006241
1.0942929
1.0958282
1.0977547
1.0976549
1.0906316
1.0989529
1.0943835
1.09503
1.1023929
1.0961096
1.0911734
test_wealth_with_price_variance
0.34948117
0.37979996
0.32483795
0.40248814
0.41111702
0.35441464
0.34771067
0.2928972
0.38312867
0.36586663
0.30137503
0.30336815
0.38991272
0.3177199
0.34374532
0.33717445
0.33005536
0.29063347
0.3412378
0.3693905
0.42836568
0.31526417
0.35210347
0.3856863
0.38580358
0.2770134
0.38665515
0.35213983
0.3687593
0.43749425
0.34413284
0.30714807
price
5.298523
5.066002
4.9373026
4.863997
5.245202
5.2329206
5.1785173
4.9404826
5.091711
5.2371545
5.2015195
5.1117916
5.5861826
5.251441
5.1845803
5.2363925
5.3183413
4.729634
5.243743
5.083941
5.2650337
5.184211
5.4156046
5.355387
5.4042325
4.961815
5.238596
5.1209083
5.175425
5.322721
5.418549
5.274265
train_time
4.939076199999995
3.2935403999999835
6.3569323000000395
5.340990600000055
4.531665699999962
3.175620600000002
6.069279600000073
5.147739100000081
5.136091800000031
5.720324500000061
5.808862800000043
3.326571999999942
7.01625039999999
3.9977429999999003
5.105140100000426
8.513228299999355
6.004707600000074
4.029034500000307
4.82148959999995
4.458088499999576
5.342203999999583
7.118647199999941
6.2425757000000885
9.206750600000305
9.487359200000355
7.49600079999982
7.249284100000295
4.91781280000032
5.704469599999356
6.408536699998876
11.230952199999592
5.348977100000411


================================================================================
=== deep network w. softplus
train_risk
8.239208
8.212991
8.536012
8.208978
9.1075535
7.4429817
8.630126
7.3582435
8.072048
8.696476
7.2063537
7.3781652
8.222959
8.909497
8.021239
7.817532
8.349894
7.8673987
5.9934397
8.030223
7.7622623
8.658019
9.47496
7.738536
9.025311
8.326888
8.640219
8.6686
6.8187985
8.897847
9.257561
6.860163
test_risk
8.235167
8.206307
8.544216
8.200591
9.112842
7.4619184
8.631724
7.36919
8.077633
8.6930685
7.2076654
7.395139
8.245783
8.922372
8.022955
7.842292
8.341968
7.855442
5.994914
8.05075
7.7677875
8.654441
9.48564
7.761965
9.032683
8.320214
8.652622
8.678666
6.828475
8.897736
9.267811
6.889685
test_mean_value
1.6557627
1.2459006
0.61334616
0.8349629
0.8345335
1.0670508
0.8265851
0.6759194
1.4565344
0.99192214
1.3172225
0.44385618
0.5621346
0.4867267
1.5941194
1.6562842
1.07023
1.3847355
2.7324789
1.8040589
0.7162165
0.51926184
0.53092456
0.5679126
0.843549
0.54020256
0.84740514
0.47838792
1.170183
1.1528349
0.5724652
1.1664393
test_mean_abs_value
2.6119761
2.8098261
2.4096518
2.1958575
3.0542424
2.018406
2.2562685
2.144674
2.4450839
2.8588579
2.574388
2.3560512
3.0352685
2.334178
2.409679
2.4594362
2.6185648
2.127629
3.2110648
2.7066422
2.8237188
2.204744
2.896317
2.0220587
2.6140385
2.234838
2.0296092
2.4626603
2.554595
2.2825446
2.8737156
2.6797123
test_variance_value
8.866735
12.493228
9.402375
7.350247
15.331927
6.4181466
7.923978
7.4289684
8.118949
13.042358
10.162754
9.108233
15.5897
8.791506
7.473924
7.6658034
10.334537
5.638328
11.082363
10.421888
13.983243
7.777578
13.892096
7.1071243
11.338719
8.044254
6.4616666
10.187894
10.368562
8.178343
13.074592
11.315544
test_mean_costs
1.1597028
0.9475821
1.1110476
0.92182165
1.5989817
0.50665146
0.8995848
0.4772753
1.0107598
1.1159637
0.43961513
0.71797687
0.61848503
1.2498591
0.9372708
1.1504573
0.9399331
0.8799625
0.22752753
1.1704024
0.5808075
1.0523709
1.4630966
0.6716387
1.158795
0.9974934
0.97363234
1.0644217
0.5952986
1.0216776
0.9691146
0.63518035
test_mean_abs_costs
1.1597028
0.9475821
1.1110476
0.92182165
1.5989817
0.50665146
0.8995848
0.4772753
1.0107598
1.1159637
0.43961513
0.71797687
0.61848503
1.2498591
0.9372708
1.1504573
0.9399331
0.8799625
0.22752753
1.1704024
0.5808075
1.0523709
1.4630966
0.6716387
1.158795
0.9974934
0.97363234
1.0644217
0.5952986
1.0216776
0.9691146
0.63518035
test_variance_costs
0.013595162
0.012196196
0.025272701
0.01571933
0.024421394
0.004518064
0.009481591
0.0036974037
0.024583751
0.024870642
0.0029492888
0.005989383
0.006648281
0.01248041
0.005026741
0.01857142
0.027150828
0.01984976
0.0043256143
0.03952774
0.00700408
0.010767335
0.022102552
0.0071164314
0.023708295
0.009459806
0.01076869
0.0134856105
0.005358134
0.020669807
0.01719627
0.006411525
test_mean_wealth
-5.222656
-5.1763473
-5.8501687
-5.3690605
-6.4241185
-5.096723
-5.675476
-5.174811
-5.06333
-5.775591
-4.7496147
-5.801061
-6.061002
-6.4299703
-4.93829
-5.147983
-5.5912967
-4.6376038
-3.152787
-4.862662
-5.5494075
-6.1289964
-6.773359
-5.874188
-6.138451
-5.840804
-5.779109
-6.124493
-5.023752
-5.597073
-6.2269874
-5.149446
test_mean_abs_wealth
5.2228165
5.1763625
5.8501687
5.3690605
6.4241185
5.096723
5.675476
5.174811
5.0635204
5.7755966
4.749624
5.801061
6.061002
6.4299703
4.938705
5.1486764
5.5913534
4.637674
3.2125633
4.8659124
5.5494075
6.1289964
6.773359
5.874188
6.138451
5.840804
5.779109
6.124493
5.023855
5.5970883
6.2269874
5.1495023
test_variance_wealth
2.0325158
1.9831411
1.4488951
1.7302388
1.5267143
1.2698653
1.8856788
1.0518217
1.9093586
1.8140569
1.3978175
0.5749673
1.0657061
1.2849896
2.1333685
1.5661987
1.4630741
2.116772
2.2379057
2.1006362
1.1248183
1.3141291
1.4937884
0.81393456
1.6720809
1.248677
1.8101449
1.3341008
0.7605396
2.3845785
1.9299743
0.68663955
test_wealth_with_price_abs_mean
1.1362568
1.1228007
1.1955868
1.1181927
1.3804147
0.90508384
1.1580143
0.8361532
1.0987732
1.1455271
1.01324
0.83585626
0.90501106
1.33229
1.1817317
0.99174315
0.9672343
1.1645056
2.1691303
1.1552794
0.8758272
1.1872715
1.4956119
0.83398545
1.1668888
1.1295489
1.1518497
1.2266192
0.70132786
1.2470106
1.2704198
0.66365236
test_wealth_with_price_variance
2.0325158
1.9831411
1.4488951
1.7302388
1.5267143
1.2698653
1.8856788
1.0518217
1.9093586
1.8140569
1.3978175
0.5749673
1.0657061
1.2849896
2.1333685
1.5661987
1.4630741
2.116772
2.2379057
2.1006362
1.1248183
1.3141291
1.4937884
0.81393456
1.6720809
1.248677
1.8101449
1.3341008
0.7605396
2.3845785
1.9299743
0.68663955
price
5.298523
5.066002
4.9373026
4.863997
5.245202
5.2329206
5.1785173
4.9404826
5.091711
5.2371545
5.2015195
5.1117916
5.5861826
5.251441
5.1845803
5.2363925
5.3183413
4.729634
5.243743
5.083941
5.2650337
5.184211
5.4156046
5.355387
5.4042325
4.961815
5.238596
5.1209083
5.175425
5.322721
5.418549
5.274265
train_time
49.3274699
52.35088880000001
51.6505717
51.52523669999994
59.88989860000004
132.14359030000014
64.8521447999999
149.17054389999998
72.97383159999981
66.85434970000006
156.39794870000014
332.68118129999993
191.40849909999997
87.33821829999943
82.75614589999986
112.09984869999971
82.65544210000007
80.66926539999986
218.51662380000016
89.77364009999928
210.3121060000003
104.01570839999931
110.07438040000034
251.95910869999898
102.91713730000083
121.59223889999885
108.03333940000084
106.86751860000004
330.13475449999896
132.91566980000061
134.68149919999996
553.738162399999


================================================================================
=== deep network w. relu
train_risk
8.268602
8.572686
8.684496
8.336728
9.154655
7.8449326
8.63703
7.9782705
7.4958563
8.78646
7.9110084
8.7655
9.849306
8.937063
7.2742534
7.6750298
8.47271
7.2183776
6.1971087
7.6129203
9.308667
9.141777
9.494364
9.341701
9.064263
8.47066
8.916201
9.213708
8.108709
8.217788
9.438266
8.623219
test_risk
8.258252
8.578191
8.677851
8.327872
9.157996
7.855978
8.607656
7.988051
7.4814973
8.799753
7.892722
8.766119
9.883066
8.929434
7.281274
7.720736
8.4494
7.1929197
6.1870027
7.610501
9.323245
9.13813
9.478825
9.330237
9.055473
8.471097
8.927018
9.210797
8.096477
8.225042
9.438872
8.640866
test_mean_value
1.3855921
1.2529609
0.63827944
1.0450802
0.94138306
1.3192914
0.94233364
0.8173002
1.6068652
0.97036004
1.2817931
0.52456266
0.63282835
0.562474
1.5654327
1.4264582
0.9375184
1.397669
2.7411916
1.6463264
1.04491
0.6124862
0.59687257
0.84993505
0.90092796
0.6534155
1.0735959
0.5780948
1.1301466
1.2777199
0.56924367
0.8060542
test_mean_abs_value
2.4034805
2.8483338
2.358935
2.3235
2.919855
2.2488036
2.3491447
2.2272701
2.508881
2.8734174
2.5952828
2.3620582
3.0994103
2.3768735
2.3024747
2.3556776
2.5867867
2.110681
3.2915618
2.6907976
3.0708873
2.3175902
2.784798
2.208273
2.699511
2.3517685
2.2751465
2.5985315
2.530971
2.3435383
2.7508032
2.6020224
test_variance_value
7.308377
11.374173
8.435333
7.5543785
12.785182
6.669738
7.977633
7.261094
7.715054
12.200943
9.143013
8.593797
14.960175
8.672527
6.570811
7.3375206
9.919259
5.302683
11.705608
9.614685
14.200411
8.177059
11.998301
7.172971
10.956277
8.339866
7.1865597
10.504827
9.578131
7.942293
11.655372
10.148506
test_mean_costs
0.09971435
0.0148311
0.0025611033
0.09651591
0.14541522
0.0017923509
0.11830703
0.013565153
0.019690167
0.012095382
0.019438367
4.0197397e-06
0.020933932
0.011220518
5.5801505e-05
0.01760705
0.016889418
2.9938901e-05
0.021961803
0.00030585457
0.1671247
0.29632235
0.1203835
0.12460863
0.0022473424
0.08882617
0.0025596237
0.0027576492
0.0021094796
0.014524585
0.08271579
0.014548938
test_mean_abs_costs
0.09971435
0.0148311
0.0025611033
0.09651591
0.14541522
0.0017923509
0.11830703
0.013565153
0.019690167
0.012095382
0.019438367
4.0197397e-06
0.020933932
0.011220518
5.5801505e-05
0.01760705
0.016889418
2.9938901e-05
0.021961803
0.00030585457
0.1671247
0.29632235
0.1203835
0.12460863
0.0022473424
0.08882617
0.0025596237
0.0027576492
0.0021094796
0.014524585
0.08271579
0.014548938
test_variance_costs
1.579229e-05
2.275216e-05
9.225007e-06
6.2719655e-06
1.9568623e-05
8.362314e-06
6.6563202e-06
6.628534e-06
1.9321717e-06
1.0283406e-05
3.4618177e-05
1.410854e-07
6.87468e-06
1.8780798e-06
2.3735054e-05
4.5518084e-07
4.791536e-06
4.517354e-06
5.005532e-06
2.5208456e-05
4.0852454e-05
0.00035887395
1.8413286e-05
2.2276017e-05
1.5668653e-05
4.4411336e-06
1.7158354e-05
3.0975461e-06
1.2781056e-05
2.0008141e-05
1.2067613e-05
1.531528e-06
test_mean_wealth
-4.4328375
-4.236536
-4.7167487
-4.333637
-4.8637023
-4.3396235
-4.77845
-4.56972
-3.9219298
-4.6932845
-4.364867
-5.002382
-5.392757
-5.1155844
-4.029762
-4.244959
-4.800965
-3.7447376
-2.9385087
-3.8502977
-4.807031
-5.2797236
-5.3646975
-5.0451355
-4.9245243
-4.818924
-4.5818458
-4.9631224
-4.470599
-4.4650354
-5.34381
-4.8891997
test_mean_abs_wealth
4.433063
4.238018
4.7167487
4.336086
4.863727
4.3410378
4.778671
4.569766
3.9259195
4.6933613
4.3650513
5.002382
5.3927574
5.1155844
4.0316496
4.2451534
4.800965
3.7463846
3.0644805
3.8540301
4.808366
5.2797236
5.3646975
5.0452113
4.92457
4.818924
4.5830536
4.9631224
4.4706
4.466353
5.34381
4.8891997
test_variance_wealth
2.6538222
3.3564389
2.8046613
3.3118746
3.2682157
2.6622915
2.9584959
2.3986683
2.630948
3.0705862
2.3493989
2.620798
3.5382168
2.7522898
2.236081
2.1121578
2.2568781
2.3885913
2.9238746
2.6328518
3.789948
2.810687
3.1313486
3.5718744
3.2663622
2.4486856
3.5634665
3.223052
2.3861282
2.9108465
3.0258474
2.52845
test_wealth_with_price_abs_mean
1.5128738
1.6505029
1.3608706
1.5333214
1.4996282
1.5082496
1.4263062
1.284285
1.6427696
1.4924041
1.4275883
1.3002957
1.5134165
1.3387086
1.5518583
1.4647173
1.2960758
1.505215
2.4050786
1.7020388
1.6074237
1.3352941
1.4118515
1.5474218
1.512582
1.2574904
1.6214061
1.448458
1.3940082
1.552481
1.3875517
1.3260697
test_wealth_with_price_variance
2.6538222
3.3564389
2.8046613
3.3118746
3.2682157
2.6622915
2.9584959
2.3986683
2.630948
3.0705862
2.3493989
2.620798
3.5382168
2.7522898
2.236081
2.1121578
2.2568781
2.3885913
2.9238746
2.6328518
3.789948
2.810687
3.1313486
3.5718744
3.2663622
2.4486856
3.5634665
3.223052
2.3861282
2.9108465
3.0258474
2.52845
price
5.298523
5.066002
4.9373026
4.863997
5.245202
5.2329206
5.1785173
4.9404826
5.091711
5.2371545
5.2015195
5.1117916
5.5861826
5.251441
5.1845803
5.2363925
5.3183413
4.729634
5.243743
5.083941
5.2650337
5.184211
5.4156046
5.355387
5.4042325
4.961815
5.238596
5.1209083
5.175425
5.322721
5.418549
5.274265
train_time
56.487618200000014
70.2539266
99.24812439999994
57.73527720000004
86.44497980000006
111.59816120000005
77.51224739999998
98.15181600000005
124.14741109999977
105.27165130000003
128.0830192000003
180.00540639999963
132.36443849999978
117.69820040000013
198.94551279999996
139.17586779999965
134.78171660000044
207.05201469999975
192.1686335000004
216.67109559999972
146.0054355000002
66.95296889999918
144.90328600000066
219.22342129999925
218.15130350000072
135.06101020000096
258.6221043000005
267.55859280000004
257.80113580000034
340.49055320000116
164.334023899999
207.0840045999994


================================================================================
=== twin network feature map
train_risk
6.847304
6.903999
6.8923974
6.8105435
7.158798
6.9229665
7.14503
6.804116
6.4856124
7.1308846
6.9238443
7.071313
7.690914
7.218952
6.6904926
6.2736955
7.130063
6.1526856
5.832388
6.1943216
7.3144364
7.136635
7.462453
7.408945
7.269968
6.831353
7.2269316
7.2199655
6.701885
7.1589384
7.4465404
6.805079
test_risk
6.84335
6.895109
6.8969827
6.810751
7.157743
6.930172
7.151063
6.8058367
6.494263
7.1281557
6.928744
7.078103
7.695252
7.2194195
6.6914973
6.285679
7.1194897
6.1409087
5.828145
6.197752
7.316432
7.1429367
7.462208
7.419851
7.268852
6.8288417
7.2263503
7.224928
6.6952257
7.1640463
7.453878
6.813584
test_mean_value
1.0368248
0.8035839
0.49895763
0.6247726
0.6669944
0.83463466
0.590252
0.54948336
1.1640615
0.68556345
0.913368
0.4398849
0.48739606
0.45222497
1.060005
1.5606982
0.8891923
1.0123527
2.234729
1.578789
0.6157939
0.463898
0.4669198
0.530971
0.67999905
0.48062304
0.6099502
0.4529391
0.97222275
0.77345896
0.46062115
0.92614657
test_mean_abs_value
2.20402
2.6399944
2.3747146
2.148416
2.8602855
1.9648138
2.2526443
2.1545298
2.2485251
2.772775
2.5071526
2.4096768
3.090312
2.4200635
1.9903927
2.4664555
2.5996003
1.8442686
2.7783642
2.5751588
2.8774436
2.299573
2.778123
2.0987313
2.6395466
2.3543973
2.0060713
2.5478406
2.5124493
2.0759125
2.8066883
2.6351075
test_variance_value
7.321788
11.689265
9.14987
7.480796
13.291535
6.403076
8.355242
7.5678344
7.5171585
12.769432
10.262687
9.42931
16.073997
9.472401
5.9627767
8.633918
10.844637
5.1537886
9.465384
10.251745
14.394684
8.560402
12.715014
7.5158024
11.653344
8.982069
6.6363587
11.031742
10.173245
7.612564
12.735881
11.139844
test_mean_costs
0.52081805
0.59854615
0.6913862
0.6435674
0.64032894
0.5681358
0.6717827
0.65773755
0.50598574
0.62062776
0.56933916
0.6928758
0.72812915
0.70216495
0.4126249
0.45583925
0.68045944
0.48851392
0.24516276
0.4548926
0.66539997
0.6942983
0.70124465
0.6885762
0.654705
0.6897778
0.65834886
0.73571366
0.54493344
0.56077844
0.71148586
0.57307047
test_mean_abs_costs
0.52081805
0.59854615
0.6913862
0.6435674
0.64032894
0.5681358
0.6717827
0.65773755
0.50598574
0.62062776
0.56933916
0.6928758
0.72812915
0.70216495
0.4126249
0.45583925
0.68045944
0.48851392
0.24516276
0.4548926
0.66539997
0.6942983
0.70124465
0.6885762
0.654705
0.6897778
0.65834886
0.73571366
0.54493344
0.56077844
0.71148586
0.57307047
test_variance_costs
0.0038835725
0.0059051444
0.006573276
0.0070380745
0.006356314
0.0036654489
0.0049330452
0.00454357
0.0039877747
0.004786853
0.0032647955
0.005167394
0.0071267295
0.005394472
0.0018822406
0.002918942
0.0037765575
0.0029137859
0.00086424727
0.0033910486
0.0071024355
0.005279942
0.0058111
0.006360826
0.005796075
0.005238817
0.0064779157
0.0071050343
0.0036648347
0.004602297
0.0061403196
0.0045173215
test_mean_wealth
-5.2027087
-5.269628
-5.5448956
-5.3009963
-5.6330047
-5.3906236
-5.684007
-5.4817095
-4.851029
-5.586613
-5.283193
-5.7799315
-6.2453847
-5.916778
-4.9477587
-4.548951
-5.512861
-4.618538
-3.6681721
-4.3724217
-5.7344227
-5.8262877
-6.0755115
-5.928067
-5.797911
-5.592668
-5.7012806
-5.8212337
-5.171347
-5.51555
-6.0812025
-5.327629
test_mean_abs_wealth
5.2027087
5.269628
5.5448956
5.3009963
5.6330047
5.3906236
5.684007
5.4817095
4.851038
5.586613
5.283193
5.7799315
6.2453847
5.916778
4.9477587
4.5496597
5.512865
4.618538
3.681944
4.374319
5.7344227
5.8262877
6.0755115
5.928067
5.797911
5.592668
5.7012806
5.8212337
5.171347
5.51555
6.0812025
5.327629
test_variance_wealth
0.61259645
0.59559715
0.4043935
0.5275404
0.521481
0.55231756
0.4911964
0.40451252
0.6128635
0.5414919
0.6115414
0.37473497
0.47151205
0.3853895
0.71626407
0.7279444
0.5437998
0.52800816
1.2767375
0.82476294
0.56967956
0.39374235
0.4342931
0.4981084
0.4848148
0.34130356
0.52454346
0.43470412
0.5223287
0.64178
0.4174541
0.45652577
test_wealth_with_price_abs_mean
0.6282454
0.6347835
0.71766126
0.68124413
0.6541164
0.60563695
0.6967649
0.679874
0.65340006
0.65008795
0.6258737
0.7496661
0.77907306
0.7530484
0.70086676
0.87860453
0.59981465
0.58617765
1.6367887
0.9200566
0.71290666
0.73995817
0.766691
0.7347221
0.6384193
0.71033806
0.6884532
0.79232126
0.5729822
0.65776706
0.7607601
0.53396684
test_wealth_with_price_variance
0.61259645
0.59559715
0.4043935
0.5275404
0.521481
0.55231756
0.4911964
0.40451252
0.6128635
0.5414919
0.6115414
0.37473497
0.47151205
0.3853895
0.71626407
0.7279444
0.5437998
0.52800816
1.2767375
0.82476294
0.56967956
0.39374235
0.4342931
0.4981084
0.4848148
0.34130356
0.52454346
0.43470412
0.5223287
0.64178
0.4174541
0.45652577
price
5.298523
5.066002
4.9373026
4.863997
5.245202
5.2329206
5.1785173
4.9404826
5.091711
5.2371545
5.2015195
5.1117916
5.5861826
5.251441
5.1845803
5.2363925
5.3183413
4.729634
5.243743
5.083941
5.2650337
5.184211
5.4156046
5.355387
5.4042325
4.961815
5.238596
5.1209083
5.175425
5.322721
5.418549
5.274265
train_time
27.38454200000001
25.903234399999974
31.36702129999992
40.11515129999998
33.273191500000166
46.263897799999995
26.47443219999991
25.48766149999983
43.35404870000002
22.598243899999943
39.06948700000021
28.902808800000003
103.73429309999938
55.833948400000736
42.37727879999966
43.52740610000001
19.68895329999941
67.21283729999959
47.57171550000021
58.25567129999945
46.154978599999595
66.72911119999935
65.76712230000157
91.6774420999991
52.08116940000036
90.50307199999952
45.76257759999862
47.93424120000054
85.00848889999907
115.87169050000011
96.69644250000056
126.47073720000117


