================================================================================
=== twin network
train_time
43.4295272
55.008039999999994
58.05062470000007
44.633174300000064
44.791427399999975
46.390565599999945
15.681120299999975
33.601462200000014
16.33378390000007
57.233606800000416
52.4813893999999
32.10107880000032
52.191274099999646
17.20647740000004
48.025475299999925
48.318929999999455
48.045604699999785
53.03555779999988
53.35525030000008
102.3807356999996
40.755021599999964
18.561211600001116
57.40615369999978
51.07707590000064
20.190435000000434
17.982697900000858
50.31937509999989
47.65230280000105
50.56924760000038
50.43967119999979
17.567103600000337
47.90722040000037


================================================================================
=== continuous-time
train_risk
10.116583
10.19322
9.580537
8.322497
8.748846
9.942783
8.900138
8.923556
9.077818
9.168676
8.538243
9.244197
10.081952
9.750634
9.222867
9.011453
8.798854
8.082137
9.106261
8.79807
8.953977
9.207715
10.305284
9.040282
8.505103
8.261756
10.344471
8.159275
8.097727
8.924318
10.283362
10.048459
test_risk
10.127094
10.174706
9.56487
8.304719
8.740247
9.934818
8.900949
8.919085
9.073172
9.158154
8.552663
9.249437
10.090443
9.748155
9.216935
9.025965
8.795301
8.07127
9.110862
8.807179
8.962172
9.216681
10.309549
9.042884
8.476924
8.242882
10.348521
8.170634
8.091511
8.91084
10.289115
10.035744
test_mean_value
0.41330838
0.42032462
0.40854916
0.42128235
0.42011145
0.42368737
0.41758168
0.42500708
0.43349802
0.40186387
0.41498697
0.41963702
0.4378991
0.4002932
0.4018989
0.41721898
0.40915555
0.41745618
0.4174116
0.41369808
0.42959386
0.45207766
0.40811676
0.41293782
0.42278844
0.42416778
0.42633474
0.40197995
0.42891628
0.398139
0.39082357
0.39742532
test_mean_abs_value
3.4074771
3.5985987
6.1686025
4.148889
3.0829124
6.4487143
5.629036
5.660197
5.228328
3.2566547
5.2492447
5.9138007
6.5876675
3.233648
5.8968873
2.910397
3.2854302
4.738267
3.5148382
3.457233
3.9718137
5.7228036
6.741402
5.5152106
2.885967
4.775376
3.5106764
4.3783054
4.7070165
5.646666
3.9172494
3.3486505
test_variance_value
20.138876
22.464218
67.2558
27.859562
16.358381
73.49977
55.465763
56.181248
46.123417
17.892935
48.280914
61.302925
76.395874
18.115688
60.93944
14.879832
17.918724
38.837418
20.221159
20.098452
24.955912
57.675343
80.28664
53.228245
14.233405
38.84692
21.368998
31.485353
38.008915
55.76774
25.788704
19.462574
test_mean_costs
1.0864376
1.0850865
1.0848876
1.0853367
1.0849057
1.0862567
1.0848615
1.0855772
1.0858591
1.0863332
1.0855834
1.0849077
1.0858287
1.0865833
1.0847716
1.0858965
1.0858574
1.0845256
1.0858563
1.0851954
1.0853508
1.0855154
1.0858108
1.0845321
1.0839369
1.0846915
1.0854943
1.086203
1.0846313
1.0854088
1.0871397
1.0864389
test_mean_abs_costs
1.0864376
1.0850865
1.0848876
1.0853367
1.0849057
1.0862567
1.0848615
1.0855772
1.0858591
1.0863332
1.0855834
1.0849077
1.0858287
1.0865833
1.0847716
1.0858965
1.0858574
1.0845256
1.0858563
1.0851954
1.0853508
1.0855154
1.0858108
1.0845321
1.0839369
1.0846915
1.0854943
1.086203
1.0846313
1.0854088
1.0871397
1.0864389
test_variance_costs
0.13117051
0.11604244
0.117952585
0.067591846
0.10677346
0.12868078
0.12199784
0.1290786
0.06898508
0.10628427
0.091338776
0.1278399
0.13206306
0.13019802
0.13031192
0.13016826
0.0964096
0.07755185
0.093274005
0.0914811
0.07759959
0.084761605
0.12947251
0.07995943
0.109638184
0.072836116
0.13216831
0.066994
0.074958496
0.12363082
0.10237598
0.13242768
test_mean_wealth
-6.6635747
-6.840186
-6.4228272
-6.1290174
-5.9687834
-6.564732
-5.944664
-5.906798
-6.673045
-6.253498
-5.988552
-6.120695
-6.6288805
-6.4210896
-6.0901732
-5.9518595
-6.092131
-5.816378
-6.354041
-6.156751
-6.4467573
-6.528432
-6.793979
-6.4688387
-5.767156
-6.0146303
-6.7932673
-6.053555
-5.870365
-5.94148
-7.0764103
-6.5964212
test_mean_abs_wealth
6.6635747
6.840186
6.4228272
6.1290174
5.9687834
6.564732
5.944664
5.906798
6.673045
6.253498
5.988552
6.120695
6.6288805
6.4210896
6.0901732
5.9518595
6.092131
5.816378
6.354041
6.156751
6.4467573
6.528432
6.793979
6.4688387
5.767156
6.0146303
6.7932673
6.053555
5.870365
5.94148
7.0764103
6.5964212
test_variance_wealth
1.904776
1.7830588
1.5707759
0.8276291
1.2277684
1.7953838
1.373014
1.4234226
1.0073915
1.3509066
1.0624566
1.5342859
1.8869883
1.7396173
1.5401744
1.4750968
1.1710035
0.8467602
1.2367176
1.1387597
1.0627856
1.1972606
1.9472429
1.1070836
1.1623691
0.8496743
1.9983915
0.7859534
0.83185065
1.3881767
1.6851757
1.8732142
test_wealth_with_price_abs_mean
1.3501533
1.3263094
1.2864649
1.1598641
1.2201748
1.3296374
1.2446572
1.2543846
1.1941347
1.2465557
1.1949465
1.2774012
1.3454856
1.3160706
1.276241
1.2687771
1.2114782
1.1562923
1.2242503
1.2075307
1.1985348
1.224114
1.3554074
1.2042879
1.2050596
1.1608431
1.3673462
1.1552255
1.1532747
1.2483634
1.3115968
1.3427124
test_wealth_with_price_variance
1.904776
1.7830588
1.5707759
0.8276291
1.2277684
1.7953838
1.373014
1.4234226
1.0073915
1.3509066
1.0624566
1.5342859
1.8869883
1.7396173
1.5401744
1.4750968
1.1710035
0.8467602
1.2367176
1.1387597
1.0627856
1.1972606
1.9472429
1.1070836
1.1623691
0.8496743
1.9983915
0.7859534
0.83185065
1.3881767
1.6851757
1.8732142
price
5.5745826
5.756515
5.3349905
5.0450006
4.884041
5.4747887
4.8599596
4.8209267
5.5858364
5.1648073
4.8989105
5.032875
5.5386357
5.3322573
5.0047264
4.859996
5.0048122
4.7328405
5.270462
5.0700903
5.3597965
5.4398174
5.706568
5.384577
4.6857452
4.9296727
5.7024307
4.9643574
4.788639
4.855706
5.9902678
5.508542
train_time
2.394457899999999
3.4313005000000203
2.9084662999999864
5.943964499999993
2.959944200000109
3.0124607999998716
3.3617326999999477
2.681038400000034
2.4365741000001435
5.5935214000001
3.2358016000002863
2.885050699999738
2.6428609000004144
4.372939199999564
3.127681200000552
4.428846499999963
3.391383300000598
6.955854900000304
3.027092499999526
8.048984900000505
8.738330799999858
3.3566742000002705
5.883631700000478
2.960180999998556
3.5719900999993115
8.211461900000359
3.016940599998634
2.6577299000000494
3.1697191999992356
7.209451499998977
4.846405000000232
3.5911913999989338


================================================================================
=== deep network w. softplus
train_risk
7.515492
9.237142
8.763208
7.759908
7.9318824
9.112007
8.142697
8.055061
8.531089
8.477716
7.8536854
8.366932
9.160492
8.0494175
8.336849
7.235921
8.05204
7.4628134
8.392653
8.092227
8.3332615
8.6225815
9.39095
8.4315405
7.650831
7.707524
7.4425793
7.6433377
7.515975
8.088714
9.48159
6.6073513
test_risk
7.5194917
9.235546
8.757451
7.759832
7.9457474
9.118349
8.127659
8.053731
8.53813
8.470872
7.881817
8.379073
9.167127
8.056845
8.340313
7.2394943
8.061403
7.4661627
8.392167
8.10358
8.3369055
8.629066
9.400423
8.43474
7.637802
7.6987453
7.4586062
7.651896
7.5190845
8.090419
9.487739
6.6273
test_mean_value
1.8793864
0.53580016
0.4107964
0.4292874
0.48648024
0.43112344
0.4168838
0.42932776
0.4392471
0.4697762
0.41863403
0.42241645
0.4411009
1.1997952
0.4065312
1.3934045
0.44891724
0.41700426
0.45491233
0.44482148
0.4438341
0.44949403
0.40996444
0.41468734
0.501395
0.42706546
2.5626583
0.41150925
0.43305886
0.403465
0.44392267
2.619338
test_mean_abs_value
3.3086154
3.2346528
6.0107384
4.0163155
2.7993257
6.2665033
5.4074106
5.491442
5.112994
2.9833546
5.136849
5.7521715
6.4095
2.980099
5.7341423
2.7464838
3.049487
4.5915413
3.298371
3.244483
3.8019974
5.5634227
6.5324125
5.397172
2.6310186
4.6560936
3.811533
4.274353
4.613279
5.5025864
3.6389325
3.617375
test_variance_value
19.838312
18.897642
63.596153
26.282736
13.872004
69.08311
51.198357
52.721336
44.153263
15.385219
45.92695
57.792286
72.11199
16.257685
57.511166
13.50021
15.705221
36.372345
17.993223
17.95328
23.042448
54.21676
75.14253
50.766468
12.119663
36.898064
25.727869
30.152435
36.38563
52.799854
22.603521
22.212568
test_mean_costs
0.3400408
0.74277467
0.76708674
0.7875442
0.7302641
0.80331725
0.77533495
0.76902187
0.806918
0.7819588
0.76171917
0.77310973
0.77927965
0.55058944
0.76869667
0.5190974
0.7513586
0.7595211
0.7645496
0.7537898
0.7796081
0.7929661
0.77882284
0.7828503
0.7279668
0.79508567
0.582072
0.8016696
0.7799208
0.77193564
0.7678017
0.218786
test_mean_abs_costs
0.3400408
0.74277467
0.76708674
0.7875442
0.7302641
0.80331725
0.77533495
0.76902187
0.806918
0.7819588
0.76171917
0.77310973
0.77927965
0.55058944
0.76869667
0.5190974
0.7513586
0.7595211
0.7645496
0.7537898
0.7796081
0.7929661
0.77882284
0.7828503
0.7279668
0.79508567
0.582072
0.8016696
0.7799208
0.77193564
0.7678017
0.218786
test_variance_costs
0.008690293
0.03274633
0.033166967
0.020507257
0.027122103
0.037363835
0.032240823
0.03495663
0.02150055
0.028298156
0.026448136
0.03576736
0.037596267
0.02045786
0.035997532
0.017420754
0.027019529
0.021637151
0.027843276
0.025506608
0.024592197
0.02595276
0.037510175
0.024274535
0.028282743
0.022452913
0.02258542
0.02056898
0.022784792
0.03409256
0.03162273
0.0069856495
test_mean_wealth
-4.4511
-6.3823986
-6.1027794
-5.82322
-5.5477734
-6.2743564
-5.635835
-5.585922
-6.3883553
-5.8812113
-5.661041
-5.806118
-6.31913
-5.0855937
-5.769466
-4.408875
-5.7178707
-5.4918256
-5.9952335
-5.794222
-6.1267743
-6.2384663
-6.4851437
-6.165407
-5.3325796
-5.7221265
-4.1535215
-5.7594924
-5.561512
-5.622681
-6.7039733
-3.5068555
test_mean_abs_wealth
4.452939
6.3823986
6.1027794
5.82322
5.5477734
6.2743564
5.635835
5.585922
6.3883553
5.8812113
5.661041
5.806118
6.31913
5.085628
5.769466
4.409096
5.7178707
5.4918256
5.9952335
5.794222
6.1267743
6.2384663
6.4851437
6.165407
5.3325796
5.7221265
4.164392
5.7594924
5.561512
5.622681
6.7039733
3.5252786
test_variance_wealth
2.4306886
2.1857014
1.8841321
0.9431231
1.5270532
2.2004457
1.6652117
1.675729
1.1502244
1.7035322
1.2311765
1.8055028
2.2372081
2.2754583
1.7891003
2.032015
1.405441
0.9697278
1.4636011
1.3581392
1.2076663
1.4063653
2.3100505
1.2799865
1.4131553
0.9728173
2.7115722
0.8836439
0.943812
1.6405289
2.009986
2.4571896
test_wealth_with_price_abs_mean
1.5338489
1.3186971
1.294881
1.0229665
1.1537687
1.3937387
1.2420975
1.2449752
1.0961115
1.2185585
1.1004908
1.2830398
1.3946018
1.2176719
1.2745733
1.1883192
1.1314945
1.0188534
1.1522652
1.1209605
1.0927896
1.164813
1.4086365
1.1225688
1.1136794
1.0387045
1.8390335
1.0125132
1.017486
1.2336243
1.2974001
2.13566
test_wealth_with_price_variance
2.4306886
2.1857014
1.8841321
0.9431231
1.5270532
2.2004457
1.6652117
1.675729
1.1502244
1.7035322
1.2311765
1.8055028
2.2372081
2.2754583
1.7891003
2.032015
1.405441
0.9697278
1.4636011
1.3581392
1.2076663
1.4063653
2.3100505
1.2799865
1.4131553
0.9728173
2.7115722
0.8836439
0.943812
1.6405289
2.009986
2.4571896
price
5.5745826
5.756515
5.3349905
5.0450006
4.884041
5.4747887
4.8599596
4.8209267
5.5858364
5.1648073
4.8989105
5.032875
5.5386357
5.3322573
5.0047264
4.859996
5.0048122
4.7328405
5.270462
5.0700903
5.3597965
5.4398174
5.706568
5.384577
4.6857452
4.9296727
5.7024307
4.9643574
4.788639
4.855706
5.9902678
5.508542
train_time
125.3411169
88.880675
92.81102509999994
124.05499370000007
116.41336009999986
79.28586240000004
88.65361140000005
152.45307190000017
159.00724630000013
132.6626207999998
186.30573400000003
331.5691972999998
184.9443409000005
144.8074332999995
212.48791530000017
187.12287199999992
240.84432659999948
270.1556830999998
268.1667338999996
248.38807429999997
379.7744562000007
232.74160520000078
256.48095790000116
280.80002839999906
367.7219724000006
240.72396050000134
142.17809470000066
217.59403249999923
343.3404042000002
322.26340080000045
375.1044896000003
429.2502193


================================================================================
=== deep network w. relu
train_risk
7.8874054
11.698544
10.392164
10.164228
10.190814
12.274036
8.076428
8.929983
12.129629
8.433893
10.660167
8.379328
11.221134
7.9968405
8.324052
7.19263
10.662251
7.924047
8.545909
8.344004
9.2040415
10.04182
11.44073
10.201521
9.414518
8.353671
6.9755945
10.945357
9.958508
8.086115
11.424816
6.70997
test_risk
7.8976707
11.678086
10.3922615
10.200866
10.218617
12.271788
8.062844
8.928977
12.1245165
8.437626
10.709004
8.401319
11.228956
8.005535
8.336563
7.202969
10.6785555
7.92185
8.550579
8.364694
9.211862
10.060288
11.446406
10.208278
9.398906
8.344502
6.9965587
10.967091
9.948638
8.090049
11.414023
6.726602
test_mean_value
2.4550753
0.75168264
0.4121434
0.44338372
0.6085351
0.4469583
0.42079392
0.43275082
0.45129192
0.4659847
0.42032698
0.42299655
0.43941456
1.2132388
0.4059418
1.4723848
0.535416
0.42311952
0.4538836
0.44978136
0.45575967
0.4554892
0.4078002
0.419153
0.6181688
0.43105686
2.5246682
0.43916368
0.43838266
0.40332046
0.5083368
2.4233265
test_mean_abs_value
3.4494152
3.4404926
6.057028
3.9418795
2.9778368
6.2661796
5.474504
5.522209
4.939911
2.9690409
5.025484
5.7579417
6.3280597
2.9437182
5.7285357
2.800949
3.1917024
4.6162677
3.2119353
3.2121491
3.7055025
5.5957813
6.529318
5.308303
2.796662
4.623227
3.6539524
4.2206306
4.589008
5.5001025
3.7498436
3.4881392
test_variance_value
21.673044
20.056278
64.900665
24.978754
14.842265
69.03108
52.312515
53.20555
40.06937
15.302742
44.03145
58.027004
71.883316
16.12607
57.55564
14.121186
16.640257
36.896564
17.277264
17.941435
21.870697
54.97758
75.5542
49.753048
13.10954
36.382355
26.299953
27.8444
35.55121
52.798668
23.70319
22.544668
test_mean_costs
0.02385527
1.3225067
1.1887096
0.83970124
1.2718099
1.212156
0.7656818
0.95004827
1.1223068
0.77069205
1.1166774
0.7814075
1.0599108
0.55351114
0.7523002
0.46186814
1.4652865
0.8393189
0.7196176
0.7360391
0.68734825
1.0047063
1.2343832
0.8778481
1.1319307
0.8522193
0.17769563
0.4316257
1.1726513
0.7672933
1.2852888
0.27723354
test_mean_abs_costs
0.02385527
1.3225067
1.1887096
0.83970124
1.2718099
1.212156
0.7656818
0.95004827
1.1223068
0.77069205
1.1166774
0.7814075
1.0599108
0.55351114
0.7523002
0.46186814
1.4652865
0.8393189
0.7196176
0.7360391
0.68734825
1.0047063
1.2343832
0.8778481
1.1319307
0.8522193
0.17769563
0.4316257
1.1726513
0.7672933
1.2852888
0.27723354
test_variance_costs
0.0008337482
0.0219447
0.044264466
0.018858843
0.033457335
0.053805497
0.034796365
0.043587722
0.09285392
0.030253189
0.04852207
0.036189493
0.036789972
0.023184605
0.03466204
0.018276228
0.034621287
0.023750154
0.027144937
0.025746457
0.018974433
0.04115081
0.047962047
0.036928788
0.026772661
0.02435549
0.005488366
0.044473488
0.04706146
0.03326998
0.032011624
0.0046143355
test_mean_wealth
-3.5592256
-6.7462482
-6.523055
-5.8612804
-5.967264
-6.6673603
-5.622272
-5.763525
-6.691699
-5.873736
-6.014306
-5.8138356
-6.601447
-5.075072
-5.753659
-4.272665
-6.3452997
-5.5655084
-5.95133
-5.7715116
-6.0225887
-6.4442115
-6.942868
-6.2559395
-5.6197696
-5.775269
-3.7871354
-5.3617945
-5.948919
-5.618183
-7.1570463
-3.7613146
test_mean_abs_wealth
3.6816752
6.746311
6.523063
5.8612804
5.967273
6.6688685
5.622272
5.763525
6.691706
5.873736
6.014585
5.8138356
6.601726
5.0751076
5.753659
4.2736335
6.345306
5.5655084
5.95133
5.7715116
6.0225887
6.4442115
6.9429464
6.2559414
5.6197824
5.775269
3.8436804
5.361834
5.948919
5.618183
7.1570463
3.7874105
test_variance_wealth
5.0245786
5.3292565
3.1217055
3.2774925
3.5113063
6.171483
1.6292866
2.2470162
5.3638487
1.706159
4.155806
1.8504089
4.5909834
2.2857258
1.8409208
2.1779988
3.787511
1.2604679
1.7586532
1.6893713
2.3285606
2.7683704
4.299128
3.2585862
2.862146
1.447772
2.9821267
5.6514106
2.8725772
1.67836
3.6956477
2.385905
test_wealth_with_price_abs_mean
2.4268167
2.0025032
1.6924181
1.5151489
1.6891104
2.1448948
1.2333999
1.4344673
1.976484
1.2205561
1.7950948
1.3039635
1.8961422
1.2140566
1.287891
1.2603467
1.8554296
1.1336707
1.2218451
1.2054212
1.3400848
1.5455867
1.9166361
1.5819864
1.5183737
1.184109
2.0873985
1.8888415
1.585398
1.2471125
1.7776995
1.9100246
test_wealth_with_price_variance
5.0245786
5.3292565
3.1217055
3.2774925
3.5113063
6.171483
1.6292866
2.2470162
5.3638487
1.706159
4.155806
1.8504089
4.5909834
2.2857258
1.8409208
2.1779988
3.787511
1.2604679
1.7586532
1.6893713
2.3285606
2.7683704
4.299128
3.2585862
2.862146
1.447772
2.9821267
5.6514106
2.8725772
1.67836
3.6956477
2.385905
price
5.5745826
5.756515
5.3349905
5.0450006
4.884041
5.4747887
4.8599596
4.8209267
5.5858364
5.1648073
4.8989105
5.032875
5.5386357
5.3322573
5.0047264
4.859996
5.0048122
4.7328405
5.270462
5.0700903
5.3597965
5.4398174
5.706568
5.384577
4.6857452
4.9296727
5.7024307
4.9643574
4.788639
4.855706
5.9902678
5.508542
train_time
95.6334774
61.21674759999996
66.15352929999995
77.3504216
85.72094520000019
81.46807949999993
196.47298739999997
107.1337853
117.0613543000004
108.55458769999996
182.94728910000003
159.57808549999982
109.89819249999982
113.7695647999999
209.77367099999992
138.61017749999974
186.27282110000033
172.5614895000008
236.88977150000028
195.33226809999996
171.1256702999999
222.0709767999997
280.0005277
246.2394944000007
186.83812790000047
278.38149519999934
342.0925271999986
217.44544809999934
299.2805457000013
386.7764926
358.30753639999966
237.6031331000013


================================================================================
=== twin network feature map
train_risk
7.6367054
9.3463955
8.920748
7.792418
8.007011
9.244024
8.255383
8.253477
8.7384615
8.447762
7.9380937
8.563649
9.379641
8.05368
8.461862
7.2436495
8.154365
7.531233
8.5118885
8.190054
8.423068
8.661538
9.612193
8.51863
7.7815495
7.77113
7.110464
7.669921
7.555278
8.235581
9.7069025
6.780202
test_risk
7.6365385
9.342955
8.901937
7.7884145
8.0200405
9.255698
8.234985
8.24703
8.732571
8.434662
7.9662237
8.571007
9.382757
8.054137
8.460155
7.24731
8.153775
7.522813
8.503591
8.195607
8.420732
8.659161
9.618034
8.517045
7.7599382
7.74813
7.1286983
7.674557
7.5502357
8.225001
9.70596
6.79513
test_mean_value
1.745309
0.5621213
0.41359043
0.4288612
0.49947178
0.42689055
0.4223019
0.43115804
0.44295862
0.4808706
0.420006
0.42439172
0.44474888
1.1283596
0.40594247
1.2851447
0.45753282
0.42044628
0.46086803
0.4518053
0.44571424
0.45609486
0.4107355
0.41637596
0.52003455
0.43167037
2.3791206
0.41054398
0.4337951
0.40447962
0.45701975
2.4481318
test_mean_abs_value
3.1483932
3.3898103
6.0970707
4.0364695
2.9283726
6.298918
5.525649
5.590157
5.1760025
3.102581
5.2046123
5.8346353
6.5510163
2.8850424
5.7907343
2.6620345
3.1662943
4.666364
3.3924203
3.34104
3.859373
5.657614
6.651782
5.4601917
2.736554
4.7448707
3.4453197
4.305903
4.650854
5.5786347
3.782922
3.4013805
test_variance_value
20.12965
19.896624
64.80171
26.399017
14.643276
68.94012
52.954437
53.78508
44.74337
16.070328
46.457813
58.524548
74.28793
15.831585
57.962658
13.198297
16.454878
37.16052
18.680866
18.692268
23.484951
55.705788
76.24558
51.380306
12.654542
37.700985
25.40576
30.269314
36.59691
53.281105
23.652832
23.814432
test_mean_costs
0.31184855
0.7529024
0.8015076
0.76417863
0.76018196
0.81511575
0.80399245
0.79815894
0.83940417
0.7750356
0.7926767
0.7935594
0.7973996
0.55082387
0.78274345
0.5105299
0.7841104
0.78176343
0.80632126
0.77321494
0.78739446
0.811523
0.7933571
0.7993896
0.7698304
0.79490846
0.1317684
0.7774194
0.7779934
0.7930177
0.8178487
0.13891222
test_mean_abs_costs
0.31184855
0.7529024
0.8015076
0.76417863
0.76018196
0.81511575
0.80399245
0.79815894
0.83940417
0.7750356
0.7926767
0.7935594
0.7973996
0.55082387
0.78274345
0.5105299
0.7841104
0.78176343
0.80632126
0.77321494
0.78739446
0.811523
0.7933571
0.7993896
0.7698304
0.79490846
0.1317684
0.7774194
0.7779934
0.7930177
0.8178487
0.13891222
test_variance_costs
0.008180023
0.04987184
0.050229587
0.025156407
0.04145111
0.055786323
0.04975861
0.055589385
0.023930011
0.04390345
0.037566096
0.057898737
0.05785893
0.02459106
0.051314898
0.024618829
0.040573347
0.02925088
0.042359896
0.039383065
0.03487111
0.03377605
0.058084294
0.03596291
0.040193442
0.026964946
0.0008789083
0.025951613
0.028966239
0.052250437
0.047000326
0.0014556416
test_mean_wealth
-4.5569854
-6.366205
-6.134406
-5.8002806
-5.5646996
-6.290388
-5.659075
-5.613229
-6.41713
-5.863194
-5.6906266
-5.824592
-6.333602
-5.1572638
-5.7841015
-4.508567
-5.742007
-5.510626
-6.0310497
-5.8066635
-6.1326804
-6.2504225
-6.4989066
-6.180258
-5.3558035
-5.7173448
-3.8867555
-5.7362075
-5.5588484
-5.6427484
-6.740923
-3.5981882
test_mean_abs_wealth
4.5626206
6.366205
6.134406
5.8002806
5.5646996
6.290388
5.659075
5.613229
6.41713
5.863194
5.6906266
5.824592
6.333602
5.1572866
5.7841015
4.5086503
5.742007
5.510626
6.0310497
5.8066635
6.1326804
6.2504225
6.4989066
6.180258
5.3558035
5.7173448
3.945799
5.7362075
5.5588484
5.6427484
6.740923
3.6679995
test_variance_wealth
2.5822024
1.9953842
1.6220226
0.8824699
1.3170513
1.9070429
1.4221381
1.4615046
1.1685499
1.4422227
1.0884469
1.5827276
1.9843665
2.1524835
1.593162
1.8868209
1.2273209
0.8714315
1.2966107
1.1882527
1.1034474
1.2814515
2.0476525
1.1423441
1.2763077
0.8998641
3.2018719
0.8317225
0.8573198
1.4200507
1.8712908
3.076155
test_wealth_with_price_abs_mean
1.5013822
1.2318774
1.1989037
0.97695106
1.0683671
1.2840549
1.1502755
1.1527314
1.0974319
1.1121598
1.049
1.1817173
1.285952
1.1819199
1.1940471
1.129965
1.0617307
0.9804912
1.0908945
1.0448345
1.0416944
1.1219709
1.2995459
1.0647976
1.0533715
0.9978098
2.0271559
0.96947724
0.97378945
1.1422575
1.2397202
2.0853608
test_wealth_with_price_variance
2.5822024
1.9953842
1.6220226
0.8824699
1.3170513
1.9070429
1.4221381
1.4615046
1.1685499
1.4422227
1.0884469
1.5827276
1.9843665
2.1524835
1.593162
1.8868209
1.2273209
0.8714315
1.2966107
1.1882527
1.1034474
1.2814515
2.0476525
1.1423441
1.2763077
0.8998641
3.2018719
0.8317225
0.8573198
1.4200507
1.8712908
3.076155
price
5.5745826
5.756515
5.3349905
5.0450006
4.884041
5.4747887
4.8599596
4.8209267
5.5858364
5.1648073
4.8989105
5.032875
5.5386357
5.3322573
5.0047264
4.859996
5.0048122
4.7328405
5.270462
5.0700903
5.3597965
5.4398174
5.706568
5.384577
4.6857452
4.9296727
5.7024307
4.9643574
4.788639
4.855706
5.9902678
5.508542
train_time
21.88759620000002
21.48445689999994
14.678715499999953
19.963195900000073
18.857304299999896
11.392377899999929
16.764789300000075
13.049638800000139
9.924844099999973
15.186861399999998
21.084846499999912
22.745482400000128
11.719952399999784
15.415821600000527
21.7430458000008
15.033168699999806
13.183848399999988
17.956341499999326
17.052311500000542
29.427699799999573
31.215280899999925
21.930991400000494
21.86362349999945
20.374076800000694
18.748969000000216
18.84988069999963
18.719498100001147
17.622164399999747
25.024631000000227
26.752729499999987
18.95713330000035
33.01582090000011


