================================================================================
=== twin network
train_time
38.3501658
37.8894942
37.60908800000004
39.31207710000001
38.87685680000004
37.890794599999936
38.520733900000096
38.48574719999988
39.11660280000001
40.237021599999935
38.88541770000029
38.52111999999988
38.37990909999962
38.44367340000008
39.31291609999971
38.81410790000018
40.43097979999993
41.39947849999953
40.880219800000305
53.57148599999982
41.48992130000079
39.46720649999952
39.670103800000106
40.878527400000166
40.80614400000013
40.18690409999999
39.5280702
39.629592900000716
39.53837180000028
43.561139499999626
43.208506200000556
41.79984189999959


================================================================================
=== continuous-time
train_risk
7.5905175
8.003198
8.189841
7.9070306
8.037935
8.734904
8.159264
7.435332
8.364008
7.9956536
7.987474
8.651048
8.9901085
8.142877
7.887311
7.902169
7.839462
7.3879447
8.544457
8.142028
8.5308
8.162269
8.906412
8.299396
8.381666
8.143155
8.480554
7.9591784
7.55926
8.447139
8.6740885
8.491232
test_risk
7.5878687
7.9980025
8.190093
7.909914
8.030577
8.716922
8.168207
7.4272566
8.367087
7.9773464
7.979582
8.660025
8.99628
8.136493
7.8786087
7.908869
7.8444886
7.3974805
8.542853
8.152709
8.536654
8.16814
8.912705
8.295179
8.393217
8.151142
8.478168
7.963704
7.558826
8.46058
8.680863
8.473901
test_mean_value
0.4157718
0.40196347
0.40407565
0.42502296
0.41438115
0.41193277
0.42238903
0.4232133
0.41381207
0.41563836
0.4098287
0.40482032
0.41975376
0.41055864
0.41969004
0.4121044
0.41270763
0.40769854
0.415825
0.42566052
0.42813504
0.39889708
0.42976776
0.42020947
0.4203516
0.40832186
0.42713037
0.41534126
0.42419365
0.41894984
0.4030399
0.4289039
test_mean_abs_value
3.6453915
3.7994542
2.8698812
3.6639023
3.1785996
3.9874132
3.56628
2.7613585
2.7915316
3.9454083
2.4713862
3.1621773
4.862229
3.6139576
3.3547163
3.2418437
2.7063642
3.0214002
2.8519342
2.9294045
4.852487
3.0513809
4.175677
4.124433
2.5143385
3.2505198
2.4326696
2.881407
3.2136874
3.4067698
3.7054443
3.207507
test_variance_value
22.731293
24.419025
15.420887
22.860113
16.199038
27.180267
20.796513
12.6263075
12.804881
25.980995
10.5474
20.066193
40.169342
22.788828
18.85523
17.757
12.395851
15.3684225
13.6202345
14.786703
40.875248
15.811862
30.973413
29.035686
10.812808
17.531876
10.195463
13.585239
17.086796
19.033909
22.372797
17.446285
test_mean_costs
1.0857408
1.0855528
1.0852983
1.0853721
1.0856527
1.0854827
1.085476
1.0857106
1.0848569
1.085217
1.0852758
1.086747
1.0865707
1.0856224
1.0849165
1.0866402
1.0861189
1.0854783
1.0858909
1.0850202
1.0861472
1.0860724
1.0860511
1.0852014
1.0852319
1.0858486
1.0850712
1.0861137
1.0859767
1.0860614
1.0853403
1.0856252
test_mean_abs_costs
1.0857408
1.0855528
1.0852983
1.0853721
1.0856527
1.0854827
1.085476
1.0857106
1.0848569
1.085217
1.0852758
1.086747
1.0865707
1.0856224
1.0849165
1.0866402
1.0861189
1.0854783
1.0858909
1.0850202
1.0861472
1.0860724
1.0860511
1.0852014
1.0852319
1.0858486
1.0850712
1.0861137
1.0859767
1.0860614
1.0853403
1.0856252
test_variance_costs
0.043711435
0.039985612
0.06133094
0.05080303
0.050531287
0.06779482
0.052642208
0.03862268
0.051806808
0.05066261
0.046316702
0.08081998
0.054499242
0.05424765
0.04139835
0.042972215
0.052791193
0.052604135
0.05523788
0.057866324
0.051045705
0.046697736
0.05455751
0.045531165
0.058486223
0.05526613
0.049279228
0.056303296
0.04559299
0.049058065
0.05401115
0.051049575
test_mean_wealth
-5.916155
-6.290473
-6.102227
-6.0620985
-6.158201
-6.4204893
-6.199237
-5.890461
-6.3601274
-6.125136
-6.1801095
-6.1835732
-6.8252463
-6.173928
-6.1932297
-6.1953907
-5.962265
-5.6312227
-6.454956
-6.087584
-6.4988103
-6.336771
-6.7174764
-6.429668
-6.27841
-6.15811
-6.536616
-5.9794936
-5.8742557
-6.520187
-6.57412
-6.464702
test_mean_abs_wealth
5.916155
6.290473
6.102227
6.0620985
6.158201
6.4204893
6.199237
5.890461
6.3601274
6.125136
6.1801095
6.1835732
6.8252463
6.173928
6.1932297
6.1953907
5.962265
5.6312227
6.454956
6.087584
6.4988103
6.336771
6.7174764
6.429668
6.27841
6.15811
6.536616
5.9794936
5.8742557
6.520187
6.57412
6.464702
test_variance_wealth
0.49898502
0.532988
0.7341672
0.6067366
0.61263627
0.9052616
0.6712704
0.43447673
0.69375587
0.62048435
0.5840368
1.0031508
0.84370726
0.67645764
0.5219619
0.53742313
0.6185239
0.53710634
0.75488466
0.72834486
0.71709293
0.6087539
0.8271816
0.62374693
0.7704714
0.6872921
0.67715836
0.6678118
0.5072433
0.66755974
0.77559876
0.7057201
test_wealth_with_price_abs_mean
1.1087332
1.1157784
1.1390113
1.1253353
1.1259949
1.1726868
1.1324042
1.1029991
1.1329452
1.1243103
1.1202264
1.1842972
1.1661992
1.1345292
1.1125209
1.1169747
1.1274368
1.1130868
1.1468726
1.1406643
1.1395506
1.1259226
1.1593345
1.1253934
1.148526
1.1364545
1.1336875
1.1309958
1.1113107
1.1334834
1.151585
1.1372983
test_wealth_with_price_variance
0.49898502
0.532988
0.7341672
0.6067366
0.61263627
0.9052616
0.6712704
0.43447673
0.69375587
0.62048435
0.5840368
1.0031508
0.84370726
0.67645764
0.5219619
0.53742313
0.6185239
0.53710634
0.75488466
0.72834486
0.71709293
0.6087539
0.8271816
0.62374693
0.7704714
0.6872921
0.67715836
0.6678118
0.5072433
0.66755974
0.77559876
0.7057201
price
4.8298182
5.2037764
5.0172668
4.973901
5.0685515
5.333281
5.113063
4.8037004
5.2751656
5.042106
5.0954185
5.095202
5.73756
5.087459
5.1080356
5.107417
4.874497
4.5441823
5.3675847
5.001006
5.4110107
5.250546
5.628083
5.345923
5.191618
5.069406
5.452921
4.892163
4.786449
5.433407
5.486353
5.379576
train_time
2.435964900000002
3.4341355999999905
3.4052823000000103
2.5341018000000304
2.326200500000027
2.0019729000000552
2.321232400000099
2.6676720000000387
2.081190099999958
4.396757799999705
3.550614300000234
3.476094699999976
2.6520362000001114
2.0358972999997604
6.219528899999659
2.933118899999954
2.0446179000000484
3.740725499999826
6.211275999999998
4.777437499999905
3.0471575000001394
2.72809049999978
2.448152800000571
2.146796400000312
4.661878999999317
3.7557771000001594
2.190867199999957
4.339823300000717
2.2066873000003397
2.5342254000006506
2.6839991999986523
3.301658000000316


================================================================================
=== deep network w. softplus
train_risk
8.072886
7.620518
7.360836
7.4683347
7.5979524
6.7080417
7.6806536
7.983163
8.051851
7.585468
6.3487463
6.487496
8.302724
7.710521
7.6361885
7.453463
6.071446
6.8652616
8.474185
7.5892076
8.146743
5.7239313
8.460584
7.89531
7.936749
7.636133
7.3868513
7.3554816
8.393522
8.029213
8.181563
8.021652
test_risk
8.06961
7.632957
7.363715
7.4804587
7.6105194
6.710915
7.6872244
8.000547
8.063053
7.5850086
6.3541436
6.500826
8.3029585
7.726238
7.6515226
7.4651413
6.0823636
6.877774
8.477969
7.608658
8.156771
5.717682
8.478326
7.902033
7.9431806
7.6468096
7.4062734
7.367722
8.40872
8.04658
8.1966915
8.032724
test_mean_value
0.4236805
0.40769732
1.0737816
0.456311
0.44713694
1.7213261
0.48769346
0.4450518
0.44468817
0.4622273
2.4356768
2.4000337
0.777013
0.43528265
0.43661344
0.54459167
3.0802376
0.47352636
1.3255323
0.49772853
0.43337658
2.5797088
0.45066962
0.42757887
0.51545817
0.48203036
1.7757576
0.56621826
0.45070237
0.46480238
0.4525307
0.48440048
test_mean_abs_value
3.576161
3.7172678
2.778914
3.581017
3.0593412
3.979163
3.4356976
2.7178469
2.612138
3.831893
3.1457849
3.391271
4.7357817
3.4956255
3.249934
3.1491723
3.6853893
2.9075177
3.0230186
2.7843735
4.779261
3.6787803
4.0765295
4.043561
2.3061168
3.1078713
2.6744354
2.7901998
3.1921415
3.2903717
3.5779874
3.0765681
test_variance_value
21.964907
23.315393
14.525289
21.799475
15.117473
27.82907
19.50297
12.3055525
11.299456
24.656996
13.594319
22.040152
38.81553
21.355185
17.818869
16.834656
17.701735
14.303139
15.291942
13.482859
39.405582
20.577744
29.477041
27.811913
9.19469
16.157742
10.5188465
12.819375
17.027315
17.830153
21.07488
16.158024
test_mean_costs
1.0059639
0.79892135
0.5917733
0.75432974
0.7891576
0.5980988
0.7810128
1.1692227
0.7382801
0.7713548
0.6854878
0.88110983
0.6887247
0.7752896
0.7607479
0.7863313
1.1433876
0.74674034
1.0947764
0.7372438
0.7690999
0.5339111
0.7795731
0.78859663
0.77005124
0.7339047
0.2723232
0.7509164
1.3582041
0.807729
0.7736823
0.76547813
test_mean_abs_costs
1.0059639
0.79892135
0.5917733
0.75432974
0.7891576
0.5980988
0.7810128
1.1692227
0.7382801
0.7713548
0.6854878
0.88110983
0.6887247
0.7752896
0.7607479
0.7863313
1.1433876
0.74674034
1.0947764
0.7372438
0.7690999
0.5339111
0.7795731
0.78859663
0.77005124
0.7339047
0.2723232
0.7509164
1.3582041
0.807729
0.7736823
0.76547813
test_variance_costs
0.017418338
0.013106905
0.00962655
0.01403252
0.0149232475
0.013375958
0.015319883
0.016448991
0.014787082
0.015124853
0.032514513
0.02578913
0.014835426
0.017641384
0.011203549
0.012806418
0.12335761
0.014261309
0.022794083
0.01682944
0.014987067
0.030435791
0.016907765
0.0149423
0.01687098
0.015853494
0.002244139
0.015757404
0.019900208
0.016541705
0.016029824
0.0159429
test_mean_wealth
-5.8284693
-5.9981074
-4.9389963
-5.699768
-5.8289504
-4.623712
-5.8294687
-5.9521346
-5.9826746
-5.7646847
-3.7544737
-3.9827228
-6.0701413
-5.8388705
-5.852138
-5.7625947
-3.3520036
-5.226657
-5.554134
-5.6677394
-6.176522
-3.6037982
-6.3900967
-6.125694
-5.8681226
-5.732458
-4.3752403
-5.4934196
-6.1199746
-6.196002
-6.212971
-6.0890584
test_mean_abs_wealth
5.8284693
5.9981074
4.9389973
5.699768
5.8289504
4.6260066
5.8294687
5.9521346
5.9826746
5.7646847
3.7711592
3.9884305
6.0701413
5.8388705
5.852138
5.7625947
3.4181123
5.226657
5.554194
5.6677394
6.176522
3.6494732
6.3900967
6.125694
5.8681226
5.732458
4.3767915
5.4934196
6.1199746
6.196002
6.212971
6.0890584
test_variance_wealth
1.1063745
0.6328058
1.4082016
0.76495475
0.7559032
1.056887
0.8487987
0.89201516
1.037703
0.81266403
1.6288657
1.4694911
1.1989306
0.8572486
0.76124305
0.6922079
2.2285595
0.65938973
2.0193355
0.9118946
0.9301426
1.5321281
1.0423981
0.75751853
1.0201526
0.90115637
2.2188876
0.8349906
1.0833844
0.8130394
0.96003103
0.909002
test_wealth_with_price_abs_mean
1.1829402
0.9295953
0.95307666
0.93036777
0.9464289
0.989412
0.9548094
1.2384651
1.0058454
0.9467151
1.5178957
1.3437331
0.9144609
0.9756041
0.9366461
0.8624415
1.6924825
0.8697143
1.1464716
0.94812846
1.0020937
1.6938784
1.0360279
0.96016026
0.984535
0.9430766
1.4821975
0.88569707
1.4149963
0.9644128
0.99540085
0.9674942
test_wealth_with_price_variance
1.1063745
0.6328058
1.4082016
0.76495475
0.7559032
1.056887
0.8487987
0.89201516
1.037703
0.81266403
1.6288657
1.4694911
1.1989306
0.8572486
0.76124305
0.6922079
2.2285595
0.65938973
2.0193355
0.9118946
0.9301426
1.532128
1.0423981
0.75751853
1.0201526
0.90115637
2.2188876
0.8349906
1.0833844
0.8130394
0.96003103
0.909002
price
4.8298182
5.2037764
5.0172668
4.973901
5.0685515
5.333281
5.113063
4.8037004
5.2751656
5.042106
5.0954185
5.095202
5.73756
5.087459
5.1080356
5.107417
4.874497
4.5441823
5.3675847
5.001006
5.4110107
5.250546
5.628083
5.345923
5.191618
5.069406
5.452921
4.892163
4.786449
5.433407
5.486353
5.379576
train_time
41.284506900000004
127.5600933
92.91227170000002
109.2043602
105.63738089999993
136.44459660000007
120.43937469999992
56.61691019999989
113.44812410000009
131.52578470000026
41.73929279999993
65.51202119999971
150.05391260000033
135.39697969999997
158.07243599999993
138.769178
62.881644499999766
150.3005291999998
63.98674430000028
138.22183080000013
200.08779810000033
168.18132370000058
178.63638739999988
195.51616250000006
133.41345699999965
144.82193450000068
163.50420620000023
148.8741675000001
75.46901099999923
153.5499415000013
159.6096037999996
220.44461299999966


================================================================================
=== deep network w. relu
train_risk
10.199187
10.403936
8.443194
10.294349
10.675427
10.649987
10.882295
9.292034
11.380956
10.446217
6.2749476
6.494023
12.244264
11.006765
10.271503
9.898883
5.981182
9.543824
8.400825
10.285975
12.036283
7.8044114
12.430757
10.999283
10.406672
10.092007
7.6862063
9.220423
9.716543
10.993577
11.17938
10.968327
test_risk
10.222133
10.432026
8.439354
10.29501
10.737205
10.6477165
10.892999
9.296713
11.374741
10.445287
6.2544894
6.498137
12.202194
10.990081
10.303559
9.880689
5.9976664
9.516624
8.383188
10.289292
12.047485
7.8146696
12.456485
10.998943
10.430338
10.126089
7.704807
9.19446
9.705015
11.002648
11.178853
10.9558
test_mean_value
0.45197028
0.43927404
1.6876062
0.582427
0.5809314
1.0584362
0.6868238
0.5154621
0.6393102
0.57680327
3.3382297
3.4031281
0.58881074
0.5272086
0.515847
0.8192054
3.4147108
0.71396965
1.7060093
0.8099909
0.45305526
2.0710564
0.5642003
0.44781044
0.9337485
0.7865859
2.1940844
1.0095625
0.5379647
0.6773984
0.6553631
0.73200893
test_mean_abs_value
3.502283
3.6748567
3.2016397
3.5623252
2.964809
3.7450655
3.387903
2.6350105
2.8879266
3.7827013
3.9666045
4.2747183
4.6454005
3.459604
3.2524643
3.1905868
4.2423472
2.9537337
3.110596
2.9715123
4.7511253
3.5070815
4.087638
3.9563782
2.6105623
3.2184603
2.975263
2.8975835
3.087098
3.3015366
3.5869973
3.1380801
test_variance_value
19.328205
21.340292
15.592816
19.898329
13.638299
21.942343
17.740217
10.791301
12.837437
22.449625
17.605276
27.979485
34.008614
18.883163
16.596533
15.551503
25.854622
13.376644
14.064158
13.662113
35.79353
17.571157
26.562859
24.717905
10.135675
15.912973
11.339283
12.554284
14.843118
16.90923
20.142319
15.370547
test_mean_costs
0.2620811
0.001885057
0.00014944382
0.07445058
0.21349096
0.38458526
0.3351055
0.022098875
0.05828265
0.09055567
0.06480738
0.08527137
0.0028057364
0.2116639
0.19670986
0.2753935
0.0008685643
0.07775742
1.7317578e-05
0.18507132
0.0016529732
0.00992104
0.069656424
0.014067573
0.00019126896
0.00891416
0.052529022
0.0012570944
2.7397784e-05
0.081052765
0.09653086
0.17837444
test_mean_abs_costs
0.2620811
0.001885057
0.00014944382
0.07445058
0.21349096
0.38458526
0.3351055
0.022098875
0.05828265
0.09055567
0.06480738
0.08527137
0.0028057364
0.2116639
0.19670986
0.2753935
0.0008685643
0.07775742
1.7317578e-05
0.18507132
0.0016529732
0.00992104
0.069656424
0.014067573
0.00019126896
0.00891416
0.052529022
0.0012570944
2.7397784e-05
0.081052765
0.09653086
0.17837444
test_variance_costs
0.00011435649
3.0363883e-06
2.3294276e-06
0.00012354324
5.336946e-05
0.0015740127
0.0002731825
0.0013682742
2.541152e-06
0.004137525
3.2488763e-06
4.9517195e-05
2.508288e-06
7.507585e-05
5.047054e-05
0.00011372696
1.1796685e-06
9.10782e-06
7.98875e-07
0.0038517711
9.912434e-07
1.7667898e-07
1.4086164e-05
1.1693968e-06
4.2789798e-06
2.574294e-06
2.1895926e-06
8.8352823e-07
1.1571492e-06
0.00022180448
1.06728885e-05
4.1982792e-05
test_mean_wealth
-5.0562963
-5.1694946
-3.733548
-4.893773
-5.119489
-5.0730886
-5.1844316
-4.7346005
-5.108055
-4.9693093
-2.23124
-2.18379
-5.5724244
-5.183319
-5.208866
-4.977043
-1.8750117
-4.3172307
-4.0788984
-4.8033047
-5.389396
-3.5884604
-5.5666494
-5.3309336
-4.6799726
-4.702912
-3.7371194
-4.300416
-4.6745353
-5.2567296
-5.332988
-5.2543464
test_mean_abs_wealth
5.0562963
5.1694946
3.7880883
4.893774
5.1195045
5.0732775
5.185458
4.7346005
5.108055
4.969315
2.5544195
2.574657
5.5724244
5.183319
5.208866
4.9774823
2.7044473
4.318452
4.096579
4.811727
5.389396
3.6334996
5.5666695
5.3309336
4.6995897
4.711742
3.7761793
4.323788
4.6745353
5.2569547
5.335635
5.25541
test_variance_wealth
4.1738005
4.540226
4.7449355
5.1382623
5.2485824
5.2931986
5.78027
3.5658534
6.522716
5.2652454
4.073081
4.797863
7.2194963
5.7668157
4.4928045
4.431518
7.442134
4.6799383
3.841936
6.13342
6.286778
2.8994858
7.656791
5.31079
6.7430105
5.86589
3.7179968
5.091145
4.3098006
5.945404
6.4247155
6.156424
test_wealth_with_price_abs_mean
1.5872635
1.6911991
2.0601833
1.8180588
1.8057215
1.8398097
1.9089994
1.5102156
2.0586407
1.8422805
2.982429
3.059036
2.1567607
1.9120986
1.6841868
1.6826291
3.117569
1.7507418
1.914849
2.016405
1.9455812
2.0236528
2.1916914
1.8328376
2.153681
1.9897625
2.1098657
1.8909853
1.6713471
1.9659374
2.0414245
1.9993614
test_wealth_with_price_variance
4.1738005
4.540226
4.7449355
5.1382623
5.2485824
5.2931986
5.78027
3.5658534
6.522716
5.2652454
4.073081
4.797863
7.2194963
5.7668157
4.4928045
4.431518
7.4421334
4.6799383
3.841936
6.13342
6.286778
2.8994858
7.656791
5.31079
6.7430105
5.86589
3.7179968
5.091145
4.3098006
5.945404
6.4247155
6.156424
price
4.8298182
5.2037764
5.0172668
4.973901
5.0685515
5.333281
5.113063
4.8037004
5.2751656
5.042106
5.0954185
5.095202
5.73756
5.087459
5.1080356
5.107417
4.874497
4.5441823
5.3675847
5.001006
5.4110107
5.250546
5.628083
5.345923
5.191618
5.069406
5.452921
4.892163
4.786449
5.433407
5.486353
5.379576
train_time
32.03850600000001
72.5660714
89.30056330000002
62.04982360000008
29.354753099999925
38.24245760000008
39.97945340000001
73.44837630000006
60.29065490000016
52.95855849999998
73.90289930000017
100.0719583
86.92672670000002
36.30077949999986
44.587402399999974
44.23353420000012
123.91996280000012
79.1083548000006
165.88397489999988
40.915260200000375
131.69110769999952
97.3426758000005
81.67404199999964
172.33430580000004
147.16063649999978
111.07567259999996
79.35602339999969
138.1296112
183.94443489999867
183.06959780000034
122.56740619999982
49.4845578000004


================================================================================
=== twin network feature map
train_risk
7.1502204
7.5844483
7.1706705
7.4502373
7.729854
7.0530944
7.6165957
7.006251
7.919371
7.5054374
5.222748
5.822934
8.410708
7.676407
7.4503436
7.404481
5.200188
6.851206
7.320461
7.5539384
8.109095
5.778681
8.428855
7.848592
7.8162665
7.567583
7.208212
7.2733283
7.1057005
7.9666495
8.138125
8.01559
test_risk
7.146859
7.5884576
7.167958
7.446688
7.730107
7.0483217
7.621753
7.002294
7.9255095
7.492701
5.226176
5.8301277
8.40689
7.684751
7.451147
7.407402
5.2000027
6.8562956
7.314057
7.559129
8.106526
5.7757545
8.442127
7.849706
7.8166137
7.5691404
7.213578
7.270419
7.1087813
7.9718666
8.147382
8.011913
test_mean_value
0.4252257
0.4096367
0.9206616
0.45987776
0.4495304
1.4572526
0.48884073
0.4407851
0.44615534
0.4604947
3.0895498
2.369745
0.6063884
0.4355737
0.4347305
0.54211116
3.0857613
0.47684184
1.0782937
0.50582194
0.43364653
2.4590137
0.4506411
0.4288392
0.5260882
0.48555663
1.3377292
0.5701876
0.44597775
0.4673063
0.45523936
0.49051642
test_mean_abs_value
3.6099045
3.7485986
2.7910287
3.6167936
3.0733657
3.9175475
3.4777627
2.6990309
2.7190976
3.8792322
3.6042578
3.4564662
4.812826
3.5401642
3.2859566
3.1745636
3.7527907
2.9385862
2.7954998
2.8254478
4.8192816
3.6264293
4.108583
4.0839634
2.4114616
3.1573591
2.4707184
2.7812605
3.155262
3.3235264
3.6076872
3.1204221
test_variance_value
21.987036
23.618763
14.760719
22.110247
15.124517
27.318174
19.784811
11.979576
12.030666
25.040827
16.155706
24.134125
39.53009
21.655737
18.018204
16.99906
20.50407
14.51219
13.218592
13.726475
39.825855
20.803944
29.678696
28.179077
9.869773
16.522379
10.015798
12.677445
16.380547
18.100327
21.277033
16.46071
test_mean_costs
0.7539918
0.74879193
0.5715332
0.76785475
0.7904097
0.5236772
0.7380063
0.74543834
0.79807776
0.75798225
0.2913093
0.3260892
0.753258
0.770516
0.76287824
0.72999907
0.34823102
0.71811295
0.4931487
0.7251395
0.812604
0.39732692
0.7878227
0.761895
0.7524167
0.73987234
0.43973666
0.6934914
0.7569906
0.7710127
0.7609744
0.77581424
test_mean_abs_costs
0.7539918
0.74879193
0.5715332
0.76785475
0.7904097
0.5236772
0.7380063
0.74543834
0.79807776
0.75798225
0.2913093
0.3260892
0.753258
0.770516
0.76287824
0.72999907
0.34823102
0.71811295
0.4931487
0.7251395
0.812604
0.39732692
0.7878227
0.761895
0.7524167
0.73987234
0.43973666
0.6934914
0.7569906
0.7710127
0.7609744
0.77581424
test_variance_costs
0.01516095
0.013692873
0.009753163
0.017680284
0.015136342
0.012301465
0.017558103
0.011931952
0.020569213
0.01703371
0.0038102716
0.005818422
0.019733274
0.019324018
0.013768519
0.012396623
0.0029045597
0.01644107
0.0071978737
0.019835545
0.019919554
0.006108449
0.021182874
0.015919005
0.020240577
0.018238693
0.0040534367
0.01678172
0.014622647
0.016960336
0.018616116
0.017511083
test_mean_wealth
-5.5749516
-5.9460387
-5.071876
-5.7097263
-5.827809
-4.813364
-5.785315
-5.532617
-6.041005
-5.7530446
-2.7064219
-3.4579906
-6.3052993
-5.833806
-5.856151
-5.708743
-2.5513234
-5.194714
-5.199745
-5.647542
-6.2197556
-3.5879092
-6.3983746
-6.097732
-5.839858
-5.7348995
-4.9806824
-5.432025
-5.5234857
-6.1567817
-6.197555
-6.0932784
test_mean_abs_wealth
5.5749516
5.9460387
5.071876
5.7097263
5.827809
4.81596
5.785315
5.532617
6.041005
5.7530446
2.8323398
3.5020545
6.3052993
5.833806
5.856151
5.708743
2.864364
5.194714
5.199747
5.647542
6.2197556
3.6742945
6.3983746
6.097732
5.839858
5.7348995
4.9806986
5.432025
5.5234857
6.1567817
6.197555
6.0932784
test_variance_wealth
0.53249615
0.5879144
1.0459633
0.6627208
0.7589333
1.064419
0.75518745
0.47649923
0.74463916
0.6838511
2.16733
1.6276791
0.9475524
0.7426563
0.56368464
0.6540992
3.5150788
0.6062463
1.0884986
0.8130286
0.7447677
1.8588591
0.89052486
0.6726191
0.87317526
0.76000434
1.206572
0.7722653
0.5478131
0.73230726
0.8436825
0.8055728
test_wealth_with_price_abs_mean
0.8540742
0.8711092
0.82070494
0.8916268
0.93046063
0.90356
0.8867636
0.8269497
0.92883885
0.886658
2.4115722
1.7166696
0.8955376
0.92308915
0.86913073
0.8126074
2.3575318
0.82062256
0.8416075
0.8925392
0.95692337
1.7156417
0.98035187
0.905461
0.9148842
0.885814
0.95422393
0.8281412
0.85496664
0.907662
0.93765247
0.9241806
test_wealth_with_price_variance
0.53249615
0.5879144
1.0459633
0.6627208
0.7589333
1.064419
0.75518745
0.47649923
0.74463916
0.6838511
2.1673303
1.6276791
0.9475524
0.7426563
0.56368464
0.6540992
3.5150788
0.6062463
1.0884986
0.8130286
0.7447677
1.8588591
0.89052486
0.6726191
0.87317526
0.76000434
1.206572
0.7722653
0.5478131
0.73230726
0.8436825
0.8055728
price
4.8298182
5.2037764
5.0172668
4.973901
5.0685515
5.333281
5.113063
4.8037004
5.2751656
5.042106
5.0954185
5.095202
5.73756
5.087459
5.1080356
5.107417
4.874497
4.5441823
5.3675847
5.001006
5.4110107
5.250546
5.628083
5.345923
5.191618
5.069406
5.452921
4.892163
4.786449
5.433407
5.486353
5.379576
train_time
21.112727699999994
17.30194799999998
18.74533299999996
13.776972999999998
10.853028799999947
26.782286999999997
17.945780800000193
16.04498280000007
12.498159400000077
19.999973200000113
20.21730770000022
23.781724300000405
15.008496599999944
13.777142199999616
17.138165800000024
16.021056999999928
47.008522999999514
19.499503000000004
22.61134039999979
22.59459659999993
19.3531796999996
24.239641699999993
22.145711299999675
21.23659679999946
22.054202299999815
25.194569799999954
15.65127350000057
40.11859370000002
25.53339220000089
22.103081300001577
20.723697400000674
20.418309800001225


