================================================================================
=== twin network
train_time
42.7045403
41.5710689
42.2661066
42.37319089999994
46.0951192
41.64204429999995
44.95769650000011
42.77021539999987


================================================================================
=== continuous-time
test_risk
53.52757
48.219513
40.47335
52.275887
45.810154
16.020359
41.1424
79.05782
test_wealth_with_price_abs_mean
16.113487
15.985276
12.456036
13.088198
13.008677
15.678542
13.587283
13.650591
test_wealth_with_price_variance
23.910992
25.107748
13.719356
13.820961
20.587051
15.516364
17.85923
26.367247
price
26.51268
20.920052
19.68703
30.74454
22.436815
-7.937094
17.956007
53.63541
train_time
5.560994700000002
8.64888689999998
6.620960999999966
8.14799579999999
5.127162700000099
9.684109399999898
10.124585000000025
6.817847999999913


================================================================================
=== continuous time feature map
test_risk
45.81416
42.7413
35.178608
47.41737
40.760876
11.580982
33.493416
66.980865
test_wealth_with_price_abs_mean
6.9853783
9.40502
6.1298122
6.94858
7.5036964
9.519684
5.717588
4.601486
test_wealth_with_price_variance
47.75455
37.378815
22.670828
22.942768
27.149366
27.33626
27.967491
31.173574
price
26.51268
20.920052
19.68703
30.74454
22.436815
-7.937094
17.956007
53.63541
train_time
25.304251899999997
26.276316500000007
34.07911969999998
34.78223779999996
35.58779300000015
50.86785050000003
43.432068500000014
40.70286220000003


================================================================================
=== deep network
test_risk
50.088234
45.92732
37.04735
49.507725
43.784733
12.871319
36.229946
68.098495
test_wealth_with_price_abs_mean
8.777378
9.4816
6.4503894
6.9023542
7.548909
8.373516
6.567557
5.300114
test_wealth_with_price_variance
119.894646
96.65216
44.92227
48.82888
55.46088
52.951538
61.065098
43.858715
price
26.51268
20.920052
19.68703
30.74454
22.436815
-7.937094
17.956007
53.63541
train_time
87.9606459
90.89256260000002
109.71077630000002
114.37265300000001
98.2041397999999
155.89635279999993
97.67787610000005
165.2827658000001


================================================================================
=== twin network feature map
test_risk
45.979088
43.01989
35.340763
47.57914
40.950535
11.763243
33.644478
67.11538
test_wealth_with_price_abs_mean
7.0057125
9.369385
6.1375036
6.919573
7.505933
9.405765
5.745214
4.6846046
test_wealth_with_price_variance
49.777466
40.43285
23.666578
24.279005
28.628239
29.053762
29.12419
32.43408
price
26.51268
20.920052
19.68703
30.74454
22.436815
-7.937094
17.956007
53.63541
train_time
23.73509329999999
38.36564990000005
35.53238390000001
34.65202139999997
42.668070899999975
47.188335699999925
43.57715099999996
49.29514629999994


