================================================================================
=== deep network w. relu
train_risk
7.160955
6.7080965
7.2954683
7.256582
7.3519382
8.176879
7.482877
6.845506
7.154969
7.252694
7.0951653
7.889619
7.716117
7.400155
6.990307
7.0351844
7.3936505
7.241268
7.131029
7.5790944
7.061003
6.940499
7.1194854
6.961069
7.574899
7.186319
7.4225616
7.6346483
7.1088486
7.2561736
7.681359
7.153211
test_risk
7.1493134
6.7187138
7.297794
7.25392
7.358203
8.183336
7.4694676
6.8595567
7.144281
7.259827
7.09228
7.8893294
7.6971097
7.396938
6.995004
7.0563183
7.3900123
7.2288747
7.1265755
7.562553
7.0658827
6.9277434
7.1379943
6.9436445
7.5764484
7.173621
7.3978786
7.653478
7.1144757
7.2620597
7.6827073
7.1345177
test_mean_value
-0.03724778
-0.021482248
0.023260342
-0.059896175
-0.056972194
-0.11134672
-0.06674377
-0.022785012
-0.038263272
-0.046846922
-0.30466437
0.11684543
0.14172772
-0.04853743
-0.035120163
-0.08779993
0.35474673
-0.04533146
0.053968098
-0.087126315
-0.039441757
-0.015818616
-0.051876135
-0.036663003
-0.07341733
-0.064897396
0.18323867
-0.050991967
-0.040316403
-0.061560232
-0.09857844
-0.053425398
test_mean_abs_value
0.32621694
0.4543149
0.82063013
0.5574064
0.40626523
0.94835734
0.56107736
0.15907256
0.64892316
0.8424298
0.3901135
0.64685816
0.8511402
0.52274877
0.23315652
0.43148467
0.4317172
0.54900914
0.8221348
0.4236665
0.40278393
0.8215738
0.48577458
0.4335046
0.2514781
0.38422516
0.24771254
0.34944552
0.5422046
0.39256322
0.53955543
0.27430153
test_variance_value
0.17928523
0.3983551
1.2584023
0.49349803
0.2622884
1.4373653
0.5000309
0.047326118
0.8548863
1.1292366
0.22565366
0.6757404
1.1431427
0.4516529
0.08538834
0.2882945
0.3829642
0.49747676
1.239107
0.2896364
0.2568536
1.1160434
0.37791124
0.30043486
0.12170846
0.23488174
0.08218704
0.19466217
0.5194661
0.25855407
0.45388222
0.124047086
test_mean_costs
0.07703533
0.16004865
0.34790555
0.098976
0.014765255
0.10835617
0.010150179
0.019141378
0.30395883
0.29414383
0.0022959632
0.014475676
0.017651448
0.15425587
0.009879838
0.0129921045
0.1870428
0.100311115
0.30796844
0.049686547
0.0699174
0.25796172
0.011899245
0.012558491
0.11908979
0.0286129
0.09069085
0.08319072
0.17425688
0.1788392
0.011331491
0.058343496
test_mean_abs_costs
0.07703533
0.16004865
0.34790555
0.098976
0.014765255
0.10835617
0.010150179
0.019141378
0.30395883
0.29414383
0.0022959632
0.014475676
0.017651448
0.15425587
0.009879838
0.0129921045
0.1870428
0.100311115
0.30796844
0.049686547
0.0699174
0.25796172
0.011899245
0.012558491
0.11908979
0.0286129
0.09069085
0.08319072
0.17425688
0.1788392
0.011331491
0.058343496
test_variance_costs
0.010001725
0.011613181
0.05074061
0.00056091667
0.0022262915
0.00084400433
0.00056106865
0.0050202734
0.03529148
0.013553961
0.00010323824
0.0029420983
6.77831e-05
0.0044379476
3.1302927e-05
0.0004884093
0.10056606
0.011184029
0.022095747
0.006566963
0.0004190302
0.0067147277
0.0019318365
0.00062852167
0.013161332
0.004778984
0.0047161826
0.004389052
0.008770823
0.046299756
0.0006705393
0.004132512
test_mean_wealth
-3.3206713
-3.1308763
-3.3908672
-3.0013716
-3.2377665
-3.1440346
-3.1407657
-3.1121209
-3.5942404
-3.2757988
-3.086366
-2.8748233
-2.9530063
-3.029461
-3.1453238
-2.993436
-2.7343695
-3.0033858
-3.1478665
-3.297683
-3.0744948
-3.2317488
-2.9288263
-2.911164
-3.2309122
-2.8938086
-2.9251323
-3.340514
-3.4268904
-3.342074
-3.4659252
-3.0963778
test_mean_abs_wealth
3.3487175
3.143727
3.4313633
3.0771143
3.2642648
3.3216553
3.2051716
3.1212113
3.6171257
3.3286457
3.0867486
3.1726909
3.1018074
3.09066
3.1601336
3.032184
2.8708053
3.0562513
3.2069712
3.329834
3.1415293
3.2637358
3.01508
2.967155
3.234862
2.9314044
2.9796183
3.3599827
3.4440699
3.3496566
3.4916027
3.1056674
test_variance_wealth
3.3289757
2.7665029
3.718332
3.849762
3.7761507
5.5851974
4.1667476
2.9760282
3.131561
3.5314147
2.6569421
6.3737674
4.9404593
4.0522895
3.181444
3.222254
4.887202
3.8528078
3.5799658
3.9307804
3.6612294
3.00644
3.9274452
3.475086
3.8911507
3.7196069
4.184012
4.1719313
3.1000671
3.2158716
4.1161475
3.4463854
test_wealth_with_price_abs_mean
1.4766586
1.344787
1.5887501
1.5760067
1.5827187
1.882768
1.6555651
1.4007298
1.4544548
1.5116787
1.2852126
2.0898273
1.7811306
1.6310253
1.4476631
1.4317923
1.837611
1.5945159
1.5324488
1.6127759
1.5507059
1.4028319
1.6044084
1.5056833
1.6065066
1.5672556
1.6792618
1.6829673
1.4282963
1.4545423
1.6588454
1.5167463
test_wealth_with_price_variance
3.3289757
2.7665029
3.718332
3.849762
3.7761507
5.5851974
4.1667476
2.9760282
3.131561
3.5314147
2.6569421
6.3737674
4.9404593
4.0522895
3.181444
3.222254
4.887202
3.8528078
3.5799658
3.9307804
3.6612294
3.00644
3.9274452
3.475086
3.8911507
3.7196069
4.184012
4.1719313
3.1000671
3.2158718
4.1161475
3.4463854
price
3.2177083
2.9508047
3.0715277
2.8431516
3.1739945
2.9308946
3.0696602
3.0722423
3.2596505
2.931968
2.7877178
2.9769042
3.0780046
2.8265262
3.1055532
2.8935747
2.9078968
2.8635218
2.900605
3.1725721
2.969915
2.9593685
2.869458
2.8615704
3.0446873
2.8077414
3.0266562
3.2160163
3.2206821
3.1097758
3.366896
2.9894128
train_time
53.144266200000004
68.3633923
95.7846676
53.104014199999995
74.48134499999998
58.935871099999986
67.02842369999996
77.63902280000002
70.36517379999998
62.5945514
86.85726389999991
72.67919510000002
94.68572460000007
70.02858220000007
64.3993438
73.60195950000002
71.82336619999978
50.94491549999998
77.47455369999989
109.13543760000016
64.80859350000014
142.56464189999997
82.0390433
90.78579669999976
75.19432700000016
94.23768400000017
133.61519700000008
71.47024139999985
127.21322099999998
69.19838430000027
91.95886520000022
110.86014859999977


