================================================================================
=== twin network
train_time
27.825179800000004
39.60146279999998
38.65294779999999
38.52003359999998
38.70672979999995
39.24987169999997
39.53241969999999
39.74140650000004


================================================================================
=== continuous-time
train_risk
3.6546268
3.3823235
3.4368894
3.0946043
3.296367
3.653573
3.4880676
3.647231
test_risk
3.642967
3.3976192
3.4341192
3.0955777
3.2825592
3.6536317
3.4929063
3.6454659
test_mean_value
-0.0042852177
-0.0013087458
-0.005803151
-0.0050488343
-0.0024557435
-0.0020894525
8.277482e-05
-0.004706538
test_mean_abs_value
0.96163005
0.8704987
0.8919804
0.68779105
0.81990284
0.9608597
0.91233385
0.9568649
test_variance_value
1.340063
1.09754
1.1458269
0.7213443
0.9863711
1.3346034
1.1981769
1.3231983
test_mean_costs
0.56075346
0.56116134
0.56021535
0.56077063
0.560523
0.5601934
0.56140137
0.56086445
test_mean_abs_costs
0.56075346
0.56116134
0.56021535
0.56077063
0.560523
0.5601934
0.56140137
0.56086445
test_variance_costs
0.05283161
0.04636707
0.047411628
0.029327719
0.04272766
0.052799717
0.04875597
0.05306711
test_mean_wealth
-1.5341362
-1.5351174
-1.5346094
-1.5339826
-1.5329319
-1.5338312
-1.538185
-1.532176
test_mean_abs_wealth
1.5657011
1.5545841
1.5553864
1.5452358
1.5480268
1.5651597
1.5614244
1.5630038
test_variance_wealth
0.7616396
0.574069
0.59963995
0.46134943
0.5197751
0.7592277
0.6386954
0.7552506
test_wealth_with_price_abs_mean
0.7361512
0.691825
0.69812095
0.67593783
0.6788496
0.7372368
0.7095336
0.73567003
test_wealth_with_price_variance
0.7616396
0.574069
0.59963995
0.46134943
0.5197751
0.7592277
0.6386954
0.7552506
price
0.97259235
0.97259235
0.97259235
0.9725852
0.9725852
0.97259235
0.97259235
0.97259235
train_time
1.8153798000000023
3.5520961
2.1704721000000404
3.289035799999965
4.050713200000018
2.4125872000000754
1.7105576000000156
4.270172499999944


================================================================================
=== continuous time feature map
train_risk
3.2640347
3.1784751
3.2275555
2.9736803
3.104603
3.4185035
3.3038642
3.4117904
test_risk
3.251059
3.1894808
3.2262943
2.9759922
3.094913
3.4217303
3.308161
3.408417
test_mean_value
0.58888006
0.008078105
-0.007420705
-0.00220826
0.0024676474
-0.0028778943
0.0016767421
-0.0033735887
test_mean_abs_value
1.3205369
1.1142313
1.1287858
0.7671482
1.0269523
1.2681496
1.1385723
1.2647207
test_variance_value
2.395873
1.7252672
1.7572556
0.89118356
1.4941478
2.2057638
1.7926537
2.1947272
test_mean_costs
0.6544684
0.55743855
0.552039
0.4913536
0.53973
0.5806799
0.55949163
0.58226365
test_mean_abs_costs
0.6544684
0.55743855
0.552039
0.4913536
0.53973
0.5806799
0.55949163
0.58226365
test_variance_costs
0.027655464
0.023971884
0.024994869
0.0139414
0.020541795
0.029991489
0.027550982
0.030308923
test_mean_wealth
-1.0346859
-1.5220077
-1.5280507
-1.461725
-1.5072155
-1.5551062
-1.5346813
-1.5522423
test_mean_abs_wealth
1.2754302
1.5668406
1.5743691
1.4804989
1.541634
1.6273992
1.5841347
1.625144
test_variance_wealth
1.259365
0.67096645
0.6940114
0.5037051
0.6039536
0.9124833
0.73184097
0.9123219
test_wealth_with_price_abs_mean
0.85531753
0.7940967
0.80579257
0.6833673
0.7615866
0.9013749
0.8175144
0.9011463
test_wealth_with_price_variance
1.259365
0.67096645
0.6940114
0.5037051
0.6039536
0.9124833
0.73184097
0.9123219
price
0.97259235
0.97259235
0.97259235
0.9725852
0.9725852
0.97259235
0.97259235
0.97259235
train_time
9.317011099999995
8.389745199999993
8.402751600000045
8.617450899999994
10.721770200000037
14.938132300000007
5.199791300000015
14.377756099999942


================================================================================
=== deep network
train_risk
3.184134
3.1205897
3.2369344
3.791337
3.0676186
4.017972
3.8982284
3.3809905
test_risk
3.1677253
3.1334784
3.2336004
3.800846
3.0604012
4.0292315
3.909721
3.3774946
test_mean_value
0.88767964
0.00423633
-0.0061043953
0.008375164
0.0025824255
-0.0062323906
-0.0071063708
-0.0030575558
test_mean_abs_value
1.5018458
1.1578006
1.1605678
0.6038666
1.0431571
1.032597
1.0521677
1.2740898
test_variance_value
3.0640855
1.8841319
1.878817
0.6295887
1.5595222
1.5744325
1.6783241
2.2707348
test_mean_costs
0.7153389
0.5138957
0.53097576
0.691106
0.49697343
0.71607584
0.76376253
0.56042314
test_mean_abs_costs
0.7153389
0.5138957
0.53097576
0.691106
0.49697343
0.71607584
0.76376253
0.56042314
test_variance_costs
0.057837997
0.026995217
0.024267541
0.03062519
0.021346424
0.026529951
0.029815547
0.02981715
test_mean_wealth
-0.79675674
-1.4823066
-1.505671
-1.650894
-1.4643441
-1.6938566
-1.7477354
-1.5300858
test_mean_abs_wealth
1.1878474
1.5440279
1.5700673
1.6709288
1.5082558
1.7925497
1.7902086
1.6230602
test_variance_wealth
1.5068117
0.7375132
0.7743876
0.9421687
0.65105885
1.2328919
0.97852594
0.9780543
test_wealth_with_price_abs_mean
0.9308865
0.80538267
0.826756
0.92099184
0.7633102
1.0408839
0.99496424
0.91473776
test_wealth_with_price_variance
1.5068117
0.7375132
0.7743876
0.9421687
0.65105885
1.2328919
0.97852594
0.9780543
price
0.97259235
0.97259235
0.97259235
0.9725852
0.9725852
0.97259235
0.97259235
0.97259235
train_time
70.11399610000001
115.0966464
75.29747579999997
44.760878400000024
82.63418899999999
45.58403959999998
46.52129169999989
102.14419470000007


================================================================================
=== twin network feature map
train_risk
3.3531485
3.2006607
3.2598698
2.9848795
3.1889737
3.440797
3.3380897
3.4465022
test_risk
3.3397608
3.2102914
3.2584
2.9893484
3.180431
3.4445
3.343225
3.444957
test_mean_value
0.37128493
0.0042655184
-0.004321302
-0.0036728224
0.0007370976
-0.0018440713
-0.0003838733
-0.0017850078
test_mean_abs_value
1.2483323
1.0924653
1.1101431
0.74561274
1.0080233
1.2365147
1.1016737
1.2220861
test_variance_value
2.2179909
1.6772724
1.704803
0.8437696
1.4683344
2.12829
1.6955018
2.0784326
test_mean_costs
0.6407574
0.53838897
0.5368219
0.46138147
0.5646567
0.56391627
0.5540654
0.56395125
test_mean_abs_costs
0.6407574
0.53838897
0.5368219
0.46138147
0.5646567
0.56391627
0.5540654
0.56395125
test_variance_costs
0.025873033
0.025694301
0.023760358
0.013367023
0.020960368
0.02912868
0.028221834
0.027834559
test_mean_wealth
-1.2385699
-1.5067707
-1.5097342
-1.4332174
-1.5338727
-1.5373088
-1.5313157
-1.5323414
test_mean_abs_wealth
1.389488
1.554873
1.5592493
1.4526446
1.5686907
1.610983
1.5762287
1.6050464
test_variance_wealth
1.0989743
0.68261844
0.71870065
0.5172797
0.64281994
0.9219711
0.7206491
0.9169414
test_wealth_with_price_abs_mean
0.83310926
0.78454036
0.8010913
0.66890347
0.7870765
0.88954824
0.8029718
0.8838644
test_wealth_with_price_variance
1.0989743
0.68261844
0.71870065
0.5172797
0.64281994
0.9219711
0.7206491
0.9169414
price
0.97259235
0.97259235
0.97259235
0.9725852
0.9725852
0.97259235
0.97259235
0.97259235
train_time
5.174457700000005
8.868161799999996
8.42908349999999
12.928371900000002
9.117771800000014
15.037138199999958
5.214294400000085
12.820774400000118


