================================================================================
=== twin network
train_time
11.784595099999999
26.022238300000026
47.0451607
14.223491100000047
50.660722899999996
11.95487439999988
13.22105109999984
29.148059200000034
42.8444035
44.11340960000007
13.981862199999796
15.33978100000013
12.306451400000242
14.88048149999986
15.594212299999981
16.660700500000075
12.17954439999994
14.04513279999992
46.27170190000015
47.40829269999995
15.765867799999796
15.859097499999734
45.67457359999935
13.769062499999563
22.09947000000011
46.530605599999944
13.708663599998545
44.09644650000155
14.911380300000019
15.126049200000125
48.573313200000484
48.49845559999994


================================================================================
=== continuous-time
train_risk
8.854301
10.897772
8.825674
10.171288
9.960118
9.965418
8.761168
9.314399
10.184959
9.308463
8.835064
9.241939
10.559529
9.929188
9.867803
9.734286
8.6854515
8.248192
9.33075
10.606729
9.660958
11.022475
9.661157
10.8716345
9.222906
9.426119
10.026602
9.19003
8.60424
8.889739
10.775327
9.600767
test_risk
8.852231
10.896991
8.84155
10.21536
9.939611
9.957941
8.769429
9.302711
10.179314
9.309811
8.8229475
9.207823
10.555466
9.960065
9.831717
9.75273
8.696875
8.258157
9.33141
10.583983
9.689138
11.018965
9.663735
10.851034
9.212534
9.414601
10.028541
9.201414
8.604341
8.887289
10.782711
9.6140785
test_mean_value
0.43613023
0.42252013
0.39577705
0.40170345
0.412641
0.405302
0.4124755
0.40986177
0.4534776
0.40530124
0.40783554
0.42304504
0.42317525
0.42269236
0.40532008
0.4426453
0.42315713
0.3993381
0.41184124
0.43962032
0.41906542
0.46138856
0.38259432
0.40910095
0.42747882
0.39650267
0.421652
0.41096377
0.42922977
0.39468235
0.39232904
0.40268046
test_mean_abs_value
5.605448
7.222496
5.56716
6.6611576
6.462359
6.453597
5.521826
5.958273
6.6764574
5.940011
5.5640163
5.883896
6.9550076
6.461497
6.3832383
6.321158
5.4781375
5.1132865
5.9737034
6.979292
6.2583094
7.353076
6.229242
7.1871986
5.893716
6.042778
6.524864
5.856958
5.4075713
5.60578
7.105116
6.179594
test_variance_value
54.666508
93.05913
53.869137
78.27549
73.46215
73.245735
53.19607
62.010822
79.15499
61.844597
53.92039
60.725853
85.70988
73.62037
71.76052
70.22889
52.162792
45.474384
62.47698
86.229576
69.02377
96.51773
68.20296
91.80498
60.710842
63.97965
75.333
59.907356
50.969128
54.859035
89.32551
67.254105
test_mean_costs
1.0850075
1.0864
1.0862601
1.0857811
1.0850118
1.0859438
1.0862702
1.0848901
1.0859607
1.0868251
1.0856783
1.0851916
1.0856912
1.0867285
1.0853183
1.0848024
1.0851378
1.0853722
1.0856514
1.0856452
1.085571
1.0851536
1.0851903
1.0862352
1.0847884
1.0848534
1.0866643
1.0858797
1.085546
1.0859755
1.0863197
1.0853531
test_mean_abs_costs
1.0850075
1.0864
1.0862601
1.0857811
1.0850118
1.0859438
1.0862702
1.0848901
1.0859607
1.0868251
1.0856783
1.0851916
1.0856912
1.0867285
1.0853183
1.0848024
1.0851378
1.0853722
1.0856514
1.0856452
1.085571
1.0851536
1.0851903
1.0862352
1.0847884
1.0848534
1.0866643
1.0858797
1.085546
1.0859755
1.0863197
1.0853531
test_variance_costs
0.13308257
0.1330896
0.13380376
0.13321047
0.13321497
0.13340029
0.13347903
0.13293138
0.13381745
0.13359934
0.13339026
0.13293265
0.13309366
0.13426603
0.13337687
0.13294682
0.13301918
0.13311672
0.13321954
0.13301928
0.13388571
0.13290544
0.13298443
0.13345946
0.13326304
0.13279712
0.13413672
0.13267556
0.13293643
0.13262165
0.13285148
0.13293195
test_mean_wealth
-5.8144774
-7.1468077
-5.8083806
-6.693
-6.5316296
-6.5326242
-5.759781
-6.1173697
-6.6853514
-6.106451
-5.7936473
-6.062392
-6.9196596
-6.52642
-6.465337
-6.4001403
-5.717287
-5.4307985
-6.1296597
-6.9379263
-6.353004
-7.2249393
-6.3507175
-7.112282
-6.0578575
-6.191702
-6.5738907
-6.039767
-5.6575136
-5.840852
-7.0662484
-6.3049693
test_mean_abs_wealth
5.8144774
7.1468077
5.8083806
6.693
6.5316296
6.5326242
5.759781
6.1173697
6.6853514
6.106451
5.7936473
6.062392
6.9196596
6.52642
6.465337
6.4001403
5.717287
5.4307985
6.1296597
6.9379263
6.353004
7.2249393
6.3507175
7.112282
6.0578575
6.191702
6.5738907
6.039767
5.6575136
5.840852
7.0662484
6.3049693
test_variance_wealth
1.4371527
2.2558877
1.4378921
1.9585183
1.8438458
1.849629
1.4102324
1.5955648
1.949541
1.6032922
1.4313036
1.5615897
2.0964203
1.8515419
1.8010391
1.7707374
1.3825029
1.2379386
1.6080716
2.1079054
1.7459649
2.2889273
1.7326714
2.223412
1.5639818
1.6386309
1.885283
1.5604732
1.3545921
1.4517251
2.186587
1.7210634
test_wealth_with_price_abs_mean
1.2570727
1.4146637
1.2586216
1.3584168
1.338457
1.3373944
1.2518977
1.2860358
1.3571684
1.2900431
1.25666
1.2838818
1.3838013
1.3382562
1.3300517
1.3203135
1.2462358
1.2187362
1.2916486
1.385399
1.3175864
1.4208817
1.3166792
1.4082192
1.2807477
1.2939184
1.3448051
1.282522
1.2413652
1.2619759
1.4005886
1.3113453
test_wealth_with_price_variance
1.4371527
2.2558877
1.4378921
1.9585183
1.8438458
1.849629
1.4102324
1.5955648
1.949541
1.6032922
1.4313036
1.5615897
2.0964203
1.8515419
1.8010391
1.7707374
1.3825029
1.2379386
1.6080716
2.1079054
1.7459649
2.2889273
1.7326714
2.223412
1.5639818
1.6386309
1.885283
1.5604732
1.3545921
1.4517251
2.186587
1.7210634
price
4.7284813
6.0612564
4.720681
5.60491
5.4441366
5.4441366
4.672901
5.0337143
5.5980625
5.0179467
4.7078896
4.9758644
5.8328557
5.434386
5.3781605
5.315247
4.6322837
4.344723
5.0420685
5.850813
5.2645407
6.136699
5.262502
6.023277
4.975033
5.111055
5.485263
4.951462
4.5719743
4.7530165
5.9771824
5.2197213
train_time
3.5629749000000004
1.5194675999999845
2.726405400000033
3.0353225000000066
2.436803599999962
3.5381852000000436
1.8418562999997903
1.634468599999991
1.662046200000077
2.488358799999787
4.177634600000147
4.538296100000025
3.7945237999997516
2.2426768000000266
2.0512735000002067
3.2879516999996667
2.4580167999993137
3.1466920000002574
1.8543972999996186
2.2887330000003203
5.879279900000256
3.8564955000001646
2.2528243000006114
3.3426558999999543
4.290951700000733
3.9232701000000816
3.475761700001385
3.771359600001233
2.103815200000099
2.784308799999053
3.2395050000013725
2.713361600001008


================================================================================
=== deep network w. softplus
train_risk
7.947107
10.505139
7.9638867
9.278262
9.032168
9.016642
7.913385
8.89047
9.363767
8.437552
7.9191904
8.314367
9.66329
9.058064
8.918255
8.81666
7.8024454
7.394442
8.4297285
9.728363
8.754495
10.1294775
8.742143
9.983289
8.3174
8.615373
9.090006
8.323766
7.7239504
7.982143
9.823552
8.702807
test_risk
7.951641
10.509583
7.974485
9.289371
9.031941
9.024829
7.927068
8.907492
9.366567
8.441829
7.91704
8.309808
9.671542
9.08216
8.91264
8.832553
7.812715
7.39829
8.426606
9.736318
8.767092
10.137993
8.752587
9.976913
8.317205
8.611537
9.0875435
8.335002
7.72708
7.979613
9.833585
8.711899
test_mean_value
0.4393673
0.4289638
0.4028796
0.40812492
0.41541958
0.41092473
0.4183879
0.42191443
0.4655998
0.41241637
0.41308045
0.42737556
0.4358999
0.42501247
0.41016194
0.4456994
0.42564517
0.4059297
0.41827095
0.44082278
0.42281103
0.46223277
0.38693264
0.4120508
0.4317355
0.4032184
0.42973083
0.4160884
0.43531123
0.40148315
0.39882317
0.4080962
test_mean_abs_value
5.4300056
7.110054
5.39874
6.494337
6.2784033
6.2731724
5.333396
5.898864
6.564066
5.7637243
5.385438
5.7061334
6.876086
6.2284284
6.2050333
6.1359725
5.282478
4.9444547
5.7875834
6.713773
6.0774045
7.111481
6.057434
6.933444
5.7244697
5.899802
6.346451
5.6703315
5.2321987
5.4323173
6.916247
6.0027905
test_variance_value
51.187206
89.90742
50.524475
74.237785
69.238976
69.0247
49.6031
60.792053
76.34686
58.151184
50.483982
57.025383
83.40981
68.404945
67.68979
66.059746
48.436405
42.596264
58.64921
79.51228
65.07068
90.338646
64.327126
85.03185
57.061348
60.72824
71.11093
56.234188
47.69412
51.44788
84.39698
63.40923
test_mean_costs
0.76322836
0.9261833
0.77338445
0.79576504
0.78625554
0.7734645
0.77355886
0.94546336
0.8247315
0.7852682
0.758576
0.7699916
0.7977205
0.789882
0.76489985
0.7797845
0.7624332
0.7739326
0.7780027
0.7980937
0.7770947
0.8147774
0.7787973
0.79067355
0.7730114
0.7873631
0.78460115
0.7947976
0.7569796
0.76140106
0.78924686
0.78217
test_mean_abs_costs
0.76322836
0.9261833
0.77338445
0.79576504
0.78625554
0.7734645
0.77355886
0.94546336
0.8247315
0.7852682
0.758576
0.7699916
0.7977205
0.789882
0.76489985
0.7797845
0.7624332
0.7739326
0.7780027
0.7980937
0.7770947
0.8147774
0.7787973
0.79067355
0.7730114
0.7873631
0.78460115
0.7947976
0.7569796
0.76140106
0.78924686
0.78217
test_variance_costs
0.03564771
0.046482
0.035381887
0.04022717
0.039204743
0.03689142
0.035398252
0.049559828
0.039998896
0.03425823
0.03471248
0.036766317
0.039354738
0.038075577
0.036082692
0.038121745
0.03577818
0.034788646
0.03769354
0.03875789
0.037487436
0.04047648
0.037728902
0.038305912
0.038407847
0.034425262
0.039058298
0.036975265
0.034577563
0.035290442
0.039914604
0.03856687
test_mean_wealth
-5.4894614
-6.980147
-5.4884024
-6.396562
-6.2300944
-6.2145224
-5.441157
-5.96589
-6.4119997
-5.7977786
-5.4613
-5.7428617
-6.618964
-6.2272534
-6.1400766
-6.092068
-5.392094
-5.112767
-5.815581
-6.6491723
-6.040782
-6.9537187
-6.039986
-6.8137703
-5.7418237
-5.8874955
-6.2637486
-5.7435603
-5.3228655
-5.5094767
-6.7626815
-5.9963703
test_mean_abs_wealth
5.4894614
6.9801493
5.4884024
6.396562
6.2300944
6.2145224
5.441157
5.96589
6.4119997
5.7977786
5.4613
5.7428617
6.618964
6.2272534
6.1400766
6.092068
5.392094
5.112767
5.815581
6.6491723
6.040782
6.9537187
6.039986
6.8137703
5.7418237
5.8874955
6.2637486
5.7435603
5.3228655
5.5094767
6.7626815
5.9963703
test_variance_wealth
1.6747038
2.747479
1.6894089
2.3080375
2.177452
2.2400272
1.6803348
2.1464295
2.352482
1.9503989
1.697488
1.8586161
2.5508733
2.2249286
2.1798937
2.088073
1.6285951
1.4247451
1.9033947
2.6467836
2.0574872
2.7700126
2.0512733
2.78664
1.834783
2.0374203
2.2176278
1.8282832
1.5974994
1.706591
2.639432
2.0186408
test_wealth_with_price_abs_mean
1.2443002
1.5228986
1.2502353
1.4167258
1.3835505
1.3967685
1.2466372
1.4243704
1.429344
1.326001
1.2494036
1.2997
1.4666059
1.3953433
1.3786849
1.3579192
1.2319198
1.177996
1.3113934
1.4987756
1.350453
1.5290382
1.3500049
1.5237936
1.2893499
1.3420067
1.3893819
1.296156
1.2184741
1.2524668
1.4922754
1.3377973
test_wealth_with_price_variance
1.6747038
2.747479
1.6894089
2.3080375
2.177452
2.2400272
1.6803348
2.1464295
2.352482
1.9503989
1.697488
1.8586161
2.5508733
2.2249286
2.1798937
2.088073
1.6285951
1.4247451
1.9033947
2.6467836
2.0574872
2.7700126
2.0512733
2.78664
1.834783
2.0374203
2.2176278
1.8282832
1.5974994
1.706591
2.639432
2.0186408
price
4.7284813
6.0612564
4.720681
5.60491
5.4441366
5.4441366
4.672901
5.0337143
5.5980625
5.0179467
4.7078896
4.9758644
5.8328557
5.434386
5.3781605
5.315247
4.6322837
4.344723
5.0420685
5.850813
5.2645407
6.136699
5.262502
6.023277
4.975033
5.111055
5.485263
4.951462
4.5719743
4.7530165
5.9771824
5.2197213
train_time
140.003842
41.19177510000003
105.35726989999995
92.20048729999996
105.84114520000003
134.21499130000007
81.45706729999984
54.56032470000014
87.45458589999998
88.87288070000022
148.93975739999996
163.54718849999972
123.7339506000003
101.6840772999999
236.0922445000001
178.55577369999992
160.59847009999976
123.60073620000003
215.5708814999998
123.20659220000016
248.06231369999932
135.46366519999992
265.8606270999999
151.87999880000007
233.12021619999996
190.12128379999922
293.10376200000064
139.51289539999925
271.2668027999989
286.6990077999999
304.6732286000006
261.01259870000104


================================================================================
=== deep network w. relu
train_risk
7.9277954
9.945416
7.9231386
9.308963
9.021829
9.013761
7.9007645
8.586549
9.365753
8.435928
7.9611855
8.308293
9.664497
8.991371
8.920064
8.849067
7.8277097
7.3990946
8.402417
9.689407
8.745941
10.114949
8.7230015
9.943509
8.338307
8.58546
9.079305
8.317941
7.707673
7.972291
9.819879
8.683991
test_risk
7.934843
9.966943
7.93371
9.328283
9.024702
9.030642
7.918624
8.603685
9.375003
8.446945
7.964595
8.307121
9.679632
9.020973
8.919671
8.869577
7.8402905
7.410509
8.407464
9.705123
8.765416
10.132599
8.738493
9.946282
8.343833
8.58915
9.086551
8.337934
7.711815
7.9777846
9.835305
8.695772
test_mean_value
0.4398386
0.43163797
0.40416557
0.4053957
0.4157151
0.4108264
0.42282736
0.41054827
0.4638268
0.41236234
0.41516745
0.42736986
0.43501037
0.43023902
0.41018486
0.44455433
0.42534712
0.4084991
0.41777205
0.44327602
0.42231286
0.46092835
0.38563788
0.4190295
0.43639907
0.40145785
0.4290418
0.4178551
0.4356642
0.3999787
0.39959416
0.40692556
test_mean_abs_value
5.4284697
7.050138
5.406026
6.4696865
6.281083
6.2726727
5.39593
5.7532005
6.5396533
5.750164
5.4075336
5.702099
6.8563514
6.2952776
6.2039137
6.122844
5.2713785
4.969792
5.7840157
6.7418747
6.075205
7.097503
6.0321136
7.0332785
5.7880936
5.8779006
6.3326607
5.6733866
5.232275
5.413111
6.9268947
5.986718
test_variance_value
51.212658
88.429756
50.81441
73.73889
69.341
69.11776
50.832245
57.932354
75.7923
57.909725
50.943172
57.022877
83.3211
69.83093
67.75801
65.84351
48.397137
43.042057
58.60078
80.35145
65.08511
90.20728
63.930668
87.76891
58.34713
60.449654
70.96457
56.419262
47.757454
51.223854
84.6716
63.17502
test_mean_costs
0.7435321
0.78721565
0.7604217
0.80224884
0.77957386
0.76934254
0.7854041
0.826879
0.80279875
0.7686784
0.76058656
0.76236486
0.79293853
0.77437866
0.7710607
0.7795208
0.7576638
0.7577768
0.75792694
0.79608643
0.76853603
0.8080556
0.7608242
0.7938636
0.7725548
0.7838807
0.77481943
0.7845315
0.750991
0.7523032
0.7834298
0.7699773
test_mean_abs_costs
0.7435321
0.78721565
0.7604217
0.80224884
0.77957386
0.76934254
0.7854041
0.826879
0.80279875
0.7686784
0.76058656
0.76236486
0.79293853
0.77437866
0.7710607
0.7795208
0.7576638
0.7577768
0.75792694
0.79608643
0.76853603
0.8080556
0.7608242
0.7938636
0.7725548
0.7838807
0.77481943
0.7845315
0.750991
0.7523032
0.7834298
0.7699773
test_variance_costs
0.033613462
0.038160615
0.0351153
0.038000744
0.03763152
0.036236074
0.03562453
0.039109003
0.03611187
0.034275018
0.033125352
0.03636435
0.03763032
0.03727699
0.036527924
0.034860868
0.03265312
0.03300741
0.03595795
0.03692289
0.036509894
0.040026765
0.03626258
0.037616167
0.036494352
0.034871727
0.037635494
0.034793813
0.033955757
0.033699796
0.038947273
0.03677799
test_mean_wealth
-5.4692936
-6.8385053
-5.4741535
-6.405775
-6.2231174
-6.2104983
-5.4485626
-5.8586717
-6.39184
-5.781243
-5.4612236
-5.735241
-6.615072
-6.206524
-6.1462145
-6.09295
-5.387623
-5.094042
-5.7960043
-6.644712
-6.0327215
-6.9483013
-6.023308
-6.809982
-5.7367034
-5.8857737
-6.254656
-5.7315273
-5.316524
-5.501883
-6.7560935
-5.985348
test_mean_abs_wealth
5.4692936
6.8385053
5.4741535
6.405775
6.2231174
6.2104983
5.4485626
5.8586717
6.39184
5.781243
5.4612236
5.735241
6.615072
6.206524
6.1462145
6.09295
5.387623
5.094042
5.7960043
6.644712
6.0327215
6.9483013
6.023308
6.809982
5.7367034
5.8857737
6.254656
5.7315273
5.316524
5.501883
6.7560935
5.985348
test_variance_wealth
1.7431707
2.782995
1.6987487
2.370849
2.2295415
2.2826433
1.6859537
2.039196
2.4590642
2.0054147
1.7836196
1.9156634
2.61671
2.2382038
2.1955953
2.1530125
1.7228636
1.4683763
1.9761752
2.671975
2.1149447
2.8189507
2.1249838
2.7882788
1.8777871
2.030705
2.2840073
1.894338
1.6349527
1.762885
2.6923897
2.0667055
test_wealth_with_price_abs_mean
1.2612977
1.5245242
1.2529851
1.4389995
1.3990656
1.4093097
1.2589747
1.3675855
1.4532598
1.3359891
1.2770853
1.3177431
1.4860213
1.3980188
1.3882747
1.3760245
1.2609869
1.1845906
1.3298322
1.5101066
1.3671383
1.5419339
1.3688755
1.529764
1.3013545
1.343966
1.4076706
1.3174899
1.2332206
1.2708088
1.50706
1.3514355
test_wealth_with_price_variance
1.7431707
2.782995
1.6987487
2.370849
2.2295415
2.2826433
1.6859537
2.039196
2.4590642
2.0054147
1.7836196
1.9156634
2.61671
2.2382038
2.1955953
2.1530125
1.7228636
1.4683763
1.9761752
2.671975
2.1149447
2.8189507
2.1249838
2.7882788
1.8777871
2.030705
2.2840073
1.894338
1.6349527
1.762885
2.6923897
2.0667055
price
4.7284813
6.0612564
4.720681
5.60491
5.4441366
5.4441366
4.672901
5.0337143
5.5980625
5.0179467
4.7078896
4.9758644
5.8328557
5.434386
5.3781605
5.315247
4.6322837
4.344723
5.0420685
5.850813
5.2645407
6.136699
5.262502
6.023277
4.975033
5.111055
5.485263
4.951462
4.5719743
4.7530165
5.9771824
5.2197213
train_time
100.3863811
55.853888299999994
87.14108429999999
73.94922580000002
75.61084690000007
99.13583259999996
74.77387729999987
112.84148929999992
67.60201470000015
87.26637900000014
119.46367959999998
129.57262469999978
92.74678420000009
122.35188330000028
149.55333659999997
124.07218140000077
128.9299856000007
103.90355900000031
183.33825679999973
112.35402609999983
184.19143210000038
107.44838299999992
231.04911749999974
166.0836145000003
181.0530073
152.9964432000006
149.30169019999994
116.80817139999999
213.3807324999998
341.1592674000003
242.86657139999988
227.70393749999857


================================================================================
=== twin network feature map
train_risk
8.161183
10.312228
8.10016
9.561097
9.342103
9.2240095
8.046528
8.810992
9.592646
8.688116
8.055206
8.510921
9.901267
9.224974
9.298167
9.018975
8.011428
7.531213
8.73245
9.911267
8.943263
10.358668
9.091882
10.131937
8.546741
8.692785
9.283109
8.472158
8.071727
8.222052
10.025009
8.931673
test_risk
8.158869
10.332516
8.108839
9.575424
9.3273
9.22362
8.061524
8.802185
9.602091
8.688006
8.043033
8.493687
9.906668
9.253019
9.29009
9.033283
8.024531
7.5339866
8.724859
9.910172
8.956192
10.366122
9.091032
10.130239
8.549246
8.687844
9.285338
8.484879
8.072318
8.216997
10.035165
8.937519
test_mean_value
0.43858787
0.43123123
0.40453708
0.41315392
0.42665035
0.41092354
0.41675416
0.42363986
0.4595064
0.4085554
0.4106396
0.42794096
0.43531308
0.42516637
0.41399992
0.44626585
0.43329257
0.40261108
0.42644012
0.44347563
0.42328927
0.46989956
0.39209518
0.41664526
0.4315534
0.40146646
0.42640108
0.41639534
0.43583855
0.40490767
0.40280733
0.4095452
test_mean_abs_value
5.427764
7.1420727
5.5048413
6.6842623
6.5147157
6.3033953
5.396725
5.986905
6.583402
5.807381
5.3723717
5.755095
6.9730577
6.2802625
6.3017755
6.1978955
5.402381
4.946758
5.983966
6.815615
6.135405
7.3157053
6.180563
6.9799027
5.786291
5.942665
6.3730607
5.743119
5.2685876
5.588203
7.064141
6.090673
test_variance_value
51.36062
89.50911
51.463005
76.2138
73.29579
69.81804
49.934914
61.366207
75.58408
57.970425
50.344105
57.3953
83.90688
69.384895
69.21215
66.6247
50.594402
42.265465
61.59995
81.41835
65.72231
93.50068
66.05779
87.666336
57.60866
60.714615
70.882774
56.47588
47.95307
52.422333
86.16287
64.2493
test_mean_costs
0.7779579
0.7895077
0.77800655
0.8153681
0.82826465
0.8039126
0.7808901
0.77776396
0.8745772
0.8139396
0.78093785
0.78830343
0.8175178
0.7933482
0.798615
0.79212785
0.7934684
0.76763725
0.8097516
0.817418
0.7987009
0.8207368
0.8454389
0.82242143
0.7852791
0.78977364
0.8120552
0.78699595
0.7603598
0.77200335
0.8076643
0.800145
test_mean_abs_costs
0.7779579
0.7895077
0.77800655
0.8153681
0.82826465
0.8039126
0.7808901
0.77776396
0.8745772
0.8139396
0.78093785
0.78830343
0.8175178
0.7933482
0.798615
0.79212785
0.7934684
0.76763725
0.8097516
0.817418
0.7987009
0.8207368
0.8454389
0.82242143
0.7852791
0.78977364
0.8120552
0.78699595
0.7603598
0.77200335
0.8076643
0.800145
test_variance_costs
0.054965332
0.050197214
0.056834426
0.06024189
0.060258374
0.05128508
0.05247065
0.056248218
0.055737417
0.055564918
0.049661003
0.056707937
0.05452891
0.056956716
0.05333589
0.05830563
0.05481007
0.049350996
0.05833832
0.061137185
0.055637278
0.061830107
0.07481192
0.057545297
0.05783091
0.057244256
0.057183366
0.055681624
0.04853074
0.052826956
0.060979992
0.057948433
test_mean_wealth
-5.5049706
-6.841204
-5.4913673
-6.411136
-6.260873
-6.2449713
-5.450122
-5.7964654
-6.467939
-5.8303113
-5.4861026
-5.760608
-6.6393485
-6.230566
-6.1699533
-6.103845
-5.415482
-5.1097903
-5.839161
-6.665844
-6.06191
-6.9520116
-6.101465
-6.840924
-5.7542734
-5.8916583
-6.2945323
-5.7354517
-5.3257184
-5.5166545
-6.777115
-6.012896
test_mean_abs_wealth
5.5049706
6.841204
5.4913673
6.411136
6.260873
6.2449713
5.450122
5.7964654
6.467939
5.8303113
5.4861026
5.760608
6.6393485
6.230566
6.1699533
6.103845
5.415482
5.1097903
5.839161
6.665844
6.06191
6.9520116
6.101465
6.840924
5.7542734
5.8916583
6.2945323
5.7354517
5.3257184
5.5166545
6.777115
6.012896
test_variance_wealth
1.5403492
2.5841227
1.4727874
2.0861497
1.9467654
2.010344
1.4697737
1.8165956
2.1655805
1.7532505
1.52696
1.6355741
2.2772045
1.9884952
2.0559258
1.8494035
1.4536637
1.2903053
1.714466
2.2912922
1.8245668
2.4975278
1.857322
2.5001183
1.6314722
1.719511
2.0202127
1.6196727
1.5890443
1.6226184
2.3038266
1.823621
test_wealth_with_price_abs_mean
1.1762979
1.4156958
1.1485064
1.309205
1.280652
1.3118099
1.1558231
1.2172787
1.3699391
1.2395993
1.1845815
1.2035809
1.3631513
1.2968879
1.3003262
1.254201
1.152871
1.1032362
1.21373
1.3712672
1.2567447
1.4124085
1.2705884
1.4374062
1.1906894
1.2222693
1.3136423
1.1961942
1.1688789
1.1933413
1.3668064
1.2465448
test_wealth_with_price_variance
1.5403492
2.5841227
1.4727874
2.0861497
1.9467654
2.010344
1.4697737
1.8165956
2.1655805
1.7532505
1.52696
1.6355741
2.2772045
1.9884952
2.0559258
1.8494035
1.4536637
1.2903053
1.714466
2.2912922
1.8245668
2.4975278
1.857322
2.5001183
1.6314722
1.719511
2.0202127
1.6196727
1.5890443
1.6226184
2.3038266
1.823621
price
4.7284813
6.0612564
4.720681
5.60491
5.4441366
5.4441366
4.672901
5.0337143
5.5980625
5.0179467
4.7078896
4.9758644
5.8328557
5.434386
5.3781605
5.315247
4.6322837
4.344723
5.0420685
5.850813
5.2645407
6.136699
5.262502
6.023277
4.975033
5.111055
5.485263
4.951462
4.5719743
4.7530165
5.9771824
5.2197213
train_time
10.093660600000021
5.211592699999983
10.70427739999991
13.355061500000033
9.20873000000006
7.933183099999951
9.916932499999803
5.573171400000092
8.117904799999906
8.248745900000358
16.376594100000148
14.285585099999935
10.117854599999646
14.131802700000208
6.898732100000416
20.61151869999958
7.388373699999647
10.554342100000213
7.98672280000028
11.59057969999958
15.958749200000057
10.657904800000324
7.312278599999445
12.021786400000565
13.17806070000006
11.58901970000079
11.042009800001324
11.3240937999999
6.525579699999071
14.882245400000102
15.626978899999813
9.538859099999172


