================================================================================
=== deep network w. relu
train_risk
5.667919
5.636858
6.2073555
5.534739
5.8574977
5.72628
5.877443
5.7347054
5.9103003
5.7745547
5.7630916
5.6073422
5.906559
5.721739
5.7175293
5.559167
5.5429964
5.937496
5.9917984
6.0537367
5.8977532
5.651244
6.0229883
5.5647044
6.2890987
5.7569766
5.782563
5.927081
5.6450615
5.6657
5.8983984
5.5599794
test_risk
5.674251
5.637055
6.1980658
5.53219
5.8604937
5.7239656
5.8675303
5.7358003
5.924937
5.7618155
5.7661033
5.5993533
5.902728
5.7259207
5.7226825
5.5642786
5.541501
5.9343987
5.98613
6.042722
5.888972
5.6647854
6.0302973
5.5691557
6.298857
5.7552094
5.784531
5.925377
5.6404138
5.667335
5.9032364
5.551227
test_mean_value
0.073230006
0.06635281
0.0075519904
0.56826496
-0.010161292
0.016747063
-0.004296109
-0.0067376764
-0.020599633
0.12712945
-0.016873896
0.058254804
0.2449111
0.8507494
0.053657286
0.2846427
0.5085858
0.11664147
-0.036848225
0.78217506
0.08868118
-0.007333582
0.085419826
-0.0037458122
0.01065052
0.007898502
0.15238994
0.107340634
0.094084315
-0.047874503
0.027381964
0.22901227
test_mean_abs_value
0.15029463
0.12317532
0.1671191
0.6179972
0.15826985
0.11885128
0.18428506
0.06250112
0.18899934
0.24029587
0.121042654
0.17804904
0.3680605
0.9084026
0.20393595
0.33117756
0.5711615
0.18957143
0.2255645
0.81050783
0.2682612
0.11003911
0.1969419
0.09039456
0.23758343
0.11030738
0.22147197
0.17473151
0.16739544
0.23693272
0.100788794
0.3021815
test_variance_value
0.030520389
0.020743646
0.044120368
0.3775148
0.041060854
0.025189487
0.054342728
0.006245503
0.056505237
0.089016475
0.02331416
0.054114558
0.16349961
0.55727303
0.066261545
0.12838764
0.38824633
0.047632735
0.08189273
0.50569016
0.10763198
0.021518582
0.05457116
0.012990614
0.08985242
0.019572781
0.07374139
0.039425116
0.043331746
0.100970455
0.016754193
0.09856983
test_mean_costs
0.023763722
0.031839292
0.5535957
0.02362686
0.018562756
0.0025564139
0.002276398
0.018204119
0.11326905
0.023726044
0.017560007
0.0031881903
0.002834281
0.027648559
0.0027988788
0.0033031194
0.0046196436
0.1551151
0.10196489
0.1696487
0.135295
0.025565235
0.24469644
0.00032310988
0.6595166
0.026193151
0.02698369
0.16007508
0.019409051
0.0027814829
0.0006428567
0.01848308
test_mean_abs_costs
0.023763722
0.031839292
0.5535957
0.02362686
0.018562756
0.0025564139
0.002276398
0.018204119
0.11326905
0.023726044
0.017560007
0.0031881903
0.002834281
0.027648559
0.0027988788
0.0033031194
0.0046196436
0.1551151
0.10196489
0.1696487
0.135295
0.025565235
0.24469644
0.00032310988
0.6595166
0.026193151
0.02698369
0.16007508
0.019409051
0.0027814829
0.0006428567
0.01848308
test_variance_costs
0.000604897
0.0003107661
0.0007638293
0.00051174907
0.00021991151
0.00025246994
0.00013228775
0.00018672725
0.00018021802
0.00045281195
0.00025771753
0.00020178212
0.00017782676
0.0010959278
0.00011027625
0.00047268654
0.000977801
0.00071048556
8.1042366e-05
0.000386155
0.00038327635
0.000121959965
0.00038386666
0.00019796925
0.00065022364
0.00020583266
0.00028359873
0.00034230264
0.00066742464
3.561762e-05
0.00015154632
0.0001533184
test_mean_wealth
-2.879848
-2.9368567
-3.555097
-2.4322002
-3.175429
-3.0117311
-3.1201882
-3.146552
-3.2322972
-2.872956
-3.0795736
-2.9363139
-2.8952503
-2.3059196
-3.032233
-2.7143438
-2.428813
-3.0461686
-3.2328935
-2.640622
-3.151157
-3.0680308
-3.1107104
-2.9071915
-3.622751
-2.984823
-2.8394763
-3.110918
-2.9270585
-3.0051007
-3.0101535
-2.7333927
test_mean_abs_wealth
2.880997
2.937657
3.555097
2.5226095
3.1758585
3.0123463
3.1211052
3.1465957
3.232826
2.8779883
3.0797913
2.9377058
2.904914
2.4480915
3.0330331
2.7287896
2.519636
3.0485227
3.2337084
2.7474618
3.1523519
3.0682151
3.1112957
2.9074697
3.6227705
2.985369
2.8487642
3.111748
2.929198
3.0053337
3.0108073
2.7416651
test_variance_wealth
1.577479
1.5404402
1.4430637
2.4149544
1.4876125
1.5575951
1.5800016
1.4225041
1.5412887
1.7627466
1.5007865
1.4977254
1.998419
2.883645
1.4957813
1.792669
2.42369
1.7903906
1.6003746
2.9239132
1.5705446
1.4361892
1.7401124
1.464316
1.5288931
1.5695603
1.8717825
1.6804674
1.5676823
1.4185075
1.7544658
1.7125939
test_wealth_with_price_abs_mean
1.0090178
1.0011467
1.0387537
1.3083857
0.9761405
1.0043279
1.0069778
0.9593062
0.99702287
1.0724328
0.98488915
0.98306394
1.1619185
1.510337
0.98153895
1.1000072
1.3009231
1.0763035
1.0135845
1.4404708
1.0004061
0.9642334
1.0619733
0.97301483
1.103999
1.0055877
1.1067117
1.0416888
1.0104206
0.95258427
1.0695595
1.0696237
test_wealth_with_price_variance
1.577479
1.5404402
1.4430637
2.4149544
1.4876125
1.5575951
1.5800016
1.4225041
1.5412887
1.7627466
1.5007865
1.4977254
1.998419
2.883645
1.4957813
1.792669
2.42369
1.7903906
1.6003746
2.9239132
1.5705446
1.4361892
1.7401124
1.464316
1.5288931
1.5695603
1.8717825
1.6804674
1.5676823
1.4185075
1.7544658
1.7125939
price
2.9323664
2.975608
3.013494
2.9806619
3.1544971
3.0324984
3.1203396
3.1258814
3.105257
2.981547
3.04748
2.993655
3.144824
3.134478
3.0913115
2.9965563
2.938955
3.0137117
3.1031535
3.2620115
3.1074862
3.035821
2.954711
2.9072442
2.9795277
2.9707842
2.9688227
3.066673
3.0073252
2.95918
3.0447862
2.949714
train_time
79.7343228
122.27112250000002
41.713847799999996
86.49023800000003
76.49050940000001
87.88787379999997
84.87495739999997
87.89451569999994
59.05064949999996
90.55255779999993
83.53012220000005
101.50803229999997
102.39135399999986
95.58692539999993
123.1538415
119.9184682
137.92221189999987
76.2138708
65.90119470000036
94.7950535
81.9690499999997
115.15775209999993
111.83739579999974
175.56204780000007
58.83706929999971
137.74055169999974
130.56892659999994
110.40204919999996
128.43448609999996
158.7999236999999
186.1555843000001
116.38643620000039


