================================================================================
=== continuous-time
train_risk
15.937586
94.86719
25.902954
55.802372
32.91419
48.636097
38.94309
44.677467
test_risk
16.015821
94.656265
25.912088
55.80677
32.893894
48.648193
39.02773
44.6344
test_mean_value
-0.060548767
-0.19266771
0.00026830583
0.09538706
-0.22220805
-0.0012226545
-0.041315805
0.057415526
test_mean_abs_value
26.115492
33.25355
19.09209
22.223175
31.559618
12.103571
18.34026
14.146282
test_variance_value
1080.2114
1897.9425
582.52625
782.512
1508.5662
244.07555
539.1425
341.47253
test_mean_costs
0.0
0.0
0.0
0.0
0.0
0.0
0.0
0.0
test_mean_abs_costs
0.0
0.0
0.0
0.0
0.0
0.0
0.0
0.0
test_variance_costs
0.0
0.0
0.0
0.0
0.0
0.0
0.0
0.0
test_mean_wealth
0.4236609
-63.19074
-12.592684
-36.647663
-14.516582
-36.197033
-21.250772
-29.118979
test_mean_abs_wealth
5.690499
63.19074
12.606823
36.647663
14.646413
36.197033
21.250944
29.118979
test_variance_wealth
51.508434
171.00519
32.086582
67.97625
64.50045
27.471869
53.467983
40.78273
test_wealth_with_price_abs_mean
5.6596193
10.254711
4.458491
6.492907
6.3223753
4.120457
5.704788
4.952125
test_wealth_with_price_variance
51.508434
171.00519
32.086582
67.97625
64.50045
27.471869
53.467983
40.78273
price
-0.4389119
63.186623
12.589616
36.65213
14.482907
36.186485
21.217607
29.126657
train_time
4.721523099999999
5.426682400000004
3.848293099999978
3.9887165999998615
2.4226203000000623
3.988237799999979
3.044368200000008
3.6032804999999826


================================================================================
=== deep network
train_risk
13.501418
92.836975
24.526375
54.756275
30.033617
48.34008
37.14758
37.371048
test_risk
13.634996
93.1479
24.727057
55.019928
30.17474
48.41934
37.287144
37.40704
test_mean_value
-0.058173716
-0.16244392
-0.0010936812
0.08151431
-0.1933228
-0.008452355
-0.02753907
0.03878227
test_mean_abs_value
22.993036
27.723785
16.246761
18.728151
27.576836
10.197597
15.133829
12.1209345
test_variance_value
837.928
1353.023
432.0712
561.9052
1171.6409
173.76953
376.1354
255.03241
test_mean_costs
0.0
0.0
0.0
0.0
0.0
0.0
0.0
0.0
test_mean_abs_costs
0.0
0.0
0.0
0.0
0.0
0.0
0.0
0.0
test_variance_costs
0.0
0.0
0.0
0.0
0.0
0.0
0.0
0.0
test_mean_wealth
0.42603597
-63.160515
-12.594046
-36.661537
-14.487697
-36.20426
-21.236996
-29.137611
test_mean_abs_wealth
5.2208004
63.160515
12.620913
36.661537
14.634367
36.20426
21.239428
29.13781
test_variance_wealth
42.328407
173.74297
30.351118
69.787155
56.66048
30.274454
55.245213
21.914545
test_wealth_with_price_abs_mean
14.176938
30.253117
12.234395
18.50874
15.812911
12.314913
16.185284
8.326832
test_wealth_with_price_variance
42.328407
173.74297
30.351118
69.787155
56.66048
30.274454
55.245213
21.914545
price
13.634996
93.1479
24.727057
55.019928
30.17474
48.41934
37.287144
37.40704
train_time
54.7314806
71.5859896
108.58824719999996
51.34061150000002
64.4455097
52.00275439999996
97.74213349999991
51.464164999999866


================================================================================
=== identity feature map
train_risk
12.590705
90.9815
23.552296
53.23886
28.872484
47.31816
36.008797
37.308376
test_risk
12.660472
90.90742
23.650799
53.339867
28.854464
47.323067
36.079834
37.326733
test_mean_value
-0.05229154
-0.15529993
-0.003253487
0.08026739
-0.19849642
0.0007861037
-0.038252413
0.048594628
test_mean_abs_value
23.176897
28.61133
16.59344
19.34199
27.992226
10.357361
15.760799
12.620054
test_variance_value
851.08026
1408.2788
442.083
592.1368
1187.8256
179.32616
401.57056
277.6342
test_mean_costs
0.0
0.0
0.0
0.0
0.0
0.0
0.0
0.0
test_mean_abs_costs
0.0
0.0
0.0
0.0
0.0
0.0
0.0
0.0
test_variance_costs
0.0
0.0
0.0
0.0
0.0
0.0
0.0
0.0
test_mean_wealth
0.43191814
-63.153374
-12.596206
-36.662785
-14.49287
-36.195023
-21.24771
-29.127798
test_mean_abs_wealth
4.5469923
63.153374
12.597911
36.662785
14.518547
36.195023
21.247763
29.130554
test_variance_wealth
32.479027
135.21425
22.289818
53.310127
40.78207
22.542204
41.460995
16.420603
test_wealth_with_price_abs_mean
13.206829
28.007103
11.152934
16.818724
14.484284
11.223515
14.962746
8.266172
test_wealth_with_price_variance
32.47903
135.21425
22.289818
53.310127
40.78207
22.542204
41.460995
16.420603
price
12.660472
90.90742
23.650799
53.339867
28.854464
47.323067
36.079834
37.326733
train_time
8.765626300000008
13.280141900000046
6.966139099999964
13.06381239999996
5.921730099999877
8.024520799999891
15.495563799999672
7.118641500000194


================================================================================
=== deep memory network
train_risk
13.168579
91.19113
24.584597
53.87033
29.448727
48.045433
36.213493
36.59398
test_risk
13.306538
91.43953
24.784363
54.21155
29.62965
48.161087
36.443733
36.65346
test_mean_value
-0.050708707
-0.1557349
-0.010421766
0.07785314
-0.20568934
-0.006223552
-0.035336692
0.04894169
test_mean_abs_value
23.379766
27.803936
16.23797
18.899164
27.686935
10.33862
15.395753
12.349376
test_variance_value
865.6869
1357.7426
428.3156
570.9943
1177.0939
177.78217
387.05722
264.72427
test_mean_costs
0.0
0.0
0.0
0.0
0.0
0.0
0.0
0.0
test_mean_abs_costs
0.0
0.0
0.0
0.0
0.0
0.0
0.0
0.0
test_variance_costs
0.0
0.0
0.0
0.0
0.0
0.0
0.0
0.0
test_mean_wealth
0.43350098
-63.15381
-12.603374
-36.6652
-14.500063
-36.202034
-21.244793
-29.127453
test_mean_abs_wealth
4.9719834
63.15381
12.642304
36.6652
14.595835
36.202034
21.245264
29.12759
test_variance_wealth
38.687057
150.6011
30.36858
62.01175
50.48967
28.334702
47.823555
15.718731
test_wealth_with_price_abs_mean
13.858193
28.540936
12.281229
17.692902
15.252553
12.058688
15.330372
7.581641
test_wealth_with_price_variance
38.687057
150.6011
30.36858
62.01175
50.48967
28.334702
47.823555
15.718731
price
13.306538
91.43953
24.784363
54.21155
29.62965
48.161087
36.443733
36.65346
train_time
82.1339873
135.8667694
77.42544450000003
132.88209189999998
108.48411680000004
75.33848250000005
138.353525
82.39965100000018


================================================================================
=== lstm
train_risk
12.4498005
91.54314
23.585974
53.81041
28.67546
47.87562
35.808506
35.85586
test_risk
12.637808
91.641266
23.850264
54.030777
28.99581
47.98868
36.138866
35.936687
test_mean_value
-0.05256674
-0.1582244
-0.0018515816
0.08156875
-0.20188622
-0.0029359527
-0.03439001
0.048696373
test_mean_abs_value
23.014833
27.104374
16.443895
18.811115
27.637579
10.103713
15.312809
12.540433
test_variance_value
834.0604
1315.1005
440.06848
568.42065
1165.2775
170.9223
382.61133
268.62558
test_mean_costs
0.0
0.0
0.0
0.0
0.0
0.0
0.0
0.0
test_mean_abs_costs
0.0
0.0
0.0
0.0
0.0
0.0
0.0
0.0
test_variance_costs
0.0
0.0
0.0
0.0
0.0
0.0
0.0
0.0
test_mean_wealth
0.43164295
-63.156296
-12.594804
-36.661484
-14.49626
-36.198746
-21.243847
-29.127697
test_mean_abs_wealth
4.9032817
63.156296
12.605823
36.661484
14.582713
36.198746
21.245354
29.127747
test_variance_wealth
37.61203
158.39111
25.694065
62.040073
47.701393
28.31028
48.491158
12.637964
test_wealth_with_price_abs_mean
13.184889
28.743967
11.354097
17.513168
14.621201
11.889813
15.027904
6.8623266
test_wealth_with_price_variance
37.61203
158.39111
25.694065
62.040073
47.701393
28.31028
48.491158
12.637964
price
12.637808
91.641266
23.850264
54.030777
28.99581
47.98868
36.138866
35.936687
train_time
102.35886009999999
126.77309830000002
131.4407354
98.21893640000008
150.88219000000004
83.80928560000007
171.0499203999998
176.6004868


