================================================================================
=== continuous-time
train_risk
8.787886
10.044638
-5.9029126
9.208442
16.249552
14.47443
13.182674
0.32141757
test_risk
8.797832
10.014971
-5.896114
9.182689
16.26779
14.471662
13.232565
0.3116159
test_mean_value
-0.0143767
-0.036119822
0.014480402
0.0057600327
0.0595572
-0.013486865
-0.004464386
0.0065429835
test_mean_abs_value
6.3657627
6.600428
7.062829
6.42987
10.306636
10.54452
9.383869
3.456273
test_variance_value
68.476555
66.298904
75.67131
87.21527
151.70088
223.8918
188.6975
22.134396
test_mean_costs
0.0
0.0
0.0
0.0
0.0
0.0
0.0
0.0
test_mean_abs_costs
0.0
0.0
0.0
0.0
0.0
0.0
0.0
0.0
test_variance_costs
0.0
0.0
0.0
0.0
0.0
0.0
0.0
0.0
test_mean_wealth
-4.979727
-5.308609
8.617601
-4.2272506
-9.014747
-7.268226
-6.205326
2.293185
test_mean_abs_wealth
4.982344
5.3089337
8.617601
4.279776
9.014753
7.3233953
6.2872047
2.3270934
test_variance_wealth
2.8456798
3.9895625
1.6048121
4.451078
9.194454
9.898708
9.091702
1.842257
test_wealth_with_price_abs_mean
1.304437
1.5611936
0.9889337
1.5756788
2.376725
2.3553574
2.2369158
1.0333807
test_wealth_with_price_variance
2.8456798
3.9895625
1.6048121
4.451078
9.194454
9.898708
9.091702
1.842257
price
4.9759736
5.2977467
-8.6176815
4.232111
9.020536
7.2609935
6.204019
-2.2897506
train_time
2.0754324000000004
1.4634836000000178
3.8166300999999976
1.875549799999817
1.9293195000000196
1.8216903000000002
2.9320092000000386
1.4706101000001581


================================================================================
=== deep network
train_risk
8.319279
9.412081
-7.5278506
8.638536
16.343138
13.581367
12.3146925
-0.15420993
test_risk
8.315716
9.400617
-7.5266204
8.629087
16.35232
13.612436
12.358426
-0.15501885
test_mean_value
-0.011990917
-0.034845047
0.015637841
0.00483686
0.05031638
-0.007114181
-0.007541297
0.0040261573
test_mean_abs_value
5.578307
5.546408
6.948349
6.0575294
8.434082
9.698889
8.825827
2.2389288
test_variance_value
53.497612
48.005116
74.3004
73.639275
108.08069
185.2975
158.89166
12.144831
test_mean_costs
0.0
0.0
0.0
0.0
0.0
0.0
0.0
0.0
test_mean_abs_costs
0.0
0.0
0.0
0.0
0.0
0.0
0.0
0.0
test_variance_costs
0.0
0.0
0.0
0.0
0.0
0.0
0.0
0.0
test_mean_wealth
-4.977341
-5.307334
8.618758
-4.2281737
-9.023987
-7.261853
-6.2084026
2.2906682
test_mean_abs_wealth
4.977377
5.307366
8.618758
4.259962
9.024157
7.2723007
6.2458158
2.2962549
test_variance_wealth
2.4419117
3.6875515
2.4452949
4.634877
10.822213
9.478086
9.177552
3.647008
test_wealth_with_price_abs_mean
3.3670938
4.1284924
1.0974284
4.438999
7.395604
6.406022
6.2055736
2.145565
test_wealth_with_price_variance
2.4419117
3.6875515
2.4452949
4.634877
10.822213
9.478086
9.177552
3.647008
price
8.315716
9.400617
-7.5266204
8.629087
16.35232
13.612436
12.358426
-0.15501885
train_time
59.4344312
65.6861543
94.11544499999991
61.3890093
28.28666710000016
67.08346019999999
113.21892040000012
66.3953133


================================================================================
=== identity feature map
train_risk
8.100752
9.301443
-7.6901956
8.482544
15.203492
13.099652
11.911984
-0.36889046
test_risk
8.11098
9.277819
-7.69042
8.480272
15.218904
13.126093
11.954064
-0.3712421
test_mean_value
-0.0131831365
-0.03311272
0.015682565
0.0041734166
0.05112042
-0.009742986
-0.005379727
0.004656152
test_mean_abs_value
5.711032
5.729349
6.809301
5.8809285
8.966437
9.664278
8.638733
2.491068
test_variance_value
54.58289
49.833694
70.711716
70.53732
114.99854
183.3441
154.94693
12.155083
test_mean_costs
0.0
0.0
0.0
0.0
0.0
0.0
0.0
0.0
test_mean_abs_costs
0.0
0.0
0.0
0.0
0.0
0.0
0.0
0.0
test_variance_costs
0.0
0.0
0.0
0.0
0.0
0.0
0.0
0.0
test_mean_wealth
-4.9785333
-5.3056016
8.618803
-4.2288375
-9.023183
-7.264482
-6.206241
2.2912982
test_mean_abs_wealth
4.9785333
5.3056026
8.618803
4.2309904
9.023183
7.2644906
6.2071323
2.2934182
test_variance_wealth
1.7767847
2.9340498
1.258277
3.4060984
7.2027736
6.3617826
6.225373
2.246663
test_wealth_with_price_abs_mean
3.161062
4.007546
0.9330516
4.293542
6.253231
5.916625
5.803267
1.9300734
test_wealth_with_price_variance
1.7767847
2.9340498
1.258277
3.4060984
7.2027736
6.3617826
6.225373
2.246663
price
8.11098
9.277819
-7.69042
8.480272
15.218904
13.126093
11.954064
-0.3712421
train_time
5.479585900000004
5.9484410000000025
5.845800499999996
3.6703236999999262
3.470606000000089
5.994258799999898
7.367111500000192
6.28456099999994


================================================================================
=== deep memory network
train_risk
8.051476
9.181242
-7.730279
8.183066
14.861546
13.186438
11.990158
-0.43949884
test_risk
8.063553
9.167647
-7.727904
8.188877
14.887244
13.24474
12.031608
-0.43847334
test_mean_value
-0.012648255
-0.033995494
0.014823051
0.0048405323
0.04911111
-0.010405394
-0.004839774
0.004904395
test_mean_abs_value
5.6456237
5.6409326
6.8353915
6.0268903
8.584248
9.612415
8.372869
2.6962423
test_variance_value
53.97288
49.079365
70.652336
72.99376
107.029755
183.33432
148.12532
15.43243
test_mean_costs
0.0
0.0
0.0
0.0
0.0
0.0
0.0
0.0
test_mean_abs_costs
0.0
0.0
0.0
0.0
0.0
0.0
0.0
0.0
test_variance_costs
0.0
0.0
0.0
0.0
0.0
0.0
0.0
0.0
test_mean_wealth
-4.9779987
-5.3064847
8.617944
-4.2281704
-9.025192
-7.265145
-6.2057014
2.2915463
test_mean_abs_wealth
4.9779987
5.3064857
8.617944
4.2335286
9.025192
7.265537
6.2142377
2.292903
test_variance_wealth
1.927779
3.0881991
1.2128322
3.5631766
7.3754025
7.246685
7.5534134
2.3433623
test_wealth_with_price_abs_mean
3.113544
3.8958063
0.89334977
3.9986973
5.911505
6.0400434
5.8806167
1.8615838
test_wealth_with_price_variance
1.927779
3.0881991
1.2128322
3.5631766
7.3754025
7.246685
7.5534134
2.3433623
price
8.063553
9.167647
-7.727904
8.188877
14.887244
13.24474
12.031608
-0.43847334
train_time
131.36715779999997
102.61283980000002
130.77545799999996
134.38092619999998
81.06027030000018
94.69321149999996
82.7319107000003
104.41628660000015


================================================================================
=== lstm
train_risk
8.015225
9.108013
-7.7499485
8.524538
15.361908
12.902624
11.754958
-0.46856582
test_risk
8.028254
9.112632
-7.7486506
8.5128355
15.373585
12.95854
11.78906
-0.46974146
test_mean_value
-0.012557981
-0.033547588
0.014976402
0.0052888514
0.04654987
-0.009293587
-0.0032957974
0.002816241
test_mean_abs_value
5.625309
5.612362
6.819803
6.343144
8.735347
9.693477
8.749379
2.7207773
test_variance_value
53.50601
48.450523
70.48899
79.75374
113.360085
183.39374
155.25726
16.297733
test_mean_costs
0.0
0.0
0.0
0.0
0.0
0.0
0.0
0.0
test_mean_abs_costs
0.0
0.0
0.0
0.0
0.0
0.0
0.0
0.0
test_variance_costs
0.0
0.0
0.0
0.0
0.0
0.0
0.0
0.0
test_mean_wealth
-4.977908
-5.3060365
8.618097
-4.227722
-9.027754
-7.264033
-6.2041574
2.2894583
test_mean_abs_wealth
4.977908
5.306047
8.618097
4.245278
9.027754
7.2641664
6.211191
2.2912586
test_variance_wealth
2.028059
3.3867702
1.1677659
4.2521043
8.082504
7.5828433
7.6530786
2.9574492
test_wealth_with_price_abs_mean
3.0789566
3.8434289
0.87266755
4.3253174
6.4094
5.750368
5.638205
1.8291532
test_wealth_with_price_variance
2.028059
3.3867702
1.1677659
4.2521043
8.082504
7.5828433
7.6530786
2.9574492
price
8.028254
9.112632
-7.7486506
8.5128355
15.373585
12.95854
11.78906
-0.46974146
train_time
189.49112870000002
134.94187620000002
128.47130260000006
61.21024669999997
47.210256800000025
115.21837660000006
98.33740880000005
119.2993193999996


