================================================================================
=== continuous-time
train_risk
12.625428
13.07167
12.803268
13.2535925
13.1089
12.739889
12.765232
12.567869
test_risk
12.6184225
13.08455
12.796897
13.245151
13.119062
12.7163725
12.741147
12.555613
test_mean_value
-0.0050679105
-0.031987812
0.00806772
-0.018535193
-0.0070066354
-0.007539602
-0.004321011
0.031547282
test_mean_abs_value
4.56638
5.7985263
5.589737
5.439009
6.258189
4.573653
5.066864
5.185013
test_variance_value
33.827023
56.996124
51.41232
48.92007
64.09241
35.865578
42.29153
44.357185
test_mean_costs
0.0
0.0
0.0
0.0
0.0
0.0
0.0
0.0
test_mean_abs_costs
0.0
0.0
0.0
0.0
0.0
0.0
0.0
0.0
test_variance_costs
0.0
0.0
0.0
0.0
0.0
0.0
0.0
0.0
test_mean_wealth
-9.439122
-9.444219
-9.441411
-9.441581
-9.441313
-9.440028
-9.442281
-9.437686
test_mean_abs_wealth
9.439122
9.444227
9.441411
9.441581
9.441314
9.440028
9.442281
9.437686
test_variance_wealth
2.0263126
2.6986566
2.356404
2.829223
2.803831
2.1570203
2.2283003
2.0772562
test_wealth_with_price_abs_mean
1.1234881
1.2858082
1.2056742
1.3214793
1.3117157
1.1552731
1.175303
1.1355348
test_wealth_with_price_variance
2.0263126
2.6986566
2.356404
2.829223
2.803831
2.1570203
2.2283003
2.0772562
price
9.440584
9.440587
9.440582
9.440584
9.440584
9.440584
9.440588
9.44058
train_time
3.7281598000000002
4.810283200000015
4.832057599999985
4.005732500000022
2.4182614000001195
6.209350000000086
2.3756403000002138
2.357367200000226


================================================================================
=== deep network
train_risk
12.742361
12.905327
12.956559
12.986771
12.964788
12.607207
12.748063
12.816504
test_risk
12.771749
12.97034
13.014103
13.042394
13.020569
12.644387
12.810047
12.868484
test_mean_value
-0.0044031036
-0.026062615
0.010757464
-0.015681284
-0.0066460525
-0.011577237
-0.0029710867
0.029751046
test_mean_abs_value
3.9789817
5.1553774
4.9529715
4.756671
5.564181
4.0068107
4.4494424
4.5880775
test_variance_value
26.536425
45.78171
41.02644
38.07178
51.796997
28.042938
33.28812
35.360256
test_mean_costs
0.0
0.0
0.0
0.0
0.0
0.0
0.0
0.0
test_mean_abs_costs
0.0
0.0
0.0
0.0
0.0
0.0
0.0
0.0
test_variance_costs
0.0
0.0
0.0
0.0
0.0
0.0
0.0
0.0
test_mean_wealth
-9.4384575
-9.438293
-9.438722
-9.438727
-9.440952
-9.444066
-9.440931
-9.439483
test_mean_abs_wealth
9.438477
9.438298
9.438731
9.438727
9.441054
9.444079
9.440931
9.43954
test_variance_wealth
2.5297225
2.8086553
2.7928596
2.9699337
2.8341794
2.357462
2.5447068
2.6066144
test_wealth_with_price_abs_mean
1.263298
1.3310379
1.3282804
1.3687936
1.3360854
1.2201896
1.2687402
1.2830682
test_wealth_with_price_variance
2.5297225
2.8086553
2.7928596
2.9699337
2.8341794
2.357462
2.5447068
2.6066144
price
9.440584
9.440587
9.440582
9.440584
9.440584
9.440584
9.440588
9.44058
train_time
65.10233640000001
90.21883960000002
77.7309573
62.89060410000002
69.72623679999992
93.84531119999997
85.53164849999985
70.49892360000013


================================================================================
=== identity feature map
train_risk
11.853763
12.184602
12.144109
12.312063
12.232402
11.882551
12.029763
11.889289
test_risk
11.86159
12.205068
12.144289
12.31279
12.254585
11.881431
12.030886
11.889702
test_mean_value
-0.0043955003
-0.026961118
0.011184453
-0.014914249
-0.0048227203
-0.010663974
-0.004083737
0.027522897
test_mean_abs_value
4.113863
5.2403646
5.0464907
4.884451
5.637641
4.141565
4.564594
4.665708
test_variance_value
27.41577
46.318184
41.75809
39.38328
51.8425
29.3411
34.24724
35.790413
test_mean_costs
0.0
0.0
0.0
0.0
0.0
0.0
0.0
0.0
test_mean_abs_costs
0.0
0.0
0.0
0.0
0.0
0.0
0.0
0.0
test_variance_costs
0.0
0.0
0.0
0.0
0.0
0.0
0.0
0.0
test_mean_wealth
-9.43845
-9.439192
-9.438294
-9.43796
-9.439129
-9.443153
-9.442044
-9.44171
test_mean_abs_wealth
9.43845
9.439192
9.438294
9.43796
9.439129
9.443153
9.442044
9.44171
test_variance_wealth
1.1973476
1.529747
1.466714
1.7477531
1.575923
1.2731045
1.4061768
1.2645543
test_wealth_with_price_abs_mean
0.8674012
0.98064786
0.96115726
1.0512166
0.99638224
0.8971935
0.9426691
0.8943496
test_wealth_with_price_variance
1.1973476
1.529747
1.466714
1.7477531
1.575923
1.2731045
1.4061768
1.2645543
price
9.440584
9.440587
9.440582
9.440584
9.440584
9.440584
9.440588
9.44058
train_time
10.317179100000004
16.903717400000005
14.121627800000056
15.170638300000064
12.13020030000007
10.76202319999993
9.175056699999914
12.198292100000344


================================================================================
=== deep memory network
train_risk
12.811845
12.832129
13.060319
12.960425
12.889059
12.866541
12.775492
12.887748
test_risk
12.854166
12.910016
13.098288
13.003649
12.939769
12.89977
12.825165
12.936468
test_mean_value
-0.0058368244
-0.02488183
0.012618568
-0.014228999
-0.0056161187
-0.011751986
-0.0006583267
0.029657882
test_mean_abs_value
3.966802
5.1631403
4.9738035
4.776008
5.590328
3.9569016
4.473343
4.6008334
test_variance_value
26.32086
45.757
41.493458
38.403793
51.98966
27.516504
33.559402
35.51434
test_mean_costs
0.0
0.0
0.0
0.0
0.0
0.0
0.0
0.0
test_mean_abs_costs
0.0
0.0
0.0
0.0
0.0
0.0
0.0
0.0
test_variance_costs
0.0
0.0
0.0
0.0
0.0
0.0
0.0
0.0
test_mean_wealth
-9.439892
-9.437112
-9.43686
-9.437275
-9.439922
-9.444241
-9.438619
-9.439575
test_mean_abs_wealth
9.439932
9.437112
9.436872
9.437275
9.439956
9.444254
9.438619
9.4396105
test_variance_wealth
2.6109054
2.68303
2.9127955
2.9062445
2.7015665
2.729799
2.5631535
2.70793
test_wealth_with_price_abs_mean
1.28253
1.3009988
1.3573672
1.3529991
1.3050379
1.3137269
1.2727025
1.3068342
test_wealth_with_price_variance
2.6109054
2.68303
2.9127955
2.9062445
2.7015665
2.729799
2.5631535
2.70793
price
9.440584
9.440587
9.440582
9.440584
9.440584
9.440584
9.440588
9.44058
train_time
87.24946249999999
120.79025379999996
95.91999150000004
101.22380140000018
113.58696830000008
100.41173949999984
153.97782370000004
119.32928029999994


================================================================================
=== lstm
train_risk
12.258322
12.4946575
12.60843
12.522852
12.597929
12.283455
12.299677
12.286978
test_risk
12.32284
12.568371
12.670174
12.586489
12.655297
12.307904
12.348558
12.329486
test_mean_value
-0.005359892
-0.026518451
0.011584054
-0.014538658
-0.0040128264
-0.010516595
-0.0008335306
0.02832468
test_mean_abs_value
4.0747275
5.217668
4.9995937
4.8598137
5.6265593
4.1171823
4.5148244
4.7136216
test_variance_value
27.366497
46.384205
41.49178
39.39417
52.388546
29.282188
33.881878
36.909576
test_mean_costs
0.0
0.0
0.0
0.0
0.0
0.0
0.0
0.0
test_mean_abs_costs
0.0
0.0
0.0
0.0
0.0
0.0
0.0
0.0
test_variance_costs
0.0
0.0
0.0
0.0
0.0
0.0
0.0
0.0
test_mean_wealth
-9.439415
-9.438749
-9.437895
-9.437585
-9.438319
-9.443006
-9.438794
-9.440908
test_mean_abs_wealth
9.439415
9.438749
9.437895
9.437585
9.438329
9.443006
9.438794
9.440908
test_variance_wealth
1.8107442
2.1084037
2.2280943
2.1548917
2.210347
1.8060235
1.8233312
1.8227011
test_wealth_with_price_abs_mean
1.0662315
1.1521869
1.1834977
1.1633474
1.1783689
1.0679623
1.0728647
1.0722125
test_wealth_with_price_variance
1.8107442
2.1084037
2.2280943
2.1548917
2.210347
1.8060235
1.8233312
1.8227011
price
9.440584
9.440587
9.440582
9.440584
9.440584
9.440584
9.440588
9.44058
train_time
145.5904142
142.94714520000002
152.22671939999998
180.67728570000008
132.0268106000001
118.08205610000005
179.2608854
128.7492256999999


