================================================================================
=== continuous-time
train_risk
13.936849
13.658244
14.590302
14.182263
14.174969
14.899106
14.237899
13.452345
test_risk
13.92743
13.635416
14.539407
14.180418
14.109995
14.909912
14.232283
13.476124
test_mean_value
-0.0009695712
0.0052725854
-0.015517469
-0.012065912
-0.02919545
-0.053572793
0.021400688
-0.009236932
test_mean_abs_value
8.365004
8.033106
6.6056294
8.347028
7.2144036
8.48735
7.8318353
6.593795
test_variance_value
122.25181
108.422226
80.45658
121.89896
85.74592
127.02811
101.70848
72.67099
test_mean_costs
0.0
0.0
0.0
0.0
0.0
0.0
0.0
0.0
test_mean_abs_costs
0.0
0.0
0.0
0.0
0.0
0.0
0.0
0.0
test_variance_costs
0.0
0.0
0.0
0.0
0.0
0.0
0.0
0.0
test_mean_wealth
-9.440178
-9.441126
-9.441161
-9.438055
-9.440513
-9.441832
-9.436116
-9.445482
test_mean_abs_wealth
9.44074
9.441286
9.441348
9.438661
9.440563
9.443186
9.436287
9.445496
test_variance_wealth
4.3447733
3.899297
4.789322
4.793156
4.2648973
5.8813753
4.5869126
3.348988
test_wealth_with_price_abs_mean
1.6086227
1.5359198
1.6994303
1.6935352
1.6112033
1.8703095
1.6659392
1.4315274
test_wealth_with_price_variance
4.3447733
3.899297
4.789322
4.793156
4.2648973
5.8813753
4.5869126
3.348988
price
9.440584
9.4405775
9.440583
9.440589
9.440589
9.440589
9.44059
9.440595
train_time
3.104695500000002
2.7295136000000184
2.252093700000046
2.8785211999997955
5.36412150000001
4.419098200000008
1.9330213000002914
4.0350649000001795


================================================================================
=== deep network
train_risk
13.69134
13.354992
13.246314
13.816358
13.880583
13.448498
13.781213
13.302002
test_risk
13.735435
13.398275
13.265183
13.823137
13.871592
13.458813
13.827242
13.3716545
test_mean_value
0.0016034165
0.0014316819
-0.017129555
-0.0050615175
-0.022648104
-0.04979457
0.017976806
-0.0035296294
test_mean_abs_value
7.557521
7.260239
5.883703
7.540787
6.4561186
7.613263
6.9807334
5.895391
test_variance_value
99.548965
88.61555
64.31783
99.38419
69.380264
102.73204
81.85279
58.696827
test_mean_costs
0.0
0.0
0.0
0.0
0.0
0.0
0.0
0.0
test_mean_abs_costs
0.0
0.0
0.0
0.0
0.0
0.0
0.0
0.0
test_variance_costs
0.0
0.0
0.0
0.0
0.0
0.0
0.0
0.0
test_mean_wealth
-9.437605
-9.444966
-9.442773
-9.431051
-9.433965
-9.438054
-9.43954
-9.439775
test_mean_abs_wealth
9.437676
9.444975
9.442915
9.431067
9.433979
9.438168
9.43954
9.439775
test_variance_wealth
3.93007
3.4007335
3.7904458
4.2371697
4.311753
3.8025968
4.2678695
3.3462248
test_wealth_with_price_abs_mean
1.5752617
1.4676943
1.5431123
1.6385511
1.649996
1.5246376
1.6420434
1.4518045
test_wealth_with_price_variance
3.93007
3.4007335
3.7904458
4.2371697
4.311753
3.8025968
4.2678695
3.3462248
price
9.440584
9.4405775
9.440583
9.440589
9.440589
9.440589
9.44059
9.440595
train_time
80.6553559
92.12480139999997
77.5091645
73.36258829999997
56.75185239999996
100.63505620000024
80.39285470000004
65.07773679999991


================================================================================
=== identity feature map
train_risk
13.052884
12.815893
12.705303
13.27072
13.3118515
13.02747
13.214284
12.725308
test_risk
13.057306
12.800673
12.700076
13.263444
13.260249
13.024839
13.209084
12.746364
test_mean_value
-0.0020692907
0.004687674
-0.015972314
-0.01273297
-0.02520257
-0.04967977
0.01690191
-0.0056167226
test_mean_abs_value
7.5790524
7.271942
5.933652
7.619647
6.551952
7.646734
7.081867
5.958249
test_variance_value
99.466576
88.31096
65.00367
100.56502
70.2556
102.572914
82.76038
59.03728
test_mean_costs
0.0
0.0
0.0
0.0
0.0
0.0
0.0
0.0
test_mean_abs_costs
0.0
0.0
0.0
0.0
0.0
0.0
0.0
0.0
test_variance_costs
0.0
0.0
0.0
0.0
0.0
0.0
0.0
0.0
test_mean_wealth
-9.4412775
-9.44171
-9.441616
-9.438723
-9.43652
-9.437939
-9.440615
-9.441862
test_mean_abs_wealth
9.4412775
9.44171
9.441616
9.438723
9.43652
9.437943
9.440615
9.441862
test_variance_wealth
2.4344387
2.1897678
2.3866045
2.842156
2.8545883
2.4789922
2.8319938
2.125679
test_wealth_with_price_abs_mean
1.2328849
1.1726828
1.2310278
1.3378409
1.3407841
1.2354659
1.3354703
1.1554395
test_wealth_with_price_variance
2.4344387
2.1897678
2.3866045
2.842156
2.8545883
2.4789922
2.8319938
2.125679
price
9.440584
9.4405775
9.440583
9.440589
9.440589
9.440589
9.44059
9.440595
train_time
10.077392899999992
11.963280499999996
8.422841300000073
7.7607929000000695
7.357065799999873
16.462762099999964
12.06627090000029
8.85767080000005


================================================================================
=== deep memory network
train_risk
13.650383
13.301726
12.841462
13.572376
13.6608515
13.109567
13.563893
13.042869
test_risk
13.689257
13.343665
12.862564
13.600445
13.657297
13.129347
13.612765
13.113299
test_mean_value
0.0037692892
0.0023082942
-0.014987494
-0.007938345
-0.025097465
-0.049401857
0.015623834
-0.0019465772
test_mean_abs_value
7.5836663
7.2562175
5.9980626
7.519273
6.4830236
7.6704454
7.0093203
5.909425
test_variance_value
100.255775
88.55292
66.34457
98.81951
69.77265
103.69693
82.18222
58.392555
test_mean_costs
0.0
0.0
0.0
0.0
0.0
0.0
0.0
0.0
test_mean_abs_costs
0.0
0.0
0.0
0.0
0.0
0.0
0.0
0.0
test_variance_costs
0.0
0.0
0.0
0.0
0.0
0.0
0.0
0.0
test_mean_wealth
-9.435439
-9.44409
-9.440631
-9.433928
-9.436415
-9.437661
-9.441893
-9.438192
test_mean_abs_wealth
9.435465
9.44409
9.440631
9.433928
9.436415
9.437716
9.441893
9.438192
test_variance_wealth
3.776381
3.2218041
2.834331
3.6446548
3.74705
2.7832818
3.707862
2.797716
test_wealth_with_price_abs_mean
1.5433799
1.4280586
1.341882
1.5174483
1.5366366
1.3128471
1.5285372
1.3274263
test_wealth_with_price_variance
3.776381
3.2218041
2.834331
3.6446548
3.74705
2.7832818
3.707862
2.797716
price
9.440584
9.4405775
9.440583
9.440589
9.440589
9.440589
9.44059
9.440595
train_time
122.86545439999999
144.3763692
119.33232799999996
147.22927649999997
135.2949533000001
127.54145580000022
111.7682163000004
135.43950730000006


================================================================================
=== lstm
train_risk
13.144084
12.909492
12.719563
13.396995
13.365735
12.996256
13.309135
12.888489
test_risk
13.193594
12.9562235
12.736355
13.426956
13.357777
13.023869
13.361558
12.972446
test_mean_value
-0.00041872088
0.003529937
-0.01498343
-0.009559686
-0.026748626
-0.051743183
0.016367435
-0.0050221058
test_mean_abs_value
7.5762486
7.252928
5.9048448
7.5091352
6.493007
7.6557536
7.050537
5.952841
test_variance_value
99.75336
88.46316
64.60421
98.738144
69.542915
103.60789
82.76355
59.23701
test_mean_costs
0.0
0.0
0.0
0.0
0.0
0.0
0.0
0.0
test_mean_abs_costs
0.0
0.0
0.0
0.0
0.0
0.0
0.0
0.0
test_variance_costs
0.0
0.0
0.0
0.0
0.0
0.0
0.0
0.0
test_mean_wealth
-9.439628
-9.442868
-9.440627
-9.435549
-9.438066
-9.440002
-9.441149
-9.441268
test_mean_abs_wealth
9.439629
9.442868
9.440627
9.435549
9.438066
9.4400625
9.441149
9.441268
test_variance_wealth
2.8246796
2.542508
2.5738277
3.4789941
3.185027
2.649511
3.312946
2.539874
test_wealth_with_price_abs_mean
1.3331844
1.2640293
1.2752339
1.4814986
1.4176027
1.2819256
1.443744
1.260894
test_wealth_with_price_variance
2.8246796
2.542508
2.5738277
3.4789941
3.185027
2.649511
3.312946
2.539874
price
9.440584
9.4405775
9.440583
9.440589
9.440589
9.440589
9.44059
9.440595
train_time
142.24744379999999
198.76601440000002
138.8561767000001
116.86851479999996
153.82817979999982
157.52090499999986
137.63120709999976
120.87864100000024


