================================================================================
=== continuous-time
train_risk
17.160862
17.194721
17.21246
17.197927
17.194199
17.19783
17.169655
17.226177
test_risk
17.15863
17.190487
17.192732
17.160639
17.184454
17.247637
17.186214
17.20902
test_mean_value
-0.0011749039
-0.058453914
0.014548981
0.01727508
0.025375945
-0.023822222
0.011498626
-0.011246863
test_mean_abs_value
12.903281
12.862844
12.885641
12.879486
12.908549
12.897477
12.893534
12.885858
test_variance_value
315.46802
311.0525
312.18408
312.1165
314.62164
313.9821
313.7686
313.25613
test_mean_costs
0.0
0.0
0.0
0.0
0.0
0.0
0.0
0.0
test_mean_abs_costs
0.0
0.0
0.0
0.0
0.0
0.0
0.0
0.0
test_variance_costs
0.0
0.0
0.0
0.0
0.0
0.0
0.0
0.0
test_mean_wealth
-9.446454
-9.43896
-9.434541
-9.435074
-9.437256
-9.45851
-9.422647
-9.439432
test_mean_abs_wealth
9.481657
9.474974
9.469323
9.47091
9.474262
9.494855
9.459499
9.47489
test_variance_wealth
12.110897
12.162024
12.16781
12.155907
12.176831
12.248616
12.204181
12.2058525
test_wealth_with_price_abs_mean
2.625261
2.6302283
2.6298933
2.632373
2.630425
2.6399388
2.6307821
2.634944
test_wealth_with_price_variance
12.110897
12.162024
12.16781
12.155907
12.176831
12.248616
12.204181
12.2058525
price
9.440579
9.440579
9.440579
9.440579
9.440579
9.440579
9.440579
9.440601
train_time
2.9313763
1.9339529000000084
1.5991985
2.8682942000000367
1.9574168999999983
2.865421999999853
1.5960603000000901
1.9497943000001214


================================================================================
=== deep network
train_risk
16.325174
16.248028
16.243738
16.389982
16.22777
16.244942
16.246914
16.221775
test_risk
16.298729
16.231285
16.250288
16.381203
16.222277
16.276289
16.238073
16.224806
test_mean_value
0.0015060063
-0.05392432
0.0039814636
0.011430076
0.018113086
-0.016933685
0.0042492477
-0.002864296
test_mean_abs_value
11.618382
11.644174
11.679436
11.516612
11.643093
11.623064
11.600364
11.591788
test_variance_value
255.43279
254.27602
255.51222
249.56763
255.25243
254.05461
253.61327
252.89816
test_mean_costs
0.0
0.0
0.0
0.0
0.0
0.0
0.0
0.0
test_mean_abs_costs
0.0
0.0
0.0
0.0
0.0
0.0
0.0
0.0
test_variance_costs
0.0
0.0
0.0
0.0
0.0
0.0
0.0
0.0
test_mean_wealth
-9.443773
-9.434431
-9.445108
-9.440919
-9.444519
-9.451622
-9.429897
-9.43105
test_mean_abs_wealth
9.444859
9.436689
9.446739
9.442563
9.446603
9.453622
9.431808
9.432699
test_variance_wealth
10.543536
10.61115
10.568358
10.647119
10.484262
10.611894
10.504698
10.525239
test_wealth_with_price_abs_mean
2.6018412
2.608829
2.603135
2.6031961
2.588272
2.6064932
2.592961
2.6008081
test_wealth_with_price_variance
10.543536
10.61115
10.568358
10.647119
10.484262
10.611894
10.504698
10.525239
price
9.440579
9.440579
9.440579
9.440579
9.440579
9.440579
9.440579
9.440601
train_time
33.886792400000004
43.58803320000001
46.84511140000001
49.96004930000004
73.25035779999996
59.37150299999985
65.20377749999989
59.565088899999864


================================================================================
=== identity feature map
train_risk
15.742628
15.715606
15.719546
15.784788
15.717412
15.907272
15.697855
15.752307
test_risk
15.751998
15.682135
15.717607
15.772174
15.697972
15.916004
15.695306
15.728863
test_mean_value
8.416719e-05
-0.052873597
0.00979024
0.015467869
0.021508338
-0.020409679
0.006295864
-0.008040198
test_mean_abs_value
11.7211075
11.70314
11.784059
11.686081
11.776186
11.99008
11.719864
11.7810135
test_variance_value
255.46875
252.61604
255.7221
252.40245
256.73816
265.9625
254.39557
256.8161
test_mean_costs
0.0
0.0
0.0
0.0
0.0
0.0
0.0
0.0
test_mean_abs_costs
0.0
0.0
0.0
0.0
0.0
0.0
0.0
0.0
test_variance_costs
0.0
0.0
0.0
0.0
0.0
0.0
0.0
0.0
test_mean_wealth
-9.445195
-9.43338
-9.4393
-9.436881
-9.441124
-9.455097
-9.427851
-9.436226
test_mean_abs_wealth
9.445195
9.43338
9.4393
9.436881
9.441124
9.455097
9.427851
9.436226
test_variance_wealth
7.2658844
7.1557393
7.202554
7.3039966
7.1614857
7.70619
7.1430473
7.284894
test_wealth_with_price_abs_mean
2.1303954
2.1156514
2.1228096
2.1346714
2.1142492
2.199825
2.1111426
2.137797
test_wealth_with_price_variance
7.2658844
7.1557393
7.202554
7.3039966
7.1614857
7.70619
7.1430473
7.284894
price
9.440579
9.440579
9.440579
9.440579
9.440579
9.440579
9.440579
9.440601
train_time
3.4194150000000008
6.440030999999976
4.642833300000007
5.619386200000008
4.561828299999888
2.6031136000001425
5.864131399999906
3.8784701999998106


================================================================================
=== deep memory network
train_risk
15.725485
15.669769
15.719013
15.5562935
15.606841
15.5790615
15.7364435
15.593362
test_risk
15.726021
15.66531
15.719605
15.571109
15.602075
15.630673
15.776938
15.597835
test_mean_value
0.0014991262
-0.054766405
0.007667204
0.017859315
0.018918302
-0.017727653
0.0067110625
-0.008711431
test_mean_abs_value
11.8555975
11.740516
11.595018
11.687784
11.753322
11.705704
11.589054
11.749016
test_variance_value
260.6645
254.43196
252.3333
253.39653
257.33295
254.9199
252.84486
255.86794
test_mean_costs
0.0
0.0
0.0
0.0
0.0
0.0
0.0
0.0
test_mean_abs_costs
0.0
0.0
0.0
0.0
0.0
0.0
0.0
0.0
test_variance_costs
0.0
0.0
0.0
0.0
0.0
0.0
0.0
0.0
test_mean_wealth
-9.44378
-9.435273
-9.441422
-9.43449
-9.443714
-9.452415
-9.427435
-9.436897
test_mean_abs_wealth
9.443891
9.435365
9.44162
9.43458
9.443767
9.452415
9.427533
9.436992
test_variance_wealth
8.317539
8.147768
8.311539
7.997041
7.9508405
7.941261
8.071486
7.888688
test_wealth_with_price_abs_mean
2.3087792
2.290962
2.3036559
2.2636857
2.2524266
2.254966
2.2670767
2.2481263
test_wealth_with_price_variance
8.317539
8.147768
8.311539
7.997041
7.9508405
7.941261
8.071486
7.888688
price
9.440579
9.440579
9.440579
9.440579
9.440579
9.440579
9.440579
9.440601
train_time
65.5628863
75.31612589999997
62.36334099999999
125.77731300000005
128.74362389999987
96.03299870000001
85.90722090000008
86.84238980000009


================================================================================
=== lstm
train_risk
15.603473
15.536172
15.505308
15.909311
15.497381
15.52735
15.523527
16.083694
test_risk
15.597461
15.525553
15.508348
15.896502
15.510909
15.586889
15.552871
16.083603
test_mean_value
0.0015250676
-0.0550658
0.00843875
0.019979483
0.01843726
-0.017667219
0.002246442
-0.007678673
test_mean_abs_value
11.618522
11.595916
11.662303
11.606054
11.663871
11.755244
11.75598
12.105966
test_variance_value
251.70326
249.05153
250.78749
250.72543
252.8072
254.62062
254.0328
272.46857
test_mean_costs
0.0
0.0
0.0
0.0
0.0
0.0
0.0
0.0
test_mean_abs_costs
0.0
0.0
0.0
0.0
0.0
0.0
0.0
0.0
test_variance_costs
0.0
0.0
0.0
0.0
0.0
0.0
0.0
0.0
test_mean_wealth
-9.443754
-9.435573
-9.440651
-9.43237
-9.444195
-9.452355
-9.4319
-9.435864
test_mean_abs_wealth
9.443754
9.435573
9.440657
9.432508
9.444195
9.452355
9.4319
9.43638
test_variance_wealth
8.515309
8.427361
8.473035
9.646309
8.423605
8.341387
8.424931
8.939761
test_wealth_with_price_abs_mean
2.3677201
2.3418267
2.3545918
2.5137143
2.348816
2.330621
2.3423402
2.381648
test_wealth_with_price_variance
8.515309
8.427361
8.473035
9.646309
8.423605
8.341387
8.424931
8.939761
price
9.440579
9.440579
9.440579
9.440579
9.440579
9.440579
9.440579
9.440601
train_time
69.93673580000001
110.98747020000002
134.79549369999995
46.283630899999935
172.84255669999993
118.39500750000002
119.42726870000001
65.73389480000014


