================================================================================
=== continuous-time
train_risk
2.1527944
43.124275
17.848911
33.58294
39.39308
34.23068
25.51775
18.56731
test_risk
2.1557586
43.120598
17.831501
33.49379
39.354465
34.265415
25.501045
18.574724
test_mean_value
0.07741078
0.0044748164
-0.015176988
0.04643607
0.02437752
-0.0009392434
-0.013485148
-0.02485978
test_mean_abs_value
14.746783
27.667013
5.6871357
13.463079
25.192423
10.663779
11.829167
9.062844
test_variance_value
371.50104
1182.923
49.877598
311.4711
895.95825
175.44922
239.50502
170.25482
test_mean_costs
0.0
0.0
0.0
0.0
0.0
0.0
0.0
0.0
test_mean_abs_costs
0.0
0.0
0.0
0.0
0.0
0.0
0.0
0.0
test_variance_costs
0.0
0.0
0.0
0.0
0.0
0.0
0.0
0.0
test_mean_wealth
4.5395355
-23.492615
-10.110946
-17.695095
-26.041798
-25.689331
-16.845291
-9.408392
test_mean_abs_wealth
4.7686763
23.492893
10.110949
17.69515
26.041798
25.689331
16.845528
9.41665
test_variance_wealth
10.2189
68.172424
9.995332
41.54738
32.061424
13.044578
14.393678
14.25285
test_wealth_with_price_abs_mean
2.493717
6.462416
2.4627535
5.034046
4.4535737
2.8245482
2.9490843
2.8517413
test_wealth_with_price_variance
10.218899
68.172424
9.995332
41.54738
32.061424
13.044578
14.393678
14.25285
price
-4.5320582
23.487131
10.118946
17.694422
26.040611
25.688763
16.84494
9.407569
train_time
3.712504299999999
2.5127590999999825
2.627339599999914
6.735025199999882
4.11566229999994
4.803249199999982
2.47930899999983
2.6103069000000687


================================================================================
=== deep network
train_risk
1.0325291
40.15182
13.881917
32.35114
33.785877
33.610107
24.652256
16.05922
test_risk
1.0670786
40.179703
13.889831
32.33823
33.78898
33.59242
24.65387
16.059305
test_mean_value
0.06984494
-0.0003934144
-0.018249497
0.032890327
0.02717992
0.0031126353
-0.011094721
-0.02180906
test_mean_abs_value
12.876144
23.819727
4.413736
10.547372
20.733501
9.003281
10.2443285
8.42244
test_variance_value
287.14236
885.6457
30.415247
197.22401
632.8056
128.32584
182.51576
138.30602
test_mean_costs
0.0
0.0
0.0
0.0
0.0
0.0
0.0
0.0
test_mean_abs_costs
0.0
0.0
0.0
0.0
0.0
0.0
0.0
0.0
test_variance_costs
0.0
0.0
0.0
0.0
0.0
0.0
0.0
0.0
test_mean_wealth
4.5319695
-23.497484
-10.1140175
-17.708641
-26.038994
-25.68528
-16.842901
-9.405341
test_mean_abs_wealth
4.639893
23.497484
10.114505
17.708782
26.038994
25.68528
16.842901
9.450608
test_variance_wealth
7.230194
57.589947
5.2836084
43.678528
21.825691
13.107375
14.570177
15.777543
test_wealth_with_price_abs_mean
5.6440673
16.821604
3.7987258
14.7575245
7.806093
7.9735847
7.873193
6.701799
test_wealth_with_price_variance
7.230194
57.589947
5.2836084
43.678528
21.825691
13.107375
14.570177
15.777543
price
1.0670786
40.179703
13.889831
32.33823
33.78898
33.59242
24.65387
16.059305
train_time
76.2146544
109.98871229999997
46.12804540000002
83.15926740000009
87.90897000000018
71.29067270000019
82.77513040000031
108.4486581000001


================================================================================
=== identity feature map
train_risk
0.31261
39.47251
13.780702
31.705305
33.588573
33.000984
24.68587
15.883222
test_risk
0.32631156
39.493214
13.80175
31.64133
33.560383
33.00112
24.681337
15.867253
test_mean_value
0.07141216
-0.0025536288
-0.017970469
0.038947828
0.028849527
-0.004115595
-0.014734682
-0.024731314
test_mean_abs_value
13.166908
24.273605
4.5803843
11.247689
21.46645
9.258265
10.448962
8.279943
test_variance_value
294.46906
907.809
35.44713
218.95547
666.42505
133.3891
188.63782
136.4613
test_mean_costs
0.0
0.0
0.0
0.0
0.0
0.0
0.0
0.0
test_mean_abs_costs
0.0
0.0
0.0
0.0
0.0
0.0
0.0
0.0
test_variance_costs
0.0
0.0
0.0
0.0
0.0
0.0
0.0
0.0
test_mean_wealth
4.533537
-23.499643
-10.113739
-17.702583
-26.037325
-25.692507
-16.84654
-9.408263
test_mean_abs_wealth
4.5908256
23.499643
10.115753
17.702583
26.037325
25.692507
16.84654
9.410522
test_variance_wealth
4.6343765
47.838737
3.9790895
34.897987
15.240901
9.762813
12.013015
10.370998
test_wealth_with_price_abs_mean
4.903026
16.131708
3.7127714
14.064585
7.5811343
7.373731
7.899782
6.5101175
test_wealth_with_price_variance
4.634376
47.838737
3.9790895
34.897987
15.240901
9.762813
12.013015
10.370998
price
0.32631156
39.493214
13.80175
31.64133
33.560383
33.00112
24.681337
15.867253
train_time
11.511496399999999
9.61758999999995
4.889849300000037
7.893321300000025
8.435992299999953
7.026865699999689
9.551234999999906
4.838494600000104


================================================================================
=== deep memory network
train_risk
0.534757
39.169468
13.036809
31.489647
33.2002
33.281822
24.286787
15.695644
test_risk
0.5928362
39.224773
13.060521
31.476387
33.198574
33.33318
24.305264
15.686621
test_mean_value
0.06760859
-0.0019105576
-0.017423583
0.037851904
0.030896232
-0.0016040379
-0.012038761
-0.024889164
test_mean_abs_value
13.150956
23.905212
4.978242
10.8410425
21.398909
9.034208
10.353987
8.653976
test_variance_value
296.0318
883.5521
37.492306
206.66135
658.1804
128.99367
185.32747
145.72916
test_mean_costs
0.0
0.0
0.0
0.0
0.0
0.0
0.0
0.0
test_mean_abs_costs
0.0
0.0
0.0
0.0
0.0
0.0
0.0
0.0
test_variance_costs
0.0
0.0
0.0
0.0
0.0
0.0
0.0
0.0
test_mean_wealth
4.529733
-23.499
-10.113192
-17.703678
-26.035278
-25.689995
-16.843845
-9.4084215
test_mean_abs_wealth
4.60138
23.499
10.113192
17.703678
26.035278
25.689995
16.843845
9.424813
test_variance_wealth
5.6711283
51.438175
2.3809295
37.474445
16.547934
11.843129
12.349951
12.816131
test_wealth_with_price_abs_mean
5.165601
15.856616
2.9676235
13.897486
7.211897
7.707525
7.522104
6.3236814
test_wealth_with_price_variance
5.6711283
51.438175
2.3809295
37.474445
16.547934
11.843129
12.349951
12.816131
price
0.5928362
39.224773
13.060521
31.476387
33.198574
33.33318
24.305264
15.686621
train_time
139.0882386
122.6669376000001
87.52226299999995
132.39535760000012
61.9331858999999
112.97752179999998
84.90098839999973
83.6633554


================================================================================
=== lstm
train_risk
0.34530616
39.039444
12.954914
31.329624
32.76904
33.0871
23.952833
15.245557
test_risk
0.4129284
39.121788
12.971411
31.306513
32.779655
33.124928
23.986277
15.284413
test_mean_value
0.06740959
0.0018999856
-0.017750282
0.035623983
0.029896459
-0.0015992778
-0.010949486
-0.02315936
test_mean_abs_value
12.95335
23.769264
4.941758
10.290151
21.017962
8.934577
10.263612
8.423977
test_variance_value
289.054
873.94775
36.8586
191.30708
645.1368
126.75806
183.03516
138.42343
test_mean_costs
0.0
0.0
0.0
0.0
0.0
0.0
0.0
0.0
test_mean_abs_costs
0.0
0.0
0.0
0.0
0.0
0.0
0.0
0.0
test_variance_costs
0.0
0.0
0.0
0.0
0.0
0.0
0.0
0.0
test_mean_wealth
4.5295343
-23.49519
-10.113519
-17.705906
-26.036278
-25.689991
-16.842756
-9.406692
test_mean_abs_wealth
4.590543
23.49519
10.113519
17.705906
26.036278
25.689991
16.842756
9.4414625
test_variance_wealth
5.5023575
53.55892
2.3824208
40.605217
18.068937
11.63189
12.149434
14.240657
test_wealth_with_price_abs_mean
4.985394
15.764675
2.878207
13.730823
6.7956624
7.4997807
7.2045355
5.9301705
test_wealth_with_price_variance
5.502358
53.55892
2.3824208
40.605217
18.068937
11.63189
12.149434
14.240657
price
0.4129284
39.121788
12.971411
31.306513
32.779655
33.124928
23.986277
15.284413
train_time
157.8761704
149.5674523
137.21937839999987
150.17181529999993
164.83313320000002
138.35218369999984
213.49863840000035
155.8540097


