================================================================================
=== continuous-time
train_risk
2.882079
3.0544925
3.0286317
2.9302037
2.8416913
3.1144629
2.7793639
2.9851823
2.8552136
2.9382966
2.8617837
2.8569825
2.6794052
3.0211258
2.990492
2.879691
2.8988354
2.8791795
2.890863
3.1649792
2.882727
2.9908485
3.0539122
3.1428113
2.9407127
2.8209136
3.187061
2.9043124
3.0699418
3.2277136
2.817091
2.941312
2.9829633
2.8694448
3.1348312
2.8891804
2.7966416
2.8460863
2.8671346
2.7887342
2.9500718
2.837941
2.8190722
3.1967747
3.0055585
3.0239525
2.8022242
2.9791162
2.9677322
2.8533099
2.9467988
3.0374172
3.062978
2.8813472
2.8751345
2.7603421
2.9935641
2.973515
3.0145426
2.8436637
2.8834019
3.1462317
2.8675687
2.7947931
3.1005404
2.9535508
2.9271455
2.8957245
3.001162
2.9396546
2.782913
2.859003
2.9415185
2.7644002
2.7789054
2.8527372
2.9779186
2.8506725
2.892296
2.9657848
2.9233592
2.8743846
2.905089
2.7471716
3.019435
2.8367825
3.1073089
3.0068903
2.9568543
2.7963092
2.900484
3.0188317
3.012287
3.0912964
2.935452
2.800424
2.7870898
2.8990269
3.1649227
2.928597
2.9763374
2.943457
2.9323936
2.8515348
2.816121
3.076604
3.0165768
2.6744635
2.9066074
3.0701177
2.8951411
2.8722322
3.1644726
2.977325
3.11981
2.7857478
2.7508135
2.8760405
2.884384
3.04187
2.7356095
3.0019572
2.577737
2.886078
3.0207417
2.6309054
2.9882812
2.849266
3.2623858
2.8159428
3.1449747
2.9466932
3.130802
2.884344
3.0092027
2.9750018
2.968846
2.9297817
3.0015159
2.9056418
3.0670516
2.7430131
2.8952582
2.7926946
2.8273242
2.894841
2.8538165
3.0941427
3.0106459
3.1429048
2.90223
2.952315
3.0263371
3.04441
3.0342789
3.0299685
2.9636178
2.8907514
2.9297395
3.0225608
3.0614247
2.8335793
3.102436
2.8659532
2.8998268
3.2063105
2.7809284
2.881011
3.1306489
2.9331462
3.003141
2.986055
2.908489
3.3299892
3.2650046
3.0176795
3.047542
2.8578598
3.065535
2.8568046
2.9317513
3.165009
2.978849
2.8698435
2.9046361
3.0349414
2.9710374
2.8030972
2.8382711
3.044386
2.8941913
2.8228467
2.8108015
2.7708962
2.5529137
2.6836314
2.9166446
2.8182218
3.1134999
2.8996954
2.8240094
2.87326
3.0107412
3.011275
3.0590231
3.06032
2.8159814
3.1458285
2.9530642
2.9278812
3.036921
2.8358514
2.9960692
3.177816
2.907841
3.0583522
3.0681968
2.7899315
3.0394192
2.9558027
3.0407357
2.9169042
2.9096153
3.2290795
3.2849295
2.979652
2.8992226
2.9139652
2.9358945
2.7851107
2.847329
2.8542104
3.0080197
2.9043596
2.9316297
2.9180343
3.0218894
2.8825898
2.835186
2.7647147
2.7992077
3.0407116
2.8937688
3.0633683
2.957555
2.8413904
2.9753523
2.8237507
2.939496
2.880114
2.9186807
2.7495105
2.7557414
3.034618
3.1280243
3.269372
test_risk
2.8716302
3.068998
3.006224
2.9906807
2.8665805
3.087648
2.8246963
2.9777994
2.859758
2.9583442
2.8877661
2.8720484
2.671229
3.0188806
2.9774728
2.881548
2.8899944
2.8988793
2.9235709
3.12827
2.8408859
3.0057724
3.0102108
3.130975
2.9437332
2.832901
3.1870368
2.9389129
3.1178539
3.2084744
2.8431222
2.9627352
2.9661913
2.8966362
3.1134067
2.902018
2.8470736
2.8893654
2.8814547
2.7867918
2.9435534
2.8552017
2.8356235
3.200445
3.0189657
3.0364978
2.8369133
2.9804263
3.0065565
2.8594587
2.934928
3.062961
3.061176
2.9030983
2.8941805
2.802431
3.0078156
3.0005548
3.0687697
2.8381555
2.9246
3.1511362
2.9050996
2.8320417
3.1258261
2.9476926
2.920714
2.9057307
2.963767
2.9641573
2.812766
2.8477015
2.9186068
2.7542565
2.8176908
2.9102385
2.980098
2.881586
2.9074512
2.9823897
2.9409008
2.8960893
2.892037
2.7286386
3.001283
2.8504527
3.113145
3.0239599
2.9415882
2.8337302
2.9147727
3.0199971
2.9848144
3.119684
2.91647
2.7688177
2.7568402
2.8868446
3.1889753
2.9508948
2.9654171
2.9446924
2.8933377
2.8633277
2.80758
3.0909781
3.0282393
2.6731443
2.9303834
3.0703957
2.8608801
2.8938317
3.1480625
2.9655607
3.1479666
2.8194444
2.6939397
2.8955195
2.893633
3.0145304
2.760467
2.9984605
2.6004722
2.8817306
3.0260525
2.6338606
2.9574459
2.8547318
3.2192447
2.8653936
3.17954
2.9555109
3.1505957
2.884205
3.001041
3.0021234
2.9807532
2.9260566
2.9869022
2.8940954
3.0473526
2.7589319
2.9402807
2.7979064
2.7806568
2.9072297
2.8863316
3.0970848
3.037599
3.1719038
2.8888664
2.917801
3.0627103
3.0241148
2.9732294
3.0095801
2.9357553
2.9314978
2.9424055
3.042624
3.0696514
2.8562853
3.0630515
2.8405979
2.8842723
3.2467475
2.8233492
2.8860772
3.1225083
2.9302015
2.9818501
2.959379
2.9115927
3.2894316
3.2452319
3.0315118
3.069584
2.8894134
3.0456583
2.8711746
2.9652784
3.1330078
2.9439838
2.8650072
2.9051573
3.0123613
2.9169707
2.7945793
2.8194296
3.0667071
2.8871179
2.8396606
2.79435
2.770021
2.5576642
2.6989617
2.9548724
2.8263636
3.0948038
2.8820558
2.8450494
2.8668864
2.9899392
2.9871845
3.0673625
3.111215
2.812914
3.1405334
2.9584153
2.9429748
3.016035
2.8446026
3.0093555
3.185837
2.8625526
3.0122883
3.1310453
2.785148
3.0399115
3.001406
3.049399
2.9304245
2.8544664
3.158862
3.2867131
3.001955
2.8853817
2.946315
2.9545157
2.7974508
2.8439767
2.8406696
2.986166
2.9326186
2.9743388
2.8995209
3.0357926
2.9088292
2.8760514
2.758227
2.783891
3.042926
2.9350758
3.0787928
2.9684181
2.87474
2.9556978
2.8489382
2.9460742
2.9142349
2.9219556
2.7857637
2.7377403
3.0237687
3.0816271
3.261213
test_mean_value
-0.0013736695
-0.0017163262
0.003191478
-0.0011365885
-0.003052574
0.0026664324
-0.00044664452
0.00083178835
-0.001606498
-0.003985617
-0.0009127498
0.0028385078
0.0022110504
-0.0021335976
-4.804549e-06
0.00020418002
0.0036967595
0.002511255
0.0006854432
0.001795846
-0.0013723385
-0.0028495758
0.002788738
-0.0007621093
0.004203869
0.0015631171
-0.0029187028
0.0019272612
0.007138726
0.005350528
3.5950434e-05
0.0044725067
0.0034422765
-0.0063000675
0.0024540054
-0.0019018118
-0.00018187061
-0.0020979356
0.0028485393
0.0008490453
0.0045591206
-0.0010795838
-0.0027379827
-0.0025447286
-0.0007309041
-0.0019712392
0.0034150975
0.0015351553
0.0010702575
0.002609718
-0.00039720893
0.004048919
-0.0009282348
0.0017628035
-0.0013734157
-0.0025948628
-0.0005343458
-0.00061193807
-0.002214654
-0.00036054803
0.001264739
0.0005665043
0.0045921844
-0.005258865
0.00043551717
0.0006699146
-0.0022135319
-0.003208367
0.0041959183
-0.0015531458
0.0002209425
0.0014764209
-0.0016633838
0.00029678232
-0.0035598653
0.0011458254
-0.0058424165
0.002014821
-0.00011586943
0.0049729473
0.004266245
0.0068139415
-0.0021299657
0.0021225973
0.00057890743
-0.005065499
-0.002008839
0.00090909173
-0.00042805544
-0.0020569214
0.0012971767
0.00060558866
0.0037053153
0.00042875638
-0.0012204888
0.0018106946
0.0028530874
-0.0040978543
0.0012048578
-0.0019607898
-0.0024155034
0.00042710576
0.0043477835
0.0059342394
-0.0018228577
0.0017552027
0.00041690073
-0.0013347305
-0.0024028837
0.002651194
-0.0019575143
0.0035874278
-0.008833538
-0.0009892833
-0.00089481723
0.0017988525
0.0006236586
0.0022243082
-0.001927971
0.0017192959
0.0034617002
-0.0044693253
0.005020153
0.0022053707
0.0009701778
-0.0015354676
0.00081178534
0.0046009617
-0.0013088045
-0.0039221738
0.00015207221
0.0015575385
0.0010923642
0.00032739618
0.0017786385
0.0042621074
-0.0034136826
-0.00047107955
-0.00088053866
-0.0023657326
0.0021250306
-0.0018103167
-0.0014249757
-0.00021302605
-0.005675336
0.0017535677
-0.0009900208
0.00013175257
0.0042765564
-0.001867659
-0.00069262605
-0.00088205107
0.0016778958
0.0060580787
0.00065846404
-3.429321e-05
0.0025971993
-0.0026858645
-0.0044354526
0.0015623296
0.00044984074
-0.0028366456
-0.0012995532
-0.0020809183
-0.007046153
0.000486642
-0.00032223066
-0.0005339259
0.0021687688
-0.003280029
0.0017691366
0.0019290218
-0.0032811963
-0.002412521
0.006382748
-0.0061040437
0.0018469963
-0.0005552278
0.0030289653
-0.0025657828
0.0023503073
-0.0031511693
0.0019698502
-0.003353716
0.0006027569
-0.0015120492
0.0015109065
-0.0011989868
0.00093826494
0.0004031969
-0.0013927796
0.0004163697
0.0028661478
-5.650525e-05
5.529733e-05
0.0072388044
0.00157925
-0.0030811492
-0.001767425
0.0013655577
0.0013829524
0.00095996924
-0.00025903806
0.0053452034
0.003762062
-0.00052900024
0.0013555
0.003923338
-0.0046838606
-0.001150361
0.0025090212
-0.0036243547
0.003954595
0.0010027438
0.0005457389
0.0039055326
0.00010003972
-0.003991687
0.00054895657
-0.0011486654
0.0013543144
-0.002355762
-0.00050110446
-0.0009401976
0.0053919386
0.0006929957
0.007936937
-0.00067300803
-0.000841992
0.00092246983
0.0019780518
-0.0057027945
-0.002301434
-0.0012495262
-0.0017479536
-0.00090807234
-0.0016368721
0.0050672814
-0.005667482
-0.0050301403
-0.0011401587
-0.00014180792
0.0005927316
0.0011070503
0.0016771525
0.0020192764
-0.0018682649
0.0055592516
-0.0024318558
-0.0053238855
0.0018491242
-9.2481656e-05
0.002729393
-0.0015515392
0.0056653367
0.0009590166
test_mean_abs_value
0.8629142
1.2049539
1.1537653
1.1021084
1.2023363
0.9165479
1.009585
1.0758469
0.92081964
1.2356832
1.0639435
1.1135728
1.1739417
1.128419
0.90003425
0.92666596
1.1367472
0.831175
0.9672906
1.0381249
1.2702324
1.0838025
1.238986
0.98851156
1.0920631
1.0649147
0.9765928
1.2008032
1.1769067
0.982357
1.1927985
1.1939772
1.2371267
1.1414933
0.9614305
0.8615637
0.9610642
0.958611
1.191893
0.85288715
1.0355352
1.1498803
1.1109743
1.1204138
0.83720696
0.86040646
0.91499466
1.0405716
1.0458211
1.1787088
1.37439
1.0992306
1.2512205
0.85932237
1.2080684
0.9514915
1.2359579
1.1653671
1.2033236
0.9101377
0.8412118
1.0756141
1.1441835
1.0183014
1.2775247
0.8992522
0.94086117
1.0219263
1.0526189
1.1470717
1.0395999
1.2687929
0.9499925
1.0704627
0.8909777
0.95240146
1.3478622
1.0563107
1.0480536
1.0014321
1.514714
1.3703378
1.2409396
1.1331183
1.0625318
1.387451
1.0378077
1.2547519
1.0140871
1.0309274
1.176746
1.0840156
1.167867
1.312122
1.4567579
1.2416819
0.9917007
0.86270505
1.1499267
1.1127671
0.9504293
0.8140946
1.2430598
0.98104954
1.2094469
1.0404817
0.9580277
1.0300012
1.1318182
1.3574154
0.9238104
0.9735117
1.4218473
1.1993991
1.152632
1.102216
1.230126
0.916529
1.1272198
1.1758481
0.8319244
0.8294099
1.0803225
0.9734659
1.0201561
1.1077114
1.0888879
0.97342
1.4194376
1.3034531
1.2046443
1.3371675
1.34098
0.98030543
0.9595939
0.9080106
0.9937139
0.9503093
1.112989
1.1578292
1.5214183
1.0529397
1.0932873
1.0023478
0.77871615
1.0657475
1.1620507
1.0154091
1.1665568
1.1658366
0.7979165
1.0209641
1.2024744
0.980549
1.293285
1.1136007
1.1111627
1.1712153
1.0389128
1.0407062
0.9164057
1.2444916
1.067793
0.97763455
1.4757991
1.1863732
1.2275556
1.0564675
0.96619123
0.9970913
1.4127343
1.0402484
1.2813598
1.3716055
1.3650132
1.1582037
1.0309894
1.0049286
0.966193
1.0330267
0.95247966
1.0552078
1.1702207
1.1351812
1.1292251
1.0000701
0.9762761
0.95885295
0.9201912
1.0196692
0.8033854
0.8636547
1.1276441
1.0877726
0.6249525
1.0284928
1.0149151
1.1816552
1.3269666
0.762258
0.8298744
1.1636362
0.9392305
1.2386336
0.8906073
1.1058992
0.95306015
1.0467657
0.95308757
1.4597933
0.96055907
0.9642029
1.0872134
1.198636
0.8551805
1.1093765
1.1272885
1.0226328
1.0513586
1.3681852
1.1665845
1.3286583
1.0250381
1.3096229
1.3892782
0.94085675
1.1608655
1.3980432
0.7765863
1.1050129
1.2610217
1.0813102
1.152358
0.9949611
1.1404843
0.8431154
1.0328745
1.0361555
0.9761405
1.1146637
0.81726485
0.9962671
0.97949237
1.130489
1.0775757
1.0404452
1.1959199
1.3778217
1.3978622
1.1187975
1.2712102
0.9324896
1.295018
1.0559484
1.1094315
1.2266955
test_variance_value
1.1734124
2.3824122
2.1207352
1.9327406
2.2692027
1.3965951
1.6469632
1.8546892
1.3381867
2.4482617
1.8317517
1.9816391
2.240578
2.016492
1.3071556
1.3742032
2.0777347
1.1219777
1.5388186
1.7426076
2.6930754
1.874966
2.453216
1.622808
1.911863
1.8002788
1.5689163
2.3788593
2.2085226
1.6357063
2.266837
2.2973316
2.4769428
2.0658731
1.5236096
1.1928056
1.4790273
1.4785703
2.2623808
1.1658982
1.7267522
2.086449
1.9404486
2.055828
1.1658933
1.1813277
1.3497323
1.7163279
1.7511792
2.236958
3.0369437
1.9503627
2.496998
1.1989694
2.325552
1.4418539
2.4500468
2.2794511
2.4686718
1.3193779
1.1814348
1.9096829
2.093483
1.649586
2.6235006
1.2959145
1.4429177
1.7018064
1.763441
2.0987983
1.7211832
2.5691638
1.4335613
1.8581848
1.2459838
1.4616001
2.9161246
1.7681803
1.7398313
1.6556197
3.6983745
3.0436227
2.4469705
2.0829625
1.840548
3.1111624
1.745492
2.5106132
1.6384395
1.6768881
2.324561
1.8687874
2.246068
2.7710037
3.427449
2.4730644
1.6431905
1.1903282
2.0914946
2.005835
1.4776152
1.0635115
2.4635282
1.5221814
2.3449082
1.7288038
1.5008963
1.675151
2.104618
2.9052207
1.3433201
1.4939806
3.273497
2.2920554
2.1059632
1.9559771
2.4360845
1.3274398
2.0861735
2.326605
1.1155794
1.1021278
1.8698953
1.5700569
1.63322
1.9353546
1.8915025
1.5207005
3.4286695
2.7857196
2.324435
2.8301017
2.8844507
1.5079927
1.4534069
1.3231319
1.6199322
1.4338149
1.9331498
2.1565988
3.7580218
1.7558742
1.8953992
1.5751237
0.97143877
1.8668997
2.155509
1.7208453
2.1864014
2.1548402
1.0576966
1.637147
2.3065906
1.5436724
2.6461728
2.0024579
1.9388543
2.2321784
1.7552172
1.710816
1.3731582
2.4545555
1.8494123
1.5437974
3.537277
2.2466993
2.4404716
1.8547075
1.5922875
1.5634009
3.205488
1.7167095
2.6183326
3.000067
2.9702818
2.2048748
1.7172779
1.6105764
1.5038866
1.7300541
1.4660816
1.8163613
2.1865237
2.1521404
2.014149
1.6077352
1.5361346
1.4971462
1.3674765
1.6877542
1.0558565
1.1842725
2.03027
1.8924394
0.62365675
1.7217219
1.6300834
2.2067332
2.860751
0.9442387
1.0948015
2.2466435
1.4210232
2.4601333
1.302728
1.9661528
1.468897
1.7805924
1.477457
3.4530997
1.5258423
1.5262462
1.8879514
2.3517516
1.1768782
2.021969
2.035761
1.6495538
1.7610946
2.997144
2.1661434
2.843056
1.7139738
2.9462192
3.04887
1.4180319
2.1818054
3.1223252
0.9577165
1.9160373
2.5481462
1.8584467
2.182662
1.5525464
2.1514702
1.149372
1.7049571
1.7066462
1.5507418
1.9809709
1.0923389
1.5972639
1.5925126
2.0249436
1.8153665
1.7294327
2.4316204
3.0806766
3.0983233
2.0546691
2.558438
1.3814733
2.7590811
1.7744166
1.9926913
2.3933427
test_mean_costs
0.0
0.0
0.0
0.0
0.0
0.0
0.0
0.0
0.0
0.0
0.0
0.0
0.0
0.0
0.0
0.0
0.0
0.0
0.0
0.0
0.0
0.0
0.0
0.0
0.0
0.0
0.0
0.0
0.0
0.0
0.0
0.0
0.0
0.0
0.0
0.0
0.0
0.0
0.0
0.0
0.0
0.0
0.0
0.0
0.0
0.0
0.0
0.0
0.0
0.0
0.0
0.0
0.0
0.0
0.0
0.0
0.0
0.0
0.0
0.0
0.0
0.0
0.0
0.0
0.0
0.0
0.0
0.0
0.0
0.0
0.0
0.0
0.0
0.0
0.0
0.0
0.0
0.0
0.0
0.0
0.0
0.0
0.0
0.0
0.0
0.0
0.0
0.0
0.0
0.0
0.0
0.0
0.0
0.0
0.0
0.0
0.0
0.0
0.0
0.0
0.0
0.0
0.0
0.0
0.0
0.0
0.0
0.0
0.0
0.0
0.0
0.0
0.0
0.0
0.0
0.0
0.0
0.0
0.0
0.0
0.0
0.0
0.0
0.0
0.0
0.0
0.0
0.0
0.0
0.0
0.0
0.0
0.0
0.0
0.0
0.0
0.0
0.0
0.0
0.0
0.0
0.0
0.0
0.0
0.0
0.0
0.0
0.0
0.0
0.0
0.0
0.0
0.0
0.0
0.0
0.0
0.0
0.0
0.0
0.0
0.0
0.0
0.0
0.0
0.0
0.0
0.0
0.0
0.0
0.0
0.0
0.0
0.0
0.0
0.0
0.0
0.0
0.0
0.0
0.0
0.0
0.0
0.0
0.0
0.0
0.0
0.0
0.0
0.0
0.0
0.0
0.0
0.0
0.0
0.0
0.0
0.0
0.0
0.0
0.0
0.0
0.0
0.0
0.0
0.0
0.0
0.0
0.0
0.0
0.0
0.0
0.0
0.0
0.0
0.0
0.0
0.0
0.0
0.0
0.0
0.0
0.0
0.0
0.0
0.0
0.0
0.0
0.0
0.0
0.0
0.0
0.0
0.0
0.0
0.0
0.0
0.0
0.0
0.0
0.0
0.0
0.0
0.0
0.0
0.0
0.0
0.0
0.0
0.0
0.0
0.0
0.0
0.0
0.0
0.0
0.0
test_mean_abs_costs
0.0
0.0
0.0
0.0
0.0
0.0
0.0
0.0
0.0
0.0
0.0
0.0
0.0
0.0
0.0
0.0
0.0
0.0
0.0
0.0
0.0
0.0
0.0
0.0
0.0
0.0
0.0
0.0
0.0
0.0
0.0
0.0
0.0
0.0
0.0
0.0
0.0
0.0
0.0
0.0
0.0
0.0
0.0
0.0
0.0
0.0
0.0
0.0
0.0
0.0
0.0
0.0
0.0
0.0
0.0
0.0
0.0
0.0
0.0
0.0
0.0
0.0
0.0
0.0
0.0
0.0
0.0
0.0
0.0
0.0
0.0
0.0
0.0
0.0
0.0
0.0
0.0
0.0
0.0
0.0
0.0
0.0
0.0
0.0
0.0
0.0
0.0
0.0
0.0
0.0
0.0
0.0
0.0
0.0
0.0
0.0
0.0
0.0
0.0
0.0
0.0
0.0
0.0
0.0
0.0
0.0
0.0
0.0
0.0
0.0
0.0
0.0
0.0
0.0
0.0
0.0
0.0
0.0
0.0
0.0
0.0
0.0
0.0
0.0
0.0
0.0
0.0
0.0
0.0
0.0
0.0
0.0
0.0
0.0
0.0
0.0
0.0
0.0
0.0
0.0
0.0
0.0
0.0
0.0
0.0
0.0
0.0
0.0
0.0
0.0
0.0
0.0
0.0
0.0
0.0
0.0
0.0
0.0
0.0
0.0
0.0
0.0
0.0
0.0
0.0
0.0
0.0
0.0
0.0
0.0
0.0
0.0
0.0
0.0
0.0
0.0
0.0
0.0
0.0
0.0
0.0
0.0
0.0
0.0
0.0
0.0
0.0
0.0
0.0
0.0
0.0
0.0
0.0
0.0
0.0
0.0
0.0
0.0
0.0
0.0
0.0
0.0
0.0
0.0
0.0
0.0
0.0
0.0
0.0
0.0
0.0
0.0
0.0
0.0
0.0
0.0
0.0
0.0
0.0
0.0
0.0
0.0
0.0
0.0
0.0
0.0
0.0
0.0
0.0
0.0
0.0
0.0
0.0
0.0
0.0
0.0
0.0
0.0
0.0
0.0
0.0
0.0
0.0
0.0
0.0
0.0
0.0
0.0
0.0
0.0
0.0
0.0
0.0
0.0
0.0
0.0
test_variance_costs
0.0
0.0
0.0
0.0
0.0
0.0
0.0
0.0
0.0
0.0
0.0
0.0
0.0
0.0
0.0
0.0
0.0
0.0
0.0
0.0
0.0
0.0
0.0
0.0
0.0
0.0
0.0
0.0
0.0
0.0
0.0
0.0
0.0
0.0
0.0
0.0
0.0
0.0
0.0
0.0
0.0
0.0
0.0
0.0
0.0
0.0
0.0
0.0
0.0
0.0
0.0
0.0
0.0
0.0
0.0
0.0
0.0
0.0
0.0
0.0
0.0
0.0
0.0
0.0
0.0
0.0
0.0
0.0
0.0
0.0
0.0
0.0
0.0
0.0
0.0
0.0
0.0
0.0
0.0
0.0
0.0
0.0
0.0
0.0
0.0
0.0
0.0
0.0
0.0
0.0
0.0
0.0
0.0
0.0
0.0
0.0
0.0
0.0
0.0
0.0
0.0
0.0
0.0
0.0
0.0
0.0
0.0
0.0
0.0
0.0
0.0
0.0
0.0
0.0
0.0
0.0
0.0
0.0
0.0
0.0
0.0
0.0
0.0
0.0
0.0
0.0
0.0
0.0
0.0
0.0
0.0
0.0
0.0
0.0
0.0
0.0
0.0
0.0
0.0
0.0
0.0
0.0
0.0
0.0
0.0
0.0
0.0
0.0
0.0
0.0
0.0
0.0
0.0
0.0
0.0
0.0
0.0
0.0
0.0
0.0
0.0
0.0
0.0
0.0
0.0
0.0
0.0
0.0
0.0
0.0
0.0
0.0
0.0
0.0
0.0
0.0
0.0
0.0
0.0
0.0
0.0
0.0
0.0
0.0
0.0
0.0
0.0
0.0
0.0
0.0
0.0
0.0
0.0
0.0
0.0
0.0
0.0
0.0
0.0
0.0
0.0
0.0
0.0
0.0
0.0
0.0
0.0
0.0
0.0
0.0
0.0
0.0
0.0
0.0
0.0
0.0
0.0
0.0
0.0
0.0
0.0
0.0
0.0
0.0
0.0
0.0
0.0
0.0
0.0
0.0
0.0
0.0
0.0
0.0
0.0
0.0
0.0
0.0
0.0
0.0
0.0
0.0
0.0
0.0
0.0
0.0
0.0
0.0
0.0
0.0
0.0
0.0
0.0
0.0
0.0
0.0
test_mean_wealth
-2.362845
-2.4720774
-2.4650497
-2.3900468
-2.3173325
-2.533678
-2.3174663
-2.4643824
-2.3191602
-2.418429
-2.4024305
-2.3795724
-2.191449
-2.5067143
-2.4513352
-2.3742476
-2.3925295
-2.38919
-2.4094336
-2.5329263
-2.2835462
-2.4809277
-2.4797275
-2.5522304
-2.411263
-2.3527296
-2.581334
-2.4029326
-2.5360115
-2.582772
-2.3503659
-2.4662857
-2.4350011
-2.4042764
-2.538402
-2.385799
-2.2931874
-2.3804712
-2.3855999
-2.3074298
-2.4207408
-2.3246815
-2.311616
-2.6128547
-2.4782698
-2.5058942
-2.3607044
-2.4672153
-2.4546435
-2.3760638
-2.3923404
-2.4744172
-2.531551
-2.380237
-2.3664155
-2.297495
-2.4567337
-2.4605308
-2.463277
-2.324162
-2.3764317
-2.547447
-2.3893962
-2.3232465
-2.5939858
-2.4161413
-2.3935213
-2.3588712
-2.4187038
-2.4081025
-2.3341796
-2.3499997
-2.3856316
-2.2668052
-2.3003993
-2.407444
-2.4232275
-2.3857503
-2.3861256
-2.419484
-2.4045846
-2.395769
-2.3749304
-2.2340302
-2.457705
-2.3185472
-2.5483353
-2.470198
-2.3972933
-2.2717617
-2.3681092
-2.5184124
-2.4325814
-2.555085
-2.395121
-2.2776196
-2.2199135
-2.3594596
-2.6105769
-2.433676
-2.4096816
-2.423831
-2.3920999
-2.3815746
-2.3142986
-2.552089
-2.4251168
-2.1806226
-2.3923028
-2.4682252
-2.3593967
-2.3668633
-2.5996568
-2.4340353
-2.5344841
-2.3147862
-2.2026057
-2.3772252
-2.3457932
-2.4546936
-2.2517042
-2.4421334
-2.144186
-2.3918755
-2.4819925
-2.159816
-2.443296
-2.3356044
-2.5788848
-2.344775
-2.6285007
-2.4352825
-2.5679793
-2.3899655
-2.4795287
-2.465188
-2.4302
-2.3686137
-2.4353218
-2.3621402
-2.4905176
-2.2628558
-2.4285557
-2.2966597
-2.2701604
-2.3579774
-2.375748
-2.4936466
-2.4754875
-2.6176727
-2.3645227
-2.3966837
-2.5264015
-2.4916935
-2.4679303
-2.4685392
-2.409842
-2.3998022
-2.4062796
-2.4940147
-2.4263203
-2.3563662
-2.484947
-2.338137
-2.3585505
-2.65355
-2.3096027
-2.3465173
-2.5458405
-2.3766003
-2.4538221
-2.4211917
-2.4036877
-2.6803126
-2.5907612
-2.502568
-2.5034394
-2.3425364
-2.4932134
-2.348763
-2.3910582
-2.566605
-2.390234
-2.3220425
-2.374515
-2.4573383
-2.4064412
-2.3105197
-2.3183415
-2.4908237
-2.3052251
-2.329858
-2.3223279
-2.28253
-2.1197586
-2.2294223
-2.4247694
-2.343219
-2.4928088
-2.3231008
-2.3418183
-2.3270447
-2.4308844
-2.4640667
-2.5152938
-2.5692186
-2.32419
-2.566674
-2.4341545
-2.4256642
-2.456373
-2.3367019
-2.5007558
-2.5779064
-2.352197
-2.475493
-2.532042
-2.3188708
-2.530892
-2.4558575
-2.5024407
-2.4135995
-2.3202085
-2.5111566
-2.707824
-2.4286165
-2.3776226
-2.4442768
-2.4346423
-2.3094833
-2.2795722
-2.3453848
-2.4117556
-2.3851619
-2.429744
-2.3600693
-2.4984467
-2.382334
-2.3395224
-2.2843318
-2.2898927
-2.514259
-2.397425
-2.52053
-2.4556916
-2.3740208
-2.3616893
-2.3433986
-2.4191566
-2.3965247
-2.4225206
-2.2935045
-2.2365823
-2.4934988
-2.5251656
-2.6554697
test_mean_abs_wealth
2.362845
2.4720774
2.4650497
2.3900468
2.3173325
2.533678
2.3174663
2.4643824
2.3191602
2.418429
2.4024305
2.3795724
2.191449
2.5067143
2.4513352
2.3742476
2.3925295
2.38919
2.4094336
2.5329263
2.2835462
2.4809277
2.4797275
2.5522304
2.411263
2.3527296
2.581334
2.4029326
2.5360115
2.582772
2.3503659
2.4662857
2.4350011
2.4042764
2.538402
2.385799
2.2931874
2.3804712
2.3855999
2.3074298
2.4207408
2.3246815
2.311616
2.6128547
2.4782698
2.5058942
2.3607044
2.4672153
2.4546435
2.3760638
2.3923404
2.4744172
2.531551
2.380237
2.3664155
2.297495
2.4567337
2.4605308
2.463277
2.324162
2.3764317
2.547447
2.3893962
2.3232465
2.5939858
2.4161413
2.3935213
2.3588712
2.4187038
2.4081025
2.3341796
2.3499997
2.3856316
2.2668052
2.3003993
2.407444
2.4232275
2.3857503
2.3861256
2.419484
2.4045846
2.395769
2.3749304
2.2340302
2.457705
2.3185472
2.5483353
2.470198
2.3972933
2.2717617
2.3681092
2.5184124
2.4325814
2.555085
2.395121
2.2776196
2.2199135
2.3594596
2.6105769
2.433676
2.4096816
2.423831
2.3920999
2.3815746
2.3142986
2.552089
2.4251168
2.1806226
2.3923028
2.4682252
2.3593967
2.3668633
2.5996568
2.4340353
2.5344841
2.3147862
2.2026057
2.3772252
2.3457932
2.4546936
2.2517042
2.4421334
2.144186
2.3918755
2.4819925
2.159816
2.443296
2.3356044
2.5788848
2.344775
2.6285007
2.4352825
2.5679793
2.3899655
2.4795287
2.465188
2.4302
2.3686137
2.4353218
2.3621402
2.4905176
2.2628558
2.4285557
2.2966597
2.2701604
2.3579774
2.375748
2.4936466
2.4754875
2.6176727
2.3645227
2.3966837
2.5264015
2.4916935
2.4679303
2.4685392
2.409842
2.3998022
2.4062796
2.4940147
2.4263203
2.3563662
2.484947
2.338137
2.3585505
2.65355
2.3096027
2.3465173
2.5458405
2.3766003
2.4538221
2.4211917
2.4036877
2.6803126
2.5907612
2.502568
2.5034394
2.3425364
2.4932134
2.348763
2.3910582
2.566605
2.390234
2.3220425
2.374515
2.4573383
2.4064412
2.3105197
2.3183415
2.4908237
2.3052251
2.329858
2.3223279
2.28253
2.1197586
2.2294223
2.4247694
2.343219
2.4928088
2.3231008
2.3418183
2.3270447
2.4308844
2.4640667
2.5152938
2.5692186
2.32419
2.566674
2.4341545
2.4256642
2.456373
2.3367019
2.5007558
2.5779064
2.352197
2.475493
2.532042
2.3188708
2.530892
2.4558575
2.5024407
2.4135995
2.3202085
2.5111566
2.707824
2.4286165
2.3776226
2.4442768
2.4346423
2.3094833
2.2795722
2.3453848
2.4117556
2.3851619
2.429744
2.3600693
2.4984467
2.382334
2.3395224
2.2843318
2.2898927
2.514259
2.397425
2.52053
2.4556916
2.3740208
2.3616893
2.3433986
2.4191566
2.3965247
2.4225206
2.2935045
2.2365823
2.4934988
2.5251656
2.6554697
test_variance_wealth
0.053288072
0.07134302
0.060426623
0.0723746
0.061163936
0.062998734
0.052910134
0.054836284
0.05924354
0.05981586
0.04956997
0.050310634
0.04712049
0.054879915
0.057346758
0.053399075
0.051305793
0.054667316
0.054399822
0.07125897
0.061608303
0.056963425
0.05788039
0.06823457
0.058874384
0.047675267
0.073080994
0.058404673
0.06796511
0.077775285
0.050280523
0.051528282
0.057924625
0.050220016
0.06802444
0.055183843
0.061375502
0.053350903
0.051297802
0.047441904
0.056216173
0.057516426
0.05552074
0.0710407
0.059848376
0.058182985
0.04741892
0.054404538
0.06155974
0.04860838
0.060523394
0.06974326
0.058238983
0.055990223
0.057235282
0.05251578
0.06212397
0.059181947
0.07340791
0.05419741
0.0608162
0.073349044
0.054989483
0.052797742
0.059318755
0.05784881
0.05681463
0.060789444
0.06095996
0.063399985
0.04753348
0.051331773
0.057694178
0.049161963
0.054534074
0.052516066
0.06297578
0.05108081
0.055055656
0.06435685
0.058930755
0.051598232
0.05519518
0.049760018
0.06063567
0.057619333
0.06493072
0.06281844
0.05987934
0.062449425
0.06036852
0.052695606
0.06260781
0.06477438
0.055386867
0.049221586
0.057616554
0.056930903
0.06765219
0.055556614
0.063338704
0.05585083
0.052103303
0.048323996
0.050431635
0.06025648
0.07280643
0.049246825
0.059003994
0.0721105
0.051889718
0.057004385
0.06205992
0.058689054
0.07589903
0.05231899
0.049332324
0.055423718
0.06080959
0.063337
0.05203079
0.062849194
0.042967677
0.04974551
0.060954373
0.045594413
0.05455586
0.055416767
0.08057311
0.055273853
0.063290164
0.056202777
0.06927427
0.050611064
0.05643794
0.058670834
0.061891224
0.062561914
0.06260206
0.058100376
0.06315907
0.050389703
0.054625884
0.051510878
0.053163458
0.061050143
0.053943865
0.07187186
0.06438881
0.06351022
0.055388037
0.05536676
0.05968279
0.05885145
0.052808072
0.060147278
0.056949355
0.05782119
0.05911195
0.06131557
0.08216427
0.051786687
0.06777716
0.052118592
0.056414574
0.07144435
0.053685416
0.05917026
0.06807894
0.062530994
0.057739533
0.058497522
0.053035747
0.075708725
0.0860856
0.05769745
0.065013364
0.061718453
0.062957585
0.056133658
0.06572065
0.066241615
0.061916076
0.059511587
0.057279497
0.063181646
0.05383347
0.04897215
0.051741965
0.067696854
0.06757954
0.053643283
0.04624234
0.049488183
0.040073775
0.045527548
0.058018357
0.048726585
0.07337298
0.06285903
0.05165889
0.05912932
0.06378513
0.05686911
0.06244883
0.060996223
0.049418733
0.06665746
0.056752402
0.05480635
0.06324631
0.052783765
0.053687636
0.07329645
0.054102555
0.059260722
0.07254433
0.045255903
0.054146934
0.06152182
0.06170351
0.0551635
0.058211237
0.08278723
0.06894833
0.066259705
0.052900694
0.05273118
0.055749778
0.04924725
0.063327946
0.05082637
0.06670907
0.061312843
0.05970807
0.05890936
0.0593941
0.05661967
0.058578335
0.046847716
0.049900264
0.058437347
0.058817245
0.064132884
0.0542498
0.05145365
0.070215985
0.052245654
0.056985885
0.055546995
0.052318048
0.050257914
0.05065644
0.057593107
0.06332881
0.07465411
test_wealth_with_price_abs_mean
0.18219364
0.21008791
0.19402155
0.21138017
0.1949162
0.19796084
0.18130638
0.18476048
0.1915181
0.19283181
0.17594633
0.17709409
0.17133923
0.18498677
0.18903069
0.18241219
0.1789037
0.18449655
0.18417077
0.21034771
0.19505776
0.1884159
0.18976708
0.20586795
0.1912777
0.17251517
0.21261518
0.1906545
0.2051451
0.2192873
0.17705938
0.17938314
0.18984328
0.17708482
0.20557095
0.18538678
0.19483489
0.18222822
0.17901275
0.17203872
0.1869549
0.18910106
0.18581043
0.21034667
0.19295461
0.19021076
0.17214401
0.18417631
0.1954833
0.1742982
0.19405143
0.20799509
0.1906068
0.1865925
0.18862203
0.18068257
0.19622257
0.19182184
0.21319456
0.18357117
0.19430275
0.21310055
0.18509883
0.18110691
0.1924398
0.18966433
0.1879447
0.19415611
0.19464657
0.19851525
0.17208108
0.17871745
0.18927912
0.17491701
0.18411149
0.1810914
0.1975018
0.17854175
0.18508513
0.2000018
0.19158609
0.17925532
0.18539472
0.17584606
0.194272
0.18915647
0.20085107
0.19788037
0.1928738
0.19614996
0.1935611
0.18152505
0.1972593
0.20044963
0.18576886
0.17498074
0.18886863
0.18815184
0.20510289
0.18610586
0.19821434
0.18649763
0.1801959
0.17362447
0.17712833
0.19382845
0.2122458
0.174915
0.19161855
0.2112819
0.17998366
0.18823867
0.19681518
0.1912008
0.21668859
0.18039368
0.17520349
0.18576533
0.1941035
0.19821443
0.17948948
0.19755502
0.16374001
0.17608587
0.19468541
0.16834708
0.18431717
0.18559767
0.22274776
0.185338
0.19861603
0.18722703
0.20732734
0.17754468
0.18766823
0.19077925
0.19610539
0.19691288
0.19712529
0.18987
0.19805297
0.17702414
0.1845508
0.17903902
0.18176077
0.19448215
0.18326336
0.21048059
0.20027454
0.1991012
0.18548004
0.1853122
0.19280456
0.19148065
0.18148518
0.19352901
0.18817507
0.18951397
0.1918253
0.19506195
0.22505407
0.17964886
0.20498213
0.18005763
0.18728472
0.21083088
0.18273753
0.19158764
0.20558225
0.19693825
0.18955837
0.19064115
0.18186979
0.2168424
0.23082964
0.18955596
0.2008715
0.1957178
0.19796173
0.18685605
0.20172802
0.20301215
0.19604035
0.19199471
0.18867761
0.19825818
0.18322209
0.17485313
0.17928903
0.20496935
0.20445137
0.18296702
0.16976622
0.1756801
0.1580089
0.16842593
0.18996127
0.1744223
0.21334869
0.19732508
0.17942207
0.19162281
0.19896638
0.18831868
0.19700454
0.19497876
0.17547382
0.20367792
0.18796097
0.18479908
0.19804026
0.18136272
0.18302236
0.21282242
0.18361388
0.19208358
0.21216732
0.16810584
0.1839273
0.1956718
0.19598071
0.18542273
0.18996839
0.22612137
0.20733583
0.20298819
0.18164107
0.18148263
0.18643181
0.17521527
0.19787961
0.17787409
0.2033532
0.19531563
0.19224323
0.19108863
0.19214918
0.18759018
0.19086015
0.17088486
0.17603713
0.19091809
0.19100969
0.1997775
0.18386161
0.17892408
0.20831965
0.18048057
0.18812512
0.18600018
0.18068297
0.17682458
0.17769219
0.18902607
0.19857372
0.21551377
test_wealth_with_price_variance
0.053288072
0.07134302
0.060426623
0.0723746
0.061163936
0.062998734
0.052910134
0.054836284
0.05924354
0.05981586
0.04956997
0.050310634
0.04712049
0.054879915
0.057346758
0.053399075
0.051305793
0.054667316
0.054399822
0.07125897
0.061608303
0.056963425
0.05788039
0.06823457
0.058874384
0.047675267
0.073080994
0.058404673
0.06796511
0.077775285
0.050280523
0.051528282
0.057924625
0.050220016
0.06802444
0.055183843
0.061375502
0.053350903
0.051297802
0.047441904
0.056216173
0.057516426
0.05552074
0.0710407
0.059848376
0.058182985
0.04741892
0.054404538
0.06155974
0.04860838
0.060523394
0.06974326
0.058238983
0.055990223
0.057235282
0.05251578
0.06212397
0.059181947
0.07340791
0.05419741
0.0608162
0.073349044
0.054989483
0.052797742
0.059318755
0.05784881
0.05681463
0.060789444
0.06095996
0.063399985
0.04753348
0.051331773
0.057694178
0.049161963
0.054534074
0.052516066
0.06297578
0.05108081
0.055055656
0.06435685
0.058930755
0.051598232
0.05519518
0.049760018
0.06063567
0.057619333
0.06493072
0.06281844
0.05987934
0.062449425
0.06036852
0.052695606
0.06260781
0.06477438
0.055386867
0.049221586
0.057616554
0.056930903
0.06765219
0.055556614
0.063338704
0.05585083
0.052103303
0.048323996
0.050431635
0.06025648
0.07280643
0.049246825
0.059003994
0.0721105
0.051889718
0.057004385
0.06205992
0.058689054
0.07589903
0.05231899
0.049332324
0.055423718
0.06080959
0.063337
0.05203079
0.062849194
0.042967677
0.04974551
0.060954373
0.045594413
0.05455586
0.055416767
0.08057311
0.055273853
0.063290164
0.056202777
0.06927427
0.050611064
0.05643794
0.058670834
0.061891224
0.062561914
0.06260206
0.058100376
0.06315907
0.050389703
0.054625884
0.051510878
0.053163458
0.061050143
0.053943865
0.07187186
0.06438881
0.06351022
0.055388037
0.05536676
0.05968279
0.05885145
0.052808072
0.060147278
0.056949355
0.05782119
0.05911195
0.06131557
0.08216427
0.051786687
0.06777716
0.052118592
0.056414574
0.07144435
0.053685416
0.05917026
0.06807894
0.062530994
0.057739533
0.058497522
0.053035747
0.075708725
0.0860856
0.05769745
0.065013364
0.061718453
0.062957585
0.056133658
0.06572065
0.066241615
0.061916076
0.059511587
0.057279497
0.063181646
0.05383347
0.04897215
0.051741965
0.067696854
0.06757954
0.053643283
0.04624234
0.049488183
0.040073775
0.045527548
0.058018357
0.048726585
0.07337298
0.06285903
0.05165889
0.05912932
0.06378513
0.05686911
0.06244883
0.060996223
0.049418733
0.06665746
0.056752402
0.05480635
0.06324631
0.052783765
0.053687636
0.07329645
0.054102555
0.059260722
0.07254433
0.045255903
0.054146934
0.06152182
0.06170351
0.0551635
0.058211237
0.08278723
0.06894833
0.066259705
0.052900694
0.05273118
0.055749778
0.04924725
0.063327946
0.05082637
0.06670907
0.061312843
0.05970807
0.05890936
0.0593941
0.05661967
0.058578335
0.046847716
0.049900264
0.058437347
0.058817245
0.064132884
0.0542498
0.05145365
0.070215985
0.052245654
0.056985885
0.055546995
0.052318048
0.050257914
0.05065644
0.057593107
0.06332881
0.07465411
price
2.3626862
2.4717526
2.4651496
2.3886085
2.3170505
2.5336757
2.3175712
2.4644008
2.3196867
2.4184399
2.4028883
2.3789537
2.191277
2.5062163
2.4508796
2.3747873
2.3922658
2.3882842
2.409696
2.5324404
2.282656
2.4805987
2.478528
2.5521734
2.410855
2.353458
2.5813072
2.4032266
2.5362716
2.582846
2.3507288
2.4655147
2.4342268
2.4042249
2.5381098
2.3850894
2.2929358
2.3805869
2.3859482
2.307381
2.4203146
2.3249056
2.3110652
2.6123729
2.4777722
2.5050187
2.3605788
2.4662204
2.4542468
2.3759878
2.3918238
2.4740381
2.530997
2.3795958
2.3670332
2.29742
2.4556446
2.459845
2.4631133
2.3236148
2.3764763
2.5458634
2.3896663
2.3226402
2.5932503
2.4159935
2.3930535
2.3597834
2.4185023
2.4081476
2.3333642
2.3501878
2.3859916
2.2669868
2.3000164
2.406845
2.4231164
2.386163
2.385894
2.4185345
2.4047573
2.3962207
2.3749542
2.2339175
2.4576495
2.318489
2.548343
2.4694123
2.3972144
2.2713563
2.3676517
2.5184007
2.4320943
2.5541556
2.3939762
2.2770276
2.2196045
2.359015
2.6102126
2.4338706
2.4082122
2.4232292
2.391945
2.3817449
2.313792
2.5510252
2.425358
2.1799536
2.3922415
2.4682095
2.3594377
2.366198
2.6003904
2.4336798
2.5336857
2.314307
2.2018511
2.3777153
2.345533
2.454074
2.2515106
2.4408083
2.1437335
2.3912153
2.4817932
2.1598065
2.442781
2.3363419
2.5775423
2.344751
2.6278002
2.435535
2.5682411
2.3900778
2.4793723
2.46455
2.4293523
2.3681526
2.4350905
2.3622358
2.490759
2.2624607
2.4278343
2.297273
2.2696214
2.35748
2.3754296
2.493385
2.4755442
2.6173832
2.364616
2.3960512
2.5265448
2.490866
2.467716
2.4678423
2.4096878
2.3996625
2.4060476
2.4931715
2.4263399
2.3559735
2.484481
2.3384688
2.3588722
2.653756
2.309091
2.3454714
2.5462024
2.37575
2.4526665
2.4209507
2.4035914
2.6800442
2.5909088
2.5014641
2.5031693
2.3429823
2.491984
2.3490808
2.391104
2.5660138
2.3901958
2.3228621
2.3740234
2.45762
2.4063542
2.309293
2.3180604
2.4901643
2.3035882
2.329522
2.3223708
2.2818851
2.119658
2.2285514
2.4243245
2.3431294
2.4918613
2.322939
2.3419309
2.3257356
2.43133
2.463529
2.514977
2.5686638
2.3244114
2.5674098
2.4343581
2.4251118
2.456119
2.3366427
2.5011122
2.5786233
2.352621
2.4755824
2.5319884
2.319027
2.5307493
2.4557433
2.5010378
2.412933
2.3195891
2.509664
2.7081215
2.4285812
2.377986
2.4450297
2.434604
2.3082726
2.27917
2.344716
2.411381
2.385352
2.4284098
2.3600998
2.4979205
2.3826354
2.3398492
2.2839441
2.2896004
2.514761
2.3969057
2.5202453
2.4557672
2.374206
2.361816
2.3435051
2.4188328
2.3953836
2.423059
2.293443
2.2362854
2.4925303
2.5255992
2.654758
train_time
0.5123899000000005
0.365510200000001
0.3708176000000005
0.4663509000000019
0.44762400000000113
0.3775252000000009
0.3526121999999994
0.3720663000000002
0.3539127000000022
0.33539209999999997
0.37316640000000234
0.7074500000000015
0.4249010999999996
0.4295992999999996
0.3427602999999948
0.35108440000000485
0.3487473999999935
0.3502906000000081
0.3436974000000106
0.5326586000000049
0.3470681999999954
0.3395802999999944
0.33398429999999735
0.36172589999999616
0.33835309999999197
0.3521860000000032
0.3575164000000086
0.5521270999999928
0.35295440000000156
0.388955100000004
0.3747536999999852
0.43458680000000527
0.37397669999998584
0.34707460000001333
0.7038998999999819
0.34777979999998365
0.3253554000000065
0.36446829999999864
0.5978791000000001
0.3468775999999991
0.32168020000000297
0.35847160000000144
0.4116803999999945
0.33935220000000754
0.3445331000000067
0.33765529999999444
0.34361999999998716
0.3332863000000259
0.4391064000000142
0.3558287999999834
0.32118220000000974
0.4371332000000052
0.38307279999997945
0.34320410000000834
0.6134423999999967
0.3245830999999839
0.35013899999998443
0.32413909999999646
0.3244052999999951
0.3674014999999713
0.3712616999999909
0.4483062999999561
0.4221537999999896
0.3292752000000405
0.7571844999999939
0.3600101000000109
0.3744864000000234
0.3682172999999693
0.3881321000000071
0.3768599999999651
0.36759850000004235
0.38147969999999987
0.3896311999999966
0.34195619999997007
0.3675106000000028
0.4254167999999936
0.36592480000001615
0.4052019999999743
0.4992616999999768
0.5695663999999852
0.8724161000000095
0.3795557000000258
0.37393120000001545
0.5624541000000249
0.4828198999999813
0.44691380000000436
0.32834700000000794
0.34821010000001706
0.35727780000001985
0.3413758000000371
0.33974530000000414
0.3458785000000262
0.3385989999999879
0.3455931000000305
0.5057059000000095
0.3496892999999659
0.3634217000000035
0.35827109999996765
0.3598405999999841
0.32610520000002907
0.3084671999999955
0.3647664000000077
0.3210148000000004
0.3393899999999803
0.42729510000003756
0.33985949999998866
0.3593851999999629
0.3405991000000199
0.3507313999999724
0.3363025999999536
0.3496736000000169
0.34912539999999126
0.3492524000000117
0.3482643999999482
0.3697271999999998
0.33919409999998607
0.4121250000000032
0.3870047999999997
0.3437738000000081
0.34734580000008464
0.34073369999998704
0.33090920000006463
1.0764771000000337
0.3679045999999744
0.3508554000000004
0.35995790000004035
0.35724370000002637
0.35669159999997646
0.3603257999999414
0.35275239999998576
0.3426659000000427
0.3461854999999332
0.35930720000010297
0.34243100000003324
0.33365219999996043
0.3368598000000702
0.341379800000027
0.34301170000003367
0.34613610000008066
0.32881209999993644
0.34478359999991426
0.3358855000000176
0.316762199999971
0.3196393000000626
0.3455609000000095
0.31890710000004674
0.3994821999999658
0.3204666000000316
0.3351405999999315
1.2371617000000015
0.3304542999999285
0.33666420000008657
0.3476942999999437
0.35104819999992287
0.35764050000000225
0.3374935000000505
0.3184519999999793
0.43427729999996245
0.4291991999999709
0.3344752000000426
0.32184480000000804
0.32206959999996343
0.362853800000039
0.3237785000000031
0.32587389999991956
0.36279369999999744
0.330118299999981
0.3227414000000408
0.3211715999999569
0.36095419999992373
0.3409444999999778
0.35614909999992506
0.464318399999911
0.6749454999999216
0.9189449000000423
0.5129238999999188
0.3195382000000109
0.3370940000000928
0.33865990000003876
0.335089200000084
1.344417099999987
0.32907669999997324
0.3391916000000492
0.3389584999999897
0.3400139999999965
0.3211192999999639
0.3350339000000986
0.3289060000000745
0.3102059000000281
0.3507702999999083
0.331799100000012
0.3434840999999551
0.330043200000091
0.3440166999999974
0.3321124999999938
0.3251939000000448
0.3076513999999406
0.3427821999999878
0.31901200000004337
0.356535200000053
0.33176909999997406
0.33027439999989383
0.339445899999987
0.392723100000012
0.3262080000000651
0.33411800000010317
0.3221481999999014
0.3365457999999535
0.3250186999999869
0.3456809000000476
0.3349201000000903
0.3355172000000266
0.33263609999994515
0.3215766999999232
0.33500259999993887
0.34475239999994756
1.670275599999968
0.3505178999999998
0.3484243000000333
0.35572369999999864
0.3565419000000247
0.3601079000000027
0.3369681000000355
0.3330961000000343
0.3472457000000304
0.378937800000017
0.32169999999996435
0.3202244999999948
0.3252067999999326
0.3138569999999845
0.3537039000000277
0.42617459999996754
0.5800787000000582
0.35862200000008215
0.3560416999999916
0.3176338000000669
0.3169405999999526
0.3127536000000646
0.32691510000006474
0.314437299999895
0.3212262000000692
0.303507499999796
0.325990400000137
0.3170015999999123
0.3159677000001011
0.32668499999999767
0.322349499999973
0.321597200000042
0.30116739999994024
0.34129950000010467
0.31846679999989647
0.34035930000004555
0.32396059999996396
0.33093910000002325
0.3150671000000784
0.3199835999998868


