================================================================================
=== continuous-time
train_risk
2.8934014
2.9327943
2.9179106
2.8836784
2.7130759
2.9323657
2.7466655
2.8505287
2.7490137
2.957188
2.8069296
2.841862
2.7260265
3.0190012
2.9347258
2.9445603
2.92835
2.7702374
2.804834
2.9300344
2.7821426
3.040238
2.879216
3.0207827
2.8899956
2.8160455
3.020609
2.8513532
2.9561763
3.0635824
2.7395134
2.7855458
2.9024968
2.7971046
2.964604
2.8752446
2.7148876
2.747041
2.8947523
2.7981064
2.8422117
2.75955
2.813159
2.9896445
2.8623912
2.8978274
2.7142167
2.8662956
2.8506503
2.8151374
2.9327452
2.8795977
2.921793
2.807675
2.7597494
2.7236314
2.9407432
2.9191375
2.9088686
2.8146617
2.831523
2.8764138
2.7768643
2.8037703
2.9910288
2.7913046
2.8059711
2.7682335
2.956077
2.914398
2.7684486
2.7532973
2.8428917
2.7562745
2.7338502
2.9188566
2.7797837
2.8231986
2.8387609
2.8807406
2.8889344
2.8384333
2.767046
2.7772875
2.9081326
2.8202882
2.9026299
2.7893426
2.8431597
2.7418222
2.7959745
2.8755035
2.8305714
3.0103796
2.826938
2.7546964
2.6431723
2.8598685
3.0299456
2.9690058
2.8254845
2.9546793
2.8219197
2.8345222
2.745876
2.9167323
2.901334
2.572974
2.845738
2.938254
2.8599916
2.8470883
3.0050821
2.87904
3.0148537
2.7640367
2.6776314
2.850747
2.7574992
2.9581263
2.681855
2.8748403
2.6534588
2.9083126
2.8860686
2.5682366
2.8593245
2.7721517
3.1081758
2.739754
2.992395
2.8233213
2.889546
2.9143605
2.9080014
2.8987756
2.9588916
2.8528767
2.871901
2.7775753
2.860473
2.7124007
2.8815887
2.7407663
2.8012638
2.845863
2.8076866
2.88589
2.9641945
3.013071
2.798514
2.8824599
3.03304
2.9501684
2.8823254
2.9144096
2.9522166
2.8636236
2.7584546
2.8314216
2.9084089
2.855015
2.9487436
2.721389
2.817894
3.0945573
2.849142
2.745968
2.9869719
2.7779107
2.9842095
2.899414
2.843293
3.0840554
3.1047106
2.8744614
2.9824798
2.8174598
2.9170249
2.7662256
2.944418
2.9428117
2.9276342
2.7959037
2.7945423
2.8894541
2.7787497
2.7723458
2.8420994
2.9047987
2.7518194
2.7836819
2.8756979
2.6973715
2.6687317
2.680059
3.0042315
2.874672
3.0034094
2.6692162
2.8565521
2.7270377
2.8929532
2.7813053
3.0011148
2.9831703
2.8217742
2.947168
2.9413035
2.8147118
2.8113496
2.7600155
3.019009
2.9186764
2.7772074
2.9814568
2.9694364
2.749633
3.0435581
2.8004627
2.919788
2.8539824
2.6984663
2.9914656
3.087672
2.8664658
2.8906267
2.9012837
3.000492
2.7288132
2.7061214
2.7775404
2.7869263
2.8980916
2.779128
2.7799828
2.9116423
2.765571
2.8509808
2.7118533
2.7737093
2.8867955
2.8600097
2.880948
2.945666
2.853663
2.914108
2.8541799
2.9157257
2.842391
2.90693
2.7756608
2.7404103
2.824458
3.1048768
3.0401666
test_risk
2.9109948
2.9538147
2.9000213
2.8706517
2.7206852
2.9227278
2.7761507
2.8514001
2.7866447
2.9775143
2.8094032
2.846338
2.7303474
3.0128143
2.9151714
2.9190602
2.9192026
2.7932582
2.7997053
2.9150815
2.7657242
3.005498
2.8920298
3.0046246
2.9129655
2.8397415
3.0492673
2.8772893
2.9501684
3.0752645
2.7636385
2.8136725
2.899475
2.7765496
2.9713335
2.867898
2.7103086
2.7434938
2.8894858
2.7809417
2.8463252
2.805873
2.8211517
2.9900508
2.876384
2.9105363
2.7289402
2.8501778
2.8507764
2.818825
2.9143214
2.9177146
2.951108
2.8468742
2.7521963
2.7318554
2.9601166
2.9479837
2.9085083
2.8240054
2.8490312
2.886564
2.7948139
2.8071475
3.0153048
2.8072562
2.8180602
2.7751522
2.98985
2.8633277
2.757438
2.7631867
2.842093
2.7566288
2.753073
2.920537
2.7783227
2.8453898
2.8817976
2.8951488
2.8926773
2.8608823
2.774504
2.7717874
2.9158657
2.8241255
2.9259717
2.813783
2.8522387
2.7574482
2.8156185
2.903431
2.8701277
3.0156739
2.844184
2.7315373
2.6727054
2.8668404
3.0429964
2.965632
2.8366258
2.9552343
2.821971
2.8420339
2.7487588
2.9544208
2.8853238
2.5938249
2.8427794
2.9539337
2.829546
2.8199909
2.989174
2.8423145
3.0135238
2.757683
2.6473672
2.875681
2.7693918
2.959007
2.7166762
2.8593965
2.6760464
2.8889697
2.8947065
2.578536
2.8496351
2.746759
3.0750597
2.7356422
2.978658
2.8373501
2.8838093
2.9075506
2.913631
2.880351
2.9183297
2.8699641
2.8927815
2.7643287
2.8905878
2.7188637
2.858726
2.7295232
2.8090286
2.8635373
2.8074584
2.9393828
2.9855845
3.0308867
2.7903943
2.848195
3.034966
2.9361093
2.8726816
2.9037879
2.9460032
2.8700144
2.7721303
2.854134
2.9290595
2.868209
2.9668128
2.7428875
2.8068974
3.0967796
2.8623872
2.7605126
3.0055053
2.7711425
2.9757202
2.894306
2.8353527
3.0777283
3.1172097
2.9218462
2.972902
2.836881
2.9252555
2.7434819
2.9472265
2.9647222
2.905585
2.781852
2.8681188
2.8937767
2.804688
2.76451
2.8485212
2.8999481
2.761923
2.8138173
2.8860977
2.7012982
2.6700459
2.7026439
2.9693422
2.8924086
3.0001116
2.684517
2.8618221
2.7591238
2.9013855
2.8035908
3.0039134
2.9797506
2.8543994
2.9540648
2.963277
2.8133283
2.8301046
2.7689388
3.02217
2.9173408
2.803584
2.9844556
2.9301455
2.7594686
3.047014
2.7926304
2.922414
2.8442101
2.7207382
2.97401
3.1000552
2.8664708
2.871391
2.8919044
3.0014145
2.7165432
2.711072
2.7727647
2.7858834
2.8952758
2.7889447
2.7944512
2.9363987
2.7741852
2.8708293
2.6941996
2.8099952
2.8788505
2.8341095
2.8891606
2.954102
2.8453166
2.918918
2.836832
2.9109335
2.8210866
2.8894925
2.770895
2.7345486
2.8376913
3.0842178
3.0061977
test_mean_value
-0.0023977878
-0.0034375323
-0.0010299765
-0.00048427915
0.00044722488
0.0019609598
0.003545073
-0.00020514558
-0.0010769283
-0.001363517
0.0016411996
0.0014054363
0.00012296975
0.0018815931
-0.0017759255
0.0006183442
-0.0018389915
0.003996704
0.003589422
0.00048317644
-0.0016025131
0.001957455
-0.0051762206
0.0032678668
0.0030356403
-0.0038066676
0.0008906426
-0.00029464735
0.00044772646
-0.0019009258
0.0021732342
-0.00048993685
0.0009390329
-0.0027062034
-0.0027394504
0.0036257592
-0.0030992315
-0.0019769962
0.0004259789
0.00015857874
0.0043191602
-0.0018357076
0.0015095551
-0.00182639
0.00062124606
0.0010435972
0.0010540287
-0.00251283
0.00013791876
-0.002412188
0.0029753053
0.0016577424
-0.00081036746
-0.0024429588
0.00034572132
0.00050286326
0.0010903166
-0.0014232277
-0.0014686522
0.0010752815
-0.00020938872
0.0025993902
0.004055834
0.002701355
0.0029788476
-0.0017635861
-0.0003621754
0.0066993604
-0.0056411717
-0.0018197481
-0.0015804926
-0.0019434633
-0.0022843694
-0.0017433116
-0.00089692674
-0.0015273629
-0.0015280134
0.0024869693
0.0022664252
0.0007559583
0.00074556336
-0.00229705
-0.0026704106
0.0011433675
-0.0052606664
0.00033656147
0.0024977133
-0.004374139
0.00335262
0.0009601349
0.00093652454
-0.002300677
-0.0026851504
-0.002510905
0.00018520589
-0.0008068498
-0.0040462934
-0.0002822116
-0.0045780567
-0.0006152519
-0.00067956996
0.0004729314
-0.0017798761
-0.0019423111
-0.0002797299
-0.0008554592
-0.00045060576
-0.002724415
0.0003107823
0.002355316
-0.00084882765
0.0023527788
0.000863218
-0.001654915
-0.0032434717
-0.0033961933
0.001033563
0.0005288307
0.0024574434
-0.0037551308
6.7833666e-06
-0.0019133947
0.00017436346
-0.0032027436
-0.0024167765
0.00021830873
-0.0035007563
-0.00090093876
0.0003272828
0.00027927547
0.0013492785
-0.0017577069
-0.0016279053
0.0020513614
-0.00026927056
-0.00633621
-0.004295679
-0.0033297043
0.004822064
0.0013303291
-0.0026003234
0.001641306
-2.2941967e-05
-0.003027313
0.002064394
-0.0024314113
-0.0002683158
-0.0012848106
0.00027057098
0.0037603206
-0.0003375478
0.0033152334
-0.003033078
0.00046274642
-0.0020442852
-0.005286967
0.0028456126
0.0007584926
-0.003144724
0.00068820495
0.0015840684
0.001086483
-0.0019699242
0.0022310389
0.003118609
-0.00014379277
0.0022175075
0.0010416989
0.0024791958
-0.003405761
0.0017324369
0.0029944985
-0.00051620125
0.0036566863
-0.0020225234
0.00026752608
0.0018305815
0.00050811167
-0.003722726
-0.0016813474
0.0024154633
-0.0035793316
-0.0013692183
0.0015567413
-0.0028730452
-0.0017372892
-0.0037985705
0.0025989958
0.0035410344
-0.005582152
0.0023144388
0.0002222989
-0.002043437
7.22106e-05
-0.000940467
0.0026786954
0.0009829493
-0.00010399921
-0.00085698155
-0.0009871757
0.00024737118
-0.0023851588
3.7741313e-05
0.0033242637
-0.0046079406
-0.0008259181
-0.0012703118
0.00035433623
0.0058979923
0.001192532
1.2378601e-07
-0.0010108143
0.0016909043
-0.00029919148
-0.003935521
-0.001097796
0.0015628929
-0.0032348628
0.0009459286
-0.0005870598
-0.0014254542
0.0009053623
0.002874436
-0.00077100535
0.00035137532
-0.0035706416
-0.00097400084
0.0008608
-0.00030061186
-0.0010200326
0.00088787655
4.1486146e-05
0.0007907432
6.001756e-05
-0.0022128215
-0.004103205
-0.00067197526
0.0019332902
-0.0021708994
0.004330532
0.0012093304
-0.0026567024
-0.0020684125
-0.005261307
-8.78245e-06
0.00037720217
0.0012902167
-0.003257065
-0.0013073394
0.0025295697
0.0032745968
0.0018273647
-0.009068272
0.0023700327
0.0011142563
0.0005592544
test_mean_abs_value
0.9120369
0.90479034
0.8813153
0.7960804
1.0025382
0.9428751
1.0751936
0.9722908
0.7616137
1.2144902
0.9165264
1.0839871
0.87882566
0.8569809
0.8461695
0.89436597
1.0313553
0.8756069
1.0242182
0.9172442
0.78146774
0.9037321
0.9830498
0.96096206
1.1513495
0.84632707
0.834064
0.9180616
0.88495535
1.0526792
0.9735864
0.82400644
0.96689844
1.0504473
0.8712605
1.00816
0.9973212
0.9368818
0.8633973
1.0635811
1.0143201
0.8945681
0.7544829
0.81595546
0.89402175
0.9838872
0.7817934
1.1126244
0.9616435
0.8180808
0.98059535
0.9155991
0.83085907
0.93187857
0.86343884
0.9676144
1.0711042
1.0182904
0.97757035
0.9200684
0.85003054
0.7578052
0.9899461
1.0827795
0.8728724
0.9358059
0.68919295
1.0298095
1.229533
0.7641916
0.9219967
1.066208
1.0388873
0.9178657
0.79001725
0.9378466
0.75301486
0.8087204
0.9746815
1.1309227
0.7922847
0.9306058
0.92466587
0.8207293
0.8519207
0.7599612
1.1479812
1.096508
0.9879787
0.93810207
1.0462409
0.80788344
0.7496916
1.0969146
0.7963369
0.82073796
0.7852095
0.8772102
1.0207987
0.93674713
0.7838179
1.0583539
0.98299164
0.8065051
0.7611379
0.98870724
1.1471099
0.6389954
0.68919986
0.9568323
0.7804189
0.9293181
0.78750336
0.8724628
1.0010766
0.7459481
0.88561124
0.6924741
0.8110796
0.95311046
0.6901149
0.886656
0.8305139
1.0310959
0.757229
0.7566233
0.9324493
0.7190188
1.1163732
0.83755624
1.0235202
0.7909083
0.8361106
1.052798
0.9086564
1.0538954
0.8190275
0.9587029
0.93989795
1.0387952
0.86640376
0.76253897
0.86430633
0.7403177
1.1075885
0.90724236
0.92474616
0.8454453
0.9050269
0.9236906
0.804823
0.7855659
1.0331322
1.0585682
0.9089991
0.9118795
1.0517015
1.2649722
0.9393889
0.8481903
1.0981598
0.88229805
0.8663483
0.8409373
0.87882644
0.8673674
0.8249093
1.0973655
0.99588937
0.78966314
0.83612585
0.88874424
1.1381471
0.99089766
0.89261734
1.1611884
0.9553745
0.72133386
0.944329
0.90359706
0.8449083
1.060172
0.7790247
0.81584626
1.032308
1.0429742
1.1224052
0.7414544
0.9712415
1.0866193
1.0116655
0.71765435
1.0763471
0.8791498
1.1484567
0.794044
0.8434868
0.73648566
0.7930865
1.1426764
0.7500528
0.8982873
0.82855207
0.8347622
1.0034935
0.92993027
0.9226567
1.0653988
0.9774746
0.9546041
0.9255672
0.86375254
0.95513284
0.9865348
0.95559406
0.9386795
1.1859264
1.0947059
0.73147625
1.0030546
1.0206958
0.97928107
0.9844085
0.7869794
0.9935122
0.9222654
1.0331923
0.98136276
1.0123209
0.67852724
0.9235896
0.7750283
0.7136835
0.73246276
0.88538414
0.9553567
1.0266312
0.84218353
0.8922843
0.8676139
0.80959046
1.0258707
0.8542436
0.881269
0.926418
0.75535405
0.9487749
0.92935663
1.2250094
0.913559
0.862636
0.9949706
0.9900544
0.95478183
0.91143334
0.88356155
test_variance_value
1.3181978
1.2979914
1.2373278
1.027616
1.5794115
1.400118
1.8539811
1.4985647
0.92232305
2.3637552
1.3511542
1.8827944
1.2290742
1.1663026
1.1379682
1.2695763
1.7520937
1.2348857
1.6923282
1.3231698
0.9656008
1.2930858
1.5517032
1.460458
2.1233094
1.1334771
1.1099459
1.3426399
1.2564087
1.8136857
1.4920079
1.0780444
1.4807233
1.7473817
1.199339
1.601928
1.6027154
1.403771
1.1782433
1.8528281
1.6384041
1.3093609
0.9464478
1.0751898
1.2646406
1.5277727
0.995262
1.9690762
1.4685678
1.0613649
1.5509863
1.3356442
1.0943658
1.3793002
1.1885816
1.5042639
1.8585231
1.684442
1.5404474
1.3351486
1.1491194
0.92241716
1.5782071
1.8707577
1.2365047
1.3963823
0.7503804
1.7304229
2.4180756
0.937309
1.3505275
1.8065627
1.7675878
1.3438975
0.98103637
1.426657
0.89777625
1.0511268
1.5408429
2.059394
1.0183892
1.3671824
1.381238
1.0846173
1.1520365
0.9257697
2.1511242
1.9187158
1.5760785
1.4191734
1.7533301
1.0537378
0.9148895
1.9717093
1.0214837
1.0646133
0.98947436
1.2157167
1.6719741
1.3968127
0.9996848
1.8034377
1.5799038
1.0722417
0.92786515
1.5582539
2.1046212
0.6519846
0.7621081
1.4914557
0.988925
1.3843802
0.9947548
1.2145396
1.6095133
0.8844739
1.2630129
0.7708811
1.047039
1.4387182
0.7637391
1.2427672
1.0949411
1.6951144
0.9247018
0.9551571
1.3935674
0.8564079
2.06163
1.1124849
1.6849856
0.98200357
1.1043283
1.7802691
1.3008759
1.7758791
1.0764167
1.4631813
1.406838
1.7081081
1.2203411
0.93049234
1.2024254
0.88539225
1.9879352
1.3063157
1.3519001
1.1360664
1.2901324
1.3582677
1.0427666
0.97117376
1.6843654
1.784042
1.335234
1.3158163
1.7882681
2.5499542
1.4277048
1.158947
1.9061025
1.2380326
1.2056317
1.1410809
1.2266892
1.2037458
1.0927676
1.9161487
1.6244614
0.9920375
1.1548858
1.2474536
2.105012
1.564637
1.2762209
2.2069297
1.4770752
0.8398371
1.4563435
1.3030899
1.1259162
1.8032311
0.97453773
1.0685856
1.688944
1.7173789
2.0559478
0.884538
1.490745
1.8873183
1.6555151
0.8283364
1.8882487
1.2212347
2.0996964
1.0160625
1.1346447
0.880801
1.0022726
2.09556
0.9001372
1.2822125
1.1033621
1.0981001
1.6607213
1.3870046
1.401162
1.802604
1.5123497
1.4754499
1.3619809
1.1754239
1.50114
1.5462927
1.4903994
1.4047352
2.2688155
1.9033194
0.85535157
1.5974792
1.6633183
1.5632837
1.5505581
0.9882165
1.6014606
1.3637851
1.7051452
1.5446755
1.6199262
0.75526106
1.3703421
0.97493
0.8185064
0.8612547
1.2532613
1.4442914
1.6857709
1.1305026
1.2811065
1.2272811
1.0512078
1.6756554
1.1906071
1.2504957
1.3643472
0.91527575
1.4462146
1.3588014
2.402991
1.3414888
1.1948826
1.5926698
1.5569838
1.4960239
1.3087255
1.2660904
test_mean_costs
0.0
0.0
0.0
0.0
0.0
0.0
0.0
0.0
0.0
0.0
0.0
0.0
0.0
0.0
0.0
0.0
0.0
0.0
0.0
0.0
0.0
0.0
0.0
0.0
0.0
0.0
0.0
0.0
0.0
0.0
0.0
0.0
0.0
0.0
0.0
0.0
0.0
0.0
0.0
0.0
0.0
0.0
0.0
0.0
0.0
0.0
0.0
0.0
0.0
0.0
0.0
0.0
0.0
0.0
0.0
0.0
0.0
0.0
0.0
0.0
0.0
0.0
0.0
0.0
0.0
0.0
0.0
0.0
0.0
0.0
0.0
0.0
0.0
0.0
0.0
0.0
0.0
0.0
0.0
0.0
0.0
0.0
0.0
0.0
0.0
0.0
0.0
0.0
0.0
0.0
0.0
0.0
0.0
0.0
0.0
0.0
0.0
0.0
0.0
0.0
0.0
0.0
0.0
0.0
0.0
0.0
0.0
0.0
0.0
0.0
0.0
0.0
0.0
0.0
0.0
0.0
0.0
0.0
0.0
0.0
0.0
0.0
0.0
0.0
0.0
0.0
0.0
0.0
0.0
0.0
0.0
0.0
0.0
0.0
0.0
0.0
0.0
0.0
0.0
0.0
0.0
0.0
0.0
0.0
0.0
0.0
0.0
0.0
0.0
0.0
0.0
0.0
0.0
0.0
0.0
0.0
0.0
0.0
0.0
0.0
0.0
0.0
0.0
0.0
0.0
0.0
0.0
0.0
0.0
0.0
0.0
0.0
0.0
0.0
0.0
0.0
0.0
0.0
0.0
0.0
0.0
0.0
0.0
0.0
0.0
0.0
0.0
0.0
0.0
0.0
0.0
0.0
0.0
0.0
0.0
0.0
0.0
0.0
0.0
0.0
0.0
0.0
0.0
0.0
0.0
0.0
0.0
0.0
0.0
0.0
0.0
0.0
0.0
0.0
0.0
0.0
0.0
0.0
0.0
0.0
0.0
0.0
0.0
0.0
0.0
0.0
0.0
0.0
0.0
0.0
0.0
0.0
0.0
0.0
0.0
0.0
0.0
0.0
0.0
0.0
0.0
0.0
0.0
0.0
0.0
0.0
0.0
0.0
0.0
0.0
0.0
0.0
0.0
0.0
0.0
0.0
test_mean_abs_costs
0.0
0.0
0.0
0.0
0.0
0.0
0.0
0.0
0.0
0.0
0.0
0.0
0.0
0.0
0.0
0.0
0.0
0.0
0.0
0.0
0.0
0.0
0.0
0.0
0.0
0.0
0.0
0.0
0.0
0.0
0.0
0.0
0.0
0.0
0.0
0.0
0.0
0.0
0.0
0.0
0.0
0.0
0.0
0.0
0.0
0.0
0.0
0.0
0.0
0.0
0.0
0.0
0.0
0.0
0.0
0.0
0.0
0.0
0.0
0.0
0.0
0.0
0.0
0.0
0.0
0.0
0.0
0.0
0.0
0.0
0.0
0.0
0.0
0.0
0.0
0.0
0.0
0.0
0.0
0.0
0.0
0.0
0.0
0.0
0.0
0.0
0.0
0.0
0.0
0.0
0.0
0.0
0.0
0.0
0.0
0.0
0.0
0.0
0.0
0.0
0.0
0.0
0.0
0.0
0.0
0.0
0.0
0.0
0.0
0.0
0.0
0.0
0.0
0.0
0.0
0.0
0.0
0.0
0.0
0.0
0.0
0.0
0.0
0.0
0.0
0.0
0.0
0.0
0.0
0.0
0.0
0.0
0.0
0.0
0.0
0.0
0.0
0.0
0.0
0.0
0.0
0.0
0.0
0.0
0.0
0.0
0.0
0.0
0.0
0.0
0.0
0.0
0.0
0.0
0.0
0.0
0.0
0.0
0.0
0.0
0.0
0.0
0.0
0.0
0.0
0.0
0.0
0.0
0.0
0.0
0.0
0.0
0.0
0.0
0.0
0.0
0.0
0.0
0.0
0.0
0.0
0.0
0.0
0.0
0.0
0.0
0.0
0.0
0.0
0.0
0.0
0.0
0.0
0.0
0.0
0.0
0.0
0.0
0.0
0.0
0.0
0.0
0.0
0.0
0.0
0.0
0.0
0.0
0.0
0.0
0.0
0.0
0.0
0.0
0.0
0.0
0.0
0.0
0.0
0.0
0.0
0.0
0.0
0.0
0.0
0.0
0.0
0.0
0.0
0.0
0.0
0.0
0.0
0.0
0.0
0.0
0.0
0.0
0.0
0.0
0.0
0.0
0.0
0.0
0.0
0.0
0.0
0.0
0.0
0.0
0.0
0.0
0.0
0.0
0.0
0.0
test_variance_costs
0.0
0.0
0.0
0.0
0.0
0.0
0.0
0.0
0.0
0.0
0.0
0.0
0.0
0.0
0.0
0.0
0.0
0.0
0.0
0.0
0.0
0.0
0.0
0.0
0.0
0.0
0.0
0.0
0.0
0.0
0.0
0.0
0.0
0.0
0.0
0.0
0.0
0.0
0.0
0.0
0.0
0.0
0.0
0.0
0.0
0.0
0.0
0.0
0.0
0.0
0.0
0.0
0.0
0.0
0.0
0.0
0.0
0.0
0.0
0.0
0.0
0.0
0.0
0.0
0.0
0.0
0.0
0.0
0.0
0.0
0.0
0.0
0.0
0.0
0.0
0.0
0.0
0.0
0.0
0.0
0.0
0.0
0.0
0.0
0.0
0.0
0.0
0.0
0.0
0.0
0.0
0.0
0.0
0.0
0.0
0.0
0.0
0.0
0.0
0.0
0.0
0.0
0.0
0.0
0.0
0.0
0.0
0.0
0.0
0.0
0.0
0.0
0.0
0.0
0.0
0.0
0.0
0.0
0.0
0.0
0.0
0.0
0.0
0.0
0.0
0.0
0.0
0.0
0.0
0.0
0.0
0.0
0.0
0.0
0.0
0.0
0.0
0.0
0.0
0.0
0.0
0.0
0.0
0.0
0.0
0.0
0.0
0.0
0.0
0.0
0.0
0.0
0.0
0.0
0.0
0.0
0.0
0.0
0.0
0.0
0.0
0.0
0.0
0.0
0.0
0.0
0.0
0.0
0.0
0.0
0.0
0.0
0.0
0.0
0.0
0.0
0.0
0.0
0.0
0.0
0.0
0.0
0.0
0.0
0.0
0.0
0.0
0.0
0.0
0.0
0.0
0.0
0.0
0.0
0.0
0.0
0.0
0.0
0.0
0.0
0.0
0.0
0.0
0.0
0.0
0.0
0.0
0.0
0.0
0.0
0.0
0.0
0.0
0.0
0.0
0.0
0.0
0.0
0.0
0.0
0.0
0.0
0.0
0.0
0.0
0.0
0.0
0.0
0.0
0.0
0.0
0.0
0.0
0.0
0.0
0.0
0.0
0.0
0.0
0.0
0.0
0.0
0.0
0.0
0.0
0.0
0.0
0.0
0.0
0.0
0.0
0.0
0.0
0.0
0.0
0.0
test_mean_wealth
-2.4419346
-2.4776535
-2.4429028
-2.4177232
-2.3033001
-2.4544427
-2.336427
-2.4105694
-2.3366663
-2.494203
-2.3873458
-2.4020212
-2.2939239
-2.5301936
-2.436046
-2.460819
-2.4504006
-2.3433166
-2.3488328
-2.4659586
-2.3305447
-2.5292792
-2.4332952
-2.553973
-2.447396
-2.3919694
-2.5780017
-2.4286938
-2.5097294
-2.581064
-2.3204057
-2.3881142
-2.4595845
-2.3272824
-2.4931278
-2.429794
-2.284055
-2.3269491
-2.4329507
-2.311026
-2.3852518
-2.3752713
-2.3454425
-2.5292428
-2.4244437
-2.4470417
-2.2992105
-2.4106843
-2.4024386
-2.36026
-2.4440286
-2.4696836
-2.5067797
-2.4133198
-2.3225315
-2.3024025
-2.4770088
-2.4630058
-2.4461322
-2.378679
-2.405558
-2.4340947
-2.3626013
-2.378786
-2.5310328
-2.3733644
-2.3961654
-2.3144412
-2.5082097
-2.4206645
-2.3311176
-2.3405838
-2.3809717
-2.330547
-2.3068445
-2.465328
-2.3519607
-2.3841372
-2.4250233
-2.4220378
-2.4425406
-2.4294062
-2.3361163
-2.31861
-2.456803
-2.3695004
-2.4563348
-2.3727975
-2.390067
-2.3197165
-2.3740487
-2.448024
-2.3952646
-2.5063574
-2.394169
-2.3207698
-2.2717674
-2.3985906
-2.5684726
-2.5051882
-2.3982053
-2.4965534
-2.3691432
-2.390296
-2.3285725
-2.4838011
-2.4512799
-2.181817
-2.386161
-2.4662993
-2.3998892
-2.3724763
-2.5223835
-2.3845608
-2.5201697
-2.326887
-2.2237382
-2.4176397
-2.3668702
-2.4968913
-2.2673807
-2.4373565
-2.2432785
-2.441492
-2.455242
-2.1632946
-2.412557
-2.294488
-2.5672493
-2.3250513
-2.5097687
-2.3945923
-2.4448738
-2.44559
-2.46823
-2.4350874
-2.4621923
-2.444408
-2.448798
-2.3400228
-2.4298
-2.284291
-2.3902962
-2.307292
-2.3532493
-2.4050353
-2.3813388
-2.457431
-2.5288105
-2.552807
-2.3726044
-2.417154
-2.566282
-2.472074
-2.3722682
-2.4576323
-2.482477
-2.402998
-2.3307981
-2.4120672
-2.5004013
-2.4229333
-2.484538
-2.3326287
-2.3355954
-2.620436
-2.3958287
-2.3224642
-2.506648
-2.3420272
-2.4639556
-2.4464264
-2.378929
-2.5822573
-2.6363425
-2.4420762
-2.4836402
-2.3847122
-2.4623942
-2.3069224
-2.4810064
-2.5282457
-2.4249563
-2.3438103
-2.4217098
-2.4467921
-2.3506815
-2.3352165
-2.4094057
-2.4678564
-2.3146515
-2.369847
-2.4158778
-2.2702358
-2.242242
-2.275888
-2.4816089
-2.416689
-2.537929
-2.263146
-2.4226
-2.3220227
-2.456263
-2.3721318
-2.4957774
-2.5157924
-2.387168
-2.4820974
-2.4860325
-2.3563743
-2.39414
-2.3343928
-2.53695
-2.4643922
-2.361097
-2.5091543
-2.4484632
-2.3202648
-2.567274
-2.3627126
-2.462952
-2.390216
-2.297638
-2.5307286
-2.6027226
-2.4127982
-2.4212534
-2.4432542
-2.5209665
-2.296882
-2.2792788
-2.335227
-2.3555925
-2.4306588
-2.3492877
-2.3598146
-2.486805
-2.3348334
-2.43322
-2.27003
-2.355873
-2.4340112
-2.3703828
-2.4426072
-2.4889452
-2.3955278
-2.4666219
-2.397463
-2.4610894
-2.3546162
-2.4022603
-2.3316133
-2.2988725
-2.3887038
-2.6073413
-2.5222144
test_mean_abs_wealth
2.4419346
2.4776535
2.4429028
2.4177232
2.3033001
2.4544427
2.336427
2.4105694
2.3366663
2.494203
2.3873458
2.4020212
2.2939239
2.5301936
2.436046
2.460819
2.4504006
2.3433166
2.3488328
2.4659586
2.3305447
2.5292792
2.4332952
2.553973
2.447396
2.3919694
2.5780017
2.4286938
2.5097294
2.581064
2.3204057
2.3881142
2.4595845
2.3272824
2.4931278
2.429794
2.284055
2.3269491
2.4329507
2.311026
2.3852518
2.3752713
2.3454425
2.5292428
2.4244437
2.4470417
2.2992105
2.4106843
2.4024386
2.36026
2.4440286
2.4696836
2.5067797
2.4133198
2.3225315
2.3024025
2.4770088
2.4630058
2.4461322
2.378679
2.405558
2.4340947
2.3626013
2.378786
2.5310328
2.3733644
2.3961654
2.3144412
2.5082097
2.4206645
2.3311176
2.3405838
2.3809717
2.330547
2.3068445
2.465328
2.3519607
2.3841372
2.4250233
2.4220378
2.4425406
2.4294062
2.3361163
2.31861
2.456803
2.3695004
2.4563348
2.3727975
2.390067
2.3197165
2.3740487
2.448024
2.3952646
2.5063574
2.394169
2.3207698
2.2717674
2.3985906
2.5684726
2.5051882
2.3982053
2.4965534
2.3691432
2.390296
2.3285725
2.4838011
2.4512799
2.181817
2.386161
2.4662993
2.3998892
2.3724763
2.5223835
2.3845608
2.5201697
2.326887
2.2237382
2.4176397
2.3668702
2.4968913
2.2673807
2.4373565
2.2432785
2.441492
2.455242
2.1632946
2.412557
2.294488
2.5672493
2.3250513
2.5097687
2.3945923
2.4448738
2.44559
2.46823
2.4350874
2.4621923
2.444408
2.448798
2.3400228
2.4298
2.284291
2.3902962
2.307292
2.3532493
2.4050353
2.3813388
2.457431
2.5288105
2.552807
2.3726044
2.417154
2.566282
2.472074
2.3722682
2.4576323
2.482477
2.402998
2.3307981
2.4120672
2.5004013
2.4229333
2.484538
2.3326287
2.3355954
2.620436
2.3958287
2.3224642
2.506648
2.3420272
2.4639556
2.4464264
2.378929
2.5822573
2.6363425
2.4420762
2.4836402
2.3847122
2.4623942
2.3069224
2.4810064
2.5282457
2.4249563
2.3438103
2.4217098
2.4467921
2.3506815
2.3352165
2.4094057
2.4678564
2.3146515
2.369847
2.4158778
2.2702358
2.242242
2.275888
2.4816089
2.416689
2.537929
2.263146
2.4226
2.3220227
2.456263
2.3721318
2.4957774
2.5157924
2.387168
2.4820974
2.4860325
2.3563743
2.39414
2.3343928
2.53695
2.4643922
2.361097
2.5091543
2.4484632
2.3202648
2.567274
2.3627126
2.462952
2.390216
2.297638
2.5307286
2.6027226
2.4127982
2.4212534
2.4432542
2.5209665
2.296882
2.2792788
2.335227
2.3555925
2.4306588
2.3492877
2.3598146
2.486805
2.3348334
2.43322
2.27003
2.355873
2.4340112
2.3703828
2.4426072
2.4889452
2.3955278
2.4666219
2.397463
2.4610894
2.3546162
2.4022603
2.3316133
2.2988725
2.3887038
2.6073413
2.5222144
test_variance_wealth
0.04591857
0.04690755
0.043739434
0.043049075
0.036456503
0.045783963
0.040488582
0.040327374
0.041901402
0.048843015
0.03779819
0.041397773
0.039813668
0.048539855
0.047585588
0.044171866
0.045361456
0.04214763
0.04201793
0.04245572
0.039396413
0.04713762
0.044090837
0.04306457
0.04557504
0.04197469
0.04650427
0.042402077
0.041007727
0.05067669
0.040899064
0.03845136
0.040693846
0.0418716
0.047412667
0.04046043
0.03771215
0.03688217
0.0433341
0.045138758
0.043952424
0.039181344
0.04662994
0.044736497
0.042745896
0.044359837
0.03847677
0.040544905
0.042117923
0.04353319
0.045371894
0.042284846
0.041780353
0.03950287
0.038504086
0.0388301
0.048744664
0.04873387
0.044850416
0.04169536
0.04128054
0.04270873
0.039052084
0.038612086
0.048879668
0.03984196
0.03767504
0.04390092
0.048494536
0.041360877
0.03802347
0.037793975
0.04381091
0.038393117
0.041420303
0.04360989
0.038174864
0.044062123
0.043500207
0.04622146
0.042305008
0.03941161
0.04041755
0.04268029
0.044113852
0.04377905
0.045745485
0.040775396
0.04447508
0.04014891
0.040942598
0.043478377
0.046235226
0.05313466
0.042135987
0.03552279
0.033881556
0.045691177
0.047368668
0.04460427
0.040052563
0.044382162
0.04262937
0.042534135
0.037097353
0.046037085
0.03970982
0.035641473
0.04288399
0.04957861
0.039151024
0.04210589
0.045631666
0.043658145
0.051030237
0.039046552
0.037288826
0.043779172
0.034522817
0.04485677
0.04144035
0.037828125
0.038868453
0.041833565
0.04060471
0.035740584
0.04041075
0.042457063
0.05344452
0.03556652
0.046261474
0.040782496
0.04059674
0.044557642
0.041434914
0.041998632
0.043417778
0.038528346
0.041427646
0.03795279
0.043965384
0.03926598
0.045721672
0.037299145
0.04306126
0.04352813
0.03815249
0.048096307
0.04390132
0.048334632
0.03672375
0.039453372
0.046307378
0.04519664
0.05108676
0.042081207
0.04499658
0.044982444
0.04063686
0.04100725
0.039088976
0.041393325
0.04825785
0.03540401
0.045488965
0.047822658
0.04576794
0.040157527
0.05176494
0.03883971
0.052590113
0.042226654
0.043221947
0.050683618
0.048519578
0.04742973
0.04937722
0.043160465
0.04487714
0.039722066
0.045474228
0.040285964
0.04725865
0.040065028
0.041763727
0.041894294
0.042545784
0.038540803
0.040750414
0.039529163
0.04151918
0.041137382
0.045973886
0.038808055
0.03832764
0.037955523
0.049173795
0.046423513
0.04476717
0.036909863
0.04054248
0.03987717
0.041641235
0.03909799
0.053584833
0.044962607
0.0451057
0.046799943
0.047328133
0.043361254
0.039895643
0.03965962
0.04870412
0.0432977
0.040857594
0.046672456
0.048011564
0.040070143
0.048273373
0.038713552
0.044521358
0.042561144
0.03751295
0.041593447
0.051408708
0.0428558
0.042659774
0.042183537
0.048224933
0.03735702
0.038488906
0.04019081
0.0392707
0.04458389
0.04019071
0.039543543
0.04271541
0.040450744
0.040044222
0.037412576
0.04288305
0.041590743
0.044562362
0.04182184
0.045074224
0.04220742
0.04262429
0.040674828
0.042650167
0.045202922
0.048713002
0.040341437
0.03980704
0.041916348
0.04784515
0.04932343
test_wealth_with_price_abs_mean
0.16929044
0.17117977
0.16553651
0.16411634
0.15104777
0.16928074
0.1591141
0.15878889
0.16178598
0.17467234
0.15380485
0.16107301
0.15787272
0.174114
0.17230177
0.16622442
0.16833188
0.16228023
0.16214307
0.16302496
0.15700747
0.17178522
0.16604635
0.1641581
0.16889083
0.16219293
0.17050287
0.1630438
0.16047485
0.17792606
0.15998393
0.15531208
0.15959918
0.16172819
0.17215262
0.15944807
0.15358958
0.15203469
0.16465604
0.16761161
0.16559328
0.15674
0.17062397
0.1673852
0.16361873
0.16665182
0.15511602
0.15927166
0.16240333
0.16486047
0.16827245
0.16279513
0.16198379
0.15726939
0.15525883
0.15595263
0.17469937
0.17442933
0.16764319
0.1615945
0.16065873
0.16341715
0.15644002
0.15552872
0.17474958
0.15801457
0.15371588
0.16558255
0.17429467
0.16083924
0.15422346
0.15386397
0.16569836
0.15519173
0.16096994
0.16526148
0.15451744
0.1657783
0.16494139
0.16982321
0.16255374
0.15720756
0.15878859
0.16354667
0.1661697
0.1655009
0.16903879
0.1597823
0.16672286
0.15839098
0.16003625
0.16489391
0.16994576
0.18216828
0.16209328
0.14910337
0.14574653
0.16899951
0.17220877
0.16719839
0.15822738
0.1666379
0.16326348
0.16309369
0.15242176
0.1696449
0.15773101
0.14916933
0.16346724
0.17601347
0.15685882
0.16235206
0.16887033
0.16524267
0.17865965
0.15635732
0.15262784
0.16537476
0.14720877
0.16753186
0.16077682
0.15413283
0.15567882
0.16181558
0.15964235
0.14939529
0.15907124
0.16279544
0.18262546
0.14936806
0.1702245
0.15956028
0.1594611
0.16687025
0.16104776
0.16222379
0.1647196
0.155531
0.16119628
0.15410879
0.16560552
0.15667078
0.16908294
0.15273009
0.16412371
0.16488108
0.15456831
0.17331672
0.16570152
0.17396367
0.1517063
0.15731408
0.17025681
0.16814813
0.17831543
0.16231671
0.16774029
0.16765106
0.1594584
0.16026852
0.15650603
0.16089864
0.17354757
0.14893737
0.16833991
0.17291708
0.16928194
0.15852821
0.17990972
0.15599774
0.18093152
0.16270156
0.16421531
0.17771341
0.17426601
0.17208417
0.17540185
0.16438685
0.16763175
0.15775722
0.16874307
0.15908132
0.17149328
0.1582319
0.16168006
0.16195743
0.16291769
0.15526246
0.15979454
0.15754361
0.16095805
0.16043834
0.16952468
0.15576944
0.15477408
0.15404007
0.17522019
0.1702799
0.16736966
0.15178755
0.15937495
0.15787877
0.16156405
0.15652466
0.18278593
0.1679274
0.16782542
0.17100836
0.17211711
0.1646892
0.15801354
0.15758301
0.17466092
0.16479906
0.15983193
0.17064999
0.17304848
0.15822461
0.17375049
0.15567513
0.16690835
0.16306509
0.1532168
0.16144674
0.17926219
0.16388327
0.16325024
0.1625759
0.17377363
0.15296263
0.15494815
0.15879449
0.15686615
0.16684844
0.15862362
0.15736653
0.16362053
0.15903665
0.15835303
0.15295216
0.16380422
0.16125831
0.16663218
0.16187604
0.16786543
0.16251473
0.16318852
0.15954292
0.16352853
0.1680316
0.17435488
0.15884984
0.15784511
0.1618468
0.17318016
0.17564042
test_wealth_with_price_variance
0.04591857
0.04690755
0.043739434
0.043049075
0.036456503
0.045783963
0.040488582
0.040327374
0.041901402
0.048843015
0.03779819
0.041397773
0.039813668
0.048539855
0.047585588
0.044171866
0.045361456
0.04214763
0.04201793
0.04245572
0.039396413
0.04713762
0.044090837
0.04306457
0.04557504
0.04197469
0.04650427
0.042402077
0.041007727
0.05067669
0.040899064
0.03845136
0.040693846
0.0418716
0.047412667
0.04046043
0.03771215
0.03688217
0.0433341
0.045138758
0.043952424
0.039181344
0.04662994
0.044736497
0.042745896
0.044359837
0.03847677
0.040544905
0.042117923
0.04353319
0.045371894
0.042284846
0.041780353
0.03950287
0.038504086
0.0388301
0.048744664
0.04873387
0.044850416
0.04169536
0.04128054
0.04270873
0.039052084
0.038612086
0.048879668
0.03984196
0.03767504
0.04390092
0.048494536
0.041360877
0.03802347
0.037793975
0.04381091
0.038393117
0.041420303
0.04360989
0.038174864
0.044062123
0.043500207
0.04622146
0.042305008
0.03941161
0.04041755
0.04268029
0.044113852
0.04377905
0.045745485
0.040775396
0.04447508
0.04014891
0.040942598
0.043478377
0.046235226
0.05313466
0.042135987
0.03552279
0.033881556
0.045691177
0.047368668
0.04460427
0.040052563
0.044382162
0.04262937
0.042534135
0.037097353
0.046037085
0.03970982
0.035641473
0.04288399
0.04957861
0.039151024
0.04210589
0.045631666
0.043658145
0.051030237
0.039046552
0.037288826
0.043779172
0.034522817
0.04485677
0.04144035
0.037828125
0.038868453
0.041833565
0.04060471
0.035740584
0.04041075
0.042457063
0.05344452
0.03556652
0.046261474
0.040782496
0.04059674
0.044557642
0.041434914
0.041998632
0.043417778
0.038528346
0.041427646
0.03795279
0.043965384
0.03926598
0.045721672
0.037299145
0.04306126
0.04352813
0.03815249
0.048096307
0.04390132
0.048334632
0.03672375
0.039453372
0.046307378
0.04519664
0.05108676
0.042081207
0.04499658
0.044982444
0.04063686
0.04100725
0.039088976
0.041393325
0.04825785
0.03540401
0.045488965
0.047822658
0.04576794
0.040157527
0.05176494
0.03883971
0.052590113
0.042226654
0.043221947
0.050683618
0.048519578
0.04742973
0.04937722
0.043160465
0.04487714
0.039722066
0.045474228
0.040285964
0.04725865
0.040065028
0.041763727
0.041894294
0.042545784
0.038540803
0.040750414
0.039529163
0.04151918
0.041137382
0.045973886
0.038808055
0.03832764
0.037955523
0.049173795
0.046423513
0.04476717
0.036909863
0.04054248
0.03987717
0.041641235
0.03909799
0.053584833
0.044962607
0.0451057
0.046799943
0.047328133
0.043361254
0.039895643
0.03965962
0.04870412
0.0432977
0.040857594
0.046672456
0.048011564
0.040070143
0.048273373
0.038713552
0.044521358
0.042561144
0.03751295
0.041593447
0.051408708
0.0428558
0.042659774
0.042183537
0.048224933
0.03735702
0.038488906
0.04019081
0.0392707
0.04458389
0.04019071
0.039543543
0.04271541
0.040450744
0.040044222
0.037412576
0.04288305
0.041590743
0.044562362
0.04182184
0.045074224
0.04220742
0.04262429
0.040674828
0.042650167
0.045202922
0.048713002
0.040341437
0.03980704
0.041916348
0.04784515
0.04932343
price
2.4419184
2.4770455
2.4426441
2.417503
2.3030992
2.4541235
2.3355424
2.410357
2.3362427
2.4936094
2.3870735
2.401758
2.2937317
2.5299988
2.4359515
2.4609628
2.449921
2.3425741
2.3490386
2.4655125
2.3305078
2.52858
2.433019
2.553771
2.4476476
2.391493
2.5776591
2.4284575
2.50991
2.580268
2.3204029
2.3875878
2.4588804
2.3273995
2.4927838
2.43003
2.2838845
2.3272505
2.4327765
2.310319
2.384348
2.37531
2.3457432
2.5292037
2.4237397
2.4468448
2.2991319
2.4099698
2.4016283
2.3606832
2.4434137
2.4693966
2.5066009
2.412993
2.322901
2.3024127
2.4768708
2.4631455
2.4457755
2.378453
2.4054182
2.4340024
2.3622658
2.3789887
2.5306535
2.3728757
2.3952615
2.3139205
2.507637
2.4197614
2.3298824
2.3404436
2.3803585
2.3309278
2.306036
2.464888
2.3516257
2.3838933
2.4255688
2.422579
2.4421222
2.4293842
2.3351252
2.3186922
2.4568589
2.369752
2.455657
2.3722935
2.3899496
2.3194103
2.373914
2.4475043
2.3945832
2.5059884
2.3936596
2.319746
2.2717402
2.3985848
2.5682735
2.5051956
2.3976235
2.496365
2.3682594
2.389903
2.3286524
2.4830134
2.4513006
2.1822183
2.3856988
2.4661193
2.3999705
2.3725336
2.5220733
2.3841708
2.5198681
2.326813
2.2234685
2.4167778
2.3672578
2.4963057
2.2676091
2.4371328
2.2428024
2.4407876
2.4550066
2.1631165
2.4125385
2.2939727
2.5666656
2.3243022
2.5091374
2.3942776
2.4450197
2.445015
2.467161
2.4351282
2.461923
2.444386
2.4484456
2.339934
2.4295468
2.284061
2.3897705
2.3068523
2.352969
2.4053364
2.380943
2.4574187
2.5286126
2.5521147
2.3716652
2.4173346
2.5662386
2.4714847
2.3723276
2.4575133
2.4818473
2.403561
2.3300838
2.4118993
2.4990792
2.4231367
2.4842741
2.3326912
2.3347013
2.6200995
2.3955474
2.3221278
2.5060828
2.341765
2.463619
2.4463897
2.3784134
2.581407
2.6366012
2.4416862
2.4826937
2.384324
2.4621878
2.3065896
2.48133
2.5280972
2.424295
2.3439584
2.4211977
2.4462483
2.350525
2.3357782
2.4094214
2.4671805
2.3136585
2.369171
2.4152453
2.2705033
2.2418652
2.2754207
2.4808667
2.4164062
2.5374665
2.2629209
2.4226658
2.32096
2.456102
2.372298
2.4955053
2.515778
2.386593
2.4817555
2.4861643
2.3557405
2.3933256
2.334049
2.536568
2.4639406
2.360843
2.5083756
2.4483
2.3199615
2.5673535
2.3627894
2.4629493
2.390434
2.297229
2.531364
2.602289
2.4129364
2.4207861
2.4426692
2.5214295
2.2960525
2.2787998
2.3350286
2.3555276
2.4301133
2.349199
2.3595214
2.4863722
2.3346803
2.4331598
2.269076
2.3557048
2.4334505
2.3704894
2.4421074
2.4882748
2.395106
2.4655585
2.3969634
2.4608178
2.3541543
2.401649
2.331112
2.298952
2.3881466
2.607881
2.5224123
train_time
0.38617599999999985
0.3866908000000002
0.3562566000000018
0.355326299999998
0.46107640000000316
0.3515490999999997
0.3469893999999982
0.3555479000000048
0.429673600000001
0.3381054999999975
0.3717024999999978
0.508524599999987
0.37643250000000705
0.3547654000000051
0.33963970000000643
0.3584017999999958
0.3385906000000034
0.35341440000000546
0.3401179999999897
0.5284739000000087
0.3652158000000014
0.34738830000000576
0.33911639999999466
0.3470186000000126
0.3536527999999919
0.34014759999999455
0.4816351999999995
0.5570921999999996
0.3569627999999909
0.3561288000000218
0.4354684999999847
0.3671093999999755
0.3424758999999824
0.3572642999999971
0.3508204000000035
0.352909000000011
0.3399258999999972
0.35267970000001014
0.6047756999999763
0.34642370000000255
0.37639760000001843
0.36508380000000784
0.36972339999999804
0.3672717999999975
0.3691728000000012
0.3467599999999891
0.33687559999998484
0.3566062999999531
0.36847160000002077
0.3563879999999813
0.34143130000001065
0.353483400000016
0.37554810000000316
0.3399913000000083
0.3310606000000007
0.3317636000000448
0.3668029000000388
0.3603749000000107
0.36867039999998497
0.3372335999999905
0.34048540000003413
0.3572922000000176
0.3365726000000109
0.34351910000003727
0.7273498000000131
0.36546880000003057
0.36608150000000705
0.3505614000000037
0.35904549999997926
0.35393280000005234
0.38518999999996595
0.3517720000000395
0.35079350000000886
0.32768340000001217
0.3580335000000332
0.3417967000000317
0.35557000000000016
0.3578954999999837
0.3613997999999583
0.33968019999997523
0.8214147999999568
0.4952570000000378
0.3458029999999894
0.40813040000000456
0.35619659999997566
0.3608254999999758
0.32513840000001437
0.3507617999999866
0.33684320000003254
0.34158089999999675
0.34051590000001397
0.33808219999991707
0.35406769999997323
0.3264313999999331
0.33589600000004793
0.3429844999999432
0.3394311000000698
0.33383850000006987
0.3405314999999973
0.3499837000000525
0.31079880000004323
0.3416275999999243
0.34630730000003496
0.3804076000000123
0.36126640000009047
0.35051610000004985
0.3317629000000579
0.35412730000007286
0.33780139999998937
0.3498892000000069
0.36764340000001994
0.32648010000002614
0.535719800000038
0.3380620000000363
0.3365886000000273
0.3423056000000315
0.3563452999999299
0.33935889999997926
0.33163309999997637
0.3655691999999817
0.32341770000005
0.3268848000000162
1.0515331999999944
0.343076300000007
0.3558609000000388
0.337295299999937
0.33835740000006354
0.3739216999999826
0.3478122000000212
0.33591210000008687
0.33583820000001197
0.33695829999999205
0.361392799999976
0.3457006999999521
0.3341674000000694
0.3366940999999315
0.45865040000001045
0.47420370000008916
0.33808620000002065
0.3395497000000205
0.3213184999999612
0.3228209000000106
0.33767709999995077
0.32104720000006637
0.34479190000001836
0.3344517000000451
0.3271468000000368
0.33861739999997553
0.3334427999999434
1.1983112000000347
0.33607439999991584
0.33725379999998495
0.3510232000000997
0.34284730000001673
0.3344938000000184
0.3442989000000125
0.33527379999998175
0.33336420000000544
0.34844169999996666
0.3313961000000063
0.33722580000005564
0.3313240999999607
0.3602811999999176
0.3650880000000143
0.3461158999999725
0.336571099999901
0.3496470999999701
0.37301479999996445
0.36951360000000477
0.42359720000001744
0.3778722000000698
0.4111900999999989
0.40292220000003454
0.35418990000005124
0.3538118999999824
0.3608424000000241
0.3534603000000516
0.3440868000000137
0.3495107999999618
0.3315479000000323
1.3985819000000674
0.3586416000000554
0.4080638000000363
0.3206083000000035
0.3276530000000548
0.32550590000005286
0.3260362000000896
0.33016109999994114
0.3363277000000835
0.33121329999994487
0.29932309999981044
0.42760260000000017
0.32175260000008166
0.3258815000001505
0.3135600999999042
0.32441579999999703
0.4179659999999785
0.3537890000000061
0.3339209999999184
0.3133784999999989
0.318697899999961
0.34718839999982265
0.3495852000000923
0.340840500000013
0.32364529999995284
0.32279819999985193
0.3144475000001421
0.32168670000010025
0.34216989999981706
0.3244580999999016
0.3094137000000501
0.33729670000002443
0.32182689999990544
0.3331313000001046
0.3397181999998793
0.3159064000001308
1.609876100000065
0.32913559999997233
0.33880900000008296
0.35997939999992923
0.33873560000006364
0.36583680000012464
0.33477210000000923
0.31386469999984
0.34532949999993434
0.35713160000000244
0.3402502999999797
0.3198302999999214
0.32826969999996436
0.31486610000001747
0.31797119999987444
0.3204533000000538
0.3192265000000134
0.3323508999999376
0.33162719999995716
0.3377378000000135
0.33750350000013896
0.34361650000005284
0.4099906999999803
0.35865279999984523
0.3406669000000875
0.34345059999986915
0.3488721999999598
0.3216829000000416
0.3262807999999495
0.31052980000004027
0.45786210000005667
0.40464029999998274
0.3104605000000902
0.34050630000001547
0.3208724000000984
0.32331120000003466
0.31277539999996407
0.34369149999997717
0.32493109999995795
0.34052120000001196


