================================================================================
=== continuous-time
train_risk
2.9851649
2.9044046
2.9234967
2.837546
2.7418573
2.9593606
2.8346689
2.9258046
2.7582793
2.9939125
2.8605099
2.84047
2.7700152
3.0565367
2.9146643
2.8825371
2.9336715
2.8679953
2.8280928
2.9231238
2.74479
2.9572115
2.9051142
3.0644634
2.8903365
2.7760823
3.1673872
2.9509296
3.0482082
3.1100576
2.784479
2.8499553
2.9210734
2.7814777
2.9922006
2.8892095
2.775157
2.7970476
2.8383193
2.7874436
2.919956
2.828303
2.7169523
3.0811524
2.9187136
2.9459987
2.7873497
2.9041562
2.8636243
2.8854244
2.861101
2.975367
3.0261827
2.832811
2.7007096
2.6931198
3.0581033
2.953615
2.8814213
2.823607
2.9142144
2.9162045
2.7884989
2.761081
3.0003488
2.784311
2.8257647
2.776322
3.017358
2.930925
2.7588158
2.841347
2.8667233
2.8227665
2.7594757
2.9002483
2.8186243
2.8815773
2.9570975
2.9252584
2.8716106
2.8395283
2.8471172
2.7376404
2.9288313
2.7746768
3.0205853
2.8554852
2.917743
2.7400126
2.7481296
3.012772
2.893833
2.9967973
2.8938413
2.6918244
2.6973467
2.8111873
3.1395025
2.9902942
2.8904147
2.9938126
2.7753358
2.7719877
2.7797902
2.999863
2.9226115
2.6190007
2.8404849
2.9476368
2.8622742
2.8148637
3.0955627
2.8473394
3.0663095
2.7712178
2.683991
2.8203416
2.8051977
2.9317808
2.773725
2.8795202
2.6142325
2.9209363
2.9020863
2.594623
2.8294222
2.793578
3.0367198
2.8112423
3.0289807
2.9172366
2.970118
2.9003756
2.910272
2.9368477
2.934298
2.9268057
2.951401
2.836914
2.971791
2.685101
2.841858
2.8098
2.7340899
2.8746433
2.8851237
2.917573
3.0191975
3.1356077
2.8483567
2.8965824
3.1057844
2.944463
2.80319
2.9482172
2.8955023
2.899582
2.7991364
2.9310718
2.9823158
2.8587208
2.9455657
2.8396425
2.806575
3.168555
2.8448293
2.7995877
2.9448638
2.8136873
2.9621515
2.921794
2.9627893
3.196081
3.151365
2.9685006
2.9421518
2.849085
2.9509718
2.7091362
2.976055
3.0338647
2.926663
2.7932081
2.8611276
2.9575765
2.8163638
2.805869
2.8344269
2.9425805
2.8201785
2.78575
2.8264644
2.6946352
2.6514435
2.6994104
2.9382577
2.852671
2.9492347
2.7353954
2.8556728
2.7731512
2.8803515
2.88877
2.962642
3.0751815
2.9271252
2.9361267
2.9601808
2.793781
2.8748147
2.7723768
3.0140746
2.986325
2.8216279
3.0391786
2.909127
2.757102
3.0619478
2.9177456
2.8926458
2.9082901
2.7705863
3.0470316
3.0943654
2.848697
2.8939588
2.9369552
2.9875681
2.7459488
2.6770191
2.7730217
2.8488028
2.8409443
2.827691
2.8453434
2.9818106
2.816184
2.8257334
2.6574676
2.7516026
2.9163604
2.811536
2.8697243
2.9983025
2.8232214
2.916783
2.8955243
2.9104066
2.7958164
2.8847837
2.8015962
2.709646
2.9229329
3.104741
3.0374858
test_risk
2.9941685
2.9076219
2.9354546
2.8354769
2.7325213
2.9961426
2.83207
2.9258702
2.756149
2.963977
2.8929887
2.8517113
2.751853
3.0782273
2.9116647
2.8848162
2.9284234
2.8509936
2.8587248
2.91799
2.738555
2.9735863
2.9182022
3.0454595
2.9332104
2.8151379
3.168149
2.9361265
3.0400012
3.1134834
2.8174548
2.843863
2.9291952
2.7999232
3.0003355
2.8991358
2.7483919
2.8282049
2.8568215
2.7737808
2.915197
2.8241727
2.7304225
3.0841146
2.9154873
2.90505
2.7788312
2.913307
2.855497
2.8491116
2.8928301
2.9813702
3.0217242
2.871335
2.7372406
2.7308657
3.053084
2.9560559
2.8974981
2.7841551
2.8765173
2.9411688
2.7834976
2.7849426
3.0111449
2.819842
2.8393455
2.7629466
2.9996426
2.908549
2.7727492
2.8229141
2.8649545
2.8205516
2.7467868
2.973791
2.8363352
2.937108
2.963417
2.9513102
2.8863149
2.862876
2.8581014
2.7189763
2.9274852
2.7813938
2.9988189
2.885331
2.9065254
2.7454333
2.7826934
3.0325532
2.897484
3.0077212
2.8723123
2.6969895
2.7327561
2.826173
3.1323657
2.9760125
2.8852894
2.9722178
2.8041134
2.815638
2.770479
2.9668047
2.9318972
2.608227
2.858368
2.941678
2.8517241
2.8127084
3.0834262
2.8801281
3.0480742
2.7861488
2.6641402
2.8676515
2.7922232
2.9616554
2.753927
2.9217706
2.6202064
2.9392076
2.8973818
2.586251
2.8187656
2.7618177
3.032358
2.8269658
3.0176609
2.9316962
2.953198
2.9264033
2.92077
2.9489686
2.924504
2.9247873
2.9440956
2.8069139
2.9651575
2.6757615
2.8197742
2.7850971
2.7778885
2.8380988
2.8520536
2.8973496
3.0006998
3.1251495
2.844673
2.873732
3.1168551
2.9677188
2.8354328
2.935426
2.913511
2.9056685
2.7936447
2.8983347
2.9898775
2.880126
2.9264088
2.8200254
2.8168452
3.1500196
2.829716
2.8063087
2.9899929
2.811986
2.9924016
2.9503355
2.9543188
3.1957257
3.1511474
2.944721
2.9417703
2.8621616
2.953126
2.737534
2.970692
3.022559
2.897989
2.7937713
2.8908846
2.9733586
2.8095
2.7972987
2.854735
2.9688535
2.801896
2.7938678
2.8165355
2.6973872
2.6583009
2.7100341
2.9432986
2.8297575
2.9843302
2.7505856
2.867798
2.7900894
2.914529
2.8587906
2.9503736
3.045225
2.9122477
2.9666946
2.961311
2.8346508
2.9002593
2.7969844
2.9983695
2.984008
2.817461
3.007159
2.9385147
2.7124906
3.0685277
2.8742006
2.9122193
2.9006681
2.7992868
3.0740104
3.1192164
2.8941436
2.896686
2.901966
3.0009303
2.7482233
2.6871397
2.773146
2.8373675
2.8697488
2.826642
2.848003
2.9995358
2.8218508
2.8420098
2.6885226
2.7718892
2.9165506
2.8276696
2.8947105
2.9779744
2.8163848
2.924467
2.9181676
2.9130428
2.8068264
2.8874993
2.7869813
2.6942768
2.8986123
3.1132338
3.0671167
test_mean_value
0.00015657286
-0.00018611619
-0.00040845183
-0.0036943238
-0.00088031613
0.0028283088
0.00079794525
0.00021334634
0.0012731068
-0.0023143892
-0.0012767484
0.00090323546
0.005567385
0.0049460237
-0.00038409722
-0.0036933108
-0.001025486
-0.0022490886
0.002650206
-0.00316916
-0.00010494421
0.0033429447
0.0005693651
0.0005502138
-0.0014277906
0.00128317
0.00079855224
-0.0016330373
-0.0029108985
0.0029942896
0.0010172991
-0.0045425734
-0.0036917797
0.0008709318
-0.00077349285
-0.0051215533
0.0010249685
0.0020086966
-0.0034121017
-0.0031747094
-0.0007300918
0.003639065
0.00033999802
-0.0040198383
-0.00033764972
0.0025347702
0.000526022
0.0015085838
0.0025643373
0.0007243611
-0.0026984399
0.002022279
-0.0017722603
-0.0024554697
-0.0009519812
0.0044896556
-0.0020215092
-0.0014375115
0.0032680512
-0.0006397623
0.002880809
-0.0038649742
0.0065103336
0.001341227
-0.003993604
-0.000594054
0.0009287521
-0.0016369572
0.0017406861
0.0022657632
0.002435432
0.0006590767
0.0025424918
0.000952598
-0.0005061081
0.0001608862
0.00022732592
-0.00014353862
0.0009076732
-0.0052895015
0.0020485322
-0.0033699444
0.0014336135
0.0029166297
-0.0008184403
0.0010218847
-0.00067683205
0.00145459
-0.00020592225
0.004066271
0.0007893627
0.004899742
-0.0041690525
0.0012442967
0.0019557765
0.0018081751
-0.000176944
0.0027758928
-0.000877979
-0.0008685469
-0.0030701295
0.005670362
0.0027006487
0.002503376
0.0009439837
0.0005474518
0.0032610882
-9.653466e-05
0.0023749466
0.00024407473
-0.00038348432
0.0014082339
-0.0018393735
0.0018417254
0.00089391833
-0.0015901132
-0.00094909646
-0.00014981683
0.0005890519
-0.0021161027
-0.0012336052
-0.00013286062
-0.0020815735
0.0023141524
-0.002251516
0.0012908819
-0.00058995385
-0.0005075252
0.0025966018
-0.0010529499
0.0014797469
-0.0019972923
-0.0016196304
0.0034231837
-0.00029414624
0.0026327241
0.0029326223
-0.0018513188
-0.005726237
-0.00039537053
0.0020435455
0.0006799786
0.0013028645
-0.0034249087
-0.0014614853
0.003395612
0.0017008237
-0.0004608075
0.0025150506
0.0021410608
-0.0008129198
-0.0010973741
-0.002605243
0.00094541424
-0.0032981616
0.003709863
-0.0007983819
0.0022688266
0.003346807
0.0010678652
0.0011395903
0.0024470377
3.484746e-07
0.0022582917
0.0007401921
0.0024676528
0.001558137
6.727797e-05
0.0011375772
0.0009618928
0.0023106888
2.476065e-05
-0.0016227955
0.00018281155
0.001921062
0.0039008665
-0.001314245
-0.0038234598
-0.0024560932
0.001822063
-0.003820373
0.0023294128
-0.0004912776
-0.0023963798
-0.0066442383
0.0014523085
-0.000588637
0.0011394878
-0.0011756984
-4.715998e-05
-0.0024194515
-0.006713207
0.0011178053
0.0024770778
-0.0027817653
-0.0025169777
-0.0010694073
0.0017019357
0.0032870707
-0.0010287057
0.001940502
0.0016025146
0.0005075475
-0.0030763806
0.0010357461
-0.0023177809
0.007578278
-0.001067835
0.0048415116
0.0027606117
-0.0035238378
-0.0031793355
0.0043276334
-0.0009589268
0.0004954845
-0.0006086353
0.0023873118
0.001020269
-0.0031585756
-0.005213978
0.0015398443
0.0036824513
-0.002452809
0.0035961212
-0.0059179454
0.0013247514
0.001141616
0.0018012102
-0.001497901
0.0001518012
0.0011960838
-0.0029849843
-0.004204951
0.0014527177
5.8780664e-05
9.6895725e-05
0.0009053684
0.00055229565
0.0020872992
-0.0005532227
0.004371572
0.0006309753
0.000990819
0.0013239153
-0.0013489769
-0.00039390093
-0.0026895038
0.00062310824
0.0013071672
0.0002492477
-0.0011613788
0.00086506805
0.0010576168
-0.0013155303
0.0031669147
0.0010679928
test_mean_abs_value
0.96933264
0.8248702
1.1941748
0.93933356
1.087678
0.9125297
1.2314985
1.0581251
1.2374331
1.2301399
1.1395859
1.0468392
1.0271678
0.97099745
1.1302538
0.81481284
0.9642591
0.8691289
1.067278
0.8742017
1.0771977
0.9542229
0.9054609
1.195403
0.8371556
1.0409538
0.9306167
0.73549247
0.93654746
1.1755381
0.7846439
0.9843154
1.1984622
0.9555886
0.924665
1.170197
0.77724284
0.83987135
1.0140234
1.1721039
0.81350857
1.102534
0.7219566
1.1578803
0.7761831
0.81034875
0.7350131
0.7678511
0.92798316
0.9804562
0.8707258
0.90458107
1.0191511
0.8607837
0.9775334
0.79579467
1.0574304
1.1330776
0.9485566
0.90655655
0.8441195
1.1944066
1.0165535
1.1463909
1.1726133
1.0084896
0.88491863
0.9363951
1.1343861
0.9912275
1.0140997
0.90325904
1.0708865
0.823252
0.6749495
1.0225371
1.039362
0.9296451
0.81487167
1.0629549
1.1720973
1.1044308
1.3236916
0.88136065
0.81467736
1.0410812
1.0590808
1.1271112
0.98682654
0.8472019
0.8806122
1.0718107
0.79554754
0.9723504
0.80744237
0.8579687
0.8730419
1.05449
0.8484442
0.9734532
0.99402404
1.0436363
0.8868189
1.0338559
0.8405127
0.97137195
1.0044305
0.7524445
0.88233143
0.82534766
0.92542124
0.706668
1.0836657
0.88068044
1.1187466
0.8883593
0.8399907
0.8436919
0.88899106
1.0494292
0.76367503
0.79493743
0.94192153
0.8959321
0.8948628
0.77649444
0.65728134
0.8489715
1.1769044
0.73240674
1.0041085
1.1008918
0.85872245
0.86354256
1.0822438
1.2174581
1.1294985
0.9195416
0.9199384
0.8954624
0.97396606
0.99013287
1.0417846
0.7396209
1.0901076
0.99052775
0.96786463
1.0528549
1.2354861
0.82859015
0.92054087
1.1244391
1.1302323
0.96525204
0.95715564
1.0514774
1.0949887
0.9227177
1.0642596
0.8587484
0.9296758
0.8216871
0.84594196
0.9064169
0.8177279
1.1025856
0.8715584
0.92665154
0.8839909
0.9133182
0.745917
1.0628226
1.4469928
1.1298064
1.1845407
0.98060715
0.88223606
0.76012903
1.0482895
0.8958489
0.88169986
1.1503081
1.1432153
0.72331476
1.2092742
0.7602205
1.0119174
0.71523887
1.0189999
0.77501684
0.9680753
1.0611626
0.9444084
0.77907854
0.6829094
0.90921485
0.90886694
0.89392376
1.079994
1.0419598
0.9273265
1.2806764
1.0459247
1.081453
0.92953736
0.8402376
1.0608873
0.7936184
1.0570087
0.91153723
0.9988959
0.98359627
1.3612524
1.0862453
0.8727939
1.3828082
0.7942888
0.9632527
1.0685052
1.0373926
0.92454976
1.039712
1.0795087
1.0301661
1.2451687
0.8556142
0.83803713
0.8628864
0.9551249
0.8239935
0.9232487
0.89236116
0.9695852
0.8999506
0.9868574
1.1054362
1.2706864
0.8760335
0.8341745
0.936011
1.0439757
1.2204088
0.86728966
0.7700707
1.0176325
1.0072802
1.0050642
0.9469092
0.98227674
0.91742194
0.84131354
1.0534536
0.92249066
0.8848327
1.1201197
0.92095286
test_variance_value
1.5124873
1.0755001
2.28916
1.4685891
1.8839818
1.3673228
2.4182763
1.7977327
2.448844
2.437629
2.0703251
1.766319
1.6960102
1.5181231
2.0204647
1.0570607
1.4814864
1.2137668
1.8727441
1.2191377
1.8595352
1.4486502
1.3287867
2.268239
1.108631
1.7556657
1.4017334
0.86461455
1.4275522
2.1765335
0.98993826
1.5651728
2.321011
1.4768173
1.4012328
2.1963513
0.9594877
1.1474192
1.6321743
2.1736848
1.0888634
1.9568298
0.8313249
2.1782446
0.975504
1.0381793
0.8592595
0.9436148
1.3796623
1.5072039
1.2217859
1.3085392
1.7287315
1.1853095
1.5271877
1.0333636
1.7584401
2.107935
1.4675418
1.3207664
1.1566699
2.288861
1.6723695
2.1156278
2.172614
1.6261034
1.2487398
1.379081
2.0179675
1.5621036
1.6267365
1.3289928
1.8212434
1.0871413
0.7302315
1.6715934
1.7012852
1.3686888
1.1136615
1.8037641
2.2104037
1.9839385
2.7979822
1.2380285
1.0545686
1.7536519
1.8221599
2.0106428
1.5533154
1.1450926
1.2159454
1.8989671
1.0245306
1.5071019
1.0407226
1.1699272
1.1945182
1.7645413
1.140676
1.5063376
1.5605904
1.7328637
1.255699
1.7000347
1.1290624
1.493084
1.6066288
0.9024793
1.2829325
1.1063657
1.3584714
0.8025464
1.8839513
1.2569932
2.0095832
1.2730236
1.1636244
1.1459309
1.2908893
1.7283113
0.94225174
1.0230612
1.4281633
1.3035246
1.2648922
0.9755071
0.69242465
1.1401308
2.2350073
0.8562285
1.6107453
1.9783561
1.1951156
1.1725336
1.892822
2.3937576
2.0235057
1.3290356
1.3428564
1.315235
1.4922762
1.5547744
1.7231575
0.8723481
1.9332267
1.5653776
1.4958339
1.7800343
2.4587176
1.1254687
1.3710576
2.0570612
2.0707903
1.4987012
1.4481423
1.8016398
1.9439276
1.3751811
1.8028696
1.1693494
1.4161671
1.0883945
1.1304915
1.2949932
1.0995983
1.9573076
1.2022078
1.3951144
1.2729143
1.3403888
0.90026426
1.8240238
3.3752472
2.0780537
2.208395
1.5188657
1.2498245
0.94198924
1.7414459
1.304386
1.2220303
2.1411855
2.1166646
0.8326467
2.3418255
0.92770725
1.6542096
0.8362773
1.6418977
0.9607585
1.506689
1.8005811
1.4174562
0.97284734
0.74496347
1.3314383
1.3274245
1.2705779
1.8597096
1.7383531
1.3923535
2.7003148
1.7352796
1.9029175
1.360299
1.1173801
1.914725
1.0128295
1.8274829
1.3131227
1.6235974
1.5877922
2.980758
1.9356738
1.2398349
3.1038709
1.0158241
1.476293
1.8087928
1.7243434
1.3515005
1.7638702
1.8682221
1.7079657
2.4749646
1.1687105
1.1550273
1.1758314
1.4421374
1.0890845
1.347322
1.2501894
1.4869825
1.2782049
1.6145844
1.9649771
2.618378
1.2085849
1.1095968
1.3976915
1.7355673
2.3993082
1.2058566
0.950162
1.683307
1.5974256
1.6237073
1.4306197
1.561912
1.3314085
1.1311945
1.7990414
1.3880668
1.2471527
2.0606322
1.3635496
test_mean_costs
0.0
0.0
0.0
0.0
0.0
0.0
0.0
0.0
0.0
0.0
0.0
0.0
0.0
0.0
0.0
0.0
0.0
0.0
0.0
0.0
0.0
0.0
0.0
0.0
0.0
0.0
0.0
0.0
0.0
0.0
0.0
0.0
0.0
0.0
0.0
0.0
0.0
0.0
0.0
0.0
0.0
0.0
0.0
0.0
0.0
0.0
0.0
0.0
0.0
0.0
0.0
0.0
0.0
0.0
0.0
0.0
0.0
0.0
0.0
0.0
0.0
0.0
0.0
0.0
0.0
0.0
0.0
0.0
0.0
0.0
0.0
0.0
0.0
0.0
0.0
0.0
0.0
0.0
0.0
0.0
0.0
0.0
0.0
0.0
0.0
0.0
0.0
0.0
0.0
0.0
0.0
0.0
0.0
0.0
0.0
0.0
0.0
0.0
0.0
0.0
0.0
0.0
0.0
0.0
0.0
0.0
0.0
0.0
0.0
0.0
0.0
0.0
0.0
0.0
0.0
0.0
0.0
0.0
0.0
0.0
0.0
0.0
0.0
0.0
0.0
0.0
0.0
0.0
0.0
0.0
0.0
0.0
0.0
0.0
0.0
0.0
0.0
0.0
0.0
0.0
0.0
0.0
0.0
0.0
0.0
0.0
0.0
0.0
0.0
0.0
0.0
0.0
0.0
0.0
0.0
0.0
0.0
0.0
0.0
0.0
0.0
0.0
0.0
0.0
0.0
0.0
0.0
0.0
0.0
0.0
0.0
0.0
0.0
0.0
0.0
0.0
0.0
0.0
0.0
0.0
0.0
0.0
0.0
0.0
0.0
0.0
0.0
0.0
0.0
0.0
0.0
0.0
0.0
0.0
0.0
0.0
0.0
0.0
0.0
0.0
0.0
0.0
0.0
0.0
0.0
0.0
0.0
0.0
0.0
0.0
0.0
0.0
0.0
0.0
0.0
0.0
0.0
0.0
0.0
0.0
0.0
0.0
0.0
0.0
0.0
0.0
0.0
0.0
0.0
0.0
0.0
0.0
0.0
0.0
0.0
0.0
0.0
0.0
0.0
0.0
0.0
0.0
0.0
0.0
0.0
0.0
0.0
0.0
0.0
0.0
0.0
0.0
0.0
0.0
0.0
0.0
test_mean_abs_costs
0.0
0.0
0.0
0.0
0.0
0.0
0.0
0.0
0.0
0.0
0.0
0.0
0.0
0.0
0.0
0.0
0.0
0.0
0.0
0.0
0.0
0.0
0.0
0.0
0.0
0.0
0.0
0.0
0.0
0.0
0.0
0.0
0.0
0.0
0.0
0.0
0.0
0.0
0.0
0.0
0.0
0.0
0.0
0.0
0.0
0.0
0.0
0.0
0.0
0.0
0.0
0.0
0.0
0.0
0.0
0.0
0.0
0.0
0.0
0.0
0.0
0.0
0.0
0.0
0.0
0.0
0.0
0.0
0.0
0.0
0.0
0.0
0.0
0.0
0.0
0.0
0.0
0.0
0.0
0.0
0.0
0.0
0.0
0.0
0.0
0.0
0.0
0.0
0.0
0.0
0.0
0.0
0.0
0.0
0.0
0.0
0.0
0.0
0.0
0.0
0.0
0.0
0.0
0.0
0.0
0.0
0.0
0.0
0.0
0.0
0.0
0.0
0.0
0.0
0.0
0.0
0.0
0.0
0.0
0.0
0.0
0.0
0.0
0.0
0.0
0.0
0.0
0.0
0.0
0.0
0.0
0.0
0.0
0.0
0.0
0.0
0.0
0.0
0.0
0.0
0.0
0.0
0.0
0.0
0.0
0.0
0.0
0.0
0.0
0.0
0.0
0.0
0.0
0.0
0.0
0.0
0.0
0.0
0.0
0.0
0.0
0.0
0.0
0.0
0.0
0.0
0.0
0.0
0.0
0.0
0.0
0.0
0.0
0.0
0.0
0.0
0.0
0.0
0.0
0.0
0.0
0.0
0.0
0.0
0.0
0.0
0.0
0.0
0.0
0.0
0.0
0.0
0.0
0.0
0.0
0.0
0.0
0.0
0.0
0.0
0.0
0.0
0.0
0.0
0.0
0.0
0.0
0.0
0.0
0.0
0.0
0.0
0.0
0.0
0.0
0.0
0.0
0.0
0.0
0.0
0.0
0.0
0.0
0.0
0.0
0.0
0.0
0.0
0.0
0.0
0.0
0.0
0.0
0.0
0.0
0.0
0.0
0.0
0.0
0.0
0.0
0.0
0.0
0.0
0.0
0.0
0.0
0.0
0.0
0.0
0.0
0.0
0.0
0.0
0.0
0.0
test_variance_costs
0.0
0.0
0.0
0.0
0.0
0.0
0.0
0.0
0.0
0.0
0.0
0.0
0.0
0.0
0.0
0.0
0.0
0.0
0.0
0.0
0.0
0.0
0.0
0.0
0.0
0.0
0.0
0.0
0.0
0.0
0.0
0.0
0.0
0.0
0.0
0.0
0.0
0.0
0.0
0.0
0.0
0.0
0.0
0.0
0.0
0.0
0.0
0.0
0.0
0.0
0.0
0.0
0.0
0.0
0.0
0.0
0.0
0.0
0.0
0.0
0.0
0.0
0.0
0.0
0.0
0.0
0.0
0.0
0.0
0.0
0.0
0.0
0.0
0.0
0.0
0.0
0.0
0.0
0.0
0.0
0.0
0.0
0.0
0.0
0.0
0.0
0.0
0.0
0.0
0.0
0.0
0.0
0.0
0.0
0.0
0.0
0.0
0.0
0.0
0.0
0.0
0.0
0.0
0.0
0.0
0.0
0.0
0.0
0.0
0.0
0.0
0.0
0.0
0.0
0.0
0.0
0.0
0.0
0.0
0.0
0.0
0.0
0.0
0.0
0.0
0.0
0.0
0.0
0.0
0.0
0.0
0.0
0.0
0.0
0.0
0.0
0.0
0.0
0.0
0.0
0.0
0.0
0.0
0.0
0.0
0.0
0.0
0.0
0.0
0.0
0.0
0.0
0.0
0.0
0.0
0.0
0.0
0.0
0.0
0.0
0.0
0.0
0.0
0.0
0.0
0.0
0.0
0.0
0.0
0.0
0.0
0.0
0.0
0.0
0.0
0.0
0.0
0.0
0.0
0.0
0.0
0.0
0.0
0.0
0.0
0.0
0.0
0.0
0.0
0.0
0.0
0.0
0.0
0.0
0.0
0.0
0.0
0.0
0.0
0.0
0.0
0.0
0.0
0.0
0.0
0.0
0.0
0.0
0.0
0.0
0.0
0.0
0.0
0.0
0.0
0.0
0.0
0.0
0.0
0.0
0.0
0.0
0.0
0.0
0.0
0.0
0.0
0.0
0.0
0.0
0.0
0.0
0.0
0.0
0.0
0.0
0.0
0.0
0.0
0.0
0.0
0.0
0.0
0.0
0.0
0.0
0.0
0.0
0.0
0.0
0.0
0.0
0.0
0.0
0.0
0.0
test_mean_wealth
-2.5017314
-2.4476771
-2.4756923
-2.3818028
-2.2937484
-2.5012395
-2.3697646
-2.4570947
-2.3074598
-2.4695652
-2.415831
-2.400556
-2.2834218
-2.5689313
-2.4557776
-2.4379416
-2.4661076
-2.3625152
-2.3674204
-2.4290428
-2.297044
-2.5072603
-2.4212332
-2.5507872
-2.4556212
-2.346805
-2.628948
-2.4542537
-2.5553026
-2.57993
-2.321133
-2.396338
-2.4511526
-2.344341
-2.5037675
-2.413318
-2.2875352
-2.3576403
-2.4029167
-2.3007026
-2.423273
-2.3479972
-2.2935214
-2.5630665
-2.4529474
-2.4356215
-2.32912
-2.4458215
-2.3965435
-2.390173
-2.406342
-2.4588623
-2.4949484
-2.3816469
-2.313534
-2.2941644
-2.512103
-2.4660041
-2.4370422
-2.3328447
-2.391103
-2.4590065
-2.3464057
-2.3420668
-2.4972484
-2.3601184
-2.3832498
-2.339938
-2.4885623
-2.4363582
-2.319377
-2.34658
-2.393988
-2.3698127
-2.3108299
-2.4890704
-2.3624902
-2.4180374
-2.4468424
-2.462659
-2.4152231
-2.3885312
-2.3503523
-2.2638583
-2.4685605
-2.3270288
-2.5068204
-2.3964953
-2.41339
-2.292084
-2.3354883
-2.4677
-2.412164
-2.5203412
-2.4166079
-2.2794094
-2.2887917
-2.362566
-2.6177566
-2.4979403
-2.4069436
-2.4828
-2.3428004
-2.351206
-2.292482
-2.4466045
-2.4683077
-2.1948824
-2.3968287
-2.4526818
-2.3820868
-2.3559806
-2.5495446
-2.4063425
-2.541028
-2.3171782
-2.194626
-2.3958187
-2.3288572
-2.482395
-2.281833
-2.4509053
-2.1953044
-2.4603739
-2.4274123
-2.1810575
-2.3798428
-2.317399
-2.5446975
-2.3563945
-2.5443351
-2.4212902
-2.4729161
-2.4392526
-2.438129
-2.4704754
-2.4324603
-2.4310179
-2.4503627
-2.3395607
-2.4665563
-2.2493973
-2.3610234
-2.3171003
-2.3251038
-2.3709888
-2.3738725
-2.4294205
-2.5170984
-2.6126306
-2.3796136
-2.4099092
-2.5752647
-2.4614828
-2.394982
-2.4537914
-2.4513066
-2.4081717
-2.3309405
-2.4531114
-2.4732773
-2.4218457
-2.4492235
-2.3627486
-2.3416698
-2.6019702
-2.357758
-2.3469796
-2.4988241
-2.3455799
-2.500087
-2.4397876
-2.4046474
-2.631396
-2.613513
-2.4699469
-2.4729
-2.3937151
-2.447156
-2.2757752
-2.4828715
-2.521105
-2.408602
-2.329656
-2.3846598
-2.4937482
-2.357565
-2.337513
-2.4140077
-2.4815178
-2.3496184
-2.3481936
-2.3714955
-2.2658467
-2.232098
-2.2424042
-2.4736116
-2.3733897
-2.5135486
-2.2806945
-2.4093652
-2.305776
-2.42445
-2.4135609
-2.4571981
-2.5614948
-2.388162
-2.466008
-2.4492424
-2.3865917
-2.4371924
-2.3327148
-2.5190606
-2.4767854
-2.3408806
-2.4885163
-2.4634175
-2.2783766
-2.5588288
-2.400907
-2.4437413
-2.4200292
-2.3216443
-2.5416465
-2.611953
-2.4396844
-2.4127572
-2.4393857
-2.521071
-2.3008437
-2.2631795
-2.332316
-2.3819818
-2.421392
-2.3539774
-2.367329
-2.5115967
-2.3528316
-2.3964653
-2.2587552
-2.310613
-2.4334757
-2.366574
-2.4266484
-2.4962158
-2.3601246
-2.4285052
-2.4312186
-2.4322886
-2.3772674
-2.4121606
-2.337714
-2.2526884
-2.404696
-2.5872114
-2.5705478
test_mean_abs_wealth
2.5017314
2.4476771
2.4756923
2.3818028
2.2937484
2.5012395
2.3697646
2.4570947
2.3074598
2.4695652
2.415831
2.400556
2.2834218
2.5689313
2.4557776
2.4379416
2.4661076
2.3625152
2.3674204
2.4290428
2.297044
2.5072603
2.4212332
2.5507872
2.4556212
2.346805
2.628948
2.4542537
2.5553026
2.57993
2.321133
2.396338
2.4511526
2.344341
2.5037675
2.413318
2.2875352
2.3576403
2.4029167
2.3007026
2.423273
2.3479972
2.2935214
2.5630665
2.4529474
2.4356215
2.32912
2.4458215
2.3965435
2.390173
2.406342
2.4588623
2.4949484
2.3816469
2.313534
2.2941644
2.512103
2.4660041
2.4370422
2.3328447
2.391103
2.4590065
2.3464057
2.3420668
2.4972484
2.3601184
2.3832498
2.339938
2.4885623
2.4363582
2.319377
2.34658
2.393988
2.3698127
2.3108299
2.4890704
2.3624902
2.4180374
2.4468424
2.462659
2.4152231
2.3885312
2.3503523
2.2638583
2.4685605
2.3270288
2.5068204
2.3964953
2.41339
2.292084
2.3354883
2.4677
2.412164
2.5203412
2.4166079
2.2794094
2.2887917
2.362566
2.6177566
2.4979403
2.4069436
2.4828
2.3428004
2.351206
2.292482
2.4466045
2.4683077
2.1948824
2.3968287
2.4526818
2.3820868
2.3559806
2.5495446
2.4063425
2.541028
2.3171782
2.194626
2.3958187
2.3288572
2.482395
2.281833
2.4509053
2.1953044
2.4603739
2.4274123
2.1810575
2.3798428
2.317399
2.5446975
2.3563945
2.5443351
2.4212902
2.4729161
2.4392526
2.438129
2.4704754
2.4324603
2.4310179
2.4503627
2.3395607
2.4665563
2.2493973
2.3610234
2.3171003
2.3251038
2.3709888
2.3738725
2.4294205
2.5170984
2.6126306
2.3796136
2.4099092
2.5752647
2.4614828
2.394982
2.4537914
2.4513066
2.4081717
2.3309405
2.4531114
2.4732773
2.4218457
2.4492235
2.3627486
2.3416698
2.6019702
2.357758
2.3469796
2.4988241
2.3455799
2.500087
2.4397876
2.4046474
2.631396
2.613513
2.4699469
2.4729
2.3937151
2.447156
2.2757752
2.4828715
2.521105
2.408602
2.329656
2.3846598
2.4937482
2.357565
2.337513
2.4140077
2.4815178
2.3496184
2.3481936
2.3714955
2.2658467
2.232098
2.2424042
2.4736116
2.3733897
2.5135486
2.2806945
2.4093652
2.305776
2.42445
2.4135609
2.4571981
2.5614948
2.388162
2.466008
2.4492424
2.3865917
2.4371924
2.3327148
2.5190606
2.4767854
2.3408806
2.4885163
2.4634175
2.2783766
2.5588288
2.400907
2.4437413
2.4200292
2.3216443
2.5416465
2.611953
2.4396844
2.4127572
2.4393857
2.521071
2.3008437
2.2631795
2.332316
2.3819818
2.421392
2.3539774
2.367329
2.5115967
2.3528316
2.3964653
2.2587552
2.310613
2.4334757
2.366574
2.4266484
2.4962158
2.3601246
2.4285052
2.4312186
2.4322886
2.3772674
2.4121606
2.337714
2.2526884
2.404696
2.5872114
2.5705478
test_variance_wealth
0.05046625
0.044215918
0.04457749
0.042589612
0.04033296
0.05091536
0.044879194
0.04539567
0.04206332
0.050685123
0.047378603
0.042723563
0.04499874
0.05388207
0.04389283
0.042122457
0.044793997
0.048965923
0.049470577
0.04971812
0.040820483
0.04540014
0.05100261
0.050924096
0.04713601
0.045421086
0.060063094
0.048726935
0.049138017
0.05823294
0.05017686
0.04200257
0.04736907
0.04298345
0.05081597
0.048576206
0.043951586
0.045666113
0.04324441
0.046316847
0.05004468
0.04724087
0.04039663
0.05640198
0.044696085
0.046091206
0.04200176
0.04569941
0.04393141
0.043778736
0.048581652
0.055449024
0.056776255
0.049545653
0.03796717
0.040108934
0.059103742
0.04924338
0.04430625
0.042438
0.04840251
0.047782462
0.03970677
0.041136134
0.054663688
0.043893874
0.04339486
0.03777708
0.05418531
0.04666018
0.04247855
0.047148533
0.046070803
0.04223233
0.039841734
0.048741966
0.045910727
0.055016533
0.054535653
0.049701676
0.046208106
0.04659336
0.05288605
0.042340055
0.044591535
0.0427244
0.050511286
0.04906032
0.05001033
0.042661183
0.04167324
0.06359576
0.04891656
0.049692012
0.043437533
0.036905162
0.04135976
0.044380583
0.05452403
0.047926556
0.047451165
0.04950197
0.04446583
0.044820394
0.04711684
0.05542138
0.04472509
0.0358557
0.04460932
0.049394645
0.04526548
0.043658376
0.058228843
0.04645091
0.052859314
0.045406632
0.04515997
0.04599562
0.04445308
0.048299342
0.045795333
0.045942485
0.037636843
0.047583718
0.04616876
0.03467452
0.04047693
0.04137578
0.049628146
0.045744594
0.04703663
0.053044517
0.047896247
0.049112454
0.048232786
0.047825847
0.049714956
0.050091404
0.05025741
0.04517373
0.051820572
0.038154528
0.04374072
0.04490335
0.042484537
0.045044083
0.04761805
0.045440692
0.048703805
0.054459043
0.045015037
0.044741523
0.059598148
0.052731536
0.040942308
0.0482624
0.04441164
0.051098447
0.04415007
0.041608043
0.05448321
0.04417092
0.047587972
0.043512244
0.04655273
0.061437637
0.04668142
0.04393808
0.050068863
0.044853553
0.050348666
0.05384176
0.06089606
0.06515485
0.06006753
0.047085516
0.046053316
0.045564935
0.052863106
0.04409897
0.049654387
0.0523636
0.0492408
0.04473842
0.052332435
0.04784785
0.04267208
0.04378521
0.041243825
0.049312636
0.042791285
0.041610785
0.041617613
0.038592022
0.038088646
0.04506095
0.046210777
0.043410685
0.046581518
0.04567763
0.04404037
0.047771182
0.05000441
0.041582778
0.050463427
0.04893957
0.054929662
0.052045446
0.05327837
0.042129025
0.044518843
0.044547785
0.048223503
0.05328813
0.04695689
0.055298246
0.047176722
0.03974791
0.05436427
0.04672516
0.04569938
0.04755933
0.04716884
0.058575097
0.053904556
0.043357376
0.048352312
0.0447835
0.048268978
0.041622605
0.037554488
0.040281683
0.04342961
0.042547524
0.046515144
0.047591247
0.049477182
0.045550145
0.041981716
0.03861017
0.044435102
0.04839378
0.04409487
0.045682136
0.04874213
0.043322917
0.051282234
0.049383562
0.0479554
0.03884056
0.047162283
0.041759055
0.040695287
0.050122365
0.0567135
0.05156636
test_wealth_with_price_abs_mean
0.17744094
0.1663242
0.16714549
0.16299751
0.15878408
0.17844748
0.1674908
0.16838464
0.16209328
0.17777854
0.171971
0.1635016
0.16740836
0.18341304
0.16580041
0.16231786
0.16730069
0.17466249
0.17557372
0.17612205
0.15965778
0.16848856
0.17823875
0.17839001
0.17170855
0.16828606
0.19362108
0.17470996
0.17534605
0.190433
0.17690405
0.16206408
0.17195469
0.1639166
0.17805451
0.17409907
0.16566165
0.16865934
0.16450754
0.17005421
0.17659952
0.17168364
0.15893711
0.18771592
0.16730922
0.16967066
0.16187908
0.16910402
0.16560547
0.16537844
0.17405446
0.18571928
0.18801863
0.17562094
0.15427859
0.15839228
0.19165713
0.17519988
0.16637321
0.16277428
0.17360732
0.1727273
0.15755413
0.16042885
0.18461297
0.16554122
0.16456519
0.15383108
0.18382499
0.17077723
0.16287827
0.1714211
0.1695555
0.16253898
0.1577178
0.1745625
0.16915996
0.18498483
0.18439278
0.17626826
0.17010477
0.17062628
0.18133064
0.16239189
0.16703996
0.16333333
0.17771888
0.17496401
0.17651853
0.16331634
0.16144721
0.19842319
0.17479178
0.17625466
0.16482864
0.15193975
0.16074933
0.1664295
0.18447454
0.17306104
0.17197634
0.17585295
0.16660176
0.16746628
0.17148785
0.1858038
0.16719191
0.14973606
0.16687611
0.17542781
0.16807094
0.16523549
0.19033797
0.17051513
0.18173295
0.16818568
0.16783102
0.16944978
0.16676852
0.17368029
0.16878276
0.16948414
0.15333788
0.172409
0.16995363
0.14734447
0.15901352
0.16093351
0.17619795
0.16890416
0.17167334
0.18177746
0.1729372
0.17484692
0.1735396
0.17298324
0.17613064
0.17674905
0.17709552
0.16796778
0.17998993
0.15458803
0.1653209
0.16731487
0.16285773
0.16759562
0.17238858
0.16848817
0.17450953
0.18436773
0.1677071
0.16717382
0.19249432
0.18138328
0.16012393
0.1737811
0.16662987
0.17861359
0.16580495
0.16139963
0.1842013
0.16631296
0.17245725
0.16481443
0.170421
0.19560741
0.17115566
0.16570392
0.17694075
0.16742674
0.1771163
0.1830018
0.19464609
0.20130481
0.19359875
0.1716629
0.16987835
0.16884637
0.18147153
0.16577941
0.17622861
0.18094057
0.17515723
0.16715471
0.18052562
0.17300475
0.16342537
0.16522351
0.16075125
0.17547807
0.16358621
0.16113956
0.16143507
0.15527122
0.15433547
0.1677306
0.16982633
0.16461979
0.17058441
0.16880804
0.16613673
0.17232811
0.17654702
0.16137014
0.17733045
0.17500027
0.18455568
0.18021633
0.1822396
0.16241309
0.16679017
0.16672741
0.17370711
0.18240981
0.17115586
0.18576747
0.1715633
0.15777436
0.18421881
0.1706363
0.1690958
0.17229651
0.17142959
0.19093665
0.183521
0.16458844
0.17382674
0.16733685
0.17379415
0.16119553
0.15326433
0.1588023
0.1648628
0.16317584
0.17053953
0.17223926
0.17568904
0.16858655
0.16210815
0.1552986
0.16668424
0.17377873
0.16581348
0.168949
0.17479287
0.16448757
0.17895633
0.17553991
0.17312157
0.1560002
0.17162098
0.1614895
0.15943886
0.17680538
0.18810841
0.17955671
test_wealth_with_price_variance
0.05046625
0.044215918
0.04457749
0.042589612
0.04033296
0.05091536
0.044879194
0.04539567
0.04206332
0.050685123
0.047378603
0.042723563
0.04499874
0.05388207
0.04389283
0.042122457
0.044793997
0.048965923
0.049470577
0.04971812
0.040820483
0.04540014
0.05100261
0.050924096
0.04713601
0.045421086
0.060063094
0.048726935
0.049138017
0.05823294
0.05017686
0.04200257
0.04736907
0.04298345
0.05081597
0.048576206
0.043951586
0.045666113
0.04324441
0.046316847
0.05004468
0.04724087
0.04039663
0.05640198
0.044696085
0.046091206
0.04200176
0.04569941
0.04393141
0.043778736
0.048581652
0.055449024
0.056776255
0.049545653
0.03796717
0.040108934
0.059103742
0.04924338
0.04430625
0.042438
0.04840251
0.047782462
0.03970677
0.041136134
0.054663688
0.043893874
0.04339486
0.03777708
0.05418531
0.04666018
0.04247855
0.047148533
0.046070803
0.04223233
0.039841734
0.048741966
0.045910727
0.055016533
0.054535653
0.049701676
0.046208106
0.04659336
0.05288605
0.042340055
0.044591535
0.0427244
0.050511286
0.04906032
0.05001033
0.042661183
0.04167324
0.06359576
0.04891656
0.049692012
0.043437533
0.036905162
0.04135976
0.044380583
0.05452403
0.047926556
0.047451165
0.04950197
0.04446583
0.044820394
0.04711684
0.05542138
0.04472509
0.0358557
0.04460932
0.049394645
0.04526548
0.043658376
0.058228843
0.04645091
0.052859314
0.045406632
0.04515997
0.04599562
0.04445308
0.048299342
0.045795333
0.045942485
0.037636843
0.047583718
0.04616876
0.03467452
0.04047693
0.04137578
0.049628146
0.045744594
0.04703663
0.053044517
0.047896247
0.049112454
0.048232786
0.047825847
0.049714956
0.050091404
0.05025741
0.04517373
0.051820572
0.038154528
0.04374072
0.04490335
0.042484537
0.045044083
0.04761805
0.045440692
0.048703805
0.054459043
0.045015037
0.044741523
0.059598148
0.052731536
0.040942308
0.0482624
0.04441164
0.051098447
0.04415007
0.041608043
0.05448321
0.04417092
0.047587972
0.043512244
0.04655273
0.061437637
0.04668142
0.04393808
0.050068863
0.044853553
0.050348666
0.05384176
0.06089606
0.06515485
0.06006753
0.047085516
0.046053316
0.045564935
0.052863106
0.04409897
0.049654387
0.0523636
0.0492408
0.04473842
0.052332435
0.04784785
0.04267208
0.04378521
0.041243825
0.049312636
0.042791285
0.041610785
0.041617613
0.038592022
0.038088646
0.04506095
0.046210777
0.043410685
0.046581518
0.04567763
0.04404037
0.047771182
0.05000441
0.041582778
0.050463427
0.04893957
0.054929662
0.052045446
0.05327837
0.042129025
0.044518843
0.044547785
0.048223503
0.05328813
0.04695689
0.055298246
0.047176722
0.03974791
0.05436427
0.04672516
0.04569938
0.04755933
0.04716884
0.058575097
0.053904556
0.043357376
0.048352312
0.0447835
0.048268978
0.041622605
0.037554488
0.040281683
0.04342961
0.042547524
0.046515144
0.047591247
0.049477182
0.045550145
0.041981716
0.03861017
0.044435102
0.04839378
0.04409487
0.045682136
0.04874213
0.043322917
0.051282234
0.049383562
0.0479554
0.03884056
0.047162283
0.041759055
0.040695287
0.050122365
0.0567135
0.05156636
price
2.5010984
2.4468484
2.4748397
2.3819299
2.2933953
2.501338
2.3695889
2.4568965
2.3066964
2.469371
2.4161322
2.4004135
2.2837093
2.5678596
2.4552836
2.4385345
2.4652443
2.3620763
2.3670936
2.4293609
2.2972686
2.5059679
2.4202485
2.5507016
2.4552283
2.3466778
2.628662
2.454768
2.5558832
2.5802708
2.321299
2.3963451
2.4508789
2.3446293
2.5027807
2.4129374
2.287256
2.3573146
2.4024901
2.3016112
2.4234004
2.3484228
2.2934651
2.5631132
2.4526353
2.434936
2.3283877
2.4452899
2.396812
2.3895051
2.4060137
2.4580648
2.4942358
2.3811533
2.3132648
2.2939875
2.5120287
2.4652789
2.4369662
2.331955
2.390265
2.4582484
2.3462977
2.342246
2.497748
2.3599887
2.3820956
2.3391535
2.4883435
2.4364738
2.3181174
2.3461337
2.3939226
2.369669
2.310006
2.4885018
2.3623037
2.4179618
2.4458234
2.4627597
2.4153388
2.3878598
2.3504272
2.263022
2.4682364
2.327114
2.5062902
2.396296
2.413941
2.2921565
2.33533
2.466684
2.4116728
2.5200958
2.41622
2.2787127
2.2877908
2.3617473
2.61806
2.4979906
2.4068437
2.4823148
2.342983
2.3510273
2.2924912
2.4464884
2.4685483
2.1941042
2.3963666
2.4521072
2.382158
2.3560348
2.5487885
2.4067743
2.5412047
2.3163126
2.194517
2.3951313
2.3284526
2.4832692
2.2817793
2.450065
2.194881
2.460541
2.427056
2.1807284
2.3792536
2.3170445
2.5444486
2.3561587
2.544472
2.4216864
2.4727554
2.4385395
2.4372208
2.4695742
2.4321613
2.4305162
2.4509926
2.3396618
2.46652
2.249543
2.3612351
2.3168235
2.3249788
2.3706963
2.3734622
2.4294422
2.5171752
2.611764
2.3792367
2.4096508
2.57448
2.4609196
2.3945165
2.453183
2.450974
2.407723
2.3310173
2.4521968
2.4726646
2.4216428
2.449421
2.3627112
2.3412154
2.6024528
2.3578923
2.3465369
2.4989128
2.34579
2.4992962
2.439292
2.404266
2.6316757
2.61388
2.4704177
2.473352
2.393483
2.4463916
2.2756162
2.4829097
2.521663
2.407323
2.3300052
2.3840942
2.4937742
2.3572211
2.3364503
2.4133584
2.4807334
2.3495374
2.3478312
2.3720598
2.266275
2.2315974
2.2419443
2.4731774
2.3724806
2.5126429
2.28171
2.4084857
2.304315
2.4236662
2.4132996
2.4568932
2.561153
2.386741
2.4651146
2.4493573
2.386615
2.437117
2.3314204
2.5187662
2.4770744
2.3408768
2.4885356
2.463539
2.2777789
2.558718
2.3998456
2.4430902
2.420459
2.3216424
2.541183
2.6123753
2.4384558
2.4121315
2.438326
2.5205061
2.3005548
2.2629142
2.3321688
2.381445
2.4213076
2.3533196
2.3670294
2.5111773
2.3528502
2.396369
2.258461
2.310532
2.4333453
2.3663592
2.4262965
2.495889
2.3599331
2.4278324
2.4302719
2.432165
2.3775258
2.4124157
2.337988
2.2531214
2.4042025
2.586506
2.5699277
train_time
0.5496889999999999
0.46626679999999965
0.33238000000000056
0.32881140000000286
0.4649971999999991
0.34943939999999785
0.3628840000000011
0.37895490000000365
0.36418270000000064
0.33916940000000295
0.3419639000000032
0.49783930000000254
0.3341914000000088
0.3418187000000046
0.3643165999999951
0.348419700000008
0.3801339999999982
0.3475932000000057
0.37352229999999054
0.5213846999999987
0.3730692999999974
0.334972300000004
0.35183619999999394
0.3448258000000095
0.3428566999999987
0.331964499999998
0.36582369999999287
0.5399381000000005
0.35027840000000765
0.3517620000000079
0.3531169000000034
0.37103640000000837
0.33096190000000547
0.3346439000000032
0.3586532999999861
0.5177177000000199
0.3661117000000047
0.3424168000000236
0.6083816000000013
0.3377328999999918
0.3620870000000025
0.34666839999999866
0.33843740000000366
0.34945749999999975
0.35205960000001824
0.37435220000000413
0.672315900000001
0.44642380000001936
0.334345600000006
0.347869199999991
0.31269009999999753
0.3163122999999928
0.3415178999999853
0.323795500000017
0.36152889999999616
0.33435689999998885
0.3323663000000465
0.31465539999999237
0.3201748999999836
0.3580757999999946
0.3548827999999844
0.3450422999999887
0.32862020000004577
0.33608150000003434
0.7022182000000043
0.3556419999999889
0.3631002000000194
0.3813873000000285
0.3714152999999669
0.31763169999999263
0.335355399999969
0.3286813999999936
0.3606738999999948
0.3163102999999978
0.363284799999974
0.37088970000002064
0.33989139999999907
0.339621099999988
0.3383587000000148
0.3481191999999851
0.854376899999977
0.36024309999999105
0.3184558000000379
0.3148187000000462
0.3491765999999643
0.3187424000000192
0.3643431999999507
0.36941259999997555
0.3527971999999977
0.30636880000002975
0.3273429000000192
0.3430852999999843
0.3500798999999688
0.37866589999998723
0.3158237000000099
0.30917979999998124
0.3245062999999959
0.32468119999998635
0.33483280000001514
0.3327702000000272
0.30507249999993746
0.31334319999996296
0.3300461000000041
0.3350012000000788
0.3464181000000508
0.3440676999999823
0.4623636000000033
0.4490973000000622
0.3317436000000953
0.31874069999992116
0.3281696000000238
0.32528020000006563
0.3664014999999381
0.37498279999999795
0.36887899999999263
0.3360324000000219
0.3404085000000805
0.36242939999999635
0.367749500000059
0.35642239999992853
0.3183753999999226
0.36495509999997466
1.2606233000000202
0.3669589000000997
0.36543059999996785
0.3501514000000725
0.3149015999999847
0.33474039999998695
0.3520465999999942
0.42493449999994937
0.3373323999999229
0.34490410000000793
0.3490206000000171
0.35791230000006635
0.3442817999999761
0.732297899999935
0.3491023999999925
0.34769789999995737
0.3463385999999673
0.3077901000000338
0.3128607999999531
0.3355857000000242
0.3437476000000288
0.3253855000000385
0.3155800999999201
0.3095059999999421
0.34613710000007814
0.3428549000000203
0.3512858999999935
1.1524878000000172
0.31300629999998364
0.3325860999999577
0.32288530000005267
0.3505159000000049
0.3352392999998983
0.3371832999999924
0.38137700000004315
0.34411119999992934
0.33726950000004763
0.3313795999999911
0.3435467999998991
0.32212730000003376
0.32464440000001105
0.3422798999999941
0.3362120000000459
0.35108690000004117
0.4654255000000376
0.5901538000000528
0.34402560000000904
0.3504762000000028
0.311620400000038
0.317144600000006
0.3331661999999369
0.3273817000000463
0.31760110000004715
0.3177148000000898
0.31536430000005566
0.32564460000003237
0.31843479999997726
0.33290759999999864
1.3665403999999626
0.32482919999995374
0.30624950000003537
0.31164220000005116
0.3307728000000907
0.3469557999999324
0.3060527999999749
0.3184984000000668
0.3306469000000334
0.3491716999999426
0.33001230000002124
0.3318169000000353
0.34918310000000474
0.33803599999998823
0.3261830999999802
0.3212738999999374
0.33453210000004674
0.335593499999959
0.3256213999999318
0.3289905000001454
0.3081789000000299
0.3221368999998049
0.3324840000000222
0.3190859999999702
0.32619180000006054
0.3102814999999737
0.3389313999998649
0.30806120000011106
0.3393661999998585
0.31303890000003776
0.3425287000000026
0.31696339999984957
0.4858496000001651
0.3495378999998593
0.355390300000181
0.3315672999999606
1.657561099999839
0.3617945000000873
0.3589607999999771
0.3458502999999382
0.338081000000102
0.3415920999998434
0.3618261999999959
0.3429729999998017
0.3562539000001834
0.3232571999999436
0.47187320000011823
0.476669000000129
0.34953859999995984
0.3375043999999434
0.33811790000004294
0.3358805000000302
0.39419580000003407
0.3312334000002011
0.3214267999999265
0.3251056999999946
0.5744474000000537
0.3315211999999974
0.32925159999990683
0.33458299999983865
0.32553600000005645
0.3294171000000006
0.3242643000000953
0.3440155999999206
0.3232034999998632
0.3333727000001545
0.3434528999998747
0.32206059999998615
0.3282791999999972
0.3336441000001287
0.3369545000000471
0.3249609000001783
0.3354735000000346
0.3222928000000138
0.3264394000000266
0.33314070000005813


