================================================================================
=== continuous-time
train_risk
2.7448802
2.8703768
2.7750914
2.7695959
2.7516558
2.8157332
2.7539113
2.7669463
2.7149541
2.869183
2.8268871
2.821902
2.746053
2.853337
2.7854476
2.8029304
2.7931397
2.7926843
2.7747474
2.840092
2.8012457
2.840356
2.7904098
2.8891778
2.8916945
2.7702355
2.991226
2.8661585
2.9114573
2.9062417
2.7544198
2.742734
2.8082027
2.7758386
2.7823129
2.8092935
2.6316135
2.6942906
2.8627036
2.7734087
2.7119193
2.7558594
2.6539605
2.908733
2.7293565
2.78361
2.7049706
2.7695553
2.7600646
2.7418933
2.9112003
2.871143
2.8451283
2.7914367
2.7158742
2.6407244
2.8045237
2.758706
2.767965
2.761288
2.7388968
2.7941144
2.7547204
2.770067
2.903583
2.7826161
2.7427087
2.724792
2.8364663
2.7453454
2.7321324
2.7148013
2.7412808
2.7642188
2.6901846
2.8112736
2.764781
2.7172525
2.7414834
2.7547207
2.8318439
2.7678235
2.7364676
2.6758924
2.8314915
2.755501
2.8872743
2.7172968
2.674175
2.79646
2.7261093
2.826002
2.808668
2.7828689
2.7824528
2.729492
2.726209
2.8059964
2.9971602
2.9421504
2.8861
2.807224
2.830935
2.827582
2.8064039
2.8537729
2.7147362
2.6837053
2.7283413
2.8014436
2.8689861
2.7442794
2.9731784
2.749065
2.8687627
2.6871243
2.582902
2.8496754
2.7186677
2.8527613
2.6480703
2.8345058
2.657191
2.8102179
2.8925247
2.5625644
2.7442415
2.6729794
2.898978
2.6742942
2.8062708
2.8208008
2.8724298
2.7970998
2.857277
2.8370705
2.7368906
2.8511403
2.8515534
2.6806824
2.7429805
2.6202493
2.7563171
2.688229
2.718464
2.7710557
2.8133867
2.877758
2.8575032
2.9277124
2.7521422
2.8552048
2.9438744
2.8419771
2.7274203
2.822932
2.8777955
2.8163674
2.6983097
2.796453
2.9497163
2.794878
2.8238187
2.7770493
2.7387118
2.9246895
2.7820203
2.662817
2.8582125
2.6513224
2.8644383
2.815536
2.7462
2.9309235
3.030492
2.8345683
2.940929
2.7277586
2.8436835
2.6840062
2.8624861
2.8457625
2.7427623
2.6177037
2.6712096
2.7857351
2.7665427
2.7467575
2.7562065
2.8234782
2.7173288
2.7436934
2.877986
2.7110677
2.6780818
2.620814
2.8743424
2.7324297
2.8147326
2.6122828
2.7937555
2.6501033
2.7873387
2.7993197
2.764149
2.8577375
2.7237105
2.7825537
2.8990006
2.7290347
2.7549906
2.6966863
2.9695761
2.7477777
2.7302046
2.8020444
2.7452486
2.6838233
2.9764063
2.7507741
2.8193812
2.8191872
2.6673565
2.8966265
2.994726
2.8792725
2.7426832
2.769245
2.839166
2.6737409
2.6269908
2.630085
2.6786058
2.7555423
2.8348558
2.7972825
2.8367677
2.747351
2.768999
2.6517527
2.7194786
2.8191922
2.7801716
2.7484663
2.8340414
2.8267403
2.7671266
2.8129687
2.839148
2.7183626
2.6761281
2.6932418
2.6959794
2.7691073
2.937949
2.919757
test_risk
2.7616863
2.8544545
2.784356
2.7564864
2.751573
2.827981
2.7551515
2.7761471
2.7196708
2.870534
2.8482141
2.8153648
2.7522304
2.8573112
2.7873755
2.800802
2.8017607
2.776042
2.7588632
2.8315203
2.7952461
2.8536234
2.785181
2.9058197
2.8701277
2.782972
2.9939697
2.8628109
2.908103
2.9337645
2.775509
2.7248197
2.8080163
2.7662368
2.7860494
2.8332722
2.6334202
2.7045078
2.8484106
2.7533112
2.712771
2.7386348
2.67427
2.9159224
2.7492614
2.7803824
2.7192085
2.7517817
2.7373734
2.7516785
2.9102173
2.8388112
2.8238223
2.8082237
2.6968794
2.6615596
2.7938597
2.776645
2.7670164
2.7787588
2.741557
2.7982626
2.7542202
2.7841156
2.891896
2.7997785
2.7477217
2.7357879
2.83785
2.7706258
2.7169254
2.752004
2.7718017
2.7665145
2.7319078
2.8121796
2.756468
2.7056136
2.75607
2.8003464
2.834605
2.764418
2.7292013
2.686416
2.8232653
2.7893505
2.8825338
2.7133815
2.7035644
2.7931948
2.7356422
2.8136246
2.8082793
2.7816665
2.7834065
2.7260962
2.7351649
2.8207939
2.9850762
2.930016
2.8729014
2.8184702
2.8514886
2.8256407
2.808413
2.8559573
2.744372
2.672073
2.7369456
2.806794
2.8659391
2.7467544
2.9560726
2.7647665
2.87498
2.710068
2.6060474
2.8486893
2.7101884
2.8901486
2.647925
2.8536422
2.6427596
2.8293576
2.9119756
2.5676239
2.7312565
2.6891904
2.8857393
2.6628158
2.8170652
2.7937522
2.877072
2.782597
2.8275466
2.8136992
2.7378526
2.819954
2.8158016
2.68043
2.7520714
2.617833
2.729311
2.6913881
2.728679
2.786803
2.8085837
2.8684065
2.8467999
2.8945014
2.7646096
2.8683133
2.935113
2.8329725
2.7118542
2.8007483
2.8804445
2.8081288
2.6822855
2.8012023
2.949677
2.7953439
2.8399649
2.75739
2.7586944
2.9366782
2.7556963
2.6621666
2.8726578
2.644231
2.869558
2.8383775
2.7358346
2.9327188
3.015579
2.8621116
2.919757
2.74372
2.841997
2.647808
2.8472395
2.8547156
2.7810802
2.628301
2.6842322
2.7793763
2.7466538
2.7485669
2.7529743
2.810275
2.700149
2.7589247
2.8514977
2.7128537
2.665793
2.629368
2.8898108
2.751717
2.8332136
2.6146448
2.8093638
2.655223
2.7656481
2.79811
2.7510443
2.8766797
2.7267313
2.8133183
2.9061239
2.7528064
2.7807367
2.6887128
2.9937935
2.7556133
2.7281744
2.8175132
2.7417614
2.6714418
2.9496949
2.7590795
2.823301
2.8155508
2.6555212
2.9246354
3.0053964
2.888427
2.735141
2.7781777
2.833576
2.6677094
2.609339
2.6329107
2.6892757
2.7679312
2.840592
2.7902842
2.8551075
2.749902
2.7878184
2.6390302
2.7107525
2.7863417
2.7841008
2.7738132
2.8260727
2.8057942
2.7704551
2.8284538
2.824546
2.7371993
2.6747963
2.683694
2.6776638
2.746923
2.9491098
2.9279912
test_mean_value
0.0024711231
0.0018853714
0.0006805205
0.0031287386
-0.0012600856
0.00017358363
-0.0010947906
-0.0038652355
-0.0011307707
0.00020042786
0.0052459496
0.001872329
-0.00011344531
-0.004862354
-0.0020097427
0.0030118725
-0.0041297157
0.0011090651
-0.0005034316
0.00034162996
0.0016426193
0.0003107659
-0.0016077687
5.68125e-06
0.0035166997
0.0009401089
-0.0012827029
0.0012618139
-0.00051890645
0.00033545322
0.0011401997
0.0007171467
0.00038052854
0.0012020303
-0.0024175304
0.0005382295
-0.0022881054
0.00014770038
0.0024984276
0.00057810405
0.0012118875
-0.00014383864
0.004953487
0.00042734196
0.0014710962
0.0013988933
0.0014842753
-0.0018688921
0.0031675417
-0.0003071541
-0.00034963834
-0.0002143448
0.0015888527
0.0019062775
-0.0020416155
0.0018301742
0.0011081393
0.0016235458
0.0031554082
-0.00082100724
0.0016730127
-0.00070570153
0.0011760838
-0.0023251912
0.0017634261
0.0012113831
0.0021421397
0.0011405749
0.0014308642
-0.0012431872
0.0037982396
-0.0013240152
-0.0012784223
-0.00040594206
0.0004100452
-0.00026083345
-0.0009440757
-0.00024382542
0.00023475723
-0.005621024
-0.00019650417
0.0008068278
0.0010533789
-0.0005563777
-0.0017314514
-0.00086839276
-0.0014770665
-0.0024584169
-0.0020171842
-0.00057748874
-0.002205061
0.00015402837
0.002582576
-0.0023967754
0.0017693636
0.0004681259
0.0008041958
0.0010735194
-0.00213102
0.0036700186
0.0018507781
0.0004959999
-0.0039774855
0.0011481025
0.0021024335
-0.0019864556
-0.004017022
0.0024541733
0.0024241142
0.00017291795
-0.0014536935
-0.0020734305
-0.00039135796
0.0010908302
-0.0007279447
-0.0022226723
-0.00075726875
-0.0020461574
-0.0029794972
-0.0010354623
0.0032469805
0.0015233161
-0.0001933418
0.0009407283
-0.0013169873
-0.00076680945
-0.0019755135
-0.0002574537
0.0012360465
0.0024757574
-0.002362953
0.0003775385
0.0019856752
0.00010720781
0.00015328238
-0.0038132402
-0.002401788
0.0008251823
-0.00067642395
0.00053685345
-0.00017926813
0.0027545886
0.0014408523
-8.436974e-05
-0.0018488668
-0.00019536469
-0.0015885305
-0.0018629971
-0.0014354711
0.0016657319
-0.0022310358
-0.0033341704
-0.0043097804
-0.0014322012
0.0020918457
-0.003290772
0.00057712104
-0.00095929176
0.0023417878
0.0012315193
0.00085802586
-0.005345613
0.0026534665
0.00013697478
-0.0008832925
0.003328575
0.0024875188
0.0012896172
0.0008319256
-0.0011380606
0.0023720032
0.0005056695
-0.0050404854
-0.0024172275
-0.0002996308
-0.00019538029
0.0019821767
-0.0016018924
0.0009271375
0.00797797
-0.0009292632
0.0006520427
-0.0004016491
-0.0010988398
-0.0027587318
0.0010676974
-0.0007654339
-0.0024911694
-0.00010886381
0.0013040333
0.00070902077
-0.0026257075
0.00013628717
0.002941071
0.0014628307
-0.0014855159
-0.0025708214
-0.0015586311
0.0011047706
0.0021464524
0.0008910735
0.0017056455
2.1847161e-05
-0.0009691746
0.00057920977
0.0003699748
-0.0025554344
0.0027451343
0.0028117856
-0.0009907928
0.00089703436
0.0013066673
-0.00045888723
-0.00021220872
-0.0011441379
-0.003192697
0.00030253647
-0.0022944182
0.0026686455
0.00080066035
0.0030808146
0.00085683103
0.0010173522
-0.0038431261
0.0006120606
-6.1860126e-05
-9.304945e-05
-0.0009423094
-0.0015813136
0.0034751955
0.0012099883
0.0028122398
0.0014423337
0.0013434516
-0.002287882
0.0040724077
-0.000100272424
0.0007246367
0.0019262389
-0.00091087254
-0.0010682077
0.0009859684
0.0044906493
-0.0015235586
-0.0036818802
-0.0013354993
-0.0018074685
-0.0004966054
0.0011932616
-0.0013596979
-0.0012107515
0.0025193726
0.001754799
-0.001062177
-0.0016460555
0.0010079398
test_mean_abs_value
0.6653411
0.88825
0.73862004
0.80818653
0.6709662
0.66388154
0.819362
0.79761434
0.6280583
0.791236
0.8106194
0.6787784
0.7504205
0.8674207
0.7400461
0.8015455
0.78266495
0.72126067
0.7564696
0.74712294
0.7850698
0.62706894
0.91898865
0.70559096
0.8950492
0.7980706
0.7157089
0.7346388
0.8415165
1.1156387
0.7177293
0.75535744
0.8564006
0.89335483
0.86282027
0.71275896
0.77312046
0.7400451
0.87346226
0.69119775
0.77556366
0.71862686
0.86614037
0.7404488
0.67731005
0.8020588
0.7151714
0.88118535
0.63584286
0.78355956
0.9205086
0.8072229
0.77293915
0.70394045
0.9570029
0.634627
0.615866
0.6366268
0.6820329
0.72745264
1.0045905
0.7213968
0.7876489
0.91217697
0.8842436
0.7873984
0.7862154
0.73700756
0.8287706
0.7794083
0.79397655
0.7583033
0.7131108
0.6661995
0.9148136
0.8654622
0.6527983
0.79596025
0.73422635
0.73135513
0.81152225
0.6641752
0.8070862
0.8351644
0.79776657
0.7489853
0.7748161
0.75076497
0.68841743
0.80420077
0.7605764
0.67993194
0.8268819
0.84255564
0.89948344
0.81584024
0.67909604
0.81563294
0.7872387
0.75017107
0.751913
0.8327567
0.81729895
0.6633323
0.68098426
0.65446967
0.687567
0.8099236
0.7409051
0.75455904
0.89622664
0.7739924
0.93022317
0.88931173
0.6746871
0.74071753
0.7397299
0.8782687
0.8596522
0.86557585
0.7343036
0.88607126
0.76782143
0.7367632
0.834824
0.7061309
0.7878768
0.71579844
0.9584735
0.5765395
0.89134556
0.7700248
1.0355552
0.62742645
0.7552409
0.7686247
0.6345055
0.704834
0.814933
0.82780665
0.9070861
0.8341121
0.6204554
0.7283254
0.8458175
0.71758145
0.82825994
0.7853467
0.6296309
0.7734091
0.7580565
0.7430612
0.8662239
0.7367164
0.7064465
0.8064858
0.92084676
0.7906464
0.72147757
0.84025884
0.75319326
0.8143557
0.758868
0.7428169
0.6840588
0.7543711
0.8536986
0.7883506
0.6541947
0.63816905
0.72304934
0.70790786
0.8472078
0.81859756
0.94260883
0.962303
0.80301976
0.9078935
0.8023291
0.72113854
0.6293623
0.75878704
0.7816739
0.75727624
0.8875181
0.744085
0.68997675
0.65196335
0.65128034
0.95399016
0.9053258
0.8879094
0.7638793
0.800555
0.6827643
0.7194266
0.7710705
0.8689442
0.9367141
0.65867513
0.821713
0.8315297
0.76351607
0.70554084
0.7770346
0.7116237
0.6622688
0.7789053
0.8070025
1.0103029
0.6396894
0.6325747
0.8103482
0.6571624
0.76861435
0.68377364
0.582827
0.78166467
0.72242516
0.7924523
0.8014277
0.9067601
0.69954205
0.874662
0.87728024
0.85217786
0.6914979
0.8113825
0.87894034
0.8354331
0.787256
0.7745533
0.7349704
0.7394386
0.8497389
0.9419409
0.71568006
0.74543273
0.8297992
0.7536976
0.7523799
0.72410953
0.7690655
0.82664186
0.87813145
0.66435504
0.8719155
0.8180159
0.9006359
0.89418125
0.65433365
0.687191
0.74119645
0.7940542
0.94054955
0.8045913
test_variance_value
0.7099537
1.247948
0.87442017
1.0390104
0.71952105
0.7049091
1.0597504
1.008106
0.6277933
0.99697036
1.0493293
0.7338511
0.89639604
1.1902544
0.88386023
1.0308126
0.9863586
0.8412666
0.93450856
0.9028755
1.0066504
0.6270973
1.3687145
0.7861218
1.2698767
1.0307235
0.81663823
0.85900986
1.1319041
1.9760727
0.81577295
0.90330786
1.1521372
1.2605425
1.1868514
0.80851185
0.94639254
0.8777423
1.2439257
0.76413065
0.9559591
0.8128148
1.1947232
0.8824478
0.73792547
1.0243636
0.8182589
1.2346121
0.63866407
0.9779331
1.3416637
1.0434449
0.94818604
0.8046242
1.4701701
0.6379234
0.60551375
0.64988065
0.7343745
0.84884953
1.62686
0.8295057
0.989533
1.3244851
1.2341931
0.9830692
0.9840414
0.87007934
1.0991766
0.9635659
1.0023792
0.9121614
0.8012818
0.71887565
1.3329616
1.1803155
0.68102324
1.0072155
0.8739322
0.8527008
1.0596665
0.70516187
1.0473012
1.1000655
1.0145941
0.9177998
0.9584573
0.8936816
0.74915284
1.0267068
0.9238035
0.7357807
1.1012833
1.150754
1.2977146
1.0721195
0.7283372
1.0688897
0.99288166
0.8945085
0.90589863
1.1117176
1.0850427
0.6988317
0.7390349
0.6836534
0.751984
1.0332806
0.89280117
0.91542935
1.2788837
0.9465412
1.366591
1.2522429
0.72237587
0.87453914
0.8663138
1.2323627
1.1719288
1.1856945
0.8571813
1.2488348
0.9266525
0.8624028
1.1078918
0.7901383
0.983248
0.80627406
1.4731516
0.5321322
1.260761
0.9431942
1.7244014
0.62457037
0.90753895
0.9335716
0.6360085
0.7916048
1.0565344
1.1128983
1.3082612
1.1074507
0.6140391
0.8419742
1.1390359
0.823304
1.0869503
0.9774355
0.6279358
0.9531428
0.92818093
0.88699806
1.1979429
0.8624604
0.7985198
1.0331136
1.3551166
0.99531025
0.8281102
1.1257893
0.9008186
1.0638586
0.9412196
0.8785268
0.7530196
0.899768
1.1634262
1.0141352
0.68801844
0.65060824
0.8429552
0.801334
1.1422584
1.0613232
1.434411
1.4596431
1.0200158
1.3223846
1.0302358
0.82356644
0.63391495
0.9113778
0.9914681
0.907006
1.2558087
0.877936
0.77334136
0.68181384
0.67150414
1.4384677
1.3018359
1.2406776
0.92484945
1.0211444
0.74022776
0.8161467
0.9341519
1.2012942
1.3850762
0.6909001
1.0676298
1.0992692
0.92585176
0.79334426
0.9613936
0.8030867
0.696324
0.98576474
1.0437757
1.6291841
0.6491521
0.63349473
1.0533184
0.68547827
0.9365188
0.73692983
0.5396644
0.96728134
0.8293838
1.001244
1.0133286
1.3125852
0.78033805
1.2283857
1.2374549
1.1516317
0.76238406
1.0536869
1.2375348
1.1129194
0.9856014
0.9535325
0.8596106
0.86612207
1.1533678
1.4243034
0.82082367
0.8767177
1.1023513
0.89479566
0.8956906
0.8296233
0.94769216
1.0828906
1.2288922
0.7016233
1.2109486
1.1130364
1.3151462
1.2763262
0.6785349
0.7617254
0.8744176
0.9965439
1.4106426
1.0278705
test_mean_costs
0.0
0.0
0.0
0.0
0.0
0.0
0.0
0.0
0.0
0.0
0.0
0.0
0.0
0.0
0.0
0.0
0.0
0.0
0.0
0.0
0.0
0.0
0.0
0.0
0.0
0.0
0.0
0.0
0.0
0.0
0.0
0.0
0.0
0.0
0.0
0.0
0.0
0.0
0.0
0.0
0.0
0.0
0.0
0.0
0.0
0.0
0.0
0.0
0.0
0.0
0.0
0.0
0.0
0.0
0.0
0.0
0.0
0.0
0.0
0.0
0.0
0.0
0.0
0.0
0.0
0.0
0.0
0.0
0.0
0.0
0.0
0.0
0.0
0.0
0.0
0.0
0.0
0.0
0.0
0.0
0.0
0.0
0.0
0.0
0.0
0.0
0.0
0.0
0.0
0.0
0.0
0.0
0.0
0.0
0.0
0.0
0.0
0.0
0.0
0.0
0.0
0.0
0.0
0.0
0.0
0.0
0.0
0.0
0.0
0.0
0.0
0.0
0.0
0.0
0.0
0.0
0.0
0.0
0.0
0.0
0.0
0.0
0.0
0.0
0.0
0.0
0.0
0.0
0.0
0.0
0.0
0.0
0.0
0.0
0.0
0.0
0.0
0.0
0.0
0.0
0.0
0.0
0.0
0.0
0.0
0.0
0.0
0.0
0.0
0.0
0.0
0.0
0.0
0.0
0.0
0.0
0.0
0.0
0.0
0.0
0.0
0.0
0.0
0.0
0.0
0.0
0.0
0.0
0.0
0.0
0.0
0.0
0.0
0.0
0.0
0.0
0.0
0.0
0.0
0.0
0.0
0.0
0.0
0.0
0.0
0.0
0.0
0.0
0.0
0.0
0.0
0.0
0.0
0.0
0.0
0.0
0.0
0.0
0.0
0.0
0.0
0.0
0.0
0.0
0.0
0.0
0.0
0.0
0.0
0.0
0.0
0.0
0.0
0.0
0.0
0.0
0.0
0.0
0.0
0.0
0.0
0.0
0.0
0.0
0.0
0.0
0.0
0.0
0.0
0.0
0.0
0.0
0.0
0.0
0.0
0.0
0.0
0.0
0.0
0.0
0.0
0.0
0.0
0.0
0.0
0.0
0.0
0.0
0.0
0.0
0.0
0.0
0.0
0.0
0.0
0.0
test_mean_abs_costs
0.0
0.0
0.0
0.0
0.0
0.0
0.0
0.0
0.0
0.0
0.0
0.0
0.0
0.0
0.0
0.0
0.0
0.0
0.0
0.0
0.0
0.0
0.0
0.0
0.0
0.0
0.0
0.0
0.0
0.0
0.0
0.0
0.0
0.0
0.0
0.0
0.0
0.0
0.0
0.0
0.0
0.0
0.0
0.0
0.0
0.0
0.0
0.0
0.0
0.0
0.0
0.0
0.0
0.0
0.0
0.0
0.0
0.0
0.0
0.0
0.0
0.0
0.0
0.0
0.0
0.0
0.0
0.0
0.0
0.0
0.0
0.0
0.0
0.0
0.0
0.0
0.0
0.0
0.0
0.0
0.0
0.0
0.0
0.0
0.0
0.0
0.0
0.0
0.0
0.0
0.0
0.0
0.0
0.0
0.0
0.0
0.0
0.0
0.0
0.0
0.0
0.0
0.0
0.0
0.0
0.0
0.0
0.0
0.0
0.0
0.0
0.0
0.0
0.0
0.0
0.0
0.0
0.0
0.0
0.0
0.0
0.0
0.0
0.0
0.0
0.0
0.0
0.0
0.0
0.0
0.0
0.0
0.0
0.0
0.0
0.0
0.0
0.0
0.0
0.0
0.0
0.0
0.0
0.0
0.0
0.0
0.0
0.0
0.0
0.0
0.0
0.0
0.0
0.0
0.0
0.0
0.0
0.0
0.0
0.0
0.0
0.0
0.0
0.0
0.0
0.0
0.0
0.0
0.0
0.0
0.0
0.0
0.0
0.0
0.0
0.0
0.0
0.0
0.0
0.0
0.0
0.0
0.0
0.0
0.0
0.0
0.0
0.0
0.0
0.0
0.0
0.0
0.0
0.0
0.0
0.0
0.0
0.0
0.0
0.0
0.0
0.0
0.0
0.0
0.0
0.0
0.0
0.0
0.0
0.0
0.0
0.0
0.0
0.0
0.0
0.0
0.0
0.0
0.0
0.0
0.0
0.0
0.0
0.0
0.0
0.0
0.0
0.0
0.0
0.0
0.0
0.0
0.0
0.0
0.0
0.0
0.0
0.0
0.0
0.0
0.0
0.0
0.0
0.0
0.0
0.0
0.0
0.0
0.0
0.0
0.0
0.0
0.0
0.0
0.0
0.0
test_variance_costs
0.0
0.0
0.0
0.0
0.0
0.0
0.0
0.0
0.0
0.0
0.0
0.0
0.0
0.0
0.0
0.0
0.0
0.0
0.0
0.0
0.0
0.0
0.0
0.0
0.0
0.0
0.0
0.0
0.0
0.0
0.0
0.0
0.0
0.0
0.0
0.0
0.0
0.0
0.0
0.0
0.0
0.0
0.0
0.0
0.0
0.0
0.0
0.0
0.0
0.0
0.0
0.0
0.0
0.0
0.0
0.0
0.0
0.0
0.0
0.0
0.0
0.0
0.0
0.0
0.0
0.0
0.0
0.0
0.0
0.0
0.0
0.0
0.0
0.0
0.0
0.0
0.0
0.0
0.0
0.0
0.0
0.0
0.0
0.0
0.0
0.0
0.0
0.0
0.0
0.0
0.0
0.0
0.0
0.0
0.0
0.0
0.0
0.0
0.0
0.0
0.0
0.0
0.0
0.0
0.0
0.0
0.0
0.0
0.0
0.0
0.0
0.0
0.0
0.0
0.0
0.0
0.0
0.0
0.0
0.0
0.0
0.0
0.0
0.0
0.0
0.0
0.0
0.0
0.0
0.0
0.0
0.0
0.0
0.0
0.0
0.0
0.0
0.0
0.0
0.0
0.0
0.0
0.0
0.0
0.0
0.0
0.0
0.0
0.0
0.0
0.0
0.0
0.0
0.0
0.0
0.0
0.0
0.0
0.0
0.0
0.0
0.0
0.0
0.0
0.0
0.0
0.0
0.0
0.0
0.0
0.0
0.0
0.0
0.0
0.0
0.0
0.0
0.0
0.0
0.0
0.0
0.0
0.0
0.0
0.0
0.0
0.0
0.0
0.0
0.0
0.0
0.0
0.0
0.0
0.0
0.0
0.0
0.0
0.0
0.0
0.0
0.0
0.0
0.0
0.0
0.0
0.0
0.0
0.0
0.0
0.0
0.0
0.0
0.0
0.0
0.0
0.0
0.0
0.0
0.0
0.0
0.0
0.0
0.0
0.0
0.0
0.0
0.0
0.0
0.0
0.0
0.0
0.0
0.0
0.0
0.0
0.0
0.0
0.0
0.0
0.0
0.0
0.0
0.0
0.0
0.0
0.0
0.0
0.0
0.0
0.0
0.0
0.0
0.0
0.0
0.0
test_mean_wealth
-2.3956602
-2.4618762
-2.4062798
-2.3808382
-2.3820078
-2.4563134
-2.3724983
-2.4040506
-2.3508508
-2.4798646
-2.4656818
-2.441185
-2.3937206
-2.4827485
-2.4116588
-2.4119813
-2.4193428
-2.3989332
-2.382305
-2.439225
-2.4104548
-2.4736614
-2.392374
-2.5319338
-2.4816744
-2.4052768
-2.5862246
-2.478852
-2.5165715
-2.54303
-2.4090283
-2.3652983
-2.4407701
-2.3909652
-2.4184422
-2.4572442
-2.2783618
-2.3463788
-2.4509377
-2.3846183
-2.355935
-2.3783035
-2.3190372
-2.5197756
-2.369228
-2.404202
-2.3442125
-2.377873
-2.3675175
-2.3792818
-2.5106342
-2.4656575
-2.439583
-2.4215686
-2.3265524
-2.3077826
-2.416904
-2.4226203
-2.4114704
-2.4057846
-2.352782
-2.419934
-2.369023
-2.4053104
-2.499309
-2.4299893
-2.3791344
-2.3674479
-2.4522889
-2.3883939
-2.3612578
-2.3643124
-2.4047356
-2.3915155
-2.3663044
-2.4381287
-2.385384
-2.3416455
-2.3709738
-2.4270105
-2.4509995
-2.4001718
-2.3609679
-2.3235435
-2.4404473
-2.4131515
-2.4970648
-2.3588235
-2.34651
-2.4251773
-2.371911
-2.4386263
-2.4314408
-2.421148
-2.4069953
-2.3600554
-2.3701854
-2.4245343
-2.572667
-2.5468636
-2.475054
-2.4352534
-2.4567387
-2.4555428
-2.4158888
-2.474668
-2.3646731
-2.3141208
-2.3710299
-2.433665
-2.4913912
-2.3798692
-2.5631075
-2.400516
-2.4857304
-2.3550258
-2.2675476
-2.470259
-2.3419375
-2.5031106
-2.2993064
-2.480958
-2.2995083
-2.459134
-2.5020134
-2.2322495
-2.3637435
-2.3255866
-2.4881275
-2.2958436
-2.4435763
-2.4187953
-2.4826114
-2.4246757
-2.4556556
-2.4348686
-2.3906415
-2.4326322
-2.433937
-2.3191133
-2.3911319
-2.2779503
-2.3613148
-2.3360407
-2.3682377
-2.4143765
-2.4320095
-2.4653065
-2.4762917
-2.4990182
-2.3776317
-2.4806917
-2.5346413
-2.4458323
-2.351994
-2.4135475
-2.4860215
-2.4332354
-2.3335714
-2.4248354
-2.554083
-2.4067395
-2.4485424
-2.3904083
-2.3807526
-2.562048
-2.3767169
-2.2781036
-2.4872432
-2.275253
-2.474807
-2.4660268
-2.3519173
-2.5400887
-2.610942
-2.4741132
-2.5264726
-2.3739316
-2.4675498
-2.2908976
-2.4649978
-2.4735675
-2.4097548
-2.2795208
-2.3205824
-2.3998058
-2.37961
-2.3716478
-2.3949304
-2.4391851
-2.3487184
-2.386242
-2.4791322
-2.3401756
-2.316498
-2.2916448
-2.4999957
-2.3817675
-2.4618728
-2.273759
-2.4315333
-2.2888246
-2.4006326
-2.4324477
-2.3833869
-2.5031025
-2.3809555
-2.4289956
-2.498015
-2.38531
-2.4159787
-2.325733
-2.5784948
-2.3908074
-2.3684263
-2.4560988
-2.3675117
-2.3082564
-2.555289
-2.3859525
-2.445382
-2.4329703
-2.3106346
-2.5443966
-2.591113
-2.4880354
-2.3713725
-2.394344
-2.454926
-2.3157082
-2.257129
-2.2833893
-2.3003569
-2.3789687
-2.4516711
-2.4132397
-2.4458241
-2.3713872
-2.4181447
-2.2908974
-2.34826
-2.4161835
-2.3932846
-2.4017973
-2.446243
-2.4237652
-2.404528
-2.4161878
-2.4423795
-2.373028
-2.3278766
-2.3267133
-2.317328
-2.3750558
-2.5543394
-2.5363905
test_mean_abs_wealth
2.3956602
2.4618762
2.4062798
2.3808382
2.3820078
2.4563134
2.3724983
2.4040506
2.3508508
2.4798646
2.4656818
2.441185
2.3937206
2.4827485
2.4116588
2.4119813
2.4193428
2.3989332
2.382305
2.439225
2.4104548
2.4736614
2.392374
2.5319338
2.4816744
2.4052768
2.5862246
2.478852
2.5165715
2.54303
2.4090283
2.3652983
2.4407701
2.3909652
2.4184422
2.4572442
2.2783618
2.3463788
2.4509377
2.3846183
2.355935
2.3783035
2.3190372
2.5197756
2.369228
2.404202
2.3442125
2.377873
2.3675175
2.3792818
2.5106342
2.4656575
2.439583
2.4215686
2.3265524
2.3077826
2.416904
2.4226203
2.4114704
2.4057846
2.352782
2.419934
2.369023
2.4053104
2.499309
2.4299893
2.3791344
2.3674479
2.4522889
2.3883939
2.3612578
2.3643124
2.4047356
2.3915155
2.3663044
2.4381287
2.385384
2.3416455
2.3709738
2.4270105
2.4509995
2.4001718
2.3609679
2.3235435
2.4404473
2.4131515
2.4970648
2.3588235
2.34651
2.4251773
2.371911
2.4386263
2.4314408
2.421148
2.4069953
2.3600554
2.3701854
2.4245343
2.572667
2.5468636
2.475054
2.4352534
2.4567387
2.4555428
2.4158888
2.474668
2.3646731
2.3141208
2.3710299
2.433665
2.4913912
2.3798692
2.5631075
2.400516
2.4857304
2.3550258
2.2675476
2.470259
2.3419375
2.5031106
2.2993064
2.480958
2.2995083
2.459134
2.5020134
2.2322495
2.3637435
2.3255866
2.4881275
2.2958436
2.4435763
2.4187953
2.4826114
2.4246757
2.4556556
2.4348686
2.3906415
2.4326322
2.433937
2.3191133
2.3911319
2.2779503
2.3613148
2.3360407
2.3682377
2.4143765
2.4320095
2.4653065
2.4762917
2.4990182
2.3776317
2.4806917
2.5346413
2.4458323
2.351994
2.4135475
2.4860215
2.4332354
2.3335714
2.4248354
2.554083
2.4067395
2.4485424
2.3904083
2.3807526
2.562048
2.3767169
2.2781036
2.4872432
2.275253
2.474807
2.4660268
2.3519173
2.5400887
2.610942
2.4741132
2.5264726
2.3739316
2.4675498
2.2908976
2.4649978
2.4735675
2.4097548
2.2795208
2.3205824
2.3998058
2.37961
2.3716478
2.3949304
2.4391851
2.3487184
2.386242
2.4791322
2.3401756
2.316498
2.2916448
2.4999957
2.3817675
2.4618728
2.273759
2.4315333
2.2888246
2.4006326
2.4324477
2.3833869
2.5031025
2.3809555
2.4289956
2.498015
2.38531
2.4159787
2.325733
2.5784948
2.3908074
2.3684263
2.4560988
2.3675117
2.3082564
2.555289
2.3859525
2.445382
2.4329703
2.3106346
2.5443966
2.591113
2.4880354
2.3713725
2.394344
2.454926
2.3157082
2.257129
2.2833893
2.3003569
2.3789687
2.4516711
2.4132397
2.4458241
2.3713872
2.4181447
2.2908974
2.34826
2.4161835
2.3932846
2.4017973
2.446243
2.4237652
2.404528
2.4161878
2.4423795
2.373028
2.3278766
2.3267133
2.317328
2.3750558
2.5543394
2.5363905
test_variance_wealth
0.028553173
0.032698616
0.030419093
0.030106327
0.028912246
0.02954536
0.030852301
0.029435113
0.029002048
0.032323826
0.031087222
0.02968559
0.027756803
0.030033905
0.029877607
0.03190783
0.031218266
0.030384636
0.029941117
0.032520514
0.031164085
0.030692713
0.032601513
0.030148627
0.032297257
0.030164449
0.03513789
0.031319946
0.032375645
0.032602035
0.028735152
0.027599981
0.029080456
0.029964674
0.028777942
0.030355383
0.02684791
0.027193595
0.033128142
0.028901057
0.027259503
0.027816024
0.027053937
0.033245113
0.030574858
0.030168172
0.029768804
0.029679293
0.02933945
0.029517138
0.033934265
0.02969142
0.031362925
0.031830348
0.02902488
0.026758498
0.030354097
0.027041709
0.027256051
0.029471636
0.03176543
0.030247983
0.031471603
0.030154107
0.03278726
0.02912752
0.02880299
0.028879186
0.031266946
0.030857291
0.027223185
0.031365387
0.028720254
0.02965302
0.028525298
0.029928742
0.029503679
0.028146554
0.03123178
0.0296317
0.031354297
0.028363278
0.028961696
0.027768642
0.031148465
0.030009886
0.031925265
0.027061068
0.027226495
0.0290494
0.028212052
0.029918408
0.030273827
0.027826652
0.030071307
0.028395489
0.02843061
0.033298798
0.035985626
0.031298406
0.033422984
0.031247877
0.03291589
0.029453252
0.03266313
0.03109972
0.030483011
0.027216315
0.028468922
0.02972432
0.030150933
0.028671633
0.032970406
0.028364867
0.032273144
0.027024982
0.024449378
0.030685944
0.028624946
0.032008883
0.02583262
0.029667862
0.025025712
0.029478246
0.0355551
0.024118245
0.02873541
0.028100235
0.03342493
0.02867481
0.02991167
0.029895643
0.032860603
0.027551679
0.02959141
0.030553997
0.026101314
0.031734023
0.030848384
0.027710048
0.027837932
0.024991706
0.028924532
0.02720266
0.027680963
0.029746773
0.030206667
0.034072645
0.029525341
0.03327333
0.031334467
0.032080654
0.034070026
0.031698845
0.027514713
0.03184714
0.033321243
0.029956343
0.026101269
0.030136267
0.033155665
0.031928815
0.032672457
0.02852303
0.030282382
0.030326279
0.030612051
0.031001527
0.031556286
0.028636059
0.033037398
0.029647319
0.031152252
0.032807473
0.03500099
0.0322321
0.03278335
0.029144188
0.030059386
0.027014218
0.031151712
0.031234454
0.029253673
0.026058802
0.028046172
0.030586924
0.028786778
0.030067343
0.02748541
0.029455513
0.026397265
0.029697528
0.029619325
0.029605657
0.025982738
0.02461954
0.03245664
0.029113319
0.029457869
0.025033971
0.030316634
0.028249541
0.028558759
0.028519586
0.02885329
0.02989186
0.025771152
0.031149067
0.035019454
0.028825196
0.028413555
0.028186252
0.036492225
0.028585348
0.027797922
0.028057558
0.029815193
0.027800668
0.033395424
0.02957044
0.030536322
0.031127919
0.025535548
0.030963682
0.03626042
0.033943214
0.028209768
0.031291723
0.030467728
0.026544888
0.026281439
0.026059125
0.03160451
0.031834405
0.032164425
0.030265352
0.034840368
0.030599995
0.028910631
0.025934165
0.02805343
0.029242594
0.032260265
0.029712254
0.030767718
0.03101073
0.028671307
0.035453666
0.031140212
0.028146861
0.025679484
0.027154347
0.027556542
0.029455844
0.033252593
0.032741986
test_wealth_with_price_abs_mean
0.13402928
0.14332527
0.13826095
0.13769965
0.13484374
0.1363774
0.13918775
0.1359904
0.13505796
0.14248912
0.1397399
0.13654804
0.13216439
0.1373853
0.13703838
0.14149764
0.1400772
0.13827646
0.13708825
0.14290139
0.13986155
0.13896015
0.14306189
0.13776259
0.14253186
0.1376627
0.14856541
0.14036922
0.14266914
0.14311104
0.1344878
0.1317141
0.1353484
0.1372159
0.13448678
0.13826454
0.13004945
0.13077731
0.14420645
0.13479853
0.13109444
0.1324515
0.13050857
0.14442804
0.13861486
0.13775125
0.13675721
0.1366278
0.13583381
0.13629669
0.14601725
0.13651592
0.14040235
0.14152214
0.13495718
0.1297075
0.13818021
0.13061756
0.13104306
0.13609871
0.14132094
0.13776451
0.14073233
0.13755406
0.14348696
0.1352507
0.13463847
0.13485964
0.14012463
0.13918515
0.1310369
0.14023066
0.13440223
0.13644296
0.13387832
0.13724539
0.13630563
0.13298611
0.14001355
0.13641186
0.14036483
0.13370365
0.13492458
0.13200817
0.13994579
0.13736174
0.14180918
0.13049817
0.13092382
0.13531333
0.13330162
0.13723943
0.13807613
0.13237773
0.13738437
0.13357104
0.13369864
0.14467284
0.15026395
0.14035758
0.14497544
0.14008042
0.14376183
0.13629608
0.14331526
0.1398312
0.13832045
0.13069677
0.13383007
0.1367201
0.13776301
0.13438848
0.14397691
0.13362427
0.14241008
0.1303139
0.12386483
0.13902608
0.13403067
0.14190613
0.12739849
0.13661492
0.12551399
0.13618298
0.14950724
0.12315516
0.13438937
0.13290851
0.1448729
0.13411841
0.13699357
0.13712335
0.14366408
0.13177066
0.13643993
0.13855219
0.12824802
0.14113607
0.13908765
0.13206202
0.13237344
0.12555604
0.13472158
0.1310059
0.1320666
0.13684784
0.13775954
0.14606838
0.13636021
0.14462456
0.14015457
0.14207157
0.14628598
0.14114517
0.1313837
0.14146169
0.14471446
0.13732634
0.12812081
0.1374106
0.14426129
0.14165078
0.14338091
0.13383663
0.13794313
0.13829489
0.1387027
0.13935348
0.14078881
0.13411272
0.14405835
0.13664164
0.13988706
0.1436563
0.14837065
0.14231917
0.14351037
0.1353438
0.1376389
0.1302718
0.13999231
0.14030963
0.13559131
0.12817064
0.13269971
0.13862644
0.13463369
0.13748845
0.13148482
0.13615628
0.12882937
0.13666834
0.13650419
0.13643834
0.12774433
0.12450925
0.14287342
0.13522753
0.13606548
0.12557235
0.13801001
0.13314518
0.13403942
0.13386042
0.13479169
0.13717501
0.12743165
0.13990115
0.14823967
0.13458169
0.13361892
0.13317628
0.15146412
0.13417944
0.13225828
0.13283518
0.1368265
0.13202728
0.14492676
0.13632433
0.13851757
0.13996935
0.12682591
0.13963667
0.15075833
0.14588265
0.13323654
0.1402546
0.13830988
0.12926129
0.12860776
0.12789056
0.14086263
0.14139935
0.14222401
0.13781802
0.14773242
0.13874173
0.13470368
0.12773855
0.13286057
0.13565467
0.14222138
0.13685891
0.13914518
0.13966459
0.13425465
0.1492
0.14002217
0.13300014
0.1269853
0.13075589
0.13155165
0.13615909
0.14459513
0.14343502
test_wealth_with_price_variance
0.028553173
0.032698616
0.030419093
0.030106327
0.028912246
0.02954536
0.030852301
0.029435113
0.029002048
0.032323826
0.031087222
0.02968559
0.027756803
0.030033905
0.029877607
0.03190783
0.031218266
0.030384636
0.029941117
0.032520514
0.031164085
0.030692713
0.032601513
0.030148627
0.032297257
0.030164449
0.03513789
0.031319946
0.032375645
0.032602035
0.028735152
0.027599981
0.029080456
0.029964674
0.028777942
0.030355383
0.02684791
0.027193595
0.033128142
0.028901057
0.027259503
0.027816024
0.027053937
0.033245113
0.030574858
0.030168172
0.029768804
0.029679293
0.02933945
0.029517138
0.033934265
0.02969142
0.031362925
0.031830348
0.02902488
0.026758498
0.030354097
0.027041709
0.027256051
0.029471636
0.03176543
0.030247983
0.031471603
0.030154107
0.03278726
0.02912752
0.02880299
0.028879186
0.031266946
0.030857291
0.027223185
0.031365387
0.028720254
0.02965302
0.028525298
0.029928742
0.029503679
0.028146554
0.03123178
0.0296317
0.031354297
0.028363278
0.028961696
0.027768642
0.031148465
0.030009886
0.031925265
0.027061068
0.027226495
0.0290494
0.028212052
0.029918408
0.030273827
0.027826652
0.030071307
0.028395489
0.02843061
0.033298798
0.035985626
0.031298406
0.033422984
0.031247877
0.03291589
0.029453252
0.03266313
0.03109972
0.030483011
0.027216315
0.028468922
0.02972432
0.030150933
0.028671633
0.032970406
0.028364867
0.032273144
0.027024982
0.024449378
0.030685944
0.028624946
0.032008883
0.02583262
0.029667862
0.025025712
0.029478246
0.0355551
0.024118245
0.02873541
0.028100235
0.03342493
0.02867481
0.02991167
0.029895643
0.032860603
0.027551679
0.02959141
0.030553997
0.026101314
0.031734023
0.030848384
0.027710048
0.027837932
0.024991706
0.028924532
0.02720266
0.027680963
0.029746773
0.030206667
0.034072645
0.029525341
0.03327333
0.031334467
0.032080654
0.034070026
0.031698845
0.027514713
0.03184714
0.033321243
0.029956343
0.026101269
0.030136267
0.033155665
0.031928815
0.032672457
0.02852303
0.030282382
0.030326279
0.030612051
0.031001527
0.031556286
0.028636059
0.033037398
0.029647319
0.031152252
0.032807473
0.03500099
0.0322321
0.03278335
0.029144188
0.030059386
0.027014218
0.031151712
0.031234454
0.029253673
0.026058802
0.028046172
0.030586924
0.028786778
0.030067343
0.02748541
0.029455513
0.026397265
0.029697528
0.029619325
0.029605657
0.025982738
0.02461954
0.03245664
0.029113319
0.029457869
0.025033971
0.030316634
0.028249541
0.028558759
0.028519586
0.02885329
0.02989186
0.025771152
0.031149067
0.035019454
0.028825196
0.028413555
0.028186252
0.036492225
0.028585348
0.027797922
0.028057558
0.029815193
0.027800668
0.033395424
0.02957044
0.030536322
0.031127919
0.025535548
0.030963682
0.03626042
0.033943214
0.028209768
0.031291723
0.030467728
0.026544888
0.026281439
0.026059125
0.03160451
0.031834405
0.032164425
0.030265352
0.034840368
0.030599995
0.028910631
0.025934165
0.02805343
0.029242594
0.032260265
0.029712254
0.030767718
0.03101073
0.028671307
0.035453666
0.031140212
0.028146861
0.025679484
0.027154347
0.027556542
0.029455844
0.033252593
0.032741986
price
2.3952265
2.4614148
2.4066303
2.3809974
2.3813329
2.455981
2.3720815
2.4041383
2.3505816
2.4795687
2.4654794
2.4411597
2.3935907
2.481599
2.411472
2.4115965
2.4194524
2.3977823
2.3824909
2.4383943
2.4101014
2.4730484
2.3920329
2.531338
2.4809432
2.405068
2.5860162
2.478362
2.5164542
2.5428808
2.4087489
2.365243
2.4410787
2.3906
2.4184306
2.4570177
2.2778115
2.345354
2.45001
2.38416
2.355944
2.3777587
2.3186142
2.5195153
2.3685691
2.4036322
2.344107
2.3774238
2.3675182
2.3783813
2.510152
2.465074
2.4388888
2.4215896
2.3258903
2.3074975
2.4169805
2.4230676
2.4111729
2.4061756
2.3519533
2.419603
2.3689363
2.4051704
2.4995987
2.4304335
2.3792732
2.366969
2.4522579
2.3878562
2.3615828
2.364401
2.4040184
2.3912587
2.3659565
2.438031
2.3850937
2.3412585
2.3710186
2.4271538
2.4505653
2.3999503
2.3612037
2.3231082
2.440049
2.412546
2.4973693
2.3584602
2.3459408
2.4253578
2.3714516
2.4384098
2.431391
2.4210677
2.4070096
2.3592136
2.3700697
2.4246507
2.5723455
2.5465496
2.4748833
2.4355054
2.4562795
2.4551885
2.4159179
2.4742382
2.3647337
2.313588
2.3706343
2.4337177
2.4908423
2.3799415
2.5621898
2.4002204
2.4859037
2.3543923
2.2670126
2.4706132
2.341718
2.502541
2.2990234
2.4806767
2.2986722
2.458961
2.5010052
2.2314003
2.363098
2.325758
2.4877496
2.2959797
2.4431994
2.4181542
2.4821923
2.424667
2.455881
2.4344912
2.3900673
2.4314237
2.4337394
2.318906
2.3906898
2.2775474
2.361051
2.3363736
2.3685603
2.4144778
2.4312708
2.4650464
2.4760273
2.4987423
2.3771207
2.4807808
2.534304
2.4453785
2.3516595
2.4129333
2.4861841
2.4329538
2.3335075
2.423898
2.5539322
2.4066029
2.448022
2.3903615
2.38016
2.561936
2.3767338
2.277411
2.4870658
2.2751167
2.4748943
2.465385
2.3512588
2.5398183
2.6110306
2.4741027
2.5262427
2.3737152
2.4674237
2.2910311
2.464593
2.4736984
2.409788
2.2792687
2.3209684
2.3992445
2.3794518
2.3715975
2.394618
2.4378712
2.3487115
2.3863237
2.4782944
2.3398368
2.3164806
2.2910998
2.5002837
2.3808775
2.4614701
2.2745504
2.431046
2.2882903
2.4007547
2.432148
2.3831975
2.5030901
2.3809056
2.428359
2.4969752
2.3850365
2.4156468
2.3255143
2.5786817
2.3911862
2.368316
2.456144
2.3678157
2.3076332
2.5547361
2.385684
2.4445336
2.4330654
2.3099637
2.5448272
2.5906706
2.4868672
2.3715649
2.3942833
2.45524
2.314941
2.257597
2.283228
2.3002942
2.37835
2.4514666
2.413587
2.445511
2.371136
2.4181368
2.2902105
2.3480172
2.415696
2.39322
2.401462
2.4457853
2.4235506
2.4039834
2.415832
2.4416013
2.3728385
2.3272448
2.3261194
2.3174853
2.374717
2.5542579
2.536011
train_time
0.41680019999999995
0.4193262999999998
0.3460107000000008
0.4107137999999999
0.488632299999999
0.4303978000000015
0.35888609999999943
0.37480159999999785
0.3621198000000021
0.4497277999999909
0.37267359999999883
0.5065018999999893
0.33632419999999286
0.3438804000000033
0.5517765000000026
0.3298693000000128
0.334223900000012
0.32387990000000855
0.4796500999999864
0.3168258000000037
0.3190981999999849
0.322335900000013
0.3264141999999879
0.3460730999999839
0.34108599999999
0.3502740999999787
0.31823539999999184
0.5303795000000093
0.3154190999999855
0.3165472999999963
0.33099509999999555
0.3216196999999852
0.3262307999999621
0.31589509999997745
0.33916039999996883
0.3080327999999781
0.3242215000000215
0.5827987999999777
0.33720390000002
0.3064037999999982
0.31380509999996775
0.3227033000000006
0.3182523000000401
0.3502174999999852
0.3025338999999576
0.3339093999999818
0.33458899999999403
0.3215520999999626
0.42725679999995236
0.6409343000000263
0.309842700000047
0.48141320000001997
0.32003909999997404
0.3549991000000432
0.3281630999999834
0.3173011000000088
0.32508269999999584
0.3217177999999876
0.3409281999999507
0.3596071000000052
0.6610441000000264
0.32040530000000444
0.34627970000002506
0.3316770000000133
0.7011759000000097
0.3264970000000176
0.3226222000000689
0.31458229999998366
0.3434075999999777
0.331144600000016
0.33192780000001676
0.3184707000000344
0.3300088999999389
0.3351021999999375
0.26721870000005765
0.329727299999945
0.3323205000000371
0.9273519000000761
0.31381420000002436
0.38592479999999796
0.8781065000000581
0.3683309000000463
0.48889209999993
0.43690540000000055
0.4005570000000489
0.3928317000001016
0.3854102000000239
0.3879058999999643
0.3253035000000182
0.32709460000000945
0.3386619000000337
0.3225446000000147
0.3058095000000094
0.3406582000000071
0.3169497000000092
0.31501990000003843
0.33367119999991246
0.3660360999999739
0.3307005000000345
0.3691094000000703
0.9411035999999058
0.34110529999998107
0.3373222000000169
0.32201580000003105
0.3211206000000857
0.3244591999999784
0.30485429999998814
0.30992430000003424
0.34733779999999115
0.3300682000000279
0.4429931999999326
0.3318274000000656
0.46466429999998127
0.6820926999998846
0.6058086000000458
0.3377950999999939
0.33035500000005413
0.34420079999995323
0.316505700000107
0.449599500000204
0.3210371000000123
0.31138780000014776
0.30039609999994354
1.1691490000000613
0.33124339999994845
0.33693990000006124
0.3337040999999772
0.3405330000000504
0.3117873999999574
0.3451110000000881
0.34396319999996194
0.3290730999999596
0.31538030000001527
0.31953539999994973
0.3391235000001416
0.34465480000017124
0.31478179999999156
0.318767699999853
0.31437289999985296
0.33589160000019547
0.30413080000016635
0.3254673000001276
0.3211735999998382
0.3172200999999859
0.31173489999991943
0.31864489999998113
0.33874009999999544
0.3102265999998508
0.41747800000007373
1.1575725999998667
0.31308869999998024
0.443327699999827
0.33283060000007936
0.4114079999999376
0.3315156000001025
0.3264509000000544
0.3317137999999886
0.3116013999999723
0.3217734999998356
0.3088756999998168
0.3561482000000069
0.32613720000017565
0.3467611000000943
0.33224040000004607
0.3029031999999461
0.33691730000009557
0.3419558999999026
0.32035439999981463
0.31905060000008234
0.31035259999998743
0.32581249999998363
0.3000010000000657
0.34222300000010364
0.32375120000006063
0.3443714
0.3467675999997937
0.30133309999996527
0.33817100000010214
0.3358034000000316
0.32548719999999776
1.3375268000002052
0.3374688999999762
0.3369235000000117
0.29644999999982247
0.3271222000000762
0.32471800000007534
0.3125382000000627
0.3203968000000259
0.30115189999992253
0.3179164000000583
0.32945680000011635
0.3332585000000563
0.4070404999999937
0.34303890000001047
0.3032455999998547
0.2916064000000915
0.3013899999998557
0.32566799999995055
0.32016310000017256
0.32074190000003
0.31590810000011516
0.3034884000001057
0.31925729999989017
0.32271719999994275
0.30266499999993357
0.3399345000000267
0.32903030000011313
0.33298340000010285
0.29029659999991964
0.3093658999998752
0.30264230000011594
0.3919495000000097
0.3358361000000514
0.30893459999992956
0.30083009999998467
0.3130619000000934
0.29197540000018307
1.571328400000084
0.35369040000000496
0.29633530000000974
0.31921409999995376
0.3411871999999221
0.2961999999999989
0.3062224000000242
0.3124214000001757
0.31362140000010186
0.32458459999998013
0.31634220000000823
0.3081907999999203
0.291024600000128
0.3063891000001604
0.32569889999990664
0.2938142999998945
0.33185980000007476
0.43685230000005504
0.3071637999998984
0.2984845999999379
0.30911550000018906
0.3231190000001334
0.3121805000000677
0.3172165999999379
0.35726309999995465
0.2955067999998846
0.30694659999994656
0.29582879999998113
0.2949305000001914
0.3015904999999748
0.29860419999999976
0.2938891000001149
0.3109715000000506
0.340840500000013
0.31921280000005936
0.3169559000002664
0.32835730000033436
0.3106904000001123
0.2990285999999287


