================================================================================
=== continuous-time
train_risk
2.818351
2.9278507
2.89346
2.8553333
2.7040937
2.9125748
2.6853547
2.791025
2.6864445
2.9570174
2.8540158
2.8207963
2.7679925
2.9818757
2.893002
2.9572327
2.9203196
2.8230925
2.823842
2.8422039
2.753922
3.0038607
2.8681448
2.952279
2.892394
2.800448
3.0414753
2.865676
3.045718
3.0184486
2.7026258
2.859529
2.9394197
2.7517824
2.9357607
2.8548615
2.6728268
2.707063
2.9098747
2.7921548
2.8348885
2.8616843
2.783847
2.9747581
2.8494244
2.8982267
2.7064939
2.8379924
2.814428
2.7656214
2.931648
2.9277456
2.9182622
2.8602903
2.7818475
2.7328424
2.9608793
2.9585054
2.8705852
2.8178895
2.7761328
2.889147
2.8325279
2.7745843
2.9749928
2.8457155
2.7900126
2.724697
2.95731
2.79036
2.7005813
2.7543564
2.8905835
2.7768471
2.695038
2.9311137
2.7921999
2.8023686
2.8196592
2.8076997
2.927074
2.8821986
2.7939317
2.767228
2.9391665
2.8390303
2.9026582
2.7871432
2.810027
2.7535372
2.8119602
2.9036417
2.8344471
2.9421217
2.7667646
2.7460573
2.767303
2.8890986
3.025776
3.0360208
2.8793275
2.8983808
2.8256245
2.8750956
2.8198478
2.8980024
2.861569
2.6501534
2.8052351
2.9110332
2.8562753
2.7582383
2.9870453
2.8094435
2.9723024
2.7365253
2.6751907
2.8925745
2.859033
2.915603
2.7360694
2.8518379
2.6552074
2.85288
2.8922923
2.5182564
2.7757618
2.7523503
3.0535636
2.7388716
2.934728
2.8853693
2.9028924
2.8386438
2.8689022
2.8865151
2.8668036
2.7958746
2.9175386
2.7320173
2.8100204
2.678573
2.7642038
2.6993325
2.769203
2.8191144
2.8656209
2.9184408
3.0380387
2.9919014
2.7750297
2.8340952
3.026405
2.879362
2.7609751
2.8471842
2.9774091
2.813766
2.7754455
2.8425543
2.9981124
2.8590643
2.8997877
2.7901504
2.7904532
3.070888
2.856115
2.7505822
2.952687
2.7611501
2.9029326
2.8785634
2.8079107
3.0275748
3.1186695
2.9034028
2.9756882
2.778398
2.8655412
2.7114258
2.8481123
2.9453394
2.9362037
2.7200863
2.8319302
2.879325
2.8328462
2.7431848
2.8532088
2.8588457
2.76504
2.7770636
2.9164412
2.73409
2.6628313
2.7234583
2.9727142
2.8303475
2.9786394
2.6713078
2.7806494
2.707297
2.851069
2.7744596
2.9306142
2.996161
2.8609838
2.9026709
2.95419
2.7568893
2.8800497
2.7825289
2.9985623
2.9275584
2.8922613
2.9712145
2.9024358
2.6885834
3.0343347
2.7332163
2.8965545
2.8253531
2.731588
2.9545033
3.1281054
2.8252974
2.856574
2.8750913
2.9072552
2.722484
2.7482874
2.740356
2.7362227
2.8374717
2.7792604
2.72455
2.9509928
2.8571959
2.8705175
2.6333506
2.7523046
2.9250426
2.7318149
2.8622413
2.8791347
2.762203
2.884259
2.7838283
2.9239943
2.7432945
2.7945733
2.769286
2.748965
2.839166
3.0871375
2.950933
test_risk
2.8570461
2.9259832
2.8768158
2.8532684
2.7244813
2.9116032
2.7326508
2.8188682
2.7171037
2.9613667
2.8622155
2.8244686
2.7607174
3.0084004
2.9097595
2.9530306
2.8917572
2.7899706
2.807093
2.8510082
2.7745721
2.9629228
2.853892
2.9852002
2.8796124
2.7965815
3.0447109
2.9128842
3.012975
3.0329158
2.7243607
2.8507984
2.9444363
2.733425
2.892656
2.8587668
2.6726387
2.7238533
2.8918686
2.7709217
2.7981527
2.8637974
2.8076994
3.0184343
2.857354
2.8954575
2.6876845
2.8034656
2.8258307
2.7827244
2.927361
2.9205313
2.9314759
2.8254354
2.7811682
2.7246096
2.9264967
2.935761
2.896208
2.8246412
2.7818196
2.8901558
2.841261
2.7893796
3.0052133
2.8364427
2.8074498
2.7522142
2.9557
2.7968836
2.7227807
2.7690635
2.8583927
2.7858691
2.6881435
2.9293828
2.7970555
2.7935507
2.865095
2.808196
2.909645
2.8898818
2.8017008
2.7545407
2.9323575
2.8549838
2.8935394
2.7650018
2.8010762
2.7561512
2.8002276
2.9060588
2.8638322
2.9317925
2.7630181
2.7603796
2.7514648
2.8438153
3.0111628
3.0004916
2.8685517
2.9152918
2.8320217
2.843023
2.795821
2.9249191
2.8724418
2.6404302
2.7866685
2.9106464
2.8557808
2.7769966
2.9814823
2.8031437
2.9686613
2.7377884
2.66808
2.8772414
2.8406482
2.9305778
2.6970584
2.8600943
2.6169343
2.9034176
2.905561
2.5335977
2.804796
2.739898
3.0377247
2.7624693
2.9499426
2.8557365
2.8971832
2.853689
2.8783808
2.8670754
2.8846817
2.8329988
2.8971884
2.7347047
2.808079
2.665264
2.769551
2.7196016
2.7793078
2.8138094
2.8321638
2.9073584
3.015755
2.980824
2.7619393
2.8551702
2.992551
2.892259
2.7624617
2.8541148
2.9828305
2.8173785
2.7713368
2.874703
2.9923415
2.864064
2.9044764
2.7979865
2.8023043
3.1080325
2.8307047
2.7438731
2.967949
2.7682023
2.897919
2.8842373
2.775811
3.028573
3.111969
2.8978798
2.978291
2.783507
2.8632097
2.7081716
2.8805435
2.9648933
2.9045708
2.7277842
2.8121107
2.8749876
2.8202431
2.7430446
2.8693295
2.8487766
2.7444978
2.7937717
2.8846152
2.7273414
2.7010071
2.6948512
2.959156
2.8356445
2.9784544
2.6618779
2.8200886
2.708117
2.8663328
2.8166478
2.8993955
3.0154471
2.856685
2.9068148
2.969604
2.7809086
2.8616874
2.7748127
3.0040288
2.9068482
2.8540316
2.9711576
2.8824692
2.7092335
3.0628517
2.7499094
2.883451
2.8489377
2.7266405
2.9783058
3.095744
2.8437526
2.8410544
2.8685396
2.9340353
2.7099483
2.7555106
2.7471952
2.746924
2.8460367
2.794449
2.747296
2.9236088
2.8341463
2.8955755
2.640418
2.7672105
2.9122648
2.7400904
2.86072
2.8755417
2.7695646
2.881795
2.8155591
2.8982518
2.7740383
2.8040183
2.756719
2.7402906
2.8415945
3.0987391
2.965834
test_mean_value
-0.0036068796
-0.0010906772
0.0016201554
-0.00413017
-0.0030136723
0.0002851593
-0.0023074767
-0.0021806895
0.0035242846
-0.0016940869
0.0025753838
-0.00041481986
-0.0020013785
-0.0022211932
-0.0013951828
0.0039715967
0.0014831008
0.00059524644
0.0029243713
0.004478973
1.2731025e-05
-7.493156e-05
-0.001684142
0.0038895821
-0.0010685504
-0.00017696
0.0003174091
-0.0025420396
0.0004137475
-0.002055329
0.0024298911
-0.0021863338
0.0011517382
-0.0012147726
-0.0008998334
-0.0007666726
0.0011479788
-0.0013460368
0.0026676818
-0.00063036144
0.00017367286
0.0007609204
0.00067647995
0.004741641
0.003113626
0.00018292414
-0.00079415145
-0.003090426
0.0019619963
-0.00039476604
0.00040927593
7.3620286e-05
0.00042431217
0.0028324537
0.0010553561
-0.0006100251
0.0002828576
0.00066614227
0.001167262
-0.00069273706
-0.0035657696
0.004558639
-0.0014463646
0.004518869
0.0014254868
0.0020508468
0.0032658062
0.0013186809
0.0033291844
0.0007084353
0.0040868
-0.0010602388
0.00332017
0.0032718026
0.003575357
0.0029759025
-0.0018602124
-8.2278144e-05
-0.0022194409
0.0018636665
-0.0020261167
-0.003332812
-0.00068335026
0.00032278628
0.0042054495
0.002439476
-0.0021369406
-0.003241354
0.0018793796
-0.0012221052
0.0033336536
-0.00017776665
-0.00027657827
-0.003172045
0.0020412693
-0.0023567355
-0.0022554975
-0.0018610993
-0.0022148583
0.00038505287
0.0006761654
-0.0018970821
0.0022502195
-0.0024147928
0.00055302907
0.0023765697
0.0052923663
0.0023086222
-0.0005597184
-0.006364533
0.0008600188
-0.0013058714
-0.000690054
0.00062043493
0.00044191632
-0.0015317077
0.0004957987
-0.00032644506
-0.00010998312
-0.00076475355
-0.0007504046
0.0030863702
-0.000612731
-0.00022485376
0.0026428495
-0.0011348476
0.00012580605
-0.00066635874
-0.0013407168
-0.0016621957
-0.00032573577
0.00081494875
-0.0019768155
-0.0012982625
0.0013546116
-0.0009782712
-0.0026527843
5.9035872e-05
-0.00085390033
-0.00015728356
0.003955267
0.00012872333
-0.0011320632
0.0016440013
-0.0041556046
0.0014125118
0.0006778671
-0.0012026948
-0.004806449
0.0006051512
0.0012572969
-0.0011572178
-0.0017918741
0.00097008137
-8.977488e-05
0.0024858464
-0.0009870427
-0.00063492317
0.0029211654
0.00022212567
-0.000738555
0.00068739534
-0.0014685418
-0.00059908035
0.00040890375
0.001823293
0.0027465525
-0.0024112728
0.004475262
0.0014393871
-0.0007792353
0.002906021
0.0012261955
0.0015303765
-0.0040273215
0.0033532847
0.0011228721
0.0014247495
-4.92149e-05
0.0030118455
0.0003802116
-0.00078870996
0.00090021733
-0.0026974995
-0.000419917
-0.0044176644
0.0018659707
0.0020593933
-0.002143033
0.00077379105
0.0008706075
0.0002732273
-0.0034366418
0.00022196371
0.0005059715
0.00061602565
-0.0006511982
0.0022156313
-0.00078148546
-0.0005200238
-0.0020444405
-0.0014989433
0.001649093
0.0022326668
0.00026533668
0.0007628325
0.0028152948
0.0024287114
-0.0012604311
0.00073877425
0.0013320717
-0.0021250849
0.0006381146
0.0035096288
0.0005812432
0.0026595048
0.0023566487
-0.001312349
-0.004614254
0.0010358874
-0.0015227211
-0.002389592
0.0010654114
-0.001002314
-0.00080585555
-0.0026090757
0.0046597687
2.310241e-05
0.00022905628
0.0016304847
-0.0021166762
-0.0013178382
-0.00054347055
-0.0022805927
-0.002217228
0.0011307736
0.004319647
0.00027041353
-0.0015465355
-0.0019255839
-0.0016308484
-0.0032998328
0.002651739
-0.0013048748
-0.0018441255
0.00042852663
-0.0004634904
0.0006446301
0.0026882358
7.69521e-05
0.00010853991
-0.00074283814
0.00033100392
0.00046909356
-0.0007727076
0.0010624863
test_mean_abs_value
0.892975
0.9401536
0.7999228
0.7734583
0.76524633
1.0034909
0.87574095
0.982975
1.0031582
0.8411395
0.85680264
0.96790963
0.82693183
1.0871696
0.7512259
1.0164965
0.8726748
0.66732484
0.92045885
0.85243285
0.8887074
0.78439564
0.86609614
1.0554458
1.0589769
0.7651193
0.7429921
0.94354516
0.75555587
0.7942998
0.9309708
0.85616755
0.8921443
0.9295212
0.9689957
0.91007155
0.8025693
0.7748575
0.8153527
0.9692078
0.6799111
0.86540866
1.0299032
0.836322
1.005612
0.86979306
0.8353685
0.85332054
0.76170415
0.9625988
1.1513898
0.8507201
0.9465548
1.0008365
0.9311262
0.8250795
1.0122361
0.7792486
0.8883513
0.7444677
1.059976
0.9898648
1.0012794
0.92665535
1.1010342
1.0381224
0.78711826
0.7416859
0.9560484
0.81106365
0.86676294
0.8564761
0.8653918
0.92361933
0.7865713
0.9303673
0.8616642
0.6278004
1.1325696
0.8629486
1.1612072
0.8129114
1.0730516
0.862679
1.0514324
1.0329463
0.8529219
0.8265742
1.0248408
0.822897
0.9119789
0.71585304
0.79355186
1.020684
0.87372947
1.1033196
0.68865
0.9059877
0.8213886
0.9008643
0.77956355
0.9798492
0.8283281
1.0492916
0.896235
0.87633955
1.0478001
0.87557364
0.7405544
0.8232222
0.77754205
0.75968593
0.74969774
1.023957
0.8942955
1.0139424
0.7860487
0.76731014
1.0451622
0.8973881
0.71563697
0.752484
0.75168645
0.8579802
1.0595385
0.84536046
0.97537553
0.9304119
0.84328306
0.71811014
0.71477044
0.721569
0.8072193
0.70527303
0.8637932
0.9823454
0.926488
0.8388764
0.98446614
0.8359404
0.90421224
0.747928
0.9563837
0.9013245
0.88037807
0.98892933
0.84884167
0.9067705
1.0250851
0.94774854
0.880518
0.75858605
1.0662276
0.9938274
0.8468525
0.9070802
1.046325
0.93704003
0.82724345
0.81147695
0.8111842
1.0414299
0.8392307
0.70916075
0.86762494
1.0107707
1.0946577
0.87853307
0.8190771
0.75709665
0.917448
0.7539521
0.9176434
1.0273597
0.8909866
0.9991264
0.82485485
0.93006516
0.8875361
0.824657
1.0673671
1.0399578
0.9267398
1.0275089
0.8079934
1.0099089
0.7933323
0.9277132
0.9976562
0.9447956
0.7931656
0.84084195
0.9283061
0.8018155
0.79032457
0.87329274
1.01097
0.8654218
0.7728908
0.728491
0.888814
0.7061879
0.915525
1.0440052
0.96513
0.9968938
0.9265773
0.8592912
0.83221036
1.0862317
0.8674619
0.7108552
0.8429276
0.9450177
0.8477495
0.8504768
0.9941458
0.80221975
0.9300891
0.8439974
0.9802194
1.0335228
0.75692075
1.0295004
0.87432796
0.79667085
0.9625546
1.1788204
0.9880847
0.8891211
0.8041407
0.92586094
0.82389146
0.8710054
0.9532776
0.8773819
0.9504438
0.9987286
0.8286881
0.8277588
0.74114287
0.9160944
0.9385354
0.9576361
1.1273205
0.889177
1.0920615
0.85378665
0.78604037
1.0280591
0.8431404
0.8478054
0.7805782
0.889218
0.80438083
1.0022197
test_variance_value
1.2605544
1.3988163
1.0195292
0.9490591
0.9338661
1.5942526
1.2281601
1.5862776
1.5967132
1.1331606
1.1885552
1.5263939
1.0812696
1.9211086
0.910761
1.6436752
1.2159954
0.7163686
1.3935413
1.1624645
1.2573639
0.975603
1.1949412
1.7823921
1.7931087
0.9359487
0.8956846
1.4354708
0.92616117
0.9999254
1.3865914
1.1726027
1.2754878
1.3649418
1.4895723
1.3296502
1.0443721
0.98870623
1.0588734
1.4935291
0.7445676
1.2169386
1.6756579
1.1094496
1.637639
1.2565482
1.1040977
1.163634
0.92846394
1.5276545
2.1493356
1.1417849
1.4147711
1.63156
1.3645391
1.0923449
1.6228858
0.97089654
1.2649875
0.88226783
1.780367
1.5603069
1.6214967
1.363189
1.9306865
1.7163415
0.98413366
0.8742299
1.4898832
1.0502872
1.1926681
1.1772709
1.1890821
1.3605042
0.98751396
1.3943055
1.1682258
0.62989324
2.0943716
1.1910539
2.1559446
1.0468434
1.8557154
1.1831353
1.7736351
1.7032561
1.1547999
1.0931196
1.6726574
1.0685762
1.3241783
0.8129832
1.0207577
1.6614888
1.2264493
1.9323776
0.76550245
1.3103158
1.0721437
1.284931
0.9774435
1.577867
1.0843642
1.7712905
1.2952545
1.2354853
1.7643759
1.2287261
0.87679994
1.08211
0.9730333
0.9270904
0.9036698
1.6950495
1.2728735
1.6320672
0.9926695
0.93855596
1.74332
1.2770534
0.8339202
0.9117935
0.88979346
1.1810695
1.8196933
1.1507484
1.5076864
1.3691831
1.1569335
0.82728386
0.824865
0.8494712
1.0349646
0.7876192
1.1852204
1.527387
1.3714015
1.1195182
1.5371614
1.1067361
1.3012155
0.8981887
1.4693133
1.2888728
1.2327961
1.567359
1.1341815
1.302455
1.7256227
1.4497956
1.2257499
0.91717154
1.8194002
1.5984248
1.1454259
1.2923917
1.8100595
1.3907907
1.093395
1.0485567
1.0539545
1.7183495
1.1126416
0.8011895
1.1900736
1.622674
1.9084512
1.2177004
1.0751505
0.9738667
1.3349671
0.912212
1.3360206
1.6956509
1.2617402
1.5772759
1.1125932
1.3927097
1.2396077
1.0851161
1.8113364
1.7150489
1.3929929
1.6646956
1.0344901
1.6520556
1.0014486
1.3616122
1.6048371
1.4379013
1.0239453
1.1150523
1.4020694
1.0288506
0.9980866
1.2198129
1.6218524
1.1959667
0.95277977
0.84654033
1.2559626
0.7880711
1.3353775
1.727574
1.4779954
1.5744749
1.3746601
1.1701171
1.0940094
1.8896213
1.2074164
0.8282583
1.1253815
1.4218221
1.1405697
1.176716
1.5835956
1.0505849
1.3788801
1.1556058
1.5273005
1.7037828
0.9097052
1.7021301
1.2177216
1.0302458
1.4877664
2.2357361
1.5546354
1.2507844
1.022536
1.3933123
1.0859509
1.2091367
1.4391708
1.222888
1.4226849
1.6420184
1.0819159
1.1068662
0.8731086
1.3381139
1.4082094
1.4793682
2.0133514
1.245453
1.8972974
1.1534433
1.0023127
1.6937072
1.1244377
1.1723729
0.98083776
1.2658194
1.0424973
1.603916
test_mean_costs
0.0
0.0
0.0
0.0
0.0
0.0
0.0
0.0
0.0
0.0
0.0
0.0
0.0
0.0
0.0
0.0
0.0
0.0
0.0
0.0
0.0
0.0
0.0
0.0
0.0
0.0
0.0
0.0
0.0
0.0
0.0
0.0
0.0
0.0
0.0
0.0
0.0
0.0
0.0
0.0
0.0
0.0
0.0
0.0
0.0
0.0
0.0
0.0
0.0
0.0
0.0
0.0
0.0
0.0
0.0
0.0
0.0
0.0
0.0
0.0
0.0
0.0
0.0
0.0
0.0
0.0
0.0
0.0
0.0
0.0
0.0
0.0
0.0
0.0
0.0
0.0
0.0
0.0
0.0
0.0
0.0
0.0
0.0
0.0
0.0
0.0
0.0
0.0
0.0
0.0
0.0
0.0
0.0
0.0
0.0
0.0
0.0
0.0
0.0
0.0
0.0
0.0
0.0
0.0
0.0
0.0
0.0
0.0
0.0
0.0
0.0
0.0
0.0
0.0
0.0
0.0
0.0
0.0
0.0
0.0
0.0
0.0
0.0
0.0
0.0
0.0
0.0
0.0
0.0
0.0
0.0
0.0
0.0
0.0
0.0
0.0
0.0
0.0
0.0
0.0
0.0
0.0
0.0
0.0
0.0
0.0
0.0
0.0
0.0
0.0
0.0
0.0
0.0
0.0
0.0
0.0
0.0
0.0
0.0
0.0
0.0
0.0
0.0
0.0
0.0
0.0
0.0
0.0
0.0
0.0
0.0
0.0
0.0
0.0
0.0
0.0
0.0
0.0
0.0
0.0
0.0
0.0
0.0
0.0
0.0
0.0
0.0
0.0
0.0
0.0
0.0
0.0
0.0
0.0
0.0
0.0
0.0
0.0
0.0
0.0
0.0
0.0
0.0
0.0
0.0
0.0
0.0
0.0
0.0
0.0
0.0
0.0
0.0
0.0
0.0
0.0
0.0
0.0
0.0
0.0
0.0
0.0
0.0
0.0
0.0
0.0
0.0
0.0
0.0
0.0
0.0
0.0
0.0
0.0
0.0
0.0
0.0
0.0
0.0
0.0
0.0
0.0
0.0
0.0
0.0
0.0
0.0
0.0
0.0
0.0
0.0
0.0
0.0
0.0
0.0
0.0
test_mean_abs_costs
0.0
0.0
0.0
0.0
0.0
0.0
0.0
0.0
0.0
0.0
0.0
0.0
0.0
0.0
0.0
0.0
0.0
0.0
0.0
0.0
0.0
0.0
0.0
0.0
0.0
0.0
0.0
0.0
0.0
0.0
0.0
0.0
0.0
0.0
0.0
0.0
0.0
0.0
0.0
0.0
0.0
0.0
0.0
0.0
0.0
0.0
0.0
0.0
0.0
0.0
0.0
0.0
0.0
0.0
0.0
0.0
0.0
0.0
0.0
0.0
0.0
0.0
0.0
0.0
0.0
0.0
0.0
0.0
0.0
0.0
0.0
0.0
0.0
0.0
0.0
0.0
0.0
0.0
0.0
0.0
0.0
0.0
0.0
0.0
0.0
0.0
0.0
0.0
0.0
0.0
0.0
0.0
0.0
0.0
0.0
0.0
0.0
0.0
0.0
0.0
0.0
0.0
0.0
0.0
0.0
0.0
0.0
0.0
0.0
0.0
0.0
0.0
0.0
0.0
0.0
0.0
0.0
0.0
0.0
0.0
0.0
0.0
0.0
0.0
0.0
0.0
0.0
0.0
0.0
0.0
0.0
0.0
0.0
0.0
0.0
0.0
0.0
0.0
0.0
0.0
0.0
0.0
0.0
0.0
0.0
0.0
0.0
0.0
0.0
0.0
0.0
0.0
0.0
0.0
0.0
0.0
0.0
0.0
0.0
0.0
0.0
0.0
0.0
0.0
0.0
0.0
0.0
0.0
0.0
0.0
0.0
0.0
0.0
0.0
0.0
0.0
0.0
0.0
0.0
0.0
0.0
0.0
0.0
0.0
0.0
0.0
0.0
0.0
0.0
0.0
0.0
0.0
0.0
0.0
0.0
0.0
0.0
0.0
0.0
0.0
0.0
0.0
0.0
0.0
0.0
0.0
0.0
0.0
0.0
0.0
0.0
0.0
0.0
0.0
0.0
0.0
0.0
0.0
0.0
0.0
0.0
0.0
0.0
0.0
0.0
0.0
0.0
0.0
0.0
0.0
0.0
0.0
0.0
0.0
0.0
0.0
0.0
0.0
0.0
0.0
0.0
0.0
0.0
0.0
0.0
0.0
0.0
0.0
0.0
0.0
0.0
0.0
0.0
0.0
0.0
0.0
test_variance_costs
0.0
0.0
0.0
0.0
0.0
0.0
0.0
0.0
0.0
0.0
0.0
0.0
0.0
0.0
0.0
0.0
0.0
0.0
0.0
0.0
0.0
0.0
0.0
0.0
0.0
0.0
0.0
0.0
0.0
0.0
0.0
0.0
0.0
0.0
0.0
0.0
0.0
0.0
0.0
0.0
0.0
0.0
0.0
0.0
0.0
0.0
0.0
0.0
0.0
0.0
0.0
0.0
0.0
0.0
0.0
0.0
0.0
0.0
0.0
0.0
0.0
0.0
0.0
0.0
0.0
0.0
0.0
0.0
0.0
0.0
0.0
0.0
0.0
0.0
0.0
0.0
0.0
0.0
0.0
0.0
0.0
0.0
0.0
0.0
0.0
0.0
0.0
0.0
0.0
0.0
0.0
0.0
0.0
0.0
0.0
0.0
0.0
0.0
0.0
0.0
0.0
0.0
0.0
0.0
0.0
0.0
0.0
0.0
0.0
0.0
0.0
0.0
0.0
0.0
0.0
0.0
0.0
0.0
0.0
0.0
0.0
0.0
0.0
0.0
0.0
0.0
0.0
0.0
0.0
0.0
0.0
0.0
0.0
0.0
0.0
0.0
0.0
0.0
0.0
0.0
0.0
0.0
0.0
0.0
0.0
0.0
0.0
0.0
0.0
0.0
0.0
0.0
0.0
0.0
0.0
0.0
0.0
0.0
0.0
0.0
0.0
0.0
0.0
0.0
0.0
0.0
0.0
0.0
0.0
0.0
0.0
0.0
0.0
0.0
0.0
0.0
0.0
0.0
0.0
0.0
0.0
0.0
0.0
0.0
0.0
0.0
0.0
0.0
0.0
0.0
0.0
0.0
0.0
0.0
0.0
0.0
0.0
0.0
0.0
0.0
0.0
0.0
0.0
0.0
0.0
0.0
0.0
0.0
0.0
0.0
0.0
0.0
0.0
0.0
0.0
0.0
0.0
0.0
0.0
0.0
0.0
0.0
0.0
0.0
0.0
0.0
0.0
0.0
0.0
0.0
0.0
0.0
0.0
0.0
0.0
0.0
0.0
0.0
0.0
0.0
0.0
0.0
0.0
0.0
0.0
0.0
0.0
0.0
0.0
0.0
0.0
0.0
0.0
0.0
0.0
0.0
test_mean_wealth
-2.4254308
-2.4836774
-2.444468
-2.4010093
-2.3184988
-2.4780698
-2.3097165
-2.3764637
-2.3069634
-2.4973357
-2.4260933
-2.380734
-2.342777
-2.5487573
-2.4374537
-2.4810514
-2.4494615
-2.375435
-2.3536315
-2.4262254
-2.3661458
-2.5221443
-2.4267194
-2.5478985
-2.4647245
-2.3627844
-2.5684884
-2.4527268
-2.5373623
-2.5754879
-2.320049
-2.4200273
-2.471028
-2.3247252
-2.4658906
-2.4069068
-2.2704127
-2.3064713
-2.451866
-2.3521593
-2.367595
-2.4161305
-2.3687165
-2.535013
-2.4192977
-2.4485035
-2.2824864
-2.3736157
-2.3779354
-2.351195
-2.4745708
-2.4779048
-2.491716
-2.3918593
-2.3671215
-2.3040912
-2.497757
-2.4818735
-2.449219
-2.4007785
-2.3763666
-2.4447534
-2.3801193
-2.3694005
-2.526614
-2.3900063
-2.3931034
-2.3348105
-2.5126104
-2.395421
-2.3131235
-2.3516386
-2.4171028
-2.3664882
-2.2906692
-2.4626634
-2.3957956
-2.3883088
-2.3888938
-2.3994024
-2.4456818
-2.4602854
-2.3631797
-2.3426824
-2.4811504
-2.4131641
-2.470918
-2.3494632
-2.3747559
-2.3338184
-2.3890977
-2.4672031
-2.4279864
-2.497128
-2.3616247
-2.346219
-2.3162663
-2.427971
-2.572151
-2.5318975
-2.4156961
-2.4507768
-2.4099193
-2.4153845
-2.3657908
-2.4567697
-2.415044
-2.2239
-2.3644497
-2.4619746
-2.4236028
-2.3528876
-2.523818
-2.38067
-2.5412657
-2.3423274
-2.240783
-2.4258847
-2.3960097
-2.4997423
-2.2793407
-2.4078574
-2.2258384
-2.4689755
-2.4471037
-2.156642
-2.3884118
-2.3353863
-2.5743387
-2.35582
-2.4969392
-2.4252543
-2.4794273
-2.4364877
-2.4417207
-2.4155936
-2.4372838
-2.427888
-2.4478738
-2.3118148
-2.3931177
-2.2614815
-2.361999
-2.3085551
-2.3644338
-2.3956084
-2.412626
-2.4510348
-2.507805
-2.5387087
-2.3592207
-2.4427164
-2.5274696
-2.4629614
-2.3546917
-2.419792
-2.4928463
-2.4122105
-2.3388357
-2.4334939
-2.531471
-2.4335663
-2.4681246
-2.3707502
-2.3794682
-2.6251838
-2.3868763
-2.3257174
-2.526175
-2.326377
-2.4619462
-2.467236
-2.3678725
-2.5712235
-2.6580937
-2.4591022
-2.5044465
-2.3588073
-2.427296
-2.30629
-2.4373417
-2.5337317
-2.444956
-2.3258162
-2.3916717
-2.4364152
-2.3896651
-2.329327
-2.4205248
-2.4359632
-2.337152
-2.3727367
-2.4322166
-2.3160133
-2.2849495
-2.2868304
-2.5094411
-2.3923194
-2.5369213
-2.2587233
-2.392321
-2.3179238
-2.433954
-2.396331
-2.4505708
-2.5360253
-2.4256003
-2.4516754
-2.511058
-2.3528726
-2.4254208
-2.317205
-2.5489662
-2.470766
-2.3919199
-2.4970438
-2.4205728
-2.2992277
-2.5926406
-2.3312278
-2.4516232
-2.3909175
-2.306085
-2.497142
-2.614607
-2.4181478
-2.3839238
-2.4336839
-2.4869378
-2.2993357
-2.3171523
-2.3188725
-2.331126
-2.4047692
-2.3942084
-2.3441372
-2.4662585
-2.3598435
-2.4547234
-2.2439747
-2.3452117
-2.471328
-2.3375525
-2.426813
-2.4441266
-2.3614624
-2.4355993
-2.3712683
-2.4703884
-2.3676295
-2.3835597
-2.34307
-2.3267648
-2.3959816
-2.6214824
-2.511764
test_mean_abs_wealth
2.4254308
2.4836774
2.444468
2.4010093
2.3184988
2.4780698
2.3097165
2.3764637
2.3069634
2.4973357
2.4260933
2.380734
2.342777
2.5487573
2.4374537
2.4810514
2.4494615
2.375435
2.3536315
2.4262254
2.3661458
2.5221443
2.4267194
2.5478985
2.4647245
2.3627844
2.5684884
2.4527268
2.5373623
2.5754879
2.320049
2.4200273
2.471028
2.3247252
2.4658906
2.4069068
2.2704127
2.3064713
2.451866
2.3521593
2.367595
2.4161305
2.3687165
2.535013
2.4192977
2.4485035
2.2824864
2.3736157
2.3779354
2.351195
2.4745708
2.4779048
2.491716
2.3918593
2.3671215
2.3040912
2.497757
2.4818735
2.449219
2.4007785
2.3763666
2.4447534
2.3801193
2.3694005
2.526614
2.3900063
2.3931034
2.3348105
2.5126104
2.395421
2.3131235
2.3516386
2.4171028
2.3664882
2.2906692
2.4626634
2.3957956
2.3883088
2.3888938
2.3994024
2.4456818
2.4602854
2.3631797
2.3426824
2.4811504
2.4131641
2.470918
2.3494632
2.3747559
2.3338184
2.3890977
2.4672031
2.4279864
2.497128
2.3616247
2.346219
2.3162663
2.427971
2.572151
2.5318975
2.4156961
2.4507768
2.4099193
2.4153845
2.3657908
2.4567697
2.415044
2.2239
2.3644497
2.4619746
2.4236028
2.3528876
2.523818
2.38067
2.5412657
2.3423274
2.240783
2.4258847
2.3960097
2.4997423
2.2793407
2.4078574
2.2258384
2.4689755
2.4471037
2.156642
2.3884118
2.3353863
2.5743387
2.35582
2.4969392
2.4252543
2.4794273
2.4364877
2.4417207
2.4155936
2.4372838
2.427888
2.4478738
2.3118148
2.3931177
2.2614815
2.361999
2.3085551
2.3644338
2.3956084
2.412626
2.4510348
2.507805
2.5387087
2.3592207
2.4427164
2.5274696
2.4629614
2.3546917
2.419792
2.4928463
2.4122105
2.3388357
2.4334939
2.531471
2.4335663
2.4681246
2.3707502
2.3794682
2.6251838
2.3868763
2.3257174
2.526175
2.326377
2.4619462
2.467236
2.3678725
2.5712235
2.6580937
2.4591022
2.5044465
2.3588073
2.427296
2.30629
2.4373417
2.5337317
2.444956
2.3258162
2.3916717
2.4364152
2.3896651
2.329327
2.4205248
2.4359632
2.337152
2.3727367
2.4322166
2.3160133
2.2849495
2.2868304
2.5094411
2.3923194
2.5369213
2.2587233
2.392321
2.3179238
2.433954
2.396331
2.4505708
2.5360253
2.4256003
2.4516754
2.511058
2.3528726
2.4254208
2.317205
2.5489662
2.470766
2.3919199
2.4970438
2.4205728
2.2992277
2.5926406
2.3312278
2.4516232
2.3909175
2.306085
2.497142
2.614607
2.4181478
2.3839238
2.4336839
2.4869378
2.2993357
2.3171523
2.3188725
2.331126
2.4047692
2.3942084
2.3441372
2.4662585
2.3598435
2.4547234
2.2439747
2.3452117
2.471328
2.3375525
2.426813
2.4441266
2.3614624
2.4355993
2.3712683
2.4703884
2.3676295
2.3835597
2.34307
2.3267648
2.3959816
2.6214824
2.511764
test_variance_wealth
0.039324466
0.04101082
0.039487276
0.042397022
0.034725625
0.039712023
0.037231915
0.0405789
0.035484523
0.044751734
0.03981365
0.040859994
0.03708841
0.04413022
0.045613356
0.045975927
0.041012738
0.036282763
0.042502087
0.038134467
0.035153784
0.041226275
0.038657956
0.04052587
0.036522977
0.039514307
0.04689483
0.044119965
0.047179747
0.04401698
0.03463815
0.038886327
0.046281714
0.035186093
0.03854661
0.04254755
0.034174383
0.03650935
0.040393967
0.03659854
0.038824454
0.04201606
0.040773112
0.048513524
0.040084295
0.041640155
0.03443333
0.038533274
0.04183279
0.038459342
0.0426021
0.041374262
0.04039019
0.03898217
0.036437992
0.037172996
0.03901324
0.04327022
0.041778244
0.03791655
0.034744844
0.041567612
0.04430447
0.03727745
0.04752354
0.04141019
0.036356263
0.03664878
0.041398026
0.034252077
0.035257325
0.036909714
0.040417627
0.037244357
0.033413358
0.045111403
0.034235008
0.03477606
0.04650209
0.035441976
0.044503756
0.038915157
0.039991323
0.035867617
0.04271192
0.04107657
0.038115658
0.036486704
0.038079306
0.037376653
0.03587996
0.04049007
0.03993463
0.040193334
0.03428643
0.036214426
0.03923673
0.036589485
0.04097761
0.045331646
0.042223927
0.04471851
0.0375969
0.038546793
0.03858152
0.04532342
0.04356964
0.036005624
0.03796332
0.04264964
0.039476722
0.03773397
0.044045784
0.037803296
0.039007466
0.03322223
0.037813094
0.042171396
0.041266385
0.03929106
0.036368664
0.042389333
0.031882122
0.0401478
0.04370416
0.02984156
0.036715318
0.034602825
0.044876363
0.034930885
0.043042228
0.038947646
0.03712102
0.03709635
0.040384457
0.042359743
0.041955095
0.03499449
0.0422883
0.037090838
0.03649221
0.03384356
0.035040144
0.03535932
0.036358166
0.036859866
0.037150655
0.0432962
0.052087426
0.04137866
0.034240946
0.03619801
0.04495008
0.039053638
0.035082486
0.03971013
0.049108192
0.034775686
0.039082624
0.040688753
0.044230163
0.039301693
0.039885793
0.038219374
0.037310876
0.048476014
0.0408879
0.03693725
0.041319374
0.040408235
0.03987589
0.03683644
0.035305236
0.04400202
0.0437069
0.040456194
0.04629669
0.037897345
0.039474074
0.03438716
0.041227847
0.0389448
0.043867763
0.03423228
0.037242886
0.040223382
0.03863059
0.036119737
0.041503116
0.036421567
0.035022818
0.037526395
0.042656176
0.035304315
0.036010753
0.03500069
0.0421405
0.04100276
0.041154858
0.03427805
0.0386713
0.03224424
0.039107885
0.03719039
0.04186817
0.047565382
0.03926774
0.04293006
0.04402025
0.03851563
0.0399723
0.04275468
0.043966774
0.040180527
0.043940455
0.04672858
0.04393697
0.035369042
0.04625424
0.03663562
0.039123356
0.04299689
0.03670644
0.047649063
0.048436813
0.038093545
0.043172352
0.039811786
0.04218578
0.035560723
0.040028594
0.038188014
0.03612898
0.04075022
0.03423021
0.03444479
0.043160625
0.046090834
0.040975403
0.033070058
0.037384387
0.040730756
0.03393433
0.039655305
0.039347127
0.035119828
0.041936696
0.041037045
0.03844801
0.03501682
0.03718647
0.035752904
0.03588956
0.041467853
0.048035484
0.042777203
test_wealth_with_price_abs_mean
0.15698332
0.1602125
0.15737553
0.16287129
0.14753717
0.15780553
0.15255344
0.15940255
0.14919595
0.16730408
0.15787157
0.15977708
0.15256067
0.1662896
0.16875422
0.16936201
0.16012824
0.15095264
0.16303161
0.15451741
0.1484517
0.1608119
0.15568618
0.15943438
0.15129805
0.15727413
0.17124519
0.16610493
0.17183593
0.16618516
0.14743154
0.15594122
0.1701771
0.14852446
0.15542103
0.16310734
0.14638823
0.15115617
0.15902707
0.15133007
0.15596162
0.16221425
0.15999451
0.17418593
0.15835585
0.16130868
0.14683172
0.15537424
0.1617135
0.15499763
0.16320795
0.16096517
0.15902154
0.15612113
0.15123697
0.15253156
0.15637907
0.16473675
0.16173613
0.15424253
0.14753461
0.16119485
0.1665973
0.1529032
0.17238705
0.16098021
0.15097441
0.15140034
0.16101836
0.14665039
0.14866336
0.15220718
0.15901457
0.15276532
0.14467138
0.16796201
0.14664969
0.14778107
0.1704086
0.14907342
0.16661751
0.15619865
0.15815513
0.14979386
0.16370185
0.16040812
0.15475826
0.15119015
0.15436272
0.15291989
0.15020134
0.15917584
0.15833347
0.15874432
0.14661458
0.15069981
0.15661895
0.15152647
0.1603042
0.16837633
0.16245238
0.16733353
0.15354985
0.15542708
0.15543628
0.16835183
0.16508886
0.15009587
0.1545329
0.16354157
0.15728688
0.1538483
0.16607082
0.15392916
0.1564932
0.14437309
0.15362187
0.1623566
0.16069722
0.15695126
0.15077223
0.16270348
0.14117505
0.15877834
0.16524221
0.13687086
0.15181436
0.1472367
0.1676918
0.14816514
0.16424103
0.15628435
0.1527308
0.15262459
0.15925384
0.16269584
0.1622712
0.14819701
0.16271544
0.15243377
0.15135367
0.14550209
0.14818957
0.14866662
0.15100023
0.15197308
0.15253961
0.16449162
0.18013753
0.16131684
0.14658979
0.15067974
0.16768917
0.15652564
0.14839472
0.15768564
0.17516376
0.14768086
0.15640253
0.15953472
0.16630828
0.15686168
0.15810421
0.1546532
0.1527162
0.17408526
0.15989123
0.1521707
0.161009
0.15909506
0.15805875
0.15202495
0.14888279
0.1660485
0.16549164
0.15929163
0.17014863
0.15393949
0.15708502
0.14696957
0.16075543
0.15618901
0.16556409
0.14666283
0.15277135
0.15867285
0.15544924
0.15046427
0.16111122
0.1513303
0.1482524
0.15346022
0.16334157
0.1487758
0.14995173
0.14815411
0.1624267
0.16014479
0.16049476
0.1465361
0.15577257
0.14227962
0.15659416
0.1526717
0.16194305
0.17238525
0.15691127
0.16381992
0.16594937
0.1552695
0.15818593
0.16333044
0.16607255
0.15881065
0.16552615
0.17099765
0.16564713
0.14874284
0.17022088
0.15134779
0.15655537
0.16385622
0.1514833
0.17245032
0.17410952
0.15452088
0.16418178
0.1579909
0.16257718
0.14930452
0.15822837
0.15448964
0.15045746
0.15979172
0.14656812
0.14708833
0.16428038
0.16957116
0.16037299
0.14397097
0.1531391
0.159712
0.1457076
0.15772486
0.15708023
0.14832042
0.16220337
0.16030955
0.15516733
0.14818981
0.15261392
0.14957453
0.14986515
0.16113833
0.17354141
0.1635921
test_wealth_with_price_variance
0.039324466
0.04101082
0.039487276
0.042397022
0.034725625
0.039712023
0.037231915
0.0405789
0.035484523
0.044751734
0.03981365
0.040859994
0.03708841
0.04413022
0.045613356
0.045975927
0.041012738
0.036282763
0.042502087
0.038134467
0.035153784
0.041226275
0.038657956
0.04052587
0.036522977
0.039514307
0.04689483
0.044119965
0.047179747
0.04401698
0.03463815
0.038886327
0.046281714
0.035186093
0.03854661
0.04254755
0.034174383
0.03650935
0.040393967
0.03659854
0.038824454
0.04201606
0.040773112
0.048513524
0.040084295
0.041640155
0.03443333
0.038533274
0.04183279
0.038459342
0.0426021
0.041374262
0.04039019
0.03898217
0.036437992
0.037172996
0.03901324
0.04327022
0.041778244
0.03791655
0.034744844
0.041567612
0.04430447
0.03727745
0.04752354
0.04141019
0.036356263
0.03664878
0.041398026
0.034252077
0.035257325
0.036909714
0.040417627
0.037244357
0.033413358
0.045111403
0.034235008
0.03477606
0.04650209
0.035441976
0.044503756
0.038915157
0.039991323
0.035867617
0.04271192
0.04107657
0.038115658
0.036486704
0.038079306
0.037376653
0.03587996
0.04049007
0.03993463
0.040193334
0.03428643
0.036214426
0.03923673
0.036589485
0.04097761
0.045331646
0.042223927
0.04471851
0.0375969
0.038546793
0.03858152
0.04532342
0.04356964
0.036005624
0.03796332
0.04264964
0.039476722
0.03773397
0.044045784
0.037803296
0.039007466
0.03322223
0.037813094
0.042171396
0.041266385
0.03929106
0.036368664
0.042389333
0.031882122
0.0401478
0.04370416
0.02984156
0.036715318
0.034602825
0.044876363
0.034930885
0.043042228
0.038947646
0.03712102
0.03709635
0.040384457
0.042359743
0.041955095
0.03499449
0.0422883
0.037090838
0.03649221
0.03384356
0.035040144
0.03535932
0.036358166
0.036859866
0.037150655
0.0432962
0.052087426
0.04137866
0.034240946
0.03619801
0.04495008
0.039053638
0.035082486
0.03971013
0.049108192
0.034775686
0.039082624
0.040688753
0.044230163
0.039301693
0.039885793
0.038219374
0.037310876
0.048476014
0.0408879
0.03693725
0.041319374
0.040408235
0.03987589
0.03683644
0.035305236
0.04400202
0.0437069
0.040456194
0.04629669
0.037897345
0.039474074
0.03438716
0.041227847
0.0389448
0.043867763
0.03423228
0.037242886
0.040223382
0.03863059
0.036119737
0.041503116
0.036421567
0.035022818
0.037526395
0.042656176
0.035304315
0.036010753
0.03500069
0.0421405
0.04100276
0.041154858
0.03427805
0.0386713
0.03224424
0.039107885
0.03719039
0.04186817
0.047565382
0.03926774
0.04293006
0.04402025
0.03851563
0.0399723
0.04275468
0.043966774
0.040180527
0.043940455
0.04672858
0.04393697
0.035369042
0.04625424
0.03663562
0.039123356
0.04299689
0.03670644
0.047649063
0.048436813
0.038093545
0.043172352
0.039811786
0.04218578
0.035560723
0.040028594
0.038188014
0.03612898
0.04075022
0.03423021
0.03444479
0.043160625
0.046090834
0.040975403
0.033070058
0.037384387
0.040730756
0.03393433
0.039655305
0.039347127
0.035119828
0.041936696
0.041037045
0.03844801
0.03501682
0.03718647
0.035752904
0.03588956
0.041467853
0.048035484
0.042777203
price
2.4255118
2.4826145
2.444161
2.4011047
2.3179157
2.4778268
2.309144
2.376166
2.3065574
2.4972339
2.4265065
2.3807745
2.3430653
2.5477831
2.4368572
2.4812984
2.448383
2.3746414
2.3532784
2.425552
2.366057
2.5220032
2.426705
2.5473597
2.4649305
2.3619318
2.56795
2.4518905
2.5372877
2.5762076
2.320722
2.4198017
2.4711323
2.324865
2.4659283
2.4065065
2.2692013
2.3062747
2.4509652
2.3517537
2.367897
2.4162884
2.368418
2.5351853
2.4193058
2.4486985
2.2823403
2.373445
2.3778627
2.351092
2.4746523
2.4769065
2.4912958
2.3918421
2.36697
2.3042881
2.497593
2.4818587
2.4493263
2.4006217
2.37616
2.4440713
2.3798504
2.3691058
2.5263672
2.3894124
2.3931894
2.334715
2.5122092
2.3953578
2.3127017
2.3514585
2.4171002
2.3670144
2.2905028
2.4620957
2.3957262
2.388035
2.3884501
2.3988514
2.4450727
2.4598238
2.3636308
2.342008
2.4812222
2.412434
2.4709594
2.3497326
2.3753
2.3334682
2.388557
2.467001
2.4277716
2.497043
2.3616986
2.3455803
2.3167248
2.427615
2.5724847
2.5315235
2.4145737
2.451262
2.4095993
2.414794
2.3655057
2.4559784
2.4145014
2.2238028
2.3655696
2.4620864
2.4236474
2.352455
2.5235925
2.3802626
2.5409741
2.3415637
2.2403865
2.4245305
2.3960805
2.4995627
2.2790496
2.4076695
2.2251453
2.4677224
2.4466817
2.1561584
2.3885462
2.3350525
2.5741692
2.3548357
2.4964426
2.4251294
2.4785855
2.43635
2.4414384
2.4156923
2.43753
2.4277349
2.4474568
2.3120675
2.3934886
2.2614713
2.362114
2.3082128
2.3648198
2.395226
2.4117572
2.4500778
2.5075412
2.5384073
2.358629
2.4432404
2.5277216
2.462939
2.3541524
2.4190214
2.4927518
2.412053
2.338068
2.4329724
2.5307238
2.4332373
2.4675107
2.3699355
2.379059
2.624348
2.3873591
2.3249438
2.525989
2.3262446
2.4622498
2.4671364
2.3679354
2.5706904
2.6573863
2.458414
2.5042772
2.3589363
2.4262967
2.3056607
2.4370348
2.5333416
2.4450035
2.3251944
2.391253
2.4358766
2.3895614
2.3292508
2.4201293
2.435853
2.3368835
2.372525
2.4308946
2.3158462
2.2845325
2.2874212
2.509794
2.3919852
2.536554
2.2588522
2.392294
2.3181193
2.4337442
2.3961198
2.4496098
2.535775
2.4252307
2.451084
2.5099092
2.3520372
2.4252567
2.3168726
2.5490637
2.4701571
2.3918052
2.497095
2.419921
2.299281
2.5919023
2.3306766
2.451244
2.3908823
2.3050332
2.4971004
2.6144223
2.4174993
2.3831275
2.4333448
2.4871974
2.2987242
2.3161922
2.3177707
2.330703
2.4041805
2.3939364
2.3439028
2.4655714
2.3601973
2.454262
2.2438984
2.345331
2.470638
2.337355
2.4259725
2.4445586
2.3610203
2.4355338
2.3712633
2.4705262
2.3674772
2.3824599
2.3430963
2.3261044
2.3949769
2.621719
2.511854
train_time
0.41674710000000026
0.3329367000000012
0.36271190000000075
0.3421424000000002
0.4602511000000007
0.3392447999999959
0.3349575000000016
0.3590658999999974
0.3361301000000054
0.3399466999999987
0.3296948999999998
0.4853602999999964
0.33477419999999825
0.36276609999998755
0.36428240000000756
0.33586420000000317
0.3532523000000083
0.37038219999999455
0.35220540000000256
0.5151457999999991
0.4943750000000051
0.33278810000001613
0.3453266999999869
0.3336055999999985
0.3684912999999881
0.3488655000000165
0.3537338999999804
0.552012000000019
0.35331030000000396
0.36510039999998867
0.34536220000001094
0.3332279999999912
0.3576888999999994
0.3596761000000015
0.34610440000000153
0.3565140999999983
0.3377027999999882
0.3379131000000086
0.5918387000000109
0.35467760000000226
0.3434033999999997
0.4602160000000026
0.3576545999999894
0.338990200000012
0.3561620000000403
0.3508077999999841
0.3367553999999586
0.332835799999998
0.38137660000001006
0.3485476000000176
0.3057470999999623
0.35071859999999333
0.3334760999999844
0.38008870000004435
0.33805620000003955
0.3597450999999978
0.35937890000002426
0.34962020000000393
0.36356280000001107
0.3576821999999993
0.35441459999998415
0.3367587000000185
0.3503526000000079
0.33645780000000514
0.731309900000042
0.35688970000001063
0.341365900000028
0.3558542000000102
0.3498707999999624
0.34087949999997136
0.35581760000002305
0.344866100000047
0.35837680000003047
0.3442156000000409
0.3520849999999882
0.3333306000000107
0.34379610000002003
0.34370219999999563
0.3458921000000146
0.35436249999997926
0.8270720999999526
0.34047369999996135
0.34906510000001845
0.3478854999999612
0.3366672999999878
0.33230839999998807
0.3559649000000036
0.32985900000005586
0.33261719999995876
0.36175490000005084
0.37183790000005956
0.3320107999999209
0.45513019999998505
0.37007579999999507
0.33713379999994686
0.3352171000000226
0.344846099999927
0.33726849999993647
0.35070329999996375
0.3509526000000278
0.32966579999992973
0.3296066000000337
0.3376661999999442
0.34803869999996095
0.35309080000001813
0.34556960000008985
0.3495533999999907
0.33096150000005764
0.3389677999999776
0.3356191000000308
0.330210799999918
0.3591002999999091
0.3926103000000012
0.36036510000008093
0.3483343000000332
0.3310964000000922
0.3489336000000094
0.3318959000000632
0.3322938000000022
0.3399047000000337
0.3438564000000497
0.34846010000001115
1.045525600000019
0.33600940000007995
0.3245480000000498
0.3495699999999715
0.3492770999999948
0.34920690000001287
0.35399199999994835
0.3478332000000819
0.3459136999999828
0.3507627000000184
0.33458870000004026
0.32652389999998377
0.331743099999926
0.33632909999994354
0.32644279999999526
0.3322258000000602
0.34537569999997686
0.3211987999999337
0.3283999999999878
0.34323200000005727
0.3418733999999404
0.3412187000000131
0.42629280000005565
0.3319095000000516
0.35788530000002083
0.3335326000000123
0.33853480000004765
1.222746999999913
0.3218800999999303
0.3590378999999757
0.3292635000000246
0.3352506999999605
0.34178179999992153
0.33021689999998216
0.3374099999999771
0.3449265000000423
0.32636840000009215
0.34399370000005547
0.3510738999999603
0.34254779999992024
0.3616051999999854
0.32880599999998594
0.34649480000007316
0.3173238000000538
0.3406751999999642
0.32747600000004695
0.34795229999997446
0.34204539999996086
0.32286690000012186
0.3268972000000758
0.3341003999998975
0.34033930000009605
0.3294462999999723
0.3485411000001477
0.33251469999981964
0.34709540000017114
0.3339825999998993
0.29802479999989373
1.3790502000001652
0.31713619999982257
0.30796459999987746
0.3291526000000431
0.3286649000001489
0.3351239999999507
0.3260033999999905
0.3308633000001464
0.3431436000000758
0.3528918999998041
0.3492853999998715
0.4323197999999593
0.31693109999991975
0.33726820000015323
0.32525490000011814
0.3389564999999948
0.34133649999989757
0.32530320000000756
0.33377040000004854
0.33761219999996683
0.33095939999998336
0.3628555000000233
0.32574879999992845
0.32739300000002913
0.33339349999982915
0.32814729999995507
0.3244519999998374
0.321400100000119
0.3316790999999739
0.32605690000013965
0.33244220000005953
0.3443220999999994
0.336084000000028
0.32513939999989816
0.3579477999999199
0.3158149000000776
1.6727993000001788
0.326873599999999
0.34803260000012415
0.34580049999999574
0.3539702999999008
0.33070950000001176
0.3233213999999407
0.35386829999993097
0.3277017000000342
0.33388609999997243
0.3274483999998665
0.4802600000000439
0.32925189999991744
0.33046029999991333
0.34997309999994286
0.31945969999992485
0.31623579999995854
0.32541650000007394
0.31898820000014894
0.30923939999979666
0.3426210000000083
0.3235583000000588
0.3152926000000207
0.3172501999999895
0.4394105999999738
0.33513889999994717
0.4348786000000473
0.4320788999998513
0.32627400000001217
0.34778189999997267
0.32829549999996743
0.3361409999999978
0.32914949999985765
0.3339851999999155
0.3232394999999997
0.3286649000001489
0.3386474999999791
0.3218749999998636
0.33479699999998047
0.32090790000006564


