================================================================================
=== continuous-time
train_risk
3.2569342
3.192889
3.0652506
3.2432623
2.7920222
3.151112
2.809822
2.9828346
3.0472057
3.1702065
2.8907404
2.9735477
2.7974849
3.171023
3.1562507
3.0521839
2.9249108
2.9349396
3.0649536
3.2032168
2.930169
3.1998796
3.0249212
3.2783601
3.0475514
2.9282403
3.2010026
2.984104
3.0169861
3.2146037
3.1048188
3.1469147
2.832008
2.9779394
3.1482174
3.1545942
2.936295
3.0023172
2.8813019
2.8892665
3.056679
3.1288261
2.9249437
3.2082126
3.2090535
3.136457
2.8957958
3.0556946
3.015076
2.9219115
3.0174263
3.0379484
3.2283196
2.8640242
2.9603088
2.98949
3.0656939
3.0655627
3.0567853
2.9830933
3.0297606
3.0212166
3.1493866
2.768364
3.25118
2.869182
2.9602292
2.994895
2.8464186
3.0076175
2.8781965
2.9805753
2.9367561
2.7525847
2.7586637
3.11814
3.0478625
2.8173623
2.919008
2.968584
3.1334393
2.9906116
2.9147108
2.715355
2.9551165
2.991144
3.1471329
3.0153801
3.063448
2.78636
2.971241
3.046524
3.108151
3.157247
2.9970808
2.8836591
2.86625
3.0542967
3.1877
3.012777
3.1447916
3.0723767
2.944684
2.9067032
3.1009972
3.2416255
3.088573
2.81583
3.0576222
3.092491
2.9603713
2.9452903
3.3410106
3.0621748
3.0489354
2.9989066
2.7443876
3.0353322
2.9608564
3.0226154
2.933972
3.121192
2.6506124
3.0356808
3.0914843
2.6821194
3.0574653
2.8197634
3.1355355
2.86894
3.2573032
3.106391
3.1442034
3.0359018
3.101599
3.1929111
3.0406282
2.8681092
2.972792
2.875687
3.1443846
2.865204
3.126452
2.7911177
2.907712
3.0253298
3.0273592
3.087594
3.1042726
3.2773457
2.9392776
2.9732573
3.0023239
3.0408669
3.1559544
3.146817
3.0059953
2.939171
3.156043
2.9853861
2.888676
2.9152784
3.1382518
2.992885
2.9729576
3.368573
2.8398871
2.9854236
3.2176788
2.9107056
2.8908675
3.0502853
2.861717
3.3807013
3.0913813
3.081361
3.089707
2.896842
3.103327
3.1407356
3.032491
3.067981
3.1044524
2.9221122
3.1478448
3.001585
2.9489636
2.8837783
2.9114933
3.1669137
2.8043385
2.9006684
2.9181545
2.886728
2.5990574
2.790749
3.0457551
2.9158971
3.1786482
2.8918514
2.8901927
2.7832599
3.1886532
3.169207
3.2470462
3.2748218
2.8993757
3.1756625
3.019879
3.1523523
3.1286328
3.0486684
3.246403
3.1736195
3.0673187
3.1020894
3.2610712
2.8076081
3.1936812
3.1237993
3.1019366
2.9351408
2.807094
3.0306897
3.501817
3.1916025
2.9598289
2.9997303
2.992943
2.9198909
2.7540412
2.9289615
3.0380435
2.996074
3.0988922
3.1527815
3.160701
3.1391306
2.9632723
2.893498
2.918481
3.2473998
2.9302716
3.3391333
2.9603422
2.8134513
2.9650075
2.8590198
3.1206613
3.0221705
3.0268915
2.9215784
2.9403505
3.1587653
3.1601744
3.442154
test_risk
3.2458239
3.2004697
3.075299
3.1614177
2.7994576
3.1730812
2.8204303
2.9696403
3.0493166
3.1579666
2.9094856
2.9972265
2.7903397
3.1821468
3.1121135
3.0011215
2.938503
2.9734297
3.0483608
3.189658
2.941664
3.1885216
3.0791285
3.276739
3.0370886
2.9666383
3.208876
2.972188
3.03618
3.2434633
3.1120293
3.1719158
2.8533695
2.990293
3.126442
3.1251776
2.952782
3.0166802
2.9409723
2.9071631
3.023468
3.1323829
2.927318
3.2147746
3.186107
3.1021907
2.9476423
3.09719
3.033336
2.9289775
2.9920337
3.0676532
3.1876698
2.832693
2.9596758
3.0130963
3.0577028
3.078377
3.0827496
3.0002317
3.0142584
3.0422816
3.1381166
2.765679
3.2529898
2.8951473
2.9258158
2.9978237
2.8421137
3.0103865
2.8635092
2.9246247
2.9287207
2.7677736
2.7848613
3.1017404
3.0815012
2.7789762
2.8840363
2.971382
3.1135788
3.0125544
2.9039946
2.7436962
2.9626095
2.979324
3.1673765
3.0408611
3.0525486
2.7895381
2.9659064
3.0843096
3.132359
3.1523876
2.980272
2.857905
2.8454072
3.0326228
3.209173
2.9929178
3.1285338
3.0602396
2.9317157
2.8607545
3.071556
3.2840836
3.0389016
2.8078208
3.0408854
3.1005032
2.977784
2.9269474
3.3786387
3.0383706
3.0726142
3.0042517
2.7099276
2.9943352
2.9236891
2.978972
2.9269466
3.1024837
2.6854033
2.993987
3.0491045
2.697005
3.0816383
2.810951
3.0933177
2.890219
3.2747529
3.1419473
3.1718762
3.0395577
3.1181204
3.1894813
3.0722325
2.9213474
2.98729
2.913372
3.1453772
2.858733
3.084872
2.8454978
2.9083579
2.9864132
3.0541759
3.0753806
3.0849388
3.2749066
2.8810854
2.988198
3.0342402
3.0683932
3.14189
3.1800656
3.0310314
3.0039568
3.1566482
3.0147426
2.9014537
2.9025981
3.1789298
2.9648209
3.027844
3.4387066
2.8570917
2.9866788
3.2478533
2.9799573
2.9050708
3.0784001
2.8775241
3.4036195
3.1117568
3.046633
3.0817153
2.9074717
3.0978882
3.085409
3.0103893
3.0894988
3.1129334
2.887248
3.1365857
3.0317688
2.971017
2.883091
2.890003
3.191145
2.8701026
2.9179595
2.9444466
2.9471805
2.6039414
2.7607932
3.0758247
2.922806
3.203341
2.9237146
2.9267883
2.7883508
3.2399006
3.213649
3.255295
3.264444
2.935528
3.2171047
3.0564404
3.1295972
3.0825117
2.9909415
3.232022
3.1833684
3.0986903
3.1197271
3.283082
2.7760115
3.217616
3.0921633
3.0858514
2.9752572
2.8238893
3.018169
3.501683
3.1408324
2.950587
2.9865518
3.050585
2.9401276
2.7841673
2.951158
3.0531774
3.01434
3.070276
3.1191888
3.1630511
3.083206
2.989383
2.9175484
2.9505653
3.2258606
2.9079227
3.328411
2.9924023
2.8347735
3.0072806
2.8871467
3.1170163
2.9906409
3.0145583
2.946301
2.9024518
3.1909096
3.171366
3.474195
test_mean_value
2.5548532e-06
0.00054398115
-0.0012745153
-0.0015212111
0.002029567
0.0010957014
-0.002956654
-0.0012304228
0.0045257723
0.0035242254
0.0011733709
-0.004368778
-0.0008317856
-0.0018462627
0.0028194792
0.0005110956
0.001277532
-0.0020344618
0.0026238177
0.0032188483
0.00061401265
-0.0012859718
-0.00092686765
0.00055685476
0.005443068
0.00059401116
-0.002914365
-0.0031144964
0.0021608034
-0.0026582421
0.002061264
-0.004072836
0.0013080583
-0.0076923226
-0.0040631755
-0.004022916
-0.0011321284
0.00071951584
-0.004108122
-0.0039960183
-0.006679475
-0.00023955666
0.0047525703
0.00035576333
-0.0025191882
0.00068739644
0.0025899985
-0.0075710756
0.003286668
-0.00250821
0.0017253918
0.0024498056
0.0023277027
0.0024225242
-0.0021722247
0.0030309877
-0.0006516211
0.0001810722
0.0023047642
0.0014064283
-0.00016513401
0.0035063005
-0.0018510346
-0.0043230094
0.0009923906
0.00051020243
0.0006846328
0.0028054675
0.00049136515
0.00021825026
0.002917659
-0.0010803614
-0.002806947
0.0015875555
0.0039673126
-0.0020432463
-0.0029420275
-0.001524488
0.0005379718
0.00042354126
0.004446301
0.0026878966
0.0022816032
0.0012184584
-0.0013679811
0.0013358876
0.0007486942
0.004319886
-0.00016496587
-0.0014267743
-0.002697795
-0.0012498231
0.002875655
0.0039335857
-0.0054229912
0.0027059265
0.0028420072
-0.004267124
-0.003246744
-0.0014466572
0.0034974054
-0.0020814256
-0.0043238155
-0.0010301406
0.001726269
0.0047282698
0.0010723484
0.00094941753
-0.0051449602
-0.0020786396
0.00045538184
0.0021937734
-0.0019885786
0.0028101888
-0.0037008494
0.00070938026
0.0059792665
0.0012944884
-0.0045373673
0.0014820406
-0.0031273665
0.002178313
0.002267167
-0.00976705
0.0028872073
-0.011649016
0.00058513944
0.003634509
0.0047056032
-0.0030333
-0.00025048928
-0.008746096
-0.001065139
-0.0022852155
-0.001090388
0.0008546655
-0.008296056
0.0032718114
0.0057290625
-0.0003617192
-0.00066931825
0.0013854256
0.000834782
0.0032020486
0.0017138746
0.0030466595
-0.0013809339
0.00054886984
-0.0018508261
0.0020120603
0.005099051
0.0032203395
-0.000113585644
-0.00087803416
0.0018848417
-0.00026909244
0.0019501911
-0.004351588
0.00062387215
-0.00837951
-0.0013127436
-0.0020223134
0.0006905691
-0.005753928
-0.0007685781
-0.0068710297
0.0010185048
0.002503459
-0.0021504245
-0.005495196
-0.00067973876
-6.7737565e-05
-0.00012710676
-0.00075616455
0.0013185918
0.0008475679
0.0054203076
-0.005825759
-3.582299e-05
-0.00037350444
0.0052655884
0.0035988763
-0.001099848
0.0043399883
0.0005941103
-0.0025492187
-0.00046852475
0.0012633306
-0.0029431563
-0.0025502648
0.0012390525
-0.0049688704
0.002083494
-0.005817084
0.0026807424
-0.0011940431
-0.011446286
0.002614279
-0.0025927825
-0.0017673651
0.0028987196
-0.0034238715
-0.0003570253
-0.009017089
-8.807144e-06
-0.0004960324
0.000111130554
1.6362123e-05
0.0013279221
-0.0037959418
-0.0006591903
-0.0042102505
-0.002471096
0.007278915
0.0010959042
0.00049982825
-0.0034812305
-0.0047735292
0.002583861
-0.00015157915
0.0013517422
0.0003268427
0.0004904977
-0.0007933406
0.006283592
-0.001385399
-0.0015740304
0.002344418
-0.0007208278
-0.0017784636
-0.0018820864
-0.003631776
0.0018874442
0.0014179635
-0.0006197543
0.004623269
0.0011648826
0.0035543772
0.0016107525
-0.0009737729
-0.0021074542
-0.004044904
0.00492387
0.0010826681
0.00043145524
0.0007735115
0.0013225115
0.00016037513
0.0019262546
0.001457502
-0.0030367328
0.001835907
-0.00077514537
-0.0035471797
0.0013015968
-0.00037070565
test_mean_abs_value
1.5503467
1.6345352
1.0951616
1.4156469
0.9418592
1.0591575
1.3589048
1.3100039
1.5051867
1.7917818
1.0067278
1.1043622
1.4297769
0.90298474
1.0364538
1.24161
1.0888637
1.1060586
1.5066347
1.058538
1.682358
1.1741412
1.1740286
1.4123927
1.4699078
1.5839006
1.2466091
1.2413679
0.97211313
1.452077
1.3292879
1.2311785
1.2605531
1.132107
1.168252
1.0710483
1.1935714
1.2617244
1.4771643
1.3575325
1.3192828
1.2158331
1.2612015
0.9689653
1.0409526
0.9950738
0.9757586
1.4318832
1.105782
0.92869544
0.83330697
1.0134562
1.661172
1.0593699
1.0312341
0.982312
1.3939536
1.1453991
1.3796626
1.2292445
1.0663428
1.3451524
1.7047681
1.174455
1.450637
1.1587874
1.3033713
1.052806
1.3905168
1.3210778
1.0495133
1.0730408
0.9444626
1.5824388
1.3112186
1.427173
1.2927159
0.8432223
1.1575888
1.2743809
0.97418797
1.5917735
1.26448
1.0796183
1.0012923
1.0181745
1.129794
1.3465202
1.1396368
0.96585196
1.0977004
1.5848633
0.9247406
1.2669406
1.1071899
1.2422982
0.9247923
1.070549
1.3985691
1.1003283
1.2764707
1.3163396
0.9457625
0.91929877
1.0715694
1.1396558
1.3857046
1.1087036
0.9945548
1.0370156
1.008584
1.027458
1.4556972
1.3417541
1.314183
1.0020318
1.3268386
1.1556159
1.4422555
1.096668
1.2982626
1.2347225
0.8339587
1.5659372
1.2767767
1.3890619
1.4516672
1.348236
1.1040554
1.0140933
1.3991547
1.3454225
1.3624878
1.1443694
1.1294761
1.2038054
1.0215267
1.2246168
1.440494
1.3488662
1.1200553
1.3758726
1.282202
0.9471605
1.1149467
1.3826302
1.3232379
1.4567525
1.4665558
1.700086
1.2338593
1.5298065
1.2294952
0.92867917
1.4716957
1.3083812
1.4745651
1.1108798
0.9862206
1.2964748
1.3489444
1.1669785
0.97697496
1.1311933
1.3722903
1.7702775
0.9902451
1.1795212
1.3364346
1.207848
0.9925148
1.0632856
1.0683422
1.4450492
1.4878815
1.7051977
1.2003402
0.9301562
1.3617749
1.0700916
1.0529227
1.7077563
1.2877226
1.3124349
1.5661925
1.1581298
1.0545539
1.4320741
1.0060662
1.4645386
1.0295879
1.1726152
1.1557062
1.1152451
1.2691411
1.2272898
1.4875233
1.2734369
1.190934
1.217672
1.1240237
0.82110965
1.1457
1.7587826
1.349359
1.749721
1.3171245
1.0033941
1.4074951
1.6514523
1.1165165
0.93978673
1.3538941
1.264811
1.4019157
1.1919538
1.2620145
0.93168896
1.0875309
1.4446416
1.1443033
0.9413471
1.1975226
1.3165945
1.4746789
1.0754025
1.1810628
1.1960814
1.161764
1.0764817
0.9058276
1.300919
1.2768029
1.2442688
1.2326236
1.4559647
1.5968517
1.3739759
1.0893711
1.3702371
1.0058142
1.4295443
1.3324838
1.1492183
1.2693034
1.2224388
1.203391
0.9519892
0.9752753
1.5100887
1.3130692
1.0248182
1.6398232
1.0057096
1.1166661
1.1921368
test_variance_value
3.8314798
4.2939115
1.9432542
3.343739
1.4412932
1.796838
2.9130704
2.7476974
3.8685248
5.3247466
1.6446266
1.936832
3.3418446
1.3297383
1.775573
2.4511907
1.8813767
1.9515381
3.6263165
1.8153878
4.5660677
2.2815533
2.3648198
3.2178466
3.4590063
4.031629
2.577869
2.4576128
1.5399746
3.3152218
3.194458
2.4861917
2.5551019
2.1696942
2.313553
1.8485864
2.2263095
2.5235841
3.5377002
3.0726361
2.7940063
2.411989
2.5494618
1.5206794
1.7392706
1.5785233
1.605502
3.2934756
2.0295136
1.4119446
1.1217817
1.6848099
4.487037
1.7667109
1.7103969
1.5747799
3.1107316
2.0689936
3.2356167
2.4495142
1.7940859
2.862909
4.8116045
2.1997612
3.3372078
2.147364
2.727679
1.813736
3.1271138
2.8575912
1.7771976
1.8523179
1.4224485
4.153874
2.7259634
3.2638986
2.7700481
1.1460526
2.145983
2.6426833
1.5807451
4.128878
2.5598547
1.8631823
1.5914686
1.7655654
2.0683928
2.8925998
2.1336234
1.5184621
1.9797535
4.003103
1.3843426
2.610338
1.9350276
2.4632587
1.3610015
1.8151692
3.161348
1.9690216
2.550461
2.9986567
1.461047
1.3756076
1.8372362
2.1314416
3.0555508
2.0133545
1.6216298
1.7433529
1.6132532
1.7670735
3.369863
2.8699188
2.8032303
1.6921396
2.764466
2.223182
3.3573408
1.8900071
2.7051203
2.4226952
1.1084057
3.9986768
2.5555398
3.1348586
3.4425492
2.9400618
1.9634173
1.6320918
3.121419
2.9030774
2.9537423
2.079098
2.0241106
2.330385
1.6629672
2.4486065
3.3212283
2.8822877
1.9921896
3.0369496
2.7287917
1.4687457
1.970156
3.0332878
3.1116478
3.3915656
3.3678718
4.695817
2.5272882
3.7503772
2.4219885
1.4094893
3.5085697
2.7089965
3.4744473
2.1806247
1.5377336
2.6675816
2.8718247
2.2308497
1.5211433
2.025439
3.0962942
5.005327
1.5935222
2.2040348
2.8601344
2.4493246
1.586977
1.8332462
1.8178098
3.3021042
3.5082297
4.693634
2.3995814
1.4056921
2.9230018
1.8632573
1.8190032
4.692727
2.6493816
2.770119
4.0939054
2.1909177
1.7510889
3.3507192
1.6247745
3.5896962
1.7244271
2.1962967
2.1002102
2.0602405
2.5868216
2.4245987
3.55822
2.53106
2.4429133
2.3857515
2.0404255
1.0802598
2.209167
5.0256805
2.9016259
4.996306
2.7755814
1.6713787
3.345483
4.3483152
2.0262463
1.4401131
2.9678428
2.659834
3.176823
2.3352115
2.6052897
1.3831841
1.9331393
3.257539
2.1017106
1.4390403
2.3061016
2.813434
3.5619385
1.9290106
2.277943
2.2412145
2.1217067
1.9473093
1.3366454
2.7443485
2.58641
2.5310664
2.404775
3.52582
4.1524873
3.102489
1.9318343
2.9228182
1.6444005
3.2341597
2.8311572
2.274822
2.523115
2.385793
2.3556163
1.4736867
1.605256
3.6369534
2.768624
1.6500684
4.3420796
1.6255811
2.0125184
2.319802
test_mean_costs
0.0
0.0
0.0
0.0
0.0
0.0
0.0
0.0
0.0
0.0
0.0
0.0
0.0
0.0
0.0
0.0
0.0
0.0
0.0
0.0
0.0
0.0
0.0
0.0
0.0
0.0
0.0
0.0
0.0
0.0
0.0
0.0
0.0
0.0
0.0
0.0
0.0
0.0
0.0
0.0
0.0
0.0
0.0
0.0
0.0
0.0
0.0
0.0
0.0
0.0
0.0
0.0
0.0
0.0
0.0
0.0
0.0
0.0
0.0
0.0
0.0
0.0
0.0
0.0
0.0
0.0
0.0
0.0
0.0
0.0
0.0
0.0
0.0
0.0
0.0
0.0
0.0
0.0
0.0
0.0
0.0
0.0
0.0
0.0
0.0
0.0
0.0
0.0
0.0
0.0
0.0
0.0
0.0
0.0
0.0
0.0
0.0
0.0
0.0
0.0
0.0
0.0
0.0
0.0
0.0
0.0
0.0
0.0
0.0
0.0
0.0
0.0
0.0
0.0
0.0
0.0
0.0
0.0
0.0
0.0
0.0
0.0
0.0
0.0
0.0
0.0
0.0
0.0
0.0
0.0
0.0
0.0
0.0
0.0
0.0
0.0
0.0
0.0
0.0
0.0
0.0
0.0
0.0
0.0
0.0
0.0
0.0
0.0
0.0
0.0
0.0
0.0
0.0
0.0
0.0
0.0
0.0
0.0
0.0
0.0
0.0
0.0
0.0
0.0
0.0
0.0
0.0
0.0
0.0
0.0
0.0
0.0
0.0
0.0
0.0
0.0
0.0
0.0
0.0
0.0
0.0
0.0
0.0
0.0
0.0
0.0
0.0
0.0
0.0
0.0
0.0
0.0
0.0
0.0
0.0
0.0
0.0
0.0
0.0
0.0
0.0
0.0
0.0
0.0
0.0
0.0
0.0
0.0
0.0
0.0
0.0
0.0
0.0
0.0
0.0
0.0
0.0
0.0
0.0
0.0
0.0
0.0
0.0
0.0
0.0
0.0
0.0
0.0
0.0
0.0
0.0
0.0
0.0
0.0
0.0
0.0
0.0
0.0
0.0
0.0
0.0
0.0
0.0
0.0
0.0
0.0
0.0
0.0
0.0
0.0
0.0
0.0
0.0
0.0
0.0
0.0
test_mean_abs_costs
0.0
0.0
0.0
0.0
0.0
0.0
0.0
0.0
0.0
0.0
0.0
0.0
0.0
0.0
0.0
0.0
0.0
0.0
0.0
0.0
0.0
0.0
0.0
0.0
0.0
0.0
0.0
0.0
0.0
0.0
0.0
0.0
0.0
0.0
0.0
0.0
0.0
0.0
0.0
0.0
0.0
0.0
0.0
0.0
0.0
0.0
0.0
0.0
0.0
0.0
0.0
0.0
0.0
0.0
0.0
0.0
0.0
0.0
0.0
0.0
0.0
0.0
0.0
0.0
0.0
0.0
0.0
0.0
0.0
0.0
0.0
0.0
0.0
0.0
0.0
0.0
0.0
0.0
0.0
0.0
0.0
0.0
0.0
0.0
0.0
0.0
0.0
0.0
0.0
0.0
0.0
0.0
0.0
0.0
0.0
0.0
0.0
0.0
0.0
0.0
0.0
0.0
0.0
0.0
0.0
0.0
0.0
0.0
0.0
0.0
0.0
0.0
0.0
0.0
0.0
0.0
0.0
0.0
0.0
0.0
0.0
0.0
0.0
0.0
0.0
0.0
0.0
0.0
0.0
0.0
0.0
0.0
0.0
0.0
0.0
0.0
0.0
0.0
0.0
0.0
0.0
0.0
0.0
0.0
0.0
0.0
0.0
0.0
0.0
0.0
0.0
0.0
0.0
0.0
0.0
0.0
0.0
0.0
0.0
0.0
0.0
0.0
0.0
0.0
0.0
0.0
0.0
0.0
0.0
0.0
0.0
0.0
0.0
0.0
0.0
0.0
0.0
0.0
0.0
0.0
0.0
0.0
0.0
0.0
0.0
0.0
0.0
0.0
0.0
0.0
0.0
0.0
0.0
0.0
0.0
0.0
0.0
0.0
0.0
0.0
0.0
0.0
0.0
0.0
0.0
0.0
0.0
0.0
0.0
0.0
0.0
0.0
0.0
0.0
0.0
0.0
0.0
0.0
0.0
0.0
0.0
0.0
0.0
0.0
0.0
0.0
0.0
0.0
0.0
0.0
0.0
0.0
0.0
0.0
0.0
0.0
0.0
0.0
0.0
0.0
0.0
0.0
0.0
0.0
0.0
0.0
0.0
0.0
0.0
0.0
0.0
0.0
0.0
0.0
0.0
0.0
test_variance_costs
0.0
0.0
0.0
0.0
0.0
0.0
0.0
0.0
0.0
0.0
0.0
0.0
0.0
0.0
0.0
0.0
0.0
0.0
0.0
0.0
0.0
0.0
0.0
0.0
0.0
0.0
0.0
0.0
0.0
0.0
0.0
0.0
0.0
0.0
0.0
0.0
0.0
0.0
0.0
0.0
0.0
0.0
0.0
0.0
0.0
0.0
0.0
0.0
0.0
0.0
0.0
0.0
0.0
0.0
0.0
0.0
0.0
0.0
0.0
0.0
0.0
0.0
0.0
0.0
0.0
0.0
0.0
0.0
0.0
0.0
0.0
0.0
0.0
0.0
0.0
0.0
0.0
0.0
0.0
0.0
0.0
0.0
0.0
0.0
0.0
0.0
0.0
0.0
0.0
0.0
0.0
0.0
0.0
0.0
0.0
0.0
0.0
0.0
0.0
0.0
0.0
0.0
0.0
0.0
0.0
0.0
0.0
0.0
0.0
0.0
0.0
0.0
0.0
0.0
0.0
0.0
0.0
0.0
0.0
0.0
0.0
0.0
0.0
0.0
0.0
0.0
0.0
0.0
0.0
0.0
0.0
0.0
0.0
0.0
0.0
0.0
0.0
0.0
0.0
0.0
0.0
0.0
0.0
0.0
0.0
0.0
0.0
0.0
0.0
0.0
0.0
0.0
0.0
0.0
0.0
0.0
0.0
0.0
0.0
0.0
0.0
0.0
0.0
0.0
0.0
0.0
0.0
0.0
0.0
0.0
0.0
0.0
0.0
0.0
0.0
0.0
0.0
0.0
0.0
0.0
0.0
0.0
0.0
0.0
0.0
0.0
0.0
0.0
0.0
0.0
0.0
0.0
0.0
0.0
0.0
0.0
0.0
0.0
0.0
0.0
0.0
0.0
0.0
0.0
0.0
0.0
0.0
0.0
0.0
0.0
0.0
0.0
0.0
0.0
0.0
0.0
0.0
0.0
0.0
0.0
0.0
0.0
0.0
0.0
0.0
0.0
0.0
0.0
0.0
0.0
0.0
0.0
0.0
0.0
0.0
0.0
0.0
0.0
0.0
0.0
0.0
0.0
0.0
0.0
0.0
0.0
0.0
0.0
0.0
0.0
0.0
0.0
0.0
0.0
0.0
0.0
test_mean_wealth
-2.623227
-2.5085583
-2.4765134
-2.5073776
-2.2662926
-2.5559735
-2.2229028
-2.374541
-2.3752508
-2.4608963
-2.2904341
-2.398734
-2.200671
-2.5458808
-2.478852
-2.3443632
-2.3488078
-2.3769913
-2.4191942
-2.466191
-2.3212578
-2.5753024
-2.4503548
-2.684119
-2.443184
-2.380607
-2.528206
-2.3593216
-2.436721
-2.5821145
-2.3391566
-2.5102217
-2.3120015
-2.3594244
-2.453525
-2.4384587
-2.3301787
-2.4257684
-2.3729599
-2.2745402
-2.4256628
-2.4235113
-2.3252199
-2.5701082
-2.5319083
-2.4668288
-2.347166
-2.4833379
-2.4123085
-2.3360307
-2.3992727
-2.4533217
-2.5915504
-2.289502
-2.375669
-2.3942232
-2.4522097
-2.4712462
-2.4273007
-2.3977292
-2.3477237
-2.4804175
-2.477057
-2.2286766
-2.5785196
-2.3069036
-2.37275
-2.409416
-2.304659
-2.3978567
-2.2823098
-2.327697
-2.372421
-2.1952875
-2.2376678
-2.4851544
-2.4200542
-2.235635
-2.345128
-2.3888981
-2.4345431
-2.4233356
-2.3001156
-2.1690392
-2.4189966
-2.3510473
-2.5390043
-2.4461837
-2.4371502
-2.243995
-2.3592975
-2.4726272
-2.4691346
-2.489319
-2.3567388
-2.314695
-2.2925851
-2.4669142
-2.5596137
-2.3907588
-2.5172243
-2.3956053
-2.3147545
-2.276044
-2.425201
-2.6083438
-2.3874362
-2.257851
-2.4078312
-2.46876
-2.3492193
-2.3412695
-2.6718554
-2.4524632
-2.4696333
-2.3451424
-2.1537013
-2.4103415
-2.2971523
-2.343223
-2.3283443
-2.4523351
-2.1499572
-2.3889878
-2.4462707
-2.1625645
-2.4684992
-2.2902882
-2.505571
-2.3218012
-2.5985975
-2.4966662
-2.5635276
-2.4149806
-2.5200691
-2.494343
-2.4207675
-2.350065
-2.4312325
-2.319338
-2.476282
-2.294505
-2.4693544
-2.2868097
-2.3400912
-2.406117
-2.3436415
-2.4551954
-2.435336
-2.6212695
-2.29408
-2.4068985
-2.4737542
-2.444966
-2.5096204
-2.5624745
-2.4279602
-2.3595202
-2.5328815
-2.4360693
-2.3427815
-2.337969
-2.5325825
-2.3470497
-2.433382
-2.7312713
-2.271929
-2.3660967
-2.5895472
-2.344868
-2.3353884
-2.455192
-2.2839947
-2.6998644
-2.5325768
-2.448798
-2.4741886
-2.2722144
-2.4681633
-2.4139502
-2.3941326
-2.4967082
-2.4612103
-2.3259718
-2.4080458
-2.417404
-2.3860757
-2.2752028
-2.3274965
-2.5313745
-2.2861857
-2.3801117
-2.3591578
-2.2980702
-2.08414
-2.1965194
-2.5096097
-2.3287768
-2.457872
-2.3527188
-2.3699641
-2.2412024
-2.546731
-2.574817
-2.57053
-2.6073232
-2.350427
-2.551339
-2.368986
-2.4366813
-2.4361987
-2.3091733
-2.5320792
-2.5123937
-2.4221647
-2.4216678
-2.6081553
-2.221832
-2.5371363
-2.473483
-2.478587
-2.39531
-2.2729526
-2.4351745
-2.7468846
-2.473182
-2.3520977
-2.4337578
-2.4446166
-2.3474333
-2.2295382
-2.324341
-2.4544432
-2.41475
-2.446507
-2.4627812
-2.476865
-2.4340978
-2.3565402
-2.246765
-2.3434267
-2.6075518
-2.3720827
-2.5887253
-2.3878925
-2.2596066
-2.3780482
-2.3191214
-2.4947598
-2.3965478
-2.4249706
-2.3426516
-2.3265991
-2.5051682
-2.4944327
-2.7432327
test_mean_abs_wealth
2.623227
2.5085583
2.4765134
2.5073776
2.2662926
2.5559735
2.2229028
2.374541
2.3752508
2.4608963
2.2904341
2.398734
2.200671
2.5458808
2.478852
2.3443632
2.3488078
2.3769913
2.4191942
2.466191
2.3212578
2.5753024
2.4503548
2.684119
2.443184
2.380607
2.528206
2.3593216
2.436721
2.5821145
2.3391566
2.5102217
2.3120015
2.3594244
2.453525
2.4384587
2.3301787
2.4257684
2.3729599
2.2745402
2.4256628
2.4235113
2.3252199
2.5701082
2.5319083
2.4668288
2.347166
2.4833379
2.4123085
2.3360307
2.3992727
2.4533217
2.5915504
2.289502
2.375669
2.3942232
2.4522097
2.4712462
2.4273007
2.3977292
2.3477237
2.4804175
2.477057
2.2286766
2.5785196
2.3069036
2.37275
2.409416
2.304659
2.3978567
2.2823098
2.327697
2.372421
2.1952875
2.2376678
2.4851544
2.4200542
2.235635
2.345128
2.3888981
2.4345431
2.4233356
2.3001156
2.1690392
2.4189966
2.3510473
2.5390043
2.4461837
2.4371502
2.243995
2.3592975
2.4726272
2.4691346
2.489319
2.3567388
2.314695
2.2925851
2.4669142
2.5596137
2.3907588
2.5172243
2.3956053
2.3147545
2.276044
2.425201
2.6083438
2.3874362
2.257851
2.4078312
2.46876
2.3492193
2.3412695
2.6718554
2.4524632
2.4696333
2.3451424
2.1537013
2.4103415
2.2971523
2.343223
2.3283443
2.4523351
2.1499572
2.3889878
2.4462707
2.1625645
2.4684992
2.2902882
2.505571
2.3218012
2.5985975
2.4966662
2.5635276
2.4149806
2.5200691
2.494343
2.4207675
2.350065
2.4312325
2.319338
2.476282
2.294505
2.4693544
2.2868097
2.3400912
2.406117
2.3436415
2.4551954
2.435336
2.6212695
2.29408
2.4068985
2.4737542
2.444966
2.5096204
2.5624745
2.4279602
2.3595202
2.5328815
2.4360693
2.3427815
2.337969
2.5325825
2.3470497
2.433382
2.7312713
2.271929
2.3660967
2.5895472
2.344868
2.3353884
2.455192
2.2839947
2.6998644
2.5325768
2.448798
2.4741886
2.2722144
2.4681633
2.4139502
2.3941326
2.4967082
2.4612103
2.3259718
2.4080458
2.417404
2.3860757
2.2752028
2.3274965
2.5313745
2.2861857
2.3801117
2.3591578
2.2980702
2.08414
2.1965194
2.5096097
2.3287768
2.457872
2.3527188
2.3699641
2.2412024
2.546731
2.574817
2.57053
2.6073232
2.350427
2.551339
2.368986
2.4366813
2.4361987
2.3091733
2.5320792
2.5123937
2.4221647
2.4216678
2.6081553
2.221832
2.5371363
2.473483
2.478587
2.39531
2.2729526
2.4351745
2.7468846
2.473182
2.3520977
2.4337578
2.4446166
2.3474333
2.2295382
2.324341
2.4544432
2.41475
2.446507
2.4627812
2.476865
2.4340978
2.3565402
2.246765
2.3434267
2.6075518
2.3720827
2.5887253
2.3878925
2.2596066
2.3780482
2.3191214
2.4947598
2.3965478
2.4249706
2.3426516
2.3265991
2.5051682
2.4944327
2.7432327
test_variance_wealth
0.07978872
0.095628016
0.07292957
0.08589163
0.0586626
0.077087216
0.07187969
0.07117078
0.08800455
0.09495913
0.075910196
0.07217771
0.06971445
0.08122895
0.08093912
0.084445424
0.07070033
0.071669206
0.07921955
0.10235339
0.07711468
0.07725846
0.078829505
0.07289467
0.072230026
0.07014295
0.092919745
0.07612276
0.07260553
0.08786748
0.11176525
0.08806102
0.059546422
0.07961733
0.08968836
0.092376865
0.07729212
0.070928514
0.06539349
0.07934375
0.07241195
0.09832859
0.07358124
0.08437439
0.08537393
0.08122821
0.07161059
0.07586966
0.078137994
0.07087107
0.07093541
0.07600317
0.07243928
0.060136784
0.06923737
0.077005625
0.0735558
0.07404738
0.084091805
0.07327481
0.08819829
0.06558904
0.08671992
0.05824731
0.09087308
0.06931078
0.06295529
0.070102714
0.059047338
0.07556136
0.06791085
0.07198366
0.063561276
0.06487243
0.060876116
0.07710361
0.085682675
0.0598502
0.059963245
0.06941234
0.09108478
0.07057711
0.0736058
0.065715335
0.061050974
0.07813765
0.08039219
0.07229466
0.0754496
0.060906116
0.07335258
0.076022305
0.08826817
0.08746776
0.077242106
0.060536258
0.062176913
0.06617258
0.08476541
0.073337905
0.07527712
0.08745812
0.07517786
0.06935456
0.084180124
0.09135479
0.083879426
0.061131712
0.080968104
0.08078833
0.078418225
0.068474576
0.0998284
0.070361786
0.07334291
0.084869504
0.06258795
0.06855417
0.077940725
0.080103986
0.07177785
0.083720036
0.05799996
0.07366061
0.07285438
0.057759285
0.07568661
0.055413492
0.071092926
0.06576369
0.09053127
0.083616704
0.07542207
0.07774068
0.07382861
0.095932685
0.08580965
0.066732086
0.063707136
0.07121718
0.08840677
0.06395847
0.07635377
0.06329398
0.06576366
0.0687641
0.09688516
0.078747235
0.08492074
0.08641579
0.06880175
0.06863079
0.06474656
0.0786277
0.08074467
0.07770457
0.07440357
0.08101091
0.07903484
0.06880585
0.06342128
0.06422363
0.083549835
0.07509465
0.07137625
0.1009565
0.06876965
0.07665922
0.086674534
0.08028794
0.066463344
0.078454405
0.070478775
0.09825044
0.06968702
0.07218944
0.074586965
0.079322316
0.0791898
0.08860958
0.07530379
0.07140162
0.08439826
0.06411478
0.10188136
0.0760908
0.06895642
0.07357185
0.06465153
0.08646481
0.06846501
0.059486307
0.069004804
0.082450755
0.054783124
0.06355236
0.065395236
0.07089502
0.106886946
0.066565685
0.06388437
0.061385
0.094332755
0.08180301
0.09337504
0.08671492
0.06920881
0.08832757
0.09080549
0.09525972
0.08400324
0.09046129
0.09689163
0.0897902
0.08859643
0.09414927
0.09185297
0.06228625
0.09363757
0.077676475
0.075711094
0.06863628
0.06179444
0.06804871
0.11454849
0.089384
0.072151765
0.06281452
0.07403785
0.06992095
0.06273433
0.07777941
0.07170589
0.072609946
0.07782674
0.08648979
0.092151985
0.082193434
0.079900354
0.08675336
0.07380857
0.077614866
0.059787657
0.107875764
0.07352984
0.06660618
0.07837561
0.065782085
0.078745514
0.07099733
0.07039752
0.07264426
0.06737394
0.09465841
0.090309314
0.10771976
test_wealth_with_price_abs_mean
0.22253473
0.24305744
0.21281311
0.23047787
0.19080833
0.21872005
0.2104944
0.20983517
0.2326105
0.24147086
0.21629585
0.21115349
0.20737042
0.2241557
0.22362529
0.22779499
0.20909114
0.21029648
0.22138332
0.25076413
0.21797805
0.21880564
0.22059241
0.21299984
0.21138872
0.20841886
0.23945272
0.21673268
0.21206239
0.23303042
0.26027918
0.23325053
0.19206306
0.22104979
0.23472844
0.23828587
0.2182169
0.20941944
0.20109747
0.22101842
0.21162781
0.24520727
0.21291581
0.22834115
0.22980122
0.22404927
0.20996508
0.21651983
0.21978568
0.20930177
0.20939635
0.21684079
0.21207638
0.19290254
0.20698296
0.21795467
0.21319206
0.21394137
0.22736913
0.21292223
0.23281491
0.20196486
0.23114593
0.1899601
0.23707514
0.20683064
0.19766629
0.20839688
0.19142543
0.21604401
0.20476224
0.21069498
0.19854115
0.1998858
0.19399197
0.21837988
0.2295601
0.19244516
0.19294699
0.20723456
0.2366475
0.20919997
0.21295604
0.20130846
0.19480285
0.2196943
0.22292311
0.21180062
0.2159693
0.19431067
0.21285287
0.2166586
0.23316053
0.23217715
0.21780644
0.1936708
0.19620673
0.202817
0.22872148
0.2128508
0.21578231
0.23161013
0.21509293
0.2068819
0.22799079
0.23736271
0.22673537
0.19454631
0.22359273
0.22323844
0.21952783
0.20563024
0.24797134
0.20905101
0.2131049
0.22856663
0.1966327
0.20604108
0.21876304
0.22186814
0.21029334
0.22709233
0.18934767
0.2132742
0.2121402
0.18902849
0.21676481
0.18546969
0.20999841
0.20174715
0.23635015
0.22696057
0.21626785
0.21864025
0.21417399
0.24310687
0.22965363
0.20316741
0.19895397
0.20973516
0.23312092
0.19896123
0.21751556
0.19788139
0.20172739
0.20641935
0.24317667
0.22056647
0.22887196
0.23103023
0.2062179
0.20613903
0.2004821
0.2203347
0.22335415
0.21936116
0.21443354
0.22283992
0.22078943
0.20650344
0.1983954
0.19940807
0.22722313
0.21518
0.20994176
0.24944146
0.2059575
0.21741802
0.23127085
0.22247344
0.20281656
0.22032085
0.2088079
0.24592708
0.20803492
0.21152815
0.21472962
0.22021754
0.22115654
0.23317367
0.21558765
0.21045755
0.22768712
0.19925454
0.24894854
0.21677426
0.20670883
0.21307151
0.20017318
0.23093176
0.20562755
0.19214718
0.20669399
0.22463939
0.18416089
0.19816734
0.20156376
0.2088798
0.2556255
0.20314528
0.19935778
0.19508427
0.24045926
0.22514708
0.23979269
0.23140152
0.20692194
0.23331062
0.23577063
0.24205486
0.2276619
0.23561111
0.24423134
0.23541373
0.23315096
0.24007764
0.23813346
0.19600607
0.2406097
0.21915148
0.21640329
0.20630954
0.1957252
0.20523424
0.2653421
0.23446365
0.21100354
0.19752972
0.21386977
0.20771252
0.19709885
0.21853931
0.21040784
0.21191344
0.21955703
0.23085381
0.2381857
0.2252158
0.22180264
0.23052046
0.21352206
0.21951497
0.19301637
0.25757042
0.21293354
0.20283782
0.21970381
0.20196217
0.22058536
0.20960782
0.20864752
0.21148144
0.20427841
0.2412449
0.23571809
0.25772306
test_wealth_with_price_variance
0.07978872
0.095628016
0.07292957
0.08589163
0.0586626
0.077087216
0.07187969
0.07117078
0.08800455
0.09495913
0.075910196
0.07217771
0.06971445
0.08122895
0.08093912
0.084445424
0.07070033
0.071669206
0.07921955
0.10235339
0.07711468
0.07725846
0.078829505
0.07289467
0.072230026
0.07014295
0.092919745
0.07612276
0.07260553
0.08786748
0.11176525
0.08806102
0.059546422
0.07961733
0.08968836
0.092376865
0.07729212
0.070928514
0.06539349
0.07934375
0.07241195
0.09832859
0.07358124
0.08437439
0.08537393
0.08122821
0.07161059
0.07586966
0.078137994
0.07087107
0.07093541
0.07600317
0.07243928
0.060136784
0.06923737
0.077005625
0.0735558
0.07404738
0.084091805
0.07327481
0.08819829
0.06558904
0.08671992
0.05824731
0.09087308
0.06931078
0.06295529
0.070102714
0.059047338
0.07556136
0.06791085
0.07198366
0.063561276
0.06487243
0.060876116
0.07710361
0.085682675
0.0598502
0.059963245
0.06941234
0.09108478
0.07057711
0.0736058
0.065715335
0.061050974
0.07813765
0.08039219
0.07229466
0.0754496
0.060906116
0.07335258
0.076022305
0.08826817
0.08746776
0.077242106
0.060536258
0.062176913
0.06617258
0.08476541
0.073337905
0.07527712
0.08745812
0.07517786
0.06935456
0.084180124
0.09135479
0.083879426
0.061131712
0.080968104
0.08078833
0.078418225
0.068474576
0.0998284
0.070361786
0.07334291
0.084869504
0.06258795
0.06855417
0.077940725
0.080103986
0.07177785
0.083720036
0.05799996
0.07366061
0.07285438
0.057759285
0.07568661
0.055413492
0.071092926
0.06576369
0.09053127
0.083616704
0.07542207
0.07774068
0.07382861
0.095932685
0.08580965
0.066732086
0.063707136
0.07121718
0.08840677
0.06395847
0.07635377
0.06329398
0.06576366
0.0687641
0.09688516
0.078747235
0.08492074
0.08641579
0.06880175
0.06863079
0.06474656
0.0786277
0.08074467
0.07770457
0.07440357
0.08101091
0.07903484
0.06880585
0.06342128
0.06422363
0.083549835
0.07509465
0.07137625
0.1009565
0.06876965
0.07665922
0.086674534
0.08028794
0.066463344
0.078454405
0.070478775
0.09825044
0.06968702
0.07218944
0.074586965
0.079322316
0.0791898
0.08860958
0.07530379
0.07140162
0.08439826
0.06411478
0.10188136
0.0760908
0.06895642
0.07357185
0.06465153
0.08646481
0.06846501
0.059486307
0.069004804
0.082450755
0.054783124
0.06355236
0.065395236
0.07089502
0.106886946
0.066565685
0.06388437
0.061385
0.094332755
0.08180301
0.09337504
0.08671492
0.06920881
0.08832757
0.09080549
0.09525972
0.08400324
0.09046129
0.09689163
0.0897902
0.08859643
0.09414927
0.09185297
0.06228625
0.09363757
0.077676475
0.075711094
0.06863628
0.06179444
0.06804871
0.11454849
0.089384
0.072151765
0.06281452
0.07403785
0.06992095
0.06273433
0.07777941
0.07170589
0.072609946
0.07782674
0.08648979
0.092151985
0.082193434
0.079900354
0.08675336
0.07380857
0.077614866
0.059787657
0.107875764
0.07352984
0.06660618
0.07837561
0.065782085
0.078745514
0.07099733
0.07039752
0.07264426
0.06737394
0.09465841
0.090309314
0.10771976
price
2.6231117
2.508316
2.4760633
2.50619
2.2656655
2.555758
2.2235534
2.3733952
2.375712
2.4604692
2.2906158
2.3986945
2.200896
2.5445957
2.4788609
2.3443518
2.3481321
2.3772147
2.4192295
2.4659805
2.321343
2.5749028
2.4497504
2.6835234
2.443126
2.381119
2.5285096
2.3593965
2.4376168
2.5820332
2.3382263
2.5099628
2.3121972
2.3588219
2.4521189
2.4381833
2.329618
2.4255557
2.372616
2.275877
2.4250271
2.4230428
2.3243322
2.5688002
2.5313222
2.4668028
2.3469424
2.4824762
2.4120355
2.3362505
2.3993278
2.452508
2.5912945
2.289701
2.374811
2.394058
2.4523544
2.471205
2.427946
2.3971517
2.3479595
2.479433
2.4772222
2.2285838
2.578217
2.306213
2.3720205
2.4098248
2.303816
2.3971267
2.2821789
2.326842
2.3722768
2.1962314
2.237495
2.48542
2.4190722
2.2359183
2.344527
2.3884223
2.4342916
2.424006
2.299393
2.1687531
2.4182358
2.3503296
2.5389736
2.4457788
2.437662
2.2435524
2.3594282
2.4720447
2.4698524
2.4880252
2.3567462
2.3143737
2.2917004
2.4661589
2.5596
2.389643
2.516451
2.395316
2.3139691
2.275203
2.4245477
2.608584
2.3869286
2.2579088
2.4065917
2.4685519
2.3489158
2.3407075
2.6719484
2.4522681
2.4683144
2.3439136
2.1533926
2.4102426
2.297082
2.3424494
2.3276105
2.4513154
2.1500738
2.3891616
2.4450493
2.1623015
2.468365
2.2898529
2.5055053
2.3215144
2.5994542
2.495623
2.5624363
2.413486
2.5199144
2.495259
2.4215896
2.3500984
2.4315476
2.3190567
2.4764602
2.2946987
2.4700081
2.2857718
2.3389657
2.4061973
2.3430815
2.4551232
2.434752
2.620366
2.2939193
2.4065487
2.474019
2.4451728
2.5094826
2.562564
2.4280999
2.3594408
2.5328884
2.4352288
2.341222
2.3379157
2.5327377
2.3463962
2.4319565
2.7311735
2.2720754
2.3655908
2.5894618
2.344184
2.3350015
2.4547632
2.2830863
2.6996129
2.532732
2.4482727
2.4739408
2.2724984
2.4678025
2.4140067
2.3941207
2.497161
2.4611487
2.3258133
2.4089072
2.4167428
2.3858826
2.2751205
2.3279152
2.5312054
2.2857852
2.3792844
2.3592873
2.2978358
2.0835667
2.1960123
2.5090337
2.3291783
2.4572933
2.3518848
2.3696082
2.2404861
2.5454507
2.573616
2.5698304
2.6078176
2.350579
2.5513637
2.3684607
2.436757
2.4360743
2.3087826
2.53162
2.5129478
2.4212923
2.4222634
2.6084714
2.2222433
2.5373573
2.47365
2.4776523
2.3943493
2.2729068
2.4340434
2.7471457
2.473558
2.3515463
2.4333675
2.444673
2.348065
2.2297068
2.323925
2.4543283
2.4142487
2.4463954
2.4622695
2.4754972
2.4345093
2.3564591
2.2464933
2.3427196
2.6067464
2.3724298
2.588024
2.387311
2.259027
2.3773003
2.3184624
2.494815
2.3962808
2.424902
2.3406923
2.326228
2.5039468
2.4934103
2.7438374
train_time
0.40566499999999994
0.34434779999999954
0.3526233999999988
0.3577649999999988
0.4328579999999995
0.34364090000000047
0.3211640000000031
0.347926600000001
0.37280450000000087
0.34721169999999546
0.33420459999999963
0.4647034999999988
0.3552778000000032
0.3375377999999998
0.3429916999999989
0.35521350000000496
0.32343219999999917
0.33923109999999923
0.48067719999999525
0.6444536999999997
0.35188580000000513
0.3679306000000082
0.33186550000000636
0.34559939999999756
0.3364586000000003
0.34619999999999607
0.3210164999999989
0.5189093999999983
0.3190524000000039
0.35677500000001316
0.3547457000000094
0.3639283999999918
0.3538609000000008
0.3584982999999937
0.36165379999999914
0.35060179999999264
0.3777604999999937
0.354627899999997
0.6340846000000084
0.3553768999999818
0.34051840000000766
0.3279553000000135
0.3292361000000028
0.349049100000002
0.3330732000000012
0.32926199999999994
0.33833830000000376
0.35191310000001863
0.3687770999999884
0.3501013000000057
0.33956870000000094
0.3406302999999866
0.3742477000000122
0.34340879999999174
0.3254829999999913
0.33539680000001226
0.35542789999999513
0.33744680000000926
0.351767499999994
0.3741679999999974
0.3431799999999896
0.3657562999999868
0.35827240000000415
0.3603784000000019
0.704996599999987
0.3435091000000057
0.35953570000000923
0.35651729999997883
0.3559845999999993
0.33769710000001396
0.3356416999999965
0.3393470999999977
0.3317525999999873
0.33733000000000857
0.33519300000000385
0.34390750000000025
0.3543582000000072
0.37354490000001306
0.3616959999999949
0.33431550000000243
0.8136400000000208
0.3772063999999773
0.35964250000000675
0.36585839999997916
0.34635400000001937
0.35017320000002883
0.34442419999999174
0.384986500000025
0.3553995999999984
0.35683189999997467
0.32527469999996583
0.3112830000000031
0.33228189999999813
0.35434400000002597
0.36215149999998175
0.34511200000002873
0.35527450000000727
0.3377088000000299
0.3170797999999877
0.34636669999997594
0.3375733999999966
0.35788609999997334
0.33700110000000905
0.32777560000005224
0.32016179999999395
0.3202233000000092
0.3381568000000357
0.342227199999968
0.34264410000002954
0.33326020000004064
0.3376650000000154
0.3443287999999711
0.3289846000000125
0.4306190000000356
0.4407590000000141
0.3291341999999986
0.3527917000000116
0.31367390000002615
0.32275420000001986
0.33889060000001336
0.34545289999999795
0.31696970000001556
1.0626561000000265
0.33596710000000485
0.3436568000000193
0.34614799999997103
0.32220899999998664
0.3603896999999847
0.33444090000000415
0.32942459999998164
0.31660869999996066
0.31730979999997544
0.32259279999999535
0.3287599999999884
0.32947230000002037
0.34709859999998116
0.3370735000000309
0.32951259999998683
0.3193684000000303
0.33102550000000974
0.3122163000000455
0.36285720000000765
0.3259348999999929
0.33670810000000984
0.33430500000002894
0.3475624999999809
0.3361019999999826
0.3214820999999688
0.3228964000000474
1.149328099999991
0.3570652000000223
0.31692270000002054
0.32043700000002673
0.3256102999999939
0.3280670999999984
0.32768900000002077
0.33075780000001487
0.30731119999995826
0.3385743999999704
0.3236623000000236
0.3179685000000063
0.3463603999999805
0.35085429999992357
0.4220894000000044
0.3363623999999845
0.35723989999996775
0.3553448999999773
0.34331510000004073
0.37379810000004454
0.32323010000004615
0.3268799999999601
0.3159961999999723
0.3308928000000151
0.31704720000004727
0.3228055999999242
0.3227906999999277
0.31117940000001454
0.31737390000000687
0.3239939999999706
0.33106690000010985
1.363761699999941
0.3160865999999487
0.32099089999996977
0.34222699999997985
0.33272969999995894
0.33760460000007697
0.310927500000048
0.33235130000002755
0.3125287999999955
0.3286209999999983
0.32768799999996645
0.3381781000000501
0.3230096999999432
0.3204628999999386
0.3138109000000213
0.3305513999999903
0.3320315999999366
0.32250939999994443
0.3163715000000593
0.30584319999991294
0.3456211999999823
0.36821610000004057
0.44359589999999116
0.35890200000005734
0.385257700000011
0.45592950000002475
0.3830341999999973
0.34506199999998444
0.5722015999999712
0.47937880000006317
0.46422499999994216
0.4016077999999652
0.5674751000000242
0.42335000000002765
0.3804967000000943
0.3644201999999268
1.867075899999918
0.43596100000002025
0.36169489999997495
0.3445671999999149
0.31802700000002915
0.3518751000000293
0.3410920000000033
0.31060309999998026
0.331116800000018
0.3066109000000097
0.35142550000000483
0.4159915999999839
0.33692980000000716
0.34140780000007
0.3229611000000432
0.32496290000005956
0.31094150000001264
0.3279602000000068
0.3171221999999716
0.3242540999999619
0.32144770000002154
0.33833660000004784
0.33333490000006805
0.3155934999999772
0.3179609999999684
0.33008730000005926
0.32490819999998166
0.32336869999994633
0.3241339999999582
0.3169702000000143
0.31451049999998304
0.32138799999995626
0.3497459999999819
0.32781099999999697
0.32329700000002504
0.30841829999997117
0.31011499999999614
0.31191530000000967
0.3264201999999159
0.32270329999994374


