================================================================================
=== continuous-time
train_risk
2.935738
2.882959
2.8500774
2.8135002
2.7719493
2.9054694
2.7521627
2.791242
2.6829565
2.9281425
2.8355873
2.7907114
2.751592
2.9351249
2.8650794
2.8591347
2.8369863
2.8733904
2.7851474
2.8601503
2.790246
2.9464333
2.8350203
2.9941278
2.8868363
2.7273488
3.0248396
2.8677926
2.9645598
2.9784508
2.718553
2.801966
2.8582644
2.746348
2.8780107
2.825318
2.6183572
2.687988
2.834308
2.7903283
2.7441967
2.8127153
2.7261915
2.905854
2.8380797
2.8933797
2.7334948
2.817063
2.7866755
2.762649
2.8883076
2.858107
2.9547522
2.7796779
2.7495759
2.691498
2.8845816
2.926921
2.886711
2.8032303
2.723059
2.8355484
2.7631807
2.7963784
2.9247656
2.8036485
2.8037758
2.7171276
2.9395027
2.8249981
2.710993
2.765706
2.833775
2.7920992
2.662537
2.8425152
2.7664223
2.7654707
2.805938
2.8521097
2.9103544
2.885379
2.7573693
2.7080595
2.8603685
2.8640592
2.8782952
2.7411618
2.7750106
2.7540658
2.7646472
2.873239
2.7868302
2.855989
2.7859972
2.7546084
2.7851474
2.8100445
3.0026016
2.9280343
2.843172
2.8540895
2.8075497
2.869583
2.7630248
2.9001145
2.8322725
2.688716
2.7520175
2.8271475
2.8490407
2.7964685
2.9787493
2.8180232
3.0114527
2.8214476
2.636686
2.8878114
2.8185253
2.967183
2.678278
2.834113
2.6564724
2.8696003
2.8699594
2.5055165
2.7785077
2.7164755
2.9852324
2.724333
2.9587193
2.8309646
2.8924189
2.819479
2.8226097
2.8407476
2.9086115
2.8121169
2.8758106
2.7236094
2.7717698
2.6211705
2.7283368
2.7347503
2.7762733
2.8326776
2.892157
2.8851917
2.8748193
2.9586082
2.7221026
2.8715787
2.9253342
2.8716803
2.758915
2.8126917
2.942375
2.7952824
2.7604609
2.8417187
2.9825253
2.79918
2.8822944
2.7988288
2.781905
3.068846
2.798813
2.7041228
2.8980339
2.7430716
2.8704994
2.9287846
2.7576036
2.9573417
3.1509078
2.929332
2.9659512
2.741229
2.8664
2.6547675
2.8907294
2.970418
2.8628685
2.7215865
2.7899816
2.864351
2.8622699
2.7394903
2.8287475
2.822409
2.6844678
2.737516
2.851197
2.754941
2.694374
2.7261398
2.9143991
2.7823517
2.9213655
2.638691
2.8390803
2.695681
2.8569791
2.8641083
2.8283153
2.9821024
2.819449
2.8490074
2.9286392
2.7171917
2.8056476
2.6769345
2.9735568
2.8846443
2.825962
2.9677453
2.834815
2.7292078
3.0417666
2.7720566
2.9304228
2.8116007
2.674178
3.0180745
3.0637782
2.8544106
2.8028286
2.8169765
2.8866987
2.7409115
2.733211
2.7280478
2.6861558
2.8191333
2.8222136
2.7961311
2.9630651
2.7417576
2.8804393
2.6606767
2.769092
2.8488443
2.753341
2.8357787
2.9010901
2.771847
2.8079736
2.8596864
2.8395164
2.7978368
2.7520058
2.7403743
2.737132
2.7663846
3.0165155
3.0209613
test_risk
2.9080598
2.8715527
2.8711326
2.830819
2.7775326
2.915957
2.7541308
2.8022494
2.6931124
2.913536
2.8184295
2.8073208
2.7403345
2.9625983
2.8858905
2.8607912
2.8381808
2.8492298
2.8043792
2.883548
2.8076692
2.9191928
2.8584695
2.978708
2.8931956
2.7166047
3.0393622
2.8636506
2.9624267
2.9717135
2.7290838
2.8347085
2.874098
2.726884
2.8665047
2.8083465
2.6387277
2.700134
2.8309581
2.7888308
2.741429
2.8235672
2.7396154
2.917491
2.821231
2.8679247
2.7147381
2.7765002
2.801582
2.7536209
2.9147964
2.8591447
2.9321253
2.7931218
2.7268245
2.6825294
2.8752522
2.9165733
2.9066088
2.8096933
2.7468166
2.8163278
2.765079
2.8038988
2.9249077
2.8181243
2.8220618
2.7289279
2.9518564
2.8311255
2.7312663
2.763424
2.8082645
2.7974408
2.6942801
2.9033034
2.7772713
2.7777092
2.8174381
2.838365
2.8938122
2.9063013
2.7733583
2.74799
2.890444
2.860695
2.9100978
2.761354
2.7866757
2.7817657
2.756886
2.867261
2.8306336
2.8929937
2.784617
2.7531233
2.7484934
2.7875023
3.008932
2.945694
2.8401873
2.8543775
2.8585856
2.8633494
2.7875025
2.928666
2.807258
2.6787775
2.751576
2.851705
2.8478062
2.7964308
2.9867735
2.836434
3.0188277
2.7948983
2.6276655
2.890392
2.798389
2.9681745
2.6816137
2.83955
2.6813917
2.8523617
2.90305
2.526127
2.7737842
2.7356215
2.9703345
2.720381
2.9022048
2.8173842
2.8767407
2.837012
2.8516846
2.8316402
2.8905852
2.8135653
2.886831
2.7190187
2.761123
2.6587746
2.7261484
2.7145872
2.765887
2.8448298
2.8380096
2.876672
2.9148805
2.9819858
2.7607098
2.8856316
2.91961
2.8628583
2.7580347
2.808953
2.9450386
2.814684
2.7439878
2.8280396
2.9879522
2.8006206
2.8597243
2.8237562
2.763003
3.0917642
2.8005497
2.7066028
2.9210694
2.7419264
2.8944263
2.9325716
2.763205
2.9819298
3.1384883
2.9117067
2.947575
2.7391577
2.8656526
2.6847575
2.878703
2.9710474
2.8484738
2.7261646
2.8056278
2.861187
2.8728144
2.7428627
2.8255837
2.8253086
2.693298
2.7495062
2.8764324
2.7497878
2.6771138
2.6977572
2.9173608
2.7835035
2.9371865
2.6451676
2.8320334
2.69728
2.8339837
2.8589907
2.8553286
2.9880884
2.8197837
2.8464797
2.9155343
2.740639
2.8129833
2.6811535
2.9927223
2.8885238
2.7996948
2.943594
2.8369827
2.7281444
3.0584342
2.7580664
2.9278064
2.8086116
2.6801715
2.9699411
3.0468187
2.8425777
2.7768626
2.828995
2.8920486
2.7381768
2.713193
2.7221203
2.6965082
2.8217206
2.8269506
2.7906582
2.9393852
2.7704842
2.9073055
2.6372373
2.7410524
2.8826087
2.7877188
2.8363774
2.8932137
2.8062336
2.8094914
2.8338223
2.8432517
2.8037045
2.7514708
2.7550945
2.7079751
2.7652714
3.0279672
3.0096977
test_mean_value
0.0013596282
0.0008946787
-0.00601148
0.002359866
0.0008792273
-0.0034387186
-0.0022920815
0.0012929796
0.0020027617
-0.0028518196
-0.0040127104
5.7773923e-05
0.0004770021
-0.00095390325
0.0007700272
-0.001400187
0.001933957
-0.007119989
-0.0007946228
0.00035027438
-0.0017530677
-0.0026816863
-0.005599031
-0.00072695996
-0.000555279
-0.00010060987
-0.0032879098
-0.0007525639
0.0027225506
0.0009862307
-0.0020696106
0.0040142275
-0.0019918291
0.00013938267
0.003625887
0.004130241
-0.00031459265
-0.00047150007
-0.0024498133
-0.00027472296
-0.00083622325
0.00063516106
-0.00034106988
0.0014647434
-4.8353218e-06
0.0005958827
0.00057754427
-0.00056188257
-0.0005517092
-0.0038286054
0.0016693026
0.0052737445
-0.0017993854
0.0022522875
-0.0008101941
0.001096442
0.00043308042
0.0023916264
-0.00021248964
-0.0013860206
0.0004962729
-0.0035787781
0.0021071373
0.0033213221
-0.0021638945
0.00034157588
0.000375087
0.0012236072
-0.0020927498
-0.0015959401
-0.00225026
-0.0021275857
-0.0014883575
0.00015775971
0.00052167726
-0.0030205324
0.0014552191
0.0025804508
0.0046237893
-0.00336736
-0.0066300337
-0.0030835643
-0.00012522134
0.0025643685
0.00028231464
-0.0013318867
-0.0051267142
0.0011000817
0.0016851976
-0.0012351837
0.0031813346
-0.0010127724
-0.0005287023
-0.0003552039
-0.0006912603
0.0012964269
-0.001792216
0.000101598045
0.00032260193
0.00033691368
0.0007930922
-0.0026830125
-0.005216573
0.0003349862
-0.0012207399
0.00034345122
-0.002349459
-0.001884616
-0.00060926797
0.0019248151
0.00092752883
-0.000988872
-0.0004574215
0.0001743351
0.0014483487
0.0013045431
0.00023725847
0.00055023417
0.00032743113
-0.0031106453
-0.00074284227
-0.0020122996
-0.0024244033
-0.0033213722
-0.001421795
0.0007079858
0.0003833274
0.0016746487
0.001576977
-0.0014504739
0.0015965727
0.00080405734
-0.00020326916
-0.0009644028
0.0031586264
-0.0027470742
-0.0019312578
0.00064660015
-0.0025914342
-0.00042161703
-0.0006671258
0.0002137229
0.0028906788
0.0012657294
0.00024804557
-0.0026235206
-0.0027784014
-0.0024422312
0.004434091
-0.001356827
-0.0020368814
0.0010539371
-0.00072675763
0.0009483053
0.000114359194
-0.0009818318
-0.0043861037
-0.0022110397
-0.0032407257
-0.0016036917
0.004430077
0.0003131322
0.0005160696
0.0043686754
0.0031108793
0.004180605
0.0012379453
-0.0018448294
-0.0020444528
0.0016220273
0.0011020122
-0.00044518415
-0.0021751192
0.0018802893
0.0014189682
0.005098256
-0.0016500392
0.0005904994
0.0044411635
5.8728394e-05
-0.0009032322
0.0025048736
0.0004613733
0.0028752722
-0.00052853866
0.0027245726
0.00030939138
-0.0030921532
-0.0015461884
-0.0018145617
0.0011546579
0.0034298715
0.0007666153
-0.00087317615
-0.0004911666
0.00024104328
-0.00010708915
0.0013041119
0.003113668
0.001924929
-0.0019749573
-0.00092412694
-0.0025663346
-0.0024414442
0.00025644377
0.0014166135
-0.0023375617
0.0016028228
0.0008356637
-0.0021899953
-0.0024149816
-0.0006110073
0.0024179365
0.002470799
0.00021783657
-0.004649401
0.0019325216
-9.271533e-07
0.0016447771
-0.00021703423
-0.0037866104
0.00010468627
-0.0014215738
-0.00038145695
-0.0010886804
-0.00081716385
-0.0006932941
0.0025192539
0.002264397
-0.0018806431
0.001115903
0.0012662584
-0.0029178753
-0.0011986953
0.00028851526
0.0006673321
0.0026763293
0.00040159104
0.0020052514
-0.000323504
0.0015700313
-0.001274108
-0.00063715805
-0.0035970106
-0.0007734937
-0.00154464
0.00063436665
0.000108332584
0.005414478
-0.0020384039
0.0009312773
-0.00053541985
0.0021699753
0.003217861
-0.0050065354
0.0032004223
test_mean_abs_value
0.9132228
0.8879619
0.7928105
0.921303
0.9529744
0.8292402
0.75580317
0.7696096
0.92816305
0.9980005
0.7234585
0.77103215
0.717973
0.84930617
1.0201353
0.8893313
0.85405916
0.9730772
0.9645332
0.8979397
0.9638176
0.9090341
0.9838913
0.94789463
0.9056366
0.96291536
1.0370718
1.0350989
1.0415548
0.8423554
0.8855106
0.9114425
0.95586044
0.6825556
1.0092685
1.0871857
0.65672493
0.7750429
0.8253147
1.0606391
0.7748746
0.9928105
0.93458724
0.9302833
0.77311593
0.8543171
0.67701054
0.7836417
0.95280886
0.77497035
0.90743595
0.93132854
0.7719457
0.7659293
0.84854573
0.8256952
0.87548465
0.9570434
0.92366683
0.83549345
0.79123765
0.7961408
0.7366696
0.94244975
0.8325693
0.79093874
0.9060792
0.76761794
0.98652464
0.73751634
0.9387668
0.62484187
0.88301736
1.043867
0.79888386
0.8159753
0.7962078
0.81148416
0.9310007
0.90467525
0.92449254
1.0934557
0.86685365
0.82071394
1.0089785
0.8915707
0.85842806
0.87574416
0.7060893
0.67922074
0.8434789
0.9103941
0.7728575
0.7820523
0.91222703
0.9581364
0.9327214
0.81878465
0.94584465
0.9496126
0.7905778
0.8596005
0.8238671
0.774102
1.0519279
0.64335454
0.9848733
1.1596122
0.90053177
0.8230699
0.8391012
0.9746718
0.8894704
0.765985
0.9509668
0.9475902
0.7839073
0.81380075
0.80193794
0.7962907
0.802345
0.86777306
0.832094
0.7572626
0.7809227
0.9510225
0.8210974
0.818862
0.9903008
0.7987916
0.82996327
0.9194554
0.68503094
0.76675254
0.9252301
0.8971921
0.8082168
0.7307631
0.8993466
0.8395254
0.7532225
0.82432973
0.92457896
0.7170001
0.90888375
0.80489993
0.76465315
0.98073786
1.1092726
0.93995386
0.8508004
0.8904344
0.8603526
0.83938825
0.81242865
1.009982
0.9242999
0.72638446
0.8133502
0.82335436
0.9565579
0.8047498
0.874673
1.0327009
0.751372
0.9101509
0.8521867
0.8305097
0.84158874
0.7197812
0.88467544
0.75645226
0.88615775
0.93497753
0.9641721
0.763398
0.85647136
0.8084315
0.92349154
0.7498397
0.9647062
0.94042844
0.8898835
0.7901249
0.72795945
1.0219351
0.8371051
0.8792182
0.8311805
0.88940847
0.763025
0.81308335
0.7711715
0.7933122
0.84661883
0.90087557
0.82748973
0.70780104
1.0746889
0.63340384
0.8727223
0.800545
0.878589
0.8821475
0.7797503
0.91365415
0.87149316
0.8458613
0.6985968
0.7079952
0.95189905
0.7422513
1.0216371
0.88955957
0.79909015
0.95829695
0.8971257
0.75858736
0.99863803
0.8717484
0.7384547
0.823535
0.790347
0.9385967
0.9418933
0.84989417
0.76358545
0.87161374
0.7523748
0.8530774
0.78858155
0.84170663
0.83183384
0.83545727
0.9230718
0.7352023
0.86145324
0.89865375
0.7546843
0.8995399
1.0560163
0.93364775
1.0512848
0.79227954
0.7781647
0.7883791
0.84776247
0.8244911
0.836733
0.822402
0.89299595
1.1309966
0.90829664
0.9623496
1.129123
0.7341665
test_variance_value
1.3622133
1.248645
1.0187938
1.3686999
1.4569882
1.0966419
0.92359865
0.95339257
1.39587
1.5849719
0.8544509
0.9441014
0.8294539
1.1578189
1.693721
1.2444313
1.1692739
1.5559225
1.4654925
1.2965046
1.4862221
1.3117878
1.5789847
1.4535428
1.3075502
1.4743681
1.7312286
1.7223121
1.7766181
1.1169567
1.252869
1.38089
1.4647516
0.74029213
1.6475215
1.8710091
0.68651795
0.94514847
1.0692288
1.8026437
0.9504232
1.579699
1.3853053
1.3802794
0.9471435
1.1733098
0.72765595
0.9672402
1.4805286
0.94854367
1.3235878
1.381563
0.95086104
0.93186563
1.1389102
1.0860878
1.2341911
1.484781
1.3469197
1.1197788
1.0124892
1.0152714
0.8698495
1.448489
1.106973
1.00566
1.323803
0.93207616
1.6001817
0.869482
1.4046293
0.6225524
1.2493739
1.7816288
1.0088488
1.1018046
1.0256639
1.0649447
1.4070059
1.2936257
1.355452
1.9032991
1.2088953
1.0674394
1.6343013
1.316755
1.1700805
1.2083663
0.78961694
0.73743516
1.1260172
1.3349255
0.9670814
0.9658206
1.3384788
1.4993273
1.3669993
1.0807971
1.4139583
1.4461149
0.99327767
1.1737415
1.0976648
0.9609324
1.7822771
0.6644303
1.5658606
2.1664836
1.2846544
1.0688851
1.1174209
1.5156838
1.2654922
0.943994
1.4511425
1.4184792
0.978224
1.0587779
1.0344633
1.0152898
1.010178
1.2152408
1.1095704
0.91619265
0.9740205
1.4386606
1.0801469
1.067557
1.5799236
1.0089949
1.1000319
1.3342041
0.7429779
0.9428791
1.3793954
1.2890756
1.0531079
0.8447134
1.2791134
1.1607043
0.8967482
1.0848985
1.3498011
0.8246331
1.3361324
1.0345631
0.92639977
1.5362784
1.9469298
1.4059225
1.1627903
1.2634552
1.1876324
1.1398112
1.0573438
1.6330022
1.3557549
0.83688176
1.0511297
1.0795066
1.5025983
1.0435547
1.2054913
1.7236214
0.9081208
1.3480616
1.1657811
1.082724
1.1318291
0.8455472
1.2463804
0.91496086
1.2495084
1.388021
1.4777324
0.9322772
1.1969709
1.0458808
1.3733411
0.8916833
1.4752057
1.422182
1.2561179
1.0171542
0.86828774
1.676249
1.1187268
1.2131703
1.105874
1.2628523
0.9266156
1.0522627
0.97717077
1.0101438
1.163226
1.3019279
1.094897
0.7986911
1.8537688
0.646053
1.2257553
1.0140216
1.2152854
1.2581252
0.9734001
1.3589429
1.20433
1.1342418
0.77157295
0.79056174
1.4493154
0.8717525
1.6687944
1.268713
1.0258296
1.4534261
1.2753065
0.9083096
1.6024555
1.221704
0.8720974
1.0737727
0.991861
1.4133563
1.4092748
1.1475718
0.9260135
1.2179321
0.8932515
1.1899401
0.9886022
1.1452266
1.112531
1.1192919
1.3472545
0.8939299
1.1898222
1.2774949
0.9287376
1.2839353
1.8046769
1.3668903
1.7742205
0.9948729
0.9635101
0.98740876
1.137645
1.1123122
1.1213126
1.0648706
1.2706474
2.0538566
1.3118918
1.4902346
2.035754
0.8676509
test_mean_costs
0.0
0.0
0.0
0.0
0.0
0.0
0.0
0.0
0.0
0.0
0.0
0.0
0.0
0.0
0.0
0.0
0.0
0.0
0.0
0.0
0.0
0.0
0.0
0.0
0.0
0.0
0.0
0.0
0.0
0.0
0.0
0.0
0.0
0.0
0.0
0.0
0.0
0.0
0.0
0.0
0.0
0.0
0.0
0.0
0.0
0.0
0.0
0.0
0.0
0.0
0.0
0.0
0.0
0.0
0.0
0.0
0.0
0.0
0.0
0.0
0.0
0.0
0.0
0.0
0.0
0.0
0.0
0.0
0.0
0.0
0.0
0.0
0.0
0.0
0.0
0.0
0.0
0.0
0.0
0.0
0.0
0.0
0.0
0.0
0.0
0.0
0.0
0.0
0.0
0.0
0.0
0.0
0.0
0.0
0.0
0.0
0.0
0.0
0.0
0.0
0.0
0.0
0.0
0.0
0.0
0.0
0.0
0.0
0.0
0.0
0.0
0.0
0.0
0.0
0.0
0.0
0.0
0.0
0.0
0.0
0.0
0.0
0.0
0.0
0.0
0.0
0.0
0.0
0.0
0.0
0.0
0.0
0.0
0.0
0.0
0.0
0.0
0.0
0.0
0.0
0.0
0.0
0.0
0.0
0.0
0.0
0.0
0.0
0.0
0.0
0.0
0.0
0.0
0.0
0.0
0.0
0.0
0.0
0.0
0.0
0.0
0.0
0.0
0.0
0.0
0.0
0.0
0.0
0.0
0.0
0.0
0.0
0.0
0.0
0.0
0.0
0.0
0.0
0.0
0.0
0.0
0.0
0.0
0.0
0.0
0.0
0.0
0.0
0.0
0.0
0.0
0.0
0.0
0.0
0.0
0.0
0.0
0.0
0.0
0.0
0.0
0.0
0.0
0.0
0.0
0.0
0.0
0.0
0.0
0.0
0.0
0.0
0.0
0.0
0.0
0.0
0.0
0.0
0.0
0.0
0.0
0.0
0.0
0.0
0.0
0.0
0.0
0.0
0.0
0.0
0.0
0.0
0.0
0.0
0.0
0.0
0.0
0.0
0.0
0.0
0.0
0.0
0.0
0.0
0.0
0.0
0.0
0.0
0.0
0.0
0.0
0.0
0.0
0.0
0.0
0.0
test_mean_abs_costs
0.0
0.0
0.0
0.0
0.0
0.0
0.0
0.0
0.0
0.0
0.0
0.0
0.0
0.0
0.0
0.0
0.0
0.0
0.0
0.0
0.0
0.0
0.0
0.0
0.0
0.0
0.0
0.0
0.0
0.0
0.0
0.0
0.0
0.0
0.0
0.0
0.0
0.0
0.0
0.0
0.0
0.0
0.0
0.0
0.0
0.0
0.0
0.0
0.0
0.0
0.0
0.0
0.0
0.0
0.0
0.0
0.0
0.0
0.0
0.0
0.0
0.0
0.0
0.0
0.0
0.0
0.0
0.0
0.0
0.0
0.0
0.0
0.0
0.0
0.0
0.0
0.0
0.0
0.0
0.0
0.0
0.0
0.0
0.0
0.0
0.0
0.0
0.0
0.0
0.0
0.0
0.0
0.0
0.0
0.0
0.0
0.0
0.0
0.0
0.0
0.0
0.0
0.0
0.0
0.0
0.0
0.0
0.0
0.0
0.0
0.0
0.0
0.0
0.0
0.0
0.0
0.0
0.0
0.0
0.0
0.0
0.0
0.0
0.0
0.0
0.0
0.0
0.0
0.0
0.0
0.0
0.0
0.0
0.0
0.0
0.0
0.0
0.0
0.0
0.0
0.0
0.0
0.0
0.0
0.0
0.0
0.0
0.0
0.0
0.0
0.0
0.0
0.0
0.0
0.0
0.0
0.0
0.0
0.0
0.0
0.0
0.0
0.0
0.0
0.0
0.0
0.0
0.0
0.0
0.0
0.0
0.0
0.0
0.0
0.0
0.0
0.0
0.0
0.0
0.0
0.0
0.0
0.0
0.0
0.0
0.0
0.0
0.0
0.0
0.0
0.0
0.0
0.0
0.0
0.0
0.0
0.0
0.0
0.0
0.0
0.0
0.0
0.0
0.0
0.0
0.0
0.0
0.0
0.0
0.0
0.0
0.0
0.0
0.0
0.0
0.0
0.0
0.0
0.0
0.0
0.0
0.0
0.0
0.0
0.0
0.0
0.0
0.0
0.0
0.0
0.0
0.0
0.0
0.0
0.0
0.0
0.0
0.0
0.0
0.0
0.0
0.0
0.0
0.0
0.0
0.0
0.0
0.0
0.0
0.0
0.0
0.0
0.0
0.0
0.0
0.0
test_variance_costs
0.0
0.0
0.0
0.0
0.0
0.0
0.0
0.0
0.0
0.0
0.0
0.0
0.0
0.0
0.0
0.0
0.0
0.0
0.0
0.0
0.0
0.0
0.0
0.0
0.0
0.0
0.0
0.0
0.0
0.0
0.0
0.0
0.0
0.0
0.0
0.0
0.0
0.0
0.0
0.0
0.0
0.0
0.0
0.0
0.0
0.0
0.0
0.0
0.0
0.0
0.0
0.0
0.0
0.0
0.0
0.0
0.0
0.0
0.0
0.0
0.0
0.0
0.0
0.0
0.0
0.0
0.0
0.0
0.0
0.0
0.0
0.0
0.0
0.0
0.0
0.0
0.0
0.0
0.0
0.0
0.0
0.0
0.0
0.0
0.0
0.0
0.0
0.0
0.0
0.0
0.0
0.0
0.0
0.0
0.0
0.0
0.0
0.0
0.0
0.0
0.0
0.0
0.0
0.0
0.0
0.0
0.0
0.0
0.0
0.0
0.0
0.0
0.0
0.0
0.0
0.0
0.0
0.0
0.0
0.0
0.0
0.0
0.0
0.0
0.0
0.0
0.0
0.0
0.0
0.0
0.0
0.0
0.0
0.0
0.0
0.0
0.0
0.0
0.0
0.0
0.0
0.0
0.0
0.0
0.0
0.0
0.0
0.0
0.0
0.0
0.0
0.0
0.0
0.0
0.0
0.0
0.0
0.0
0.0
0.0
0.0
0.0
0.0
0.0
0.0
0.0
0.0
0.0
0.0
0.0
0.0
0.0
0.0
0.0
0.0
0.0
0.0
0.0
0.0
0.0
0.0
0.0
0.0
0.0
0.0
0.0
0.0
0.0
0.0
0.0
0.0
0.0
0.0
0.0
0.0
0.0
0.0
0.0
0.0
0.0
0.0
0.0
0.0
0.0
0.0
0.0
0.0
0.0
0.0
0.0
0.0
0.0
0.0
0.0
0.0
0.0
0.0
0.0
0.0
0.0
0.0
0.0
0.0
0.0
0.0
0.0
0.0
0.0
0.0
0.0
0.0
0.0
0.0
0.0
0.0
0.0
0.0
0.0
0.0
0.0
0.0
0.0
0.0
0.0
0.0
0.0
0.0
0.0
0.0
0.0
0.0
0.0
0.0
0.0
0.0
0.0
test_mean_wealth
-2.4745526
-2.441007
-2.4450045
-2.3881185
-2.3494997
-2.4919114
-2.3369517
-2.3887668
-2.2958598
-2.4798362
-2.4240696
-2.4109964
-2.345681
-2.522383
-2.4610772
-2.448897
-2.4233258
-2.4137564
-2.3888416
-2.447838
-2.3912885
-2.5015578
-2.3962545
-2.546595
-2.481896
-2.3313892
-2.5829842
-2.4506252
-2.5114362
-2.5507197
-2.3411367
-2.3942797
-2.4509428
-2.349241
-2.44324
-2.400942
-2.2471356
-2.3169665
-2.4178376
-2.3657515
-2.358149
-2.4205623
-2.3450048
-2.4988198
-2.412029
-2.4313715
-2.319232
-2.3660753
-2.3691518
-2.3647277
-2.4880238
-2.4448633
-2.5021138
-2.399572
-2.3474748
-2.2864344
-2.4675195
-2.4791074
-2.479978
-2.3996255
-2.3588288
-2.4097192
-2.3723238
-2.3852282
-2.5074167
-2.4083397
-2.390524
-2.3337936
-2.49072
-2.4183202
-2.3242083
-2.3752987
-2.3981764
-2.3814235
-2.2871644
-2.4577885
-2.3704684
-2.3580084
-2.3952692
-2.4135578
-2.4681299
-2.4754348
-2.3671906
-2.35119
-2.4784424
-2.4320683
-2.464188
-2.3526127
-2.383373
-2.375674
-2.3656788
-2.463805
-2.4067316
-2.4556859
-2.38034
-2.345209
-2.3436701
-2.3966725
-2.5846317
-2.5109897
-2.41552
-2.423593
-2.4246016
-2.4393864
-2.3762832
-2.4771976
-2.3983762
-2.2720654
-2.3540275
-2.4509335
-2.4381802
-2.3785536
-2.5365818
-2.3941815
-2.5660188
-2.3728857
-2.2480247
-2.4515946
-2.3681684
-2.522782
-2.285601
-2.4254565
-2.261778
-2.447108
-2.4778764
-2.1437159
-2.366769
-2.3416982
-2.529219
-2.323309
-2.4732285
-2.4257636
-2.4616241
-2.4045336
-2.4206674
-2.4164002
-2.4499786
-2.396168
-2.4807394
-2.3057518
-2.3593373
-2.2699344
-2.332205
-2.2917216
-2.3563554
-2.4306076
-2.431133
-2.4641716
-2.503151
-2.538211
-2.3536663
-2.4584281
-2.5036812
-2.4395635
-2.362209
-2.4036622
-2.5149155
-2.4018383
-2.3205528
-2.4134116
-2.538668
-2.4008474
-2.434709
-2.397761
-2.3527815
-2.624085
-2.3772273
-2.312037
-2.4974506
-2.3286026
-2.4861836
-2.4954548
-2.3549907
-2.5565794
-2.660256
-2.4698865
-2.5203273
-2.3317378
-2.4395466
-2.2867222
-2.4595847
-2.5379395
-2.45058
-2.3135314
-2.3752842
-2.4338882
-2.4256017
-2.328735
-2.403746
-2.4199255
-2.30858
-2.3493173
-2.4478297
-2.336943
-2.285797
-2.2906303
-2.4860435
-2.3695393
-2.5009673
-2.2407517
-2.4211745
-2.291204
-2.4207103
-2.4290824
-2.4197364
-2.534802
-2.4039607
-2.4495316
-2.4962556
-2.3492758
-2.409534
-2.2954147
-2.5646029
-2.4529183
-2.3992932
-2.5125659
-2.409042
-2.330597
-2.6125236
-2.3469927
-2.4774926
-2.3877816
-2.2903721
-2.5186903
-2.613993
-2.4366827
-2.3784196
-2.4231846
-2.4633527
-2.3138404
-2.2922919
-2.3353598
-2.3115861
-2.4248028
-2.4174907
-2.3535016
-2.4950252
-2.3495193
-2.4741797
-2.2451887
-2.3184283
-2.4632466
-2.3779376
-2.4138272
-2.4740586
-2.3984308
-2.4031734
-2.4009187
-2.4362261
-2.3841531
-2.3511236
-2.3413708
-2.3117363
-2.364121
-2.5720992
-2.5380833
test_mean_abs_wealth
2.4745526
2.441007
2.4450045
2.3881185
2.3494997
2.4919114
2.3369517
2.3887668
2.2958598
2.4798362
2.4240696
2.4109964
2.345681
2.522383
2.4610772
2.448897
2.4233258
2.4137564
2.3888416
2.447838
2.3912885
2.5015578
2.3962545
2.546595
2.481896
2.3313892
2.5829842
2.4506252
2.5114362
2.5507197
2.3411367
2.3942797
2.4509428
2.349241
2.44324
2.400942
2.2471356
2.3169665
2.4178376
2.3657515
2.358149
2.4205623
2.3450048
2.4988198
2.412029
2.4313715
2.319232
2.3660753
2.3691518
2.3647277
2.4880238
2.4448633
2.5021138
2.399572
2.3474748
2.2864344
2.4675195
2.4791074
2.479978
2.3996255
2.3588288
2.4097192
2.3723238
2.3852282
2.5074167
2.4083397
2.390524
2.3337936
2.49072
2.4183202
2.3242083
2.3752987
2.3981764
2.3814235
2.2871644
2.4577885
2.3704684
2.3580084
2.3952692
2.4135578
2.4681299
2.4754348
2.3671906
2.35119
2.4784424
2.4320683
2.464188
2.3526127
2.383373
2.375674
2.3656788
2.463805
2.4067316
2.4556859
2.38034
2.345209
2.3436701
2.3966725
2.5846317
2.5109897
2.41552
2.423593
2.4246016
2.4393864
2.3762832
2.4771976
2.3983762
2.2720654
2.3540275
2.4509335
2.4381802
2.3785536
2.5365818
2.3941815
2.5660188
2.3728857
2.2480247
2.4515946
2.3681684
2.522782
2.285601
2.4254565
2.261778
2.447108
2.4778764
2.1437159
2.366769
2.3416982
2.529219
2.323309
2.4732285
2.4257636
2.4616241
2.4045336
2.4206674
2.4164002
2.4499786
2.396168
2.4807394
2.3057518
2.3593373
2.2699344
2.332205
2.2917216
2.3563554
2.4306076
2.431133
2.4641716
2.503151
2.538211
2.3536663
2.4584281
2.5036812
2.4395635
2.362209
2.4036622
2.5149155
2.4018383
2.3205528
2.4134116
2.538668
2.4008474
2.434709
2.397761
2.3527815
2.624085
2.3772273
2.312037
2.4974506
2.3286026
2.4861836
2.4954548
2.3549907
2.5565794
2.660256
2.4698865
2.5203273
2.3317378
2.4395466
2.2867222
2.4595847
2.5379395
2.45058
2.3135314
2.3752842
2.4338882
2.4256017
2.328735
2.403746
2.4199255
2.30858
2.3493173
2.4478297
2.336943
2.285797
2.2906303
2.4860435
2.3695393
2.5009673
2.2407517
2.4211745
2.291204
2.4207103
2.4290824
2.4197364
2.534802
2.4039607
2.4495316
2.4962556
2.3492758
2.409534
2.2954147
2.5646029
2.4529183
2.3992932
2.5125659
2.409042
2.330597
2.6125236
2.3469927
2.4774926
2.3877816
2.2903721
2.5186903
2.613993
2.4366827
2.3784196
2.4231846
2.4633527
2.3138404
2.2922919
2.3353598
2.3115861
2.4248028
2.4174907
2.3535016
2.4950252
2.3495193
2.4741797
2.2451887
2.3184283
2.4632466
2.3779376
2.4138272
2.4740586
2.3984308
2.4031734
2.4009187
2.4362261
2.3841531
2.3511236
2.3413708
2.3117363
2.364121
2.5720992
2.5380833
test_variance_wealth
0.039451823
0.038835026
0.038396873
0.040365443
0.03819607
0.037748177
0.036073085
0.036093567
0.033232085
0.039392304
0.03280508
0.03356212
0.032721557
0.040603057
0.038063955
0.036041763
0.036305614
0.03964643
0.036210425
0.039603323
0.036261555
0.036860775
0.04366934
0.039470896
0.03590844
0.031640258
0.04367327
0.03596058
0.04260752
0.037716605
0.031982467
0.040141314
0.037612114
0.030433543
0.037734855
0.035136506
0.032244608
0.03107679
0.03609978
0.037472185
0.0313771
0.034791008
0.03304089
0.037413597
0.035246495
0.040028643
0.03318919
0.03544232
0.0389835
0.03235079
0.03882552
0.03608738
0.038985625
0.033036187
0.030688135
0.032931253
0.035475325
0.040281758
0.038410667
0.035355743
0.031952735
0.03488285
0.032646317
0.036396056
0.036986966
0.035133444
0.039066665
0.03301818
0.0440085
0.036079876
0.034868546
0.03203198
0.03568598
0.036217384
0.034609307
0.041058406
0.035116687
0.036948208
0.037500713
0.03796506
0.037979063
0.039302915
0.034813356
0.033197112
0.036129083
0.038067736
0.0413085
0.03514386
0.03443714
0.034772884
0.032684516
0.034460913
0.03726866
0.040037207
0.0345705
0.034872737
0.034576476
0.032517254
0.038508285
0.03960764
0.037944227
0.038586937
0.039031927
0.038002502
0.035447292
0.042262755
0.035209462
0.034305766
0.033120707
0.03430736
0.035645157
0.036736663
0.04232163
0.040566448
0.042974547
0.037448157
0.030446203
0.04025608
0.038120363
0.041637626
0.032891374
0.036268782
0.0360975
0.035210792
0.038156874
0.030557157
0.034928676
0.032600638
0.0411407
0.033140652
0.038674496
0.032649137
0.036805175
0.03892008
0.03857374
0.0365731
0.040304188
0.036610823
0.03510538
0.03567376
0.033971373
0.031724755
0.032954987
0.037086785
0.035045963
0.036371805
0.035128366
0.036268156
0.035903353
0.041232266
0.035139963
0.03854995
0.03683073
0.037695322
0.033197585
0.0347274
0.039032936
0.035933875
0.037271604
0.036220293
0.04222528
0.03378145
0.03814244
0.03830743
0.035536904
0.045695722
0.037488375
0.033028107
0.037886545
0.03586294
0.035679076
0.040467303
0.03511153
0.03845324
0.047637463
0.040907927
0.039035555
0.03493512
0.0385892
0.03343828
0.037463877
0.039846815
0.033898674
0.03564487
0.038656767
0.038537852
0.040946476
0.036067985
0.03745624
0.034625232
0.031327996
0.03350845
0.03821812
0.0355254
0.03237326
0.034659937
0.039229073
0.036118574
0.03988109
0.034276936
0.035231143
0.034332756
0.03617138
0.038715713
0.039730076
0.043109383
0.03653984
0.033818655
0.03704901
0.03268406
0.03446467
0.03142397
0.038828712
0.03991635
0.03397761
0.039456494
0.038357392
0.033304
0.041714627
0.035690553
0.041834217
0.03670979
0.03214714
0.042570163
0.039954763
0.035024524
0.03370087
0.035042297
0.038756955
0.037221838
0.036757894
0.031838406
0.031108694
0.033603873
0.035479113
0.039922185
0.04163078
0.03711205
0.039564885
0.032601018
0.03739146
0.036888443
0.0354732
0.037725415
0.037263155
0.035316218
0.03477232
0.039139524
0.035137683
0.036985155
0.033970106
0.03564841
0.033120662
0.03405705
0.04347016
0.04618533
test_wealth_with_price_abs_mean
0.1572023
0.15591472
0.1551278
0.15889084
0.15455379
0.15382494
0.1501285
0.15035123
0.14443834
0.15694575
0.14352553
0.14530838
0.14332037
0.15957086
0.15449446
0.15036067
0.15090552
0.15748829
0.15064594
0.1574289
0.1507493
0.15197901
0.16512503
0.15733793
0.15025507
0.14100987
0.16569105
0.15013441
0.1634757
0.15387346
0.1417493
0.1583564
0.15350845
0.13834965
0.1538014
0.14843112
0.14223246
0.1396526
0.1506083
0.1531618
0.1403642
0.14790152
0.14404973
0.15328297
0.14866796
0.15841612
0.14433305
0.1491381
0.15626737
0.14252734
0.1561192
0.15049438
0.15628324
0.14411595
0.13870397
0.14375287
0.14936069
0.1589241
0.15502329
0.1488786
0.14143409
0.148012
0.14326113
0.15089713
0.15240458
0.14836328
0.15649474
0.14388989
0.16584374
0.15033701
0.14772654
0.14186728
0.14961368
0.1506361
0.14725961
0.16045475
0.14857364
0.15225363
0.15340015
0.15412441
0.15428565
0.15687563
0.14762649
0.14433081
0.15061246
0.15420388
0.16078585
0.14834692
0.14698122
0.14765738
0.14311086
0.14715186
0.15267321
0.15820791
0.14709312
0.14780605
0.14723447
0.14292662
0.1555089
0.15762642
0.15435529
0.15542649
0.15627134
0.1544452
0.1490138
0.16254891
0.14858562
0.14656295
0.14399047
0.14681606
0.1495972
0.15156375
0.16274416
0.15939169
0.16393732
0.15319341
0.13819195
0.15880601
0.15430373
0.16149564
0.143559
0.15084748
0.15018168
0.1487941
0.15475057
0.13838422
0.14809084
0.1429387
0.1606221
0.14411812
0.15577084
0.14314349
0.15210417
0.15616466
0.15540951
0.15156701
0.15872714
0.15137355
0.14846173
0.1494164
0.14603099
0.14097795
0.14381349
0.15241373
0.14807795
0.1511684
0.14836699
0.15089452
0.15009668
0.16067034
0.14854135
0.15531972
0.15208137
0.15370554
0.14454676
0.14754976
0.15642564
0.15017094
0.15278028
0.1507669
0.16271637
0.14559339
0.15472357
0.1549075
0.1492931
0.16922252
0.15320633
0.14406443
0.15424286
0.1500283
0.14986025
0.15929456
0.14829244
0.15538523
0.17248428
0.16000272
0.15661022
0.14788978
0.15556704
0.14472128
0.15348864
0.15807194
0.1459966
0.14938283
0.15558349
0.15547538
0.15987769
0.15037692
0.15326451
0.14742157
0.1402979
0.14495054
0.15472972
0.14911664
0.14253634
0.14737643
0.1568715
0.15055905
0.15805213
0.14641625
0.14846972
0.14656149
0.15060228
0.1558122
0.15766563
0.16437028
0.15130372
0.14581493
0.1524988
0.14337483
0.14692144
0.14049745
0.15619801
0.15822592
0.14597139
0.15749758
0.15499437
0.14440621
0.16173643
0.14960821
0.16181934
0.15148455
0.142129
0.1631957
0.15844479
0.14825162
0.1454808
0.14842603
0.1558998
0.15259005
0.1517019
0.1414784
0.13962352
0.1453558
0.14927769
0.15813163
0.16163503
0.15244353
0.15751493
0.14304128
0.15316561
0.15202466
0.14912452
0.1537104
0.15306051
0.14892535
0.14770696
0.15653525
0.1483978
0.15238295
0.1460612
0.14930229
0.14406516
0.14615011
0.16495779
0.16997087
test_wealth_with_price_variance
0.039451823
0.038835026
0.038396873
0.040365443
0.03819607
0.037748177
0.036073085
0.036093567
0.033232085
0.039392304
0.03280508
0.03356212
0.032721557
0.040603057
0.038063955
0.036041763
0.036305614
0.03964643
0.036210425
0.039603323
0.036261555
0.036860775
0.04366934
0.039470896
0.03590844
0.031640258
0.04367327
0.03596058
0.04260752
0.037716605
0.031982467
0.040141314
0.037612114
0.030433543
0.037734855
0.035136506
0.032244608
0.03107679
0.03609978
0.037472185
0.0313771
0.034791008
0.03304089
0.037413597
0.035246495
0.040028643
0.03318919
0.03544232
0.0389835
0.03235079
0.03882552
0.03608738
0.038985625
0.033036187
0.030688135
0.032931253
0.035475325
0.040281758
0.038410667
0.035355743
0.031952735
0.03488285
0.032646317
0.036396056
0.036986966
0.035133444
0.039066665
0.03301818
0.0440085
0.036079876
0.034868546
0.03203198
0.03568598
0.036217384
0.034609307
0.041058406
0.035116687
0.036948208
0.037500713
0.03796506
0.037979063
0.039302915
0.034813356
0.033197112
0.036129083
0.038067736
0.0413085
0.03514386
0.03443714
0.034772884
0.032684516
0.034460913
0.03726866
0.040037207
0.0345705
0.034872737
0.034576476
0.032517254
0.038508285
0.03960764
0.037944227
0.038586937
0.039031927
0.038002502
0.035447292
0.042262755
0.035209462
0.034305766
0.033120707
0.03430736
0.035645157
0.036736663
0.04232163
0.040566448
0.042974547
0.037448157
0.030446203
0.04025608
0.038120363
0.041637626
0.032891374
0.036268782
0.0360975
0.035210792
0.038156874
0.030557157
0.034928676
0.032600638
0.0411407
0.033140652
0.038674496
0.032649137
0.036805175
0.03892008
0.03857374
0.0365731
0.040304188
0.036610823
0.03510538
0.03567376
0.033971373
0.031724755
0.032954987
0.037086785
0.035045963
0.036371805
0.035128366
0.036268156
0.035903353
0.041232266
0.035139963
0.03854995
0.03683073
0.037695322
0.033197585
0.0347274
0.039032936
0.035933875
0.037271604
0.036220293
0.04222528
0.03378145
0.03814244
0.03830743
0.035536904
0.045695722
0.037488375
0.033028107
0.037886545
0.03586294
0.035679076
0.040467303
0.03511153
0.03845324
0.047637463
0.040907927
0.039035555
0.03493512
0.0385892
0.03343828
0.037463877
0.039846815
0.033898674
0.03564487
0.038656767
0.038537852
0.040946476
0.036067985
0.03745624
0.034625232
0.031327996
0.03350845
0.03821812
0.0355254
0.03237326
0.034659937
0.039229073
0.036118574
0.03988109
0.034276936
0.035231143
0.034332756
0.03617138
0.038715713
0.039730076
0.043109383
0.03653984
0.033818655
0.03704901
0.03268406
0.03446467
0.03142397
0.038828712
0.03991635
0.03397761
0.039456494
0.038357392
0.033304
0.041714627
0.035690553
0.041834217
0.03670979
0.03214714
0.042570163
0.039954763
0.035024524
0.03370087
0.035042297
0.038756955
0.037221838
0.036757894
0.031838406
0.031108694
0.033603873
0.035479113
0.039922185
0.04163078
0.03711205
0.039564885
0.032601018
0.03739146
0.036888443
0.0354732
0.037725415
0.037263155
0.035316218
0.03477232
0.039139524
0.035137683
0.036985155
0.033970106
0.03564841
0.033120662
0.03405705
0.04347016
0.04618533
price
2.474138
2.441273
2.4454591
2.387515
2.3494563
2.4913776
2.336289
2.388649
2.295946
2.4792688
2.4229865
2.4104958
2.3453379
2.5224679
2.4607887
2.4491477
2.423374
2.4135818
2.388431
2.4478314
2.3910184
2.5012956
2.3956895
2.5463324
2.4813385
2.3312087
2.583206
2.4502513
2.5112257
2.5503502
2.3414257
2.393852
2.4511075
2.3486116
2.4430618
2.4004972
2.2471826
2.3162742
2.417386
2.3655362
2.357808
2.4193623
2.3448262
2.498341
2.41177
2.4307723
2.3195748
2.3652332
2.368938
2.3641112
2.4877343
2.4449327
2.5016494
2.399643
2.3468971
2.2865791
2.4675112
2.4787707
2.4794507
2.398344
2.3590379
2.4086628
2.3723342
2.3852775
2.507306
2.4079218
2.3902879
2.3332982
2.490634
2.418168
2.3241131
2.3748772
2.397837
2.3806765
2.2870905
2.4572475
2.3704813
2.3578868
2.3948412
2.4136217
2.4683423
2.474969
2.3670008
2.3507285
2.4780173
2.4313836
2.4644957
2.3521097
2.382188
2.375461
2.365951
2.4644578
2.4062269
2.4561377
2.3796847
2.3451147
2.3429053
2.3962877
2.5843463
2.5110452
2.41538
2.4232109
2.424264
2.4388444
2.3759685
2.4762993
2.397463
2.2718952
2.354066
2.450732
2.4377205
2.3779109
2.5355525
2.3939972
2.5657642
2.3722942
2.2473826
2.45167
2.368052
2.5225968
2.285531
2.4250789
2.2617927
2.447164
2.477356
2.1433465
2.3668356
2.3410225
2.529508
2.3234138
2.4734712
2.4257517
2.4613154
2.4039683
2.4205713
2.4155297
2.4498305
2.395616
2.4800858
2.3054988
2.3593342
2.2702444
2.3322377
2.2917428
2.3561828
2.430673
2.430585
2.4642234
2.5024414
2.5378633
2.352631
2.4580917
2.5029776
2.439477
2.362042
2.403637
2.5146961
2.401418
2.3203099
2.413482
2.5390413
2.400629
2.4346228
2.3973653
2.3529701
2.6228726
2.3767037
2.311454
2.4976282
2.3278081
2.4857137
2.4953313
2.354393
2.5557013
2.6601555
2.4694896
2.5195353
2.3313758
2.439744
2.2865326
2.4591205
2.5382333
2.4508696
2.3128197
2.3750532
2.4337602
2.4249356
2.3285072
2.4037454
2.4193714
2.3082325
2.3495128
2.4470546
2.3373692
2.2857938
2.289564
2.4855835
2.369319
2.5004785
2.2399127
2.4211378
2.291005
2.4204488
2.4288719
2.4195797
2.5340095
2.4039657
2.4490786
2.495878
2.3486636
2.4090292
2.2950172
2.5639796
2.4532716
2.3991368
2.51205
2.4089165
2.329944
2.6121655
2.3463223
2.477063
2.386853
2.2901726
2.5185258
2.613413
2.4362566
2.3776448
2.4226105
2.4630327
2.313816
2.2920947
2.3350766
2.3114662
2.4241211
2.4174414
2.3532367
2.495276
2.348559
2.473425
2.2451096
2.3179898
2.463083
2.3774037
2.4131484
2.473454
2.3982925
2.4028988
2.4003623
2.4356887
2.3846304
2.3506837
2.3412135
2.3109975
2.3634722
2.5725787
2.5376787
train_time
0.4079158999999999
0.33980940000000004
0.3526085000000023
0.3266206000000018
0.4591048000000022
0.3613076000000035
0.3744337999999985
0.33283420000000064
0.3287888999999993
0.3440085999999951
0.32801000000000613
0.5029626999999977
0.3537026999999995
0.3365068000000093
0.3410262000000017
0.3386579000000012
0.3435017999999985
0.35521289999999794
0.3705638999999934
0.5333781000000073
0.3454295000000229
0.347959000000003
0.3495544999999822
0.34868900000000735
0.35678609999999367
0.36597470000000953
0.34277969999999414
0.5775988999999981
0.3401432
0.34967439999999783
0.34741990000000555
0.33408040000000483
0.3332394999999906
0.3324015999999972
0.45810579999999845
0.3475830000000144
0.35962800000001494
0.334920000000011
0.5938154000000111
0.34534759999999665
0.34741449999995666
0.3599178000000052
0.3467335999999932
0.33429919999997537
0.3483006999999816
0.33865550000001576
0.3377271999999607
0.3426469999999995
0.33984590000000026
0.3484564999999975
0.335694100000012
0.34340950000000703
0.34688549999998486
0.34261490000000094
0.3747219999999629
0.35170520000002625
0.3355952000000002
0.3170804000000089
0.39170540000003484
0.36136129999999866
0.34624709999997094
0.328037600000016
0.33871590000001106
0.3401422000000025
0.8967260999999667
0.3555685999999696
0.3527439000000072
0.346669200000008
0.36735399999997753
0.3541410000000269
0.3205447999999933
0.3504292999999734
0.32713730000000396
0.3420328999999924
0.34046920000002956
0.352303500000005
0.3485822999999755
0.326920800000039
0.35081400000001395
0.34942239999998037
0.793932400000017
0.45699819999992997
0.4258812000000489
0.36736450000000787
0.338614899999925
0.3262819000000263
0.3393403000000035
0.34537379999994755
0.32562510000002476
0.33030359999997927
0.3342953999999736
0.36763170000006085
0.3575571999999738
0.32561650000002373
0.35276439999995546
0.3461758999999347
0.34480980000000727
0.3276481999999987
0.3257972000000109
0.32053259999997863
0.3177992999999333
0.3404991999999538
0.32817180000006374
0.34654620000003433
0.3445688000000473
0.33584559999997055
0.34288280000009763
0.3384758999999349
0.42261180000002696
0.34809259999997266
0.32723410000005515
0.34767340000007607
0.3304895999999644
0.32882870000003095
0.35494889999995394
0.3362467999999126
0.337457699999959
0.3222018000000162
0.33956050000006144
0.3433026999999811
0.31962579999992613
0.3430400000000873
1.0457776999999169
0.3525078999999778
0.3357857000000877
0.34103380000010475
0.33888409999997293
0.3581457999999884
0.3826877000000195
0.4701669999999467
0.33982270000001336
0.3236484000000246
0.3254447000000482
0.3329952000000276
0.34535009999990507
0.32788859999993747
0.34013259999994716
0.3365035000000489
0.31592829999999594
0.34129270000005363
0.32131040000001576
0.3590754999999035
0.3295802000000094
0.3304703999999674
0.3510238000000072
0.33674710000002506
0.33193259999995917
0.34239389999993364
0.33668920000002345
1.2075257999999849
0.32771500000001197
0.34199679999994714
0.3526164999999537
0.3242237000000614
0.33533890000001065
0.34529879999990953
0.3328139000000192
0.3717120999999679
0.3236295000001519
0.3222126999999091
0.3457448999999997
0.33719129999985853
0.33618620000015653
0.3178725999998733
0.3337652000000162
0.41774390000000494
0.33296249999989413
0.3091982000000826
0.3271016999999574
0.32535299999995004
0.331340100000034
0.37144229999989875
0.3194562999999562
0.32469739999987723
0.3182724999999209
0.32553980000011506
0.3287911999998414
0.4735819999998512
0.32944399999996676
0.32614799999987554
1.3862275999999838
0.3234171999999944
0.34082409999996344
0.34278169999993224
0.346502399999963
0.3562153999998827
0.3267971000000216
0.3290478000001258
0.34431500000005144
0.3285233999999946
0.3175707999998849
0.3265935999997964
0.3167051000000356
0.3231405999999879
0.32404719999999543
0.3215229000002182
0.328013300000066
0.32115060000000994
0.32197679999990214
0.32651929999997265
0.3211037999999462
0.33565920000000915
0.35941159999993033
0.33994689999985894
0.36070089999998345
0.33249549999982264
0.31796379999991586
0.328442700000096
0.34112950000007913
0.32706179999991036
0.326351700000032
0.3404837000000498
0.33128080000005866
0.34203820000016094
0.3158963999999287
0.3721805000000131
1.6212653000000046
0.31820919999995567
0.3390296000000035
0.3208099000000857
0.3217914000001656
0.3222180999998727
0.3197248999999829
0.33240330000012364
0.4585871999997835
0.3367600000001403
0.3459032999999181
0.3173848999999791
0.3576794999999038
0.3249155000000883
0.397412999999915
0.33629309999992074
0.30904670000018086
0.3181391000000531
0.3107966000000033
0.3378465999999207
0.3228232000001299
0.3700843999999961
0.6635871999999381
0.3302988999998888
0.36092440000015813
0.3302051000000574
0.35522259999993366
0.38707909999993717
0.32888359999992645
0.31606729999998606
0.33485250000012456
0.38399180000010347
0.38562950000005003
0.33989199999996345
0.34958819999997104
0.3237374999998792
0.32544959999995626
0.33277769999995144
0.3591613999999481
0.32015789999991284


