================================================================================
=== continuous-time
train_risk
2.9643369
2.9372416
2.9454746
2.852393
2.7562592
3.0114248
2.768799
2.9506958
2.8280668
2.956139
2.7836316
2.8229756
2.7469354
3.0422149
2.9915404
2.9190009
2.9342535
2.8571181
2.8721256
2.937277
2.8187938
3.0138433
2.9236548
3.0330944
3.0309517
2.8883588
3.152448
2.995739
3.1228657
3.1163156
2.8360097
2.913029
2.933609
2.874324
3.0511048
2.9282467
2.804634
2.9096456
2.8614478
2.7986884
2.8869152
2.840618
2.7386177
3.082875
3.0376494
3.0138025
2.7356703
3.0080805
2.9180145
2.9217265
2.8604162
2.9975824
3.019697
2.9424348
2.838528
2.7988873
3.0121064
3.0000198
2.9812307
2.7934704
2.8160925
3.0003386
2.8126037
2.8510096
3.0430107
2.883813
2.802611
2.8349068
3.0294962
2.9214294
2.844191
2.8031795
2.8375864
2.8441238
2.8572154
2.927635
2.9641736
2.9779463
2.8959372
2.888134
2.8820622
2.8111203
2.860795
2.6913545
2.9493015
2.8001535
2.988523
2.9018557
2.8790278
2.6764266
2.8659313
3.0629034
2.8779802
3.0479407
2.969
2.7571356
2.6795213
2.8266606
3.2440605
2.942449
2.8884182
2.9795394
2.9579573
2.8104968
2.7951434
3.0148172
2.9711254
2.6394203
2.8768537
2.9080017
2.8403845
2.869762
3.155664
2.995137
3.1014156
2.7515101
2.6863096
2.8001335
2.8408468
3.022479
2.7536435
3.0031974
2.56008
2.9131906
2.9541597
2.6826057
2.9400992
2.781098
3.0365973
2.7690706
3.0641582
2.910056
3.0822208
2.9376655
2.9893456
2.9326246
2.9439151
2.8973851
2.9301898
2.8053432
3.0805135
2.7322292
2.8651595
2.8655102
2.8035316
2.9273276
2.8919108
2.9339716
2.9653373
3.0860515
2.985756
2.8947875
3.0594697
2.9484935
2.937766
2.917719
2.9338996
2.9055114
2.8428214
2.999888
2.9200912
2.8659132
2.9383929
2.8255224
2.8609328
3.1577334
2.8481123
2.80997
3.0064988
2.868556
2.941218
2.9077191
2.879761
3.2078938
3.0984316
2.9654148
2.9764044
2.8878942
3.047502
2.7669938
2.9578755
3.1350324
2.9413667
2.8304048
2.8342173
3.0002291
2.8861198
2.762446
2.8923888
2.9613762
2.814682
2.8157911
2.8645363
2.7166843
2.6193407
2.6594992
2.961969
2.902589
3.0552366
2.7839692
2.8539555
2.7543964
2.9161026
2.9261267
2.9599185
3.1265697
2.8179882
3.0524046
2.934815
2.946476
2.9219584
2.7054937
3.0212047
3.006836
2.8478127
3.0376136
3.0600898
2.7539785
3.0552642
2.9328895
3.0406382
2.9238393
2.9197564
3.122231
3.1806436
2.9210558
2.8876276
3.00423
2.9764817
2.797943
2.7556396
2.8040838
2.950786
2.9653988
2.907555
2.9205885
3.0401783
2.8006485
2.8983421
2.7065563
2.8421283
2.9870183
2.9092045
2.985321
2.9602022
2.884202
2.8671765
2.8744476
2.9631007
2.9220462
2.857684
2.760169
2.6891491
2.9630919
3.0589867
3.1128218
test_risk
2.9607353
2.949568
2.9494004
2.8710768
2.7895908
3.021752
2.8122845
2.9146056
2.8574655
2.964545
2.8228304
2.8301165
2.7495203
3.0618145
3.0337648
2.919556
2.9576821
2.8567615
2.8795292
2.9726856
2.8000166
3.0206811
2.9372134
3.0276334
2.9687662
2.8550184
3.167526
2.9995127
3.1293283
3.093701
2.810255
2.9308352
2.98576
2.8862503
3.0399535
2.9624949
2.799077
2.9169347
2.8969646
2.7928836
2.9193308
2.846114
2.7527392
3.1263568
3.068191
3.0144293
2.7851627
3.0213742
2.9413133
2.933252
2.8504598
3.003846
3.0336833
2.9660237
2.8163822
2.8164713
3.0139716
3.0264874
2.974345
2.8096807
2.8357778
3.016654
2.820808
2.880542
3.0560472
2.9036248
2.8229673
2.8524916
3.0126822
2.9182763
2.8524556
2.8237176
2.8553238
2.8359997
2.8462431
2.9373195
2.970065
2.9952323
2.8760064
2.903684
2.8861465
2.8331842
2.8518238
2.6667557
2.9366677
2.7908971
2.9925604
2.9151275
2.9084747
2.7312424
2.815379
3.0797215
2.8667645
3.0362015
2.9351795
2.7502418
2.6736398
2.829302
3.2146387
2.9639034
2.8906415
2.9500453
2.922707
2.825207
2.782874
3.0355604
3.003073
2.6196785
2.9016309
2.9395983
2.8660028
2.8749003
3.155793
3.0225644
3.0869443
2.7764432
2.6761384
2.847012
2.8494208
2.999157
2.752834
2.9997015
2.561211
2.9149206
3.004571
2.6741273
2.94182
2.8170786
3.0527596
2.765116
3.0958323
2.9531987
3.0725453
2.907718
3.0102913
2.9760618
2.9691107
2.887654
2.945756
2.8041704
3.0961297
2.7531116
2.8863924
2.888802
2.7603607
2.9304152
2.887753
2.9812088
2.978492
3.08567
2.9631045
2.9059198
3.088843
2.9483893
2.9455645
2.9734242
2.9344459
2.9237716
2.8581169
3.0136175
2.9233503
2.9091082
2.9423058
2.844533
2.8685486
3.1369843
2.8514478
2.8024712
3.0036387
2.8522205
2.9521108
2.9348567
2.9066374
3.1876292
3.1046925
2.9940007
3.0037897
2.8521426
2.9833302
2.786002
2.954094
3.104931
2.9263217
2.8201108
2.8400776
2.99756
2.8996785
2.770577
2.8851745
2.9892042
2.8170407
2.8532982
2.8571355
2.7192125
2.627754
2.6775575
2.9362533
2.8779616
3.0786026
2.7603822
2.873006
2.7515101
2.936022
2.9297762
2.971151
3.0944223
2.8235958
3.0265276
2.9830287
2.9444351
2.9460373
2.7474363
3.0139992
3.028938
2.8593812
3.0155125
3.0253377
2.764909
3.068546
2.9364278
3.0220113
2.924391
2.8392339
3.1246963
3.1925893
2.9476254
2.8933613
3.0100377
3.027271
2.793857
2.7464929
2.8164191
2.9131973
2.9690504
2.8879647
2.913315
3.0246274
2.8302417
2.8947003
2.7305105
2.828951
2.9950318
2.902499
2.9876566
2.975134
2.899447
2.9095926
2.8977258
2.9184694
2.9059927
2.8507273
2.7734354
2.7112865
2.9623156
3.0650713
3.1383805
test_mean_value
-0.0012495393
0.0014998084
0.001426801
0.001122664
-0.00040836612
-0.0005251417
-0.0012276344
-0.003964634
0.0019215137
-0.0010313699
-9.51553e-06
0.0031362064
-0.003843625
-0.0015111964
-0.0025000593
0.002159449
-0.00013001669
0.00042576707
0.0024294693
0.0026013271
0.0002991011
-0.004070284
-3.9608585e-05
-0.0005579448
0.004761109
-0.005812202
-0.0017729108
-0.0020731739
0.0024623324
0.0036585473
-0.0022382345
-0.0013453398
-0.0037351362
-0.00042557155
-0.004582274
0.0022595727
-0.00084039615
0.001220632
-0.0005616898
-0.0007303204
-0.0027673186
0.0035973836
0.00048825686
-0.0027221248
-0.0008814135
0.005155236
-0.00156153
0.00090236624
0.0029773691
0.0018737634
-0.0006048944
0.0021548553
-0.00034328992
0.0009218178
0.00030845273
-0.0036722957
0.0032537668
6.272592e-05
0.0041530323
-0.0016620582
0.0023491625
-0.001941097
0.0009891224
0.00062889524
0.00282309
-0.00018932746
0.0031344427
0.002833567
0.003208657
0.00015617069
-0.00092542614
-0.00083453715
0.0055502253
0.0036872837
-0.0019123529
0.006200457
0.0004903392
0.0029840635
0.004184647
0.0030411405
0.00066223426
0.0032179812
-0.0036588581
-0.0007648961
0.0020563893
-0.0018712102
0.00032942818
-0.0028169237
0.005288285
0.00044948832
-0.0016406719
0.0030133869
-0.00068405864
0.000114547394
0.0025524313
-0.0017611105
-0.00016556647
-0.0002926203
-0.004775273
0.00022652929
0.0022757892
-0.0039901226
-0.00014564373
-0.002992437
-0.00040400686
-0.0001598924
0.0064565637
0.0031483734
0.0002092358
0.0037742236
0.0015252717
-0.001269952
-0.00026594033
-0.002484451
0.0001585873
0.002250519
-0.001219789
0.00057857146
0.0020640746
0.0006637764
0.001019022
-0.0026390133
3.218171e-05
0.005366286
-0.0032471186
0.0011008304
0.00042790713
0.0007929937
-0.002840733
-0.0020195455
0.0015405322
-0.0025591282
-0.00024380386
-0.0016946023
-0.0019631076
-0.000982883
0.00051051466
-0.0023966774
4.9586542e-05
-0.0002656568
0.0011134058
0.0044563785
0.0020514298
0.0054588993
0.0004929784
-0.0006451792
0.0013970921
0.0034261309
0.0044233636
0.0012600933
-0.0016916449
-0.0037285006
-0.0011746326
-0.00357208
0.00051219756
-0.0021780233
-0.0037117223
-0.0032032086
0.0013257737
-0.005343778
0.0027730686
0.00042187067
-0.00081113976
0.0021115118
-0.005793314
0.0029532
0.0038191979
0.0005976431
-0.007127104
-1.731812e-05
9.116832e-05
-0.00017017321
0.003955948
-0.0029935448
-0.00026560863
-0.003848024
-0.00074402185
0.00489712
-0.0018511654
-0.0027318026
6.795654e-05
0.0035191614
0.00014671989
0.0015239265
0.0005905201
0.0040866747
0.0045199064
-0.0016345821
-0.0029057423
0.0013596016
0.0030579516
-0.0011242182
0.0013245989
-0.00065006124
0.0019431119
-0.0010657959
3.1574673e-05
-0.0011585002
0.0062655257
-0.0017050343
0.0005312678
-0.00333959
-0.004469829
-0.0004520685
-7.4081625e-05
0.0007890667
-0.00021660015
0.0003677254
0.005527549
0.0005746905
0.0076358914
-0.0014237027
0.0012295296
-0.0009226196
-0.00086810964
2.7540652e-06
-0.006255793
-0.002247555
-0.00050594955
0.0005166558
0.0031398807
-0.0011389958
-0.002422648
0.0028399085
0.0029063744
-0.0009463774
0.0066607893
0.0018214742
0.0020387059
0.0045788637
-0.003015624
-0.0013738932
0.002415945
0.0036928048
0.001771232
-0.003052757
0.0003473675
0.00079447497
-0.0031417704
-0.0017033404
-0.0032532262
-0.00022436546
0.0020819462
0.00085776515
0.0009204038
-0.0021371094
0.000100175705
-0.00066772924
0.00049076957
-0.0027660695
0.0015841122
-0.004268423
-0.00027384958
0.0005638289
0.0041270475
0.0042767613
test_mean_abs_value
1.0504563
1.2842538
0.9496719
0.9693448
0.87783706
1.1446128
1.0025063
0.98614705
1.0322983
1.3378178
1.0282168
1.0202049
1.1226382
1.0978483
0.9407762
0.9080819
0.98084265
0.909819
0.98446375
0.9745586
0.848715
0.89329135
0.9986243
1.1575843
1.1586303
1.0146625
0.91695315
1.115182
0.95518667
1.2422744
0.9581733
0.73647004
0.98067594
0.83048856
1.2289959
0.97068155
0.9339293
1.26576
0.91093236
1.0902085
0.9265905
1.0925503
0.880782
1.0940106
1.2618906
1.2668835
1.1851761
1.0774783
1.0929034
1.000708
0.9538442
1.3044536
1.1679726
0.9404381
0.9971634
1.1839606
0.9923078
0.937931
1.0109789
1.0063586
1.0947552
0.9241319
0.9213209
1.0707114
1.1766027
1.131844
0.806072
0.839784
0.9700663
1.0341355
1.2926184
1.0824672
1.1334499
0.87843764
1.0226758
1.0686873
0.8595373
0.8576387
1.1854098
0.98995906
1.024246
1.0338461
1.1490061
0.9184452
0.88169634
1.2339998
0.91289455
0.9975559
1.1466718
0.9372804
0.92772496
0.96719676
1.1362879
0.9246144
1.0407314
0.9020271
0.6876525
1.0776777
1.0177734
0.88467
1.0495471
0.97255385
0.93784124
1.0938816
0.8030678
0.9987264
1.2148677
0.95849776
1.1549171
1.0085675
1.2998496
1.1046683
1.1671772
1.1650636
1.0616555
1.0464336
0.85867256
1.3150142
0.8454571
1.2269278
0.6939527
1.1006842
0.9273434
1.1564535
1.0451468
1.0315602
1.0560193
0.8450226
1.2601149
1.0774572
0.9333902
0.8644171
0.93494457
0.80093414
0.86600715
0.8500737
1.0274996
0.8889017
1.2905761
0.89188147
1.0164357
1.0753819
1.1249669
0.84526575
1.0071269
1.194768
1.1936336
1.0898209
0.8305485
0.86689293
1.3183719
1.2057283
0.8648787
1.0543774
0.837795
1.0718952
1.3691634
1.2625982
1.091485
1.0822451
1.0147684
0.7544085
0.9466914
1.0258751
1.0267736
1.0088521
1.0516651
1.0947196
1.444792
0.9404317
1.0791901
0.866171
1.2662886
1.1666315
1.1292269
1.1218894
0.8847652
1.0757506
0.9886928
0.774485
0.9852882
1.0683069
1.0522925
1.0075263
0.84991723
1.1061558
1.0573387
1.131478
1.3821322
1.236389
0.981301
0.8050951
1.0850052
1.0041819
1.0078961
0.7389179
1.0078045
1.081411
1.1998813
0.79247016
0.8508375
1.0283427
1.023176
1.1567171
0.92416406
1.1072202
0.97679216
1.3482224
1.0773658
0.89048684
1.0682244
0.85235757
0.9667619
0.9035468
0.87992686
1.0521921
1.037746
0.77377087
1.0658134
1.1333191
1.1025723
0.8751427
1.103137
1.046444
1.3132796
0.9787738
1.0557281
1.0099468
0.9953575
1.0629877
0.9204638
0.8853937
1.1250285
1.2155566
0.7306037
1.0476913
1.1351852
0.79802525
0.91296005
1.0972012
1.0557506
1.0449806
1.2645506
1.3201842
1.1804562
1.0073977
1.1469569
0.88030493
0.8174739
1.0526367
0.9486567
1.0921324
0.98356146
0.9434627
0.9552365
1.507345
test_variance_value
1.7514457
2.629321
1.4309846
1.4806486
1.2314019
2.0886688
1.6154809
1.5543637
1.7714915
2.85712
1.6969284
1.6578114
2.0031486
1.9175951
1.425576
1.3311961
1.526257
1.3360851
1.5387325
1.5030193
1.2120395
1.2788113
1.6134515
2.1566067
2.209773
1.6593027
1.3505049
1.9763843
1.5301473
2.5143876
1.4909433
0.866477
1.6043506
1.1190437
2.5048075
1.5406601
1.3801425
2.5855503
1.3399485
1.8863844
1.3920989
1.9145225
1.2619741
1.8906127
2.6462612
2.5567148
2.2509298
1.8264694
1.8952059
1.5983571
1.4659843
2.7421534
2.1935613
1.4200028
1.6025822
2.2415774
1.6106994
1.4368707
1.6358596
1.6046
1.938272
1.348815
1.3517724
1.8045534
2.2118478
2.1138968
1.0370042
1.120835
1.4981239
1.7296376
2.7314768
1.8455517
2.069639
1.2238284
1.6581106
1.8168664
1.2178228
1.1969414
2.215163
1.6142778
1.6646587
1.6882669
2.0952516
1.3262478
1.2655774
2.4607322
1.3126171
1.56704
2.190747
1.4011661
1.410951
1.5720886
2.0264406
1.3671402
1.7509795
1.310622
0.74961406
1.8583372
1.7213877
1.2537799
1.8017359
1.5045968
1.3878279
1.9242594
1.0382276
1.6276784
2.4275498
1.4619689
2.1053514
1.6188807
2.7642305
1.9396167
2.1950698
2.1717541
1.7886611
1.7388827
1.1937864
2.7608054
1.1691328
2.3881948
0.77348053
1.9609325
1.3834758
2.1407418
1.8221176
1.678513
1.7788184
1.1487653
2.5843544
1.8506305
1.3909569
1.2005349
1.428925
1.0400738
1.1971377
1.1539334
1.6930752
1.2650315
2.6634686
1.2919126
1.7899771
1.8723149
2.023486
1.1547116
1.5997746
2.286872
2.2877138
1.9061258
1.1084775
1.2032878
2.8267844
2.3728724
1.2075906
1.8125694
1.1317935
1.8052675
3.070182
2.5549517
1.8823687
1.8674098
1.6595497
0.90890807
1.4206805
1.7126125
1.6719896
1.6870078
1.7847432
1.8977988
3.3718276
1.4037535
1.8605788
1.1835407
2.573498
2.245318
2.014331
1.9963781
1.2343577
1.8776884
1.5496188
0.9547175
1.5580207
1.8480296
1.764169
1.6286057
1.1551948
1.9512604
1.844574
2.0648694
3.1241922
2.4828322
1.5585165
1.0614562
1.9244025
1.5959826
1.6441306
0.8805579
1.61392
1.9111797
2.3233783
1.0086154
1.1785659
1.6817658
1.6493936
2.1911933
1.3751755
1.9493647
1.5166209
2.9061604
1.8799781
1.2798067
1.8512015
1.1674123
1.5312316
1.3157358
1.2488135
1.7636274
1.7297459
0.96490586
1.8480902
2.124278
1.9810979
1.2246089
1.9589864
1.8853455
2.7656422
1.5499102
1.78842
1.7162765
1.6283339
1.8338805
1.4084783
1.2748044
2.045783
2.386894
0.86473954
1.7940882
2.0505536
1.0336033
1.3471391
1.9025569
1.7929387
1.7197425
2.5960922
2.85455
2.2228596
1.6360396
2.0897474
1.2921116
1.0977358
1.7583762
1.4331497
1.9275705
1.5488513
1.4319673
1.4533923
3.706328
test_mean_costs
0.0
0.0
0.0
0.0
0.0
0.0
0.0
0.0
0.0
0.0
0.0
0.0
0.0
0.0
0.0
0.0
0.0
0.0
0.0
0.0
0.0
0.0
0.0
0.0
0.0
0.0
0.0
0.0
0.0
0.0
0.0
0.0
0.0
0.0
0.0
0.0
0.0
0.0
0.0
0.0
0.0
0.0
0.0
0.0
0.0
0.0
0.0
0.0
0.0
0.0
0.0
0.0
0.0
0.0
0.0
0.0
0.0
0.0
0.0
0.0
0.0
0.0
0.0
0.0
0.0
0.0
0.0
0.0
0.0
0.0
0.0
0.0
0.0
0.0
0.0
0.0
0.0
0.0
0.0
0.0
0.0
0.0
0.0
0.0
0.0
0.0
0.0
0.0
0.0
0.0
0.0
0.0
0.0
0.0
0.0
0.0
0.0
0.0
0.0
0.0
0.0
0.0
0.0
0.0
0.0
0.0
0.0
0.0
0.0
0.0
0.0
0.0
0.0
0.0
0.0
0.0
0.0
0.0
0.0
0.0
0.0
0.0
0.0
0.0
0.0
0.0
0.0
0.0
0.0
0.0
0.0
0.0
0.0
0.0
0.0
0.0
0.0
0.0
0.0
0.0
0.0
0.0
0.0
0.0
0.0
0.0
0.0
0.0
0.0
0.0
0.0
0.0
0.0
0.0
0.0
0.0
0.0
0.0
0.0
0.0
0.0
0.0
0.0
0.0
0.0
0.0
0.0
0.0
0.0
0.0
0.0
0.0
0.0
0.0
0.0
0.0
0.0
0.0
0.0
0.0
0.0
0.0
0.0
0.0
0.0
0.0
0.0
0.0
0.0
0.0
0.0
0.0
0.0
0.0
0.0
0.0
0.0
0.0
0.0
0.0
0.0
0.0
0.0
0.0
0.0
0.0
0.0
0.0
0.0
0.0
0.0
0.0
0.0
0.0
0.0
0.0
0.0
0.0
0.0
0.0
0.0
0.0
0.0
0.0
0.0
0.0
0.0
0.0
0.0
0.0
0.0
0.0
0.0
0.0
0.0
0.0
0.0
0.0
0.0
0.0
0.0
0.0
0.0
0.0
0.0
0.0
0.0
0.0
0.0
0.0
0.0
0.0
0.0
0.0
0.0
0.0
test_mean_abs_costs
0.0
0.0
0.0
0.0
0.0
0.0
0.0
0.0
0.0
0.0
0.0
0.0
0.0
0.0
0.0
0.0
0.0
0.0
0.0
0.0
0.0
0.0
0.0
0.0
0.0
0.0
0.0
0.0
0.0
0.0
0.0
0.0
0.0
0.0
0.0
0.0
0.0
0.0
0.0
0.0
0.0
0.0
0.0
0.0
0.0
0.0
0.0
0.0
0.0
0.0
0.0
0.0
0.0
0.0
0.0
0.0
0.0
0.0
0.0
0.0
0.0
0.0
0.0
0.0
0.0
0.0
0.0
0.0
0.0
0.0
0.0
0.0
0.0
0.0
0.0
0.0
0.0
0.0
0.0
0.0
0.0
0.0
0.0
0.0
0.0
0.0
0.0
0.0
0.0
0.0
0.0
0.0
0.0
0.0
0.0
0.0
0.0
0.0
0.0
0.0
0.0
0.0
0.0
0.0
0.0
0.0
0.0
0.0
0.0
0.0
0.0
0.0
0.0
0.0
0.0
0.0
0.0
0.0
0.0
0.0
0.0
0.0
0.0
0.0
0.0
0.0
0.0
0.0
0.0
0.0
0.0
0.0
0.0
0.0
0.0
0.0
0.0
0.0
0.0
0.0
0.0
0.0
0.0
0.0
0.0
0.0
0.0
0.0
0.0
0.0
0.0
0.0
0.0
0.0
0.0
0.0
0.0
0.0
0.0
0.0
0.0
0.0
0.0
0.0
0.0
0.0
0.0
0.0
0.0
0.0
0.0
0.0
0.0
0.0
0.0
0.0
0.0
0.0
0.0
0.0
0.0
0.0
0.0
0.0
0.0
0.0
0.0
0.0
0.0
0.0
0.0
0.0
0.0
0.0
0.0
0.0
0.0
0.0
0.0
0.0
0.0
0.0
0.0
0.0
0.0
0.0
0.0
0.0
0.0
0.0
0.0
0.0
0.0
0.0
0.0
0.0
0.0
0.0
0.0
0.0
0.0
0.0
0.0
0.0
0.0
0.0
0.0
0.0
0.0
0.0
0.0
0.0
0.0
0.0
0.0
0.0
0.0
0.0
0.0
0.0
0.0
0.0
0.0
0.0
0.0
0.0
0.0
0.0
0.0
0.0
0.0
0.0
0.0
0.0
0.0
0.0
test_variance_costs
0.0
0.0
0.0
0.0
0.0
0.0
0.0
0.0
0.0
0.0
0.0
0.0
0.0
0.0
0.0
0.0
0.0
0.0
0.0
0.0
0.0
0.0
0.0
0.0
0.0
0.0
0.0
0.0
0.0
0.0
0.0
0.0
0.0
0.0
0.0
0.0
0.0
0.0
0.0
0.0
0.0
0.0
0.0
0.0
0.0
0.0
0.0
0.0
0.0
0.0
0.0
0.0
0.0
0.0
0.0
0.0
0.0
0.0
0.0
0.0
0.0
0.0
0.0
0.0
0.0
0.0
0.0
0.0
0.0
0.0
0.0
0.0
0.0
0.0
0.0
0.0
0.0
0.0
0.0
0.0
0.0
0.0
0.0
0.0
0.0
0.0
0.0
0.0
0.0
0.0
0.0
0.0
0.0
0.0
0.0
0.0
0.0
0.0
0.0
0.0
0.0
0.0
0.0
0.0
0.0
0.0
0.0
0.0
0.0
0.0
0.0
0.0
0.0
0.0
0.0
0.0
0.0
0.0
0.0
0.0
0.0
0.0
0.0
0.0
0.0
0.0
0.0
0.0
0.0
0.0
0.0
0.0
0.0
0.0
0.0
0.0
0.0
0.0
0.0
0.0
0.0
0.0
0.0
0.0
0.0
0.0
0.0
0.0
0.0
0.0
0.0
0.0
0.0
0.0
0.0
0.0
0.0
0.0
0.0
0.0
0.0
0.0
0.0
0.0
0.0
0.0
0.0
0.0
0.0
0.0
0.0
0.0
0.0
0.0
0.0
0.0
0.0
0.0
0.0
0.0
0.0
0.0
0.0
0.0
0.0
0.0
0.0
0.0
0.0
0.0
0.0
0.0
0.0
0.0
0.0
0.0
0.0
0.0
0.0
0.0
0.0
0.0
0.0
0.0
0.0
0.0
0.0
0.0
0.0
0.0
0.0
0.0
0.0
0.0
0.0
0.0
0.0
0.0
0.0
0.0
0.0
0.0
0.0
0.0
0.0
0.0
0.0
0.0
0.0
0.0
0.0
0.0
0.0
0.0
0.0
0.0
0.0
0.0
0.0
0.0
0.0
0.0
0.0
0.0
0.0
0.0
0.0
0.0
0.0
0.0
0.0
0.0
0.0
0.0
0.0
0.0
test_mean_wealth
-2.4620214
-2.4633322
-2.456136
-2.373516
-2.2944438
-2.534066
-2.3385022
-2.4184306
-2.3459146
-2.4503396
-2.369511
-2.3509471
-2.26486
-2.5471268
-2.4781816
-2.4260914
-2.4244697
-2.3436873
-2.3584948
-2.4681132
-2.2677734
-2.5108187
-2.428104
-2.5171824
-2.4275892
-2.3294225
-2.61094
-2.448544
-2.5618713
-2.5786192
-2.3337643
-2.4238944
-2.4472253
-2.3882382
-2.4982607
-2.4052124
-2.2960896
-2.4019978
-2.422767
-2.3409631
-2.4266775
-2.3463128
-2.277772
-2.5756118
-2.4399178
-2.4890225
-2.3178222
-2.4848807
-2.4342527
-2.4196982
-2.3574018
-2.5005317
-2.5297954
-2.425125
-2.3420043
-2.330095
-2.4979868
-2.4924047
-2.4564
-2.3418484
-2.3646123
-2.479881
-2.3521097
-2.383316
-2.5540907
-2.3950672
-2.3486512
-2.3581765
-2.466232
-2.409348
-2.3558147
-2.343703
-2.3637013
-2.316787
-2.344589
-2.4449084
-2.4049003
-2.434033
-2.4085536
-2.422801
-2.380824
-2.3549802
-2.3737607
-2.2081885
-2.4577377
-2.3010228
-2.484573
-2.4333663
-2.3724992
-2.2735693
-2.3385942
-2.5150056
-2.3808222
-2.526819
-2.4258733
-2.29084
-2.2267046
-2.3335142
-2.6322193
-2.47905
-2.41713
-2.4472952
-2.3735588
-2.3550858
-2.2922525
-2.4932206
-2.4636285
-2.1924312
-2.410133
-2.460222
-2.3710682
-2.3781142
-2.6154819
-2.4518113
-2.5634646
-2.3081505
-2.180483
-2.3674164
-2.3574758
-2.467252
-2.2882512
-2.436804
-2.1322129
-2.4328187
-2.423082
-2.1838768
-2.4146373
-2.3022275
-2.5300195
-2.3123071
-2.5526047
-2.4681427
-2.5172727
-2.4133363
-2.476735
-2.481832
-2.455837
-2.4158814
-2.46373
-2.3287072
-2.5242963
-2.2812085
-2.3883045
-2.336941
-2.2938147
-2.4093165
-2.4016283
-2.436641
-2.4810584
-2.5844872
-2.4156373
-2.3925264
-2.5472229
-2.440331
-2.4416635
-2.4794283
-2.4275084
-2.4194095
-2.3712199
-2.4775522
-2.4443872
-2.4083838
-2.4514573
-2.3708599
-2.3832
-2.5867913
-2.3478856
-2.3157394
-2.4870353
-2.3603652
-2.4763534
-2.4441326
-2.4436846
-2.6321537
-2.5857177
-2.4863024
-2.4708972
-2.370125
-2.4621844
-2.3063548
-2.445509
-2.5302644
-2.4355454
-2.3251317
-2.3605468
-2.5037844
-2.377244
-2.3081596
-2.3717113
-2.4790955
-2.3115354
-2.364492
-2.348434
-2.2539144
-2.1728256
-2.24663
-2.4505336
-2.3946521
-2.5287945
-2.3010747
-2.3681047
-2.2964957
-2.45557
-2.4319818
-2.4918344
-2.5590956
-2.3472233
-2.5141222
-2.4684043
-2.4021184
-2.43693
-2.2983656
-2.4861987
-2.5101135
-2.378398
-2.4822268
-2.4810493
-2.3034983
-2.540571
-2.4092813
-2.4909866
-2.4114492
-2.3603961
-2.5282288
-2.6392195
-2.4591777
-2.389666
-2.4379385
-2.480567
-2.2931635
-2.2431526
-2.3239732
-2.3839848
-2.4407709
-2.3969681
-2.398459
-2.5226903
-2.3454165
-2.3677711
-2.2856874
-2.3331242
-2.4811673
-2.3999212
-2.4563634
-2.4849339
-2.3855038
-2.4202147
-2.3978705
-2.383003
-2.380278
-2.3897314
-2.3143508
-2.2642903
-2.4533684
-2.5547438
-2.598057
test_mean_abs_wealth
2.4620214
2.4633322
2.456136
2.373516
2.2944438
2.534066
2.3385022
2.4184306
2.3459146
2.4503396
2.369511
2.3509471
2.26486
2.5471268
2.4781816
2.4260914
2.4244697
2.3436873
2.3584948
2.4681132
2.2677734
2.5108187
2.428104
2.5171824
2.4275892
2.3294225
2.61094
2.448544
2.5618713
2.5786192
2.3337643
2.4238944
2.4472253
2.3882382
2.4982607
2.4052124
2.2960896
2.4019978
2.422767
2.3409631
2.4266775
2.3463128
2.277772
2.5756118
2.4399178
2.4890225
2.3178222
2.4848807
2.4342527
2.4196982
2.3574018
2.5005317
2.5297954
2.425125
2.3420043
2.330095
2.4979868
2.4924047
2.4564
2.3418484
2.3646123
2.479881
2.3521097
2.383316
2.5540907
2.3950672
2.3486512
2.3581765
2.466232
2.409348
2.3558147
2.343703
2.3637013
2.316787
2.344589
2.4449084
2.4049003
2.434033
2.4085536
2.422801
2.380824
2.3549802
2.3737607
2.2081885
2.4577377
2.3010228
2.484573
2.4333663
2.3724992
2.2735693
2.3385942
2.5150056
2.3808222
2.526819
2.4258733
2.29084
2.2267046
2.3335142
2.6322193
2.47905
2.41713
2.4472952
2.3735588
2.3550858
2.2922525
2.4932206
2.4636285
2.1924312
2.410133
2.460222
2.3710682
2.3781142
2.6154819
2.4518113
2.5634646
2.3081505
2.180483
2.3674164
2.3574758
2.467252
2.2882512
2.436804
2.1322129
2.4328187
2.423082
2.1838768
2.4146373
2.3022275
2.5300195
2.3123071
2.5526047
2.4681427
2.5172727
2.4133363
2.476735
2.481832
2.455837
2.4158814
2.46373
2.3287072
2.5242963
2.2812085
2.3883045
2.336941
2.2938147
2.4093165
2.4016283
2.436641
2.4810584
2.5844872
2.4156373
2.3925264
2.5472229
2.440331
2.4416635
2.4794283
2.4275084
2.4194095
2.3712199
2.4775522
2.4443872
2.4083838
2.4514573
2.3708599
2.3832
2.5867913
2.3478856
2.3157394
2.4870353
2.3603652
2.4763534
2.4441326
2.4436846
2.6321537
2.5857177
2.4863024
2.4708972
2.370125
2.4621844
2.3063548
2.445509
2.5302644
2.4355454
2.3251317
2.3605468
2.5037844
2.377244
2.3081596
2.3717113
2.4790955
2.3115354
2.364492
2.348434
2.2539144
2.1728256
2.24663
2.4505336
2.3946521
2.5287945
2.3010747
2.3681047
2.2964957
2.45557
2.4319818
2.4918344
2.5590956
2.3472233
2.5141222
2.4684043
2.4021184
2.43693
2.2983656
2.4861987
2.5101135
2.378398
2.4822268
2.4810493
2.3034983
2.540571
2.4092813
2.4909866
2.4114492
2.3603961
2.5282288
2.6392195
2.4591777
2.389666
2.4379385
2.480567
2.2931635
2.2431526
2.3239732
2.3839848
2.4407709
2.3969681
2.398459
2.5226903
2.3454165
2.3677711
2.2856874
2.3331242
2.4811673
2.3999212
2.4563634
2.4849339
2.3855038
2.4202147
2.3978705
2.383003
2.380278
2.3897314
2.3143508
2.2642903
2.4533684
2.5547438
2.598057
test_variance_wealth
0.052019373
0.049573295
0.050537694
0.05062617
0.05034536
0.049907323
0.046421092
0.05072748
0.05307697
0.05478555
0.043209396
0.047295365
0.048374515
0.054560293
0.06240776
0.050590444
0.05809666
0.05431512
0.05529655
0.05239662
0.056033373
0.05405283
0.053845774
0.05359849
0.060015004
0.056187607
0.063105345
0.061403207
0.06532826
0.054738667
0.047132384
0.05271645
0.059062216
0.051236287
0.059634615
0.06245867
0.051871017
0.054335896
0.0470643
0.04267848
0.050661426
0.051361743
0.04643893
0.062154483
0.07705465
0.057064407
0.045589674
0.05879234
0.052652374
0.054303564
0.04953978
0.052290164
0.053063057
0.059351306
0.04671887
0.049144384
0.055896305
0.05846035
0.05499248
0.04544613
0.04603297
0.058510806
0.045908578
0.05113413
0.052689206
0.053265516
0.0465501
0.050693385
0.060951766
0.05335171
0.050617345
0.047249045
0.049975213
0.05517195
0.05116543
0.05005048
0.06477899
0.06271705
0.045621805
0.04814396
0.052547287
0.047748797
0.047273166
0.044011906
0.048250597
0.049014073
0.053135503
0.048369452
0.058111645
0.04333292
0.047018085
0.06388086
0.049211897
0.054678716
0.05344496
0.044103414
0.04131681
0.050056837
0.06849551
0.049165115
0.04664704
0.052867386
0.06097154
0.046179686
0.049587373
0.060433824
0.05894576
0.038149115
0.04983224
0.04784658
0.05033125
0.050569497
0.06063299
0.064999275
0.05692508
0.04505301
0.04946721
0.04776873
0.049618065
0.057680864
0.044475224
0.063794635
0.03818987
0.048689533
0.06622959
0.048973296
0.057018895
0.053009905
0.055884555
0.042565096
0.059760217
0.0493066
0.062404335
0.050746255
0.058181003
0.050682954
0.05416358
0.04623532
0.04839787
0.046882357
0.06558769
0.04598823
0.05113135
0.06083784
0.045053467
0.0555235
0.048924312
0.06029531
0.05140287
0.052537326
0.061167177
0.05451549
0.060631607
0.053014733
0.052546374
0.050387524
0.05261504
0.052617826
0.049272574
0.058937117
0.048292212
0.0519096
0.050294258
0.0464353
0.048799798
0.061701767
0.051563933
0.049135875
0.05470234
0.05029817
0.04740308
0.049878977
0.044941667
0.06377548
0.056270935
0.05342391
0.05839132
0.048023306
0.054752048
0.047047846
0.053087287
0.06686074
0.050671708
0.050161846
0.048008263
0.051017288
0.055787962
0.04491131
0.05360219
0.054232124
0.051806584
0.04888111
0.052604504
0.044744562
0.04281934
0.039064605
0.049341604
0.048558827
0.062320787
0.043990195
0.0525312
0.04338546
0.04829083
0.051074363
0.04826184
0.059275683
0.04709541
0.054704215
0.05464013
0.05952963
0.05320192
0.04213809
0.05728637
0.055068634
0.047961153
0.058152877
0.060472485
0.044029333
0.057060108
0.05730727
0.05737137
0.054104976
0.047325637
0.07135508
0.06370583
0.049823165
0.05171116
0.06488115
0.061211076
0.050551407
0.050947193
0.049568728
0.05683867
0.056990046
0.05060014
0.054555718
0.05242199
0.048193064
0.055879775
0.041428987
0.05043965
0.054722954
0.05239523
0.05766791
0.050410252
0.054292385
0.049586702
0.051447023
0.057221435
0.056895256
0.0447405
0.04347189
0.041998874
0.053044397
0.05379545
0.060078166
test_wealth_with_price_abs_mean
0.18034086
0.17580414
0.17760426
0.17757997
0.17695373
0.17677557
0.17010967
0.17782147
0.18185474
0.18481816
0.16425817
0.17180374
0.17350307
0.18432122
0.19688125
0.17785877
0.19011246
0.18407907
0.18538062
0.18058985
0.1861237
0.18361011
0.183235
0.18283078
0.19306499
0.18700592
0.19808093
0.19526733
0.20151897
0.18477172
0.17131655
0.18118474
0.19147962
0.17859651
0.19259857
0.19678733
0.17971031
0.18387938
0.1713274
0.16333024
0.17803048
0.1790003
0.17001967
0.19681008
0.217928
0.18846636
0.16868979
0.19128951
0.1810248
0.18407857
0.17571567
0.18048601
0.1821325
0.1918172
0.1707583
0.1748995
0.18699652
0.19084832
0.18513663
0.1684151
0.16972266
0.19069551
0.16920826
0.17844449
0.18161197
0.18199061
0.17061713
0.17787693
0.19481847
0.18240623
0.17743607
0.17170458
0.1765051
0.18506472
0.1782975
0.17673431
0.20054361
0.19718045
0.16880311
0.17340593
0.1808385
0.17271046
0.17165074
0.1655571
0.1738081
0.17468639
0.1821756
0.1738411
0.18998684
0.16457044
0.17129423
0.19912645
0.17522648
0.18491055
0.18235539
0.16598867
0.16047806
0.17655016
0.20611793
0.17504668
0.1707373
0.18158306
0.19456445
0.16969153
0.1755299
0.19387841
0.19161901
0.15443027
0.1764723
0.1730233
0.17714843
0.17738123
0.19438446
0.20080107
0.1884349
0.1676063
0.17512085
0.17261502
0.17573258
0.18940109
0.16638353
0.1988266
0.15449917
0.1742849
0.2023659
0.17442626
0.1883849
0.18142529
0.18661648
0.1630319
0.1927714
0.17559503
0.1970962
0.17787087
0.19018306
0.17785865
0.18365413
0.1699363
0.17393665
0.17089875
0.20154956
0.1694387
0.17846543
0.19436872
0.16761929
0.18593225
0.17466387
0.19359227
0.17911331
0.18126446
0.19492032
0.18451832
0.194284
0.1817371
0.18106216
0.17718567
0.18096726
0.18114765
0.1753908
0.19153994
0.17388122
0.17982328
0.17713948
0.17021237
0.1744257
0.19589412
0.17909397
0.17502889
0.18451624
0.17710735
0.17216405
0.17627256
0.16761081
0.19929528
0.18749017
0.18245922
0.1907236
0.1730556
0.18461487
0.17103703
0.1817271
0.20381035
0.17784531
0.17651813
0.1731393
0.17845197
0.18638368
0.16768251
0.1826028
0.18393493
0.17940623
0.17435542
0.18087599
0.16693899
0.16337596
0.15629162
0.17551237
0.17402744
0.19705927
0.16576901
0.18073657
0.16473317
0.17370246
0.17849973
0.17372483
0.19218414
0.17137574
0.1847331
0.18448389
0.19228435
0.1820389
0.16228388
0.18885578
0.1852179
0.17294392
0.19027495
0.1940802
0.16575594
0.18858163
0.18882063
0.18912987
0.18344465
0.17179555
0.21029063
0.19947338
0.17651917
0.17943935
0.20039801
0.19517927
0.17720816
0.17783312
0.1757156
0.18804601
0.1882855
0.17767893
0.18434837
0.18080334
0.17307353
0.18629628
0.16105686
0.17729601
0.18470956
0.18081369
0.18931034
0.17751817
0.18385689
0.17596732
0.17908601
0.18845825
0.18820898
0.16728863
0.16472128
0.16202323
0.1817286
0.18314497
0.19333063
test_wealth_with_price_variance
0.052019373
0.049573295
0.050537694
0.05062617
0.05034536
0.049907323
0.046421092
0.05072748
0.05307697
0.05478555
0.043209396
0.047295365
0.048374515
0.054560293
0.06240776
0.050590444
0.05809666
0.05431512
0.05529655
0.05239662
0.056033373
0.05405283
0.053845774
0.05359849
0.060015004
0.056187607
0.063105345
0.061403207
0.06532826
0.054738667
0.047132384
0.05271645
0.059062216
0.051236287
0.059634615
0.06245867
0.051871017
0.054335896
0.0470643
0.04267848
0.050661426
0.051361743
0.04643893
0.062154483
0.07705465
0.057064407
0.045589674
0.05879234
0.052652374
0.054303564
0.04953978
0.052290164
0.053063057
0.059351306
0.04671887
0.049144384
0.055896305
0.05846035
0.05499248
0.04544613
0.04603297
0.058510806
0.045908578
0.05113413
0.052689206
0.053265516
0.0465501
0.050693385
0.060951766
0.05335171
0.050617345
0.047249045
0.049975213
0.05517195
0.05116543
0.05005048
0.06477899
0.06271705
0.045621805
0.04814396
0.052547287
0.047748797
0.047273166
0.044011906
0.048250597
0.049014073
0.053135503
0.048369452
0.058111645
0.04333292
0.047018085
0.06388086
0.049211897
0.054678716
0.05344496
0.044103414
0.04131681
0.050056837
0.06849551
0.049165115
0.04664704
0.052867386
0.06097154
0.046179686
0.049587373
0.060433824
0.05894576
0.038149115
0.04983224
0.04784658
0.05033125
0.050569497
0.06063299
0.064999275
0.05692508
0.04505301
0.04946721
0.04776873
0.049618065
0.057680864
0.044475224
0.063794635
0.03818987
0.048689533
0.06622959
0.048973296
0.057018895
0.053009905
0.055884555
0.042565096
0.059760217
0.0493066
0.062404335
0.050746255
0.058181003
0.050682954
0.05416358
0.04623532
0.04839787
0.046882357
0.06558769
0.04598823
0.05113135
0.06083784
0.045053467
0.0555235
0.048924312
0.06029531
0.05140287
0.052537326
0.061167177
0.05451549
0.060631607
0.053014733
0.052546374
0.050387524
0.05261504
0.052617826
0.049272574
0.058937117
0.048292212
0.0519096
0.050294258
0.0464353
0.048799798
0.061701767
0.051563933
0.049135875
0.05470234
0.05029817
0.04740308
0.049878977
0.044941667
0.06377548
0.056270935
0.05342391
0.05839132
0.048023306
0.054752048
0.047047846
0.053087287
0.06686074
0.050671708
0.050161846
0.048008263
0.051017288
0.055787962
0.04491131
0.05360219
0.054232124
0.051806584
0.04888111
0.052604504
0.044744562
0.04281934
0.039064605
0.049341604
0.048558827
0.062320787
0.043990195
0.0525312
0.04338546
0.04829083
0.051074363
0.04826184
0.059275683
0.04709541
0.054704215
0.05464013
0.05952963
0.05320192
0.04213809
0.05728637
0.055068634
0.047961153
0.058152877
0.060472485
0.044029333
0.057060108
0.05730727
0.05737137
0.054104976
0.047325637
0.07135508
0.06370583
0.049823165
0.05171116
0.06488115
0.061211076
0.050551407
0.050947193
0.049568728
0.05683867
0.056990046
0.05060014
0.054555718
0.05242199
0.048193064
0.055879775
0.041428987
0.05043965
0.054722954
0.05239523
0.05766791
0.050410252
0.054292385
0.049586702
0.051447023
0.057221435
0.056895256
0.0447405
0.04347189
0.041998874
0.053044397
0.05379545
0.060078166
price
2.4611459
2.462265
2.4550226
2.3729692
2.2935643
2.534186
2.3382053
2.4177778
2.345642
2.450549
2.369364
2.3513591
2.2641597
2.5471196
2.478016
2.425829
2.42415
2.343565
2.357918
2.4675322
2.267559
2.5112603
2.4265432
2.516802
2.4270775
2.3288841
2.6104062
2.4469059
2.561473
2.5770822
2.3343978
2.4234335
2.4468331
2.3871858
2.4979901
2.4049044
2.2960029
2.4016366
2.4217653
2.3405733
2.426695
2.3470025
2.2768564
2.5746372
2.4404404
2.4883642
2.3177214
2.4844427
2.43365
2.41949
2.3562112
2.49993
2.5287771
2.424501
2.3420763
2.3291178
2.4974782
2.492287
2.455756
2.3408725
2.3647618
2.4801755
2.351812
2.383143
2.5535517
2.3945158
2.3482049
2.3577409
2.4663973
2.4082868
2.3549824
2.3437638
2.363218
2.317484
2.3446174
2.444438
2.404998
2.4335515
2.408179
2.4224498
2.3800628
2.3545194
2.3739903
2.2081935
2.4578574
2.3008034
2.4850862
2.433449
2.3721197
2.2729585
2.338858
2.5151532
2.3800113
2.5267322
2.425955
2.2901397
2.2259092
2.3338249
2.6317663
2.479068
2.4166985
2.4470408
2.3734345
2.3537624
2.2927473
2.493322
2.463621
2.191722
2.4105496
2.4594479
2.3702896
2.3770518
2.6144352
2.4518678
2.5628762
2.3077238
2.1796606
2.3671217
2.3570356
2.4675293
2.2875996
2.4363458
2.1312263
2.4327378
2.4227808
2.1843288
2.4143822
2.3024013
2.5299504
2.311891
2.5523603
2.4681792
2.5174625
2.4129891
2.4763994
2.4816191
2.456083
2.4162066
2.463206
2.3279939
2.524552
2.2808454
2.3879263
2.3367646
2.2934976
2.4086616
2.401234
2.4359665
2.4798975
2.5841594
2.4149027
2.3920362
2.5466518
2.440258
2.4408648
2.4786594
2.4268854
2.4193392
2.3710625
2.4772809
2.4446301
2.4084985
2.4508965
2.3705199
2.3827631
2.5868402
2.348383
2.315418
2.4866385
2.3604577
2.4756517
2.443615
2.442687
2.6318374
2.5851665
2.4856744
2.4700387
2.370242
2.4614086
2.3057103
2.445314
2.5302405
2.435383
2.325031
2.3603325
2.5038738
2.37678
2.307915
2.3721547
2.4784656
2.3107579
2.3638375
2.3477678
2.2541227
2.1721363
2.2457037
2.4506476
2.3942616
2.5283842
2.300598
2.3681946
2.2962775
2.4554262
2.4317758
2.491166
2.5583925
2.346973
2.5130045
2.4680078
2.401755
2.4361465
2.2978928
2.4862485
2.5094824
2.378462
2.4816833
2.4803956
2.3029673
2.5408819
2.4086971
2.4913888
2.4117694
2.360116
2.526792
2.6385963
2.4598904
2.3896132
2.4373658
2.4800377
2.2930317
2.2437973
2.3245368
2.3826292
2.4400184
2.396722
2.3969035
2.5222619
2.3456821
2.3671527
2.2856297
2.3322628
2.4807801
2.39961
2.4561553
2.4844534
2.384938
2.4198658
2.3973694
2.3825154
2.3805425
2.3886907
2.3139532
2.2641463
2.4534004
2.555074
2.5982833
train_time
0.39317389999999985
0.3235659999999996
0.3302794000000002
0.4329585999999992
0.4457673
0.3388032999999986
0.33739579999999947
0.3387919000000039
0.3423665999999983
0.3170683000000025
0.31870059999999967
0.46157180000000153
0.3449603000000039
0.3347476999999941
0.344768099999996
0.32400289999999643
0.31492529999999874
0.367936499999999
0.32200389999999857
0.4859919000000019
0.32735999999999876
0.3442459999999983
0.32324800000000664
0.3492521999999951
0.3571555000000046
0.33778139999999723
0.3352447999999981
0.5148281999999966
0.33618240000001265
0.32497430000000804
0.32859200000001465
0.33887909999998556
0.3266369000000111
0.3553720000000169
0.31574919999999906
0.37179080000001363
0.3437837999999829
0.34579789999997956
0.5935316000000057
0.345441400000027
0.3510165000000143
0.3513278000000071
0.3723025999999834
0.41377739999998653
0.40159700000000953
0.329248199999995
0.4470773999999835
0.4682358000000022
0.6019599999999912
0.32905410000000757
0.3290874000000201
0.33810199999999213
0.3321672000000149
0.34204250000001934
0.3529436999999973
0.34823060000002215
0.4255865000000085
0.31238459999997303
0.3278890000000274
0.31389480000001413
0.33764080000003105
0.33029959999998937
0.3167617000000291
0.3144429000000173
0.6899548999999752
0.3207729000000086
0.33667389999999386
0.34451459999996814
0.3399981000000025
0.3410377000000153
0.3217041000000336
0.33537979999999834
0.3256037000000447
0.32324710000000323
0.33383529999997563
0.3095880000000193
0.33929620000003524
0.33723589999999604
0.329061299999978
0.33481660000001057
0.7953046999999742
0.33334810000002335
0.33284009999999853
0.32922330000002376
0.3279516999999714
0.3220839999999612
0.32790710000000445
0.3292958999999769
0.31803619999999455
0.3183333999999718
0.3330693999999994
0.3193210000000022
0.33357050000000754
0.35375289999996085
0.338910100000021
0.31998029999999744
0.3138983000000053
0.33491710000004105
0.3237593000000061
0.3183654999999703
0.3172014000000445
0.33670209999996814
0.32294749999999794
0.31309459999999945
0.3458949999999845
0.30845200000004525
0.314158099999986
0.3390269999999873
0.32946560000004865
0.3350236999999652
0.44797970000001897
0.436644699999988
0.31420429999991484
0.32237610000004224
0.3251169000000118
0.36349200000006476
0.3247389000000567
0.32651770000006763
0.3134576999999581
0.32263540000008106
0.327122999999915
0.3462044999999989
1.0340929000000187
0.3440682000000379
0.3249930999999151
0.30627910000009706
0.3274173999999448
0.3368325000000141
0.372786900000051
0.331107999999972
0.330720499999984
0.33262070000000676
0.3146813999999267
0.32743570000002364
0.3415220000000545
0.34044920000008005
0.3204895999999735
0.3126895999999988
0.33589549999999235
0.3317717999999559
0.33161060000009
0.31088660000000345
0.3171181999999817
0.3360252999999602
0.30292900000006284
0.31673030000001745
0.3220388999999386
0.32867769999995744
0.31626589999996213
1.1960708000000295
0.3285882999999785
0.3330511999999999
0.3286061000000018
0.3172531999999819
0.3420725000000857
0.31577089999996133
0.3546794000000091
0.30410669999992024
0.31486869999991995
0.3213289000000259
0.34849369999994906
0.3134211999999934
0.32470309999996516
0.3135442000000239
0.31501620000005914
0.3109504999999899
0.33070839999993495
0.3118021000000226
0.334111699999994
0.3194784999999456
0.3181458000000248
0.32915089999994507
0.303531899999939
0.31556990000001406
0.32500359999994544
0.3141263999999637
0.3104176000000507
0.3290201000000934
0.4118210999999974
0.44216549999998733
1.3361752999999226
0.3162902999999915
0.3391368000000057
0.3321293000000196
0.31177920000004633
0.31108069999993404
0.307394699999918
0.31924370000001545
0.3255467999999837
0.3037383000000773
0.3104845999999952
0.320410200000083
0.3359978000000865
0.3215433999999959
0.31022459999996954
0.3449351999998953
0.3176975000000084
0.3303703000000269
0.30559440000001814
0.32236919999991187
0.3193486999999777
0.33838840000009895
0.32373070000005555
0.3276918999999907
0.2935346000000436
0.3275095000000192
0.3391025000000809
0.3093202999999676
0.3445155999999088
0.31712310000000343
0.33288419999996677
0.34087079999994785
0.3124568000000636
0.34517510000000584
0.34542799999996987
0.3471157999999832
1.5422373000000107
0.4355984000000035
0.3375056999999515
0.34861050000006344
0.35600109999995766
0.3751906999999619
0.3361542999999756
0.3291102000000592
0.323206300000038
0.3819490999999289
0.3807741000000533
0.37153550000016367
0.3484834000000774
0.34120740000003025
0.5467742000000726
0.3744615000000522
0.3479629000000841
0.3454079000000547
0.34529829999996764
0.3865848999998889
0.38855850000004466
0.34022559999993973
0.35180609999997614
0.3781749000002037
0.3703132000000551
0.34444329999996626
0.36118280000005143
0.5281551000000491
0.679308600000013
0.3571716999999808
0.37530930000002627
0.46810179999988577
0.37212129999988974
0.3662032999998246
0.43163360000016837
0.41964469999993526
0.35258010000006834
0.33374989999992977
0.36394510000013724
0.31515699999999924


