================================================================================
=== continuous-time
train_risk
2.9932425
3.1405308
3.4117167
3.3881803
2.732773
3.4950647
2.9949398
3.0559986
3.1644044
2.9101834
3.051273
3.24107
3.002404
3.2846012
3.3072522
3.0651643
3.171813
3.1328578
3.1778662
3.3112526
3.0956411
3.4920275
3.1843765
3.6405404
3.533864
3.2043307
3.2095587
2.987696
3.206818
3.2820623
3.0525942
3.2754529
3.1674595
3.0115821
3.388488
3.2331254
2.9742887
3.454208
3.1603038
2.8971968
3.0676122
3.3956103
3.1556349
3.1570039
3.3386564
3.3087726
3.0945363
3.2663603
2.9376807
2.9408271
3.174321
3.1463249
3.4540904
2.9127197
3.094462
3.1103761
3.3696907
3.152701
3.379956
3.1720896
3.179858
3.2195837
3.2742655
2.80369
3.2743442
3.0926435
3.0351522
3.0844595
2.7497385
3.0397935
2.976431
3.2352767
3.0395997
2.9566002
2.8106084
3.5714934
3.4746933
2.730559
3.312941
2.9862854
3.277888
3.1144745
3.0871856
2.726511
3.0775778
3.1260912
3.3617933
2.9612498
3.3512466
2.9904604
3.1800847
3.3298898
3.3309321
3.3794842
2.9015908
3.1785743
3.0098076
3.176576
3.4061458
3.1602774
3.2301304
3.3191204
2.9418073
2.9213495
2.9548335
3.2350128
3.1109457
2.9098592
3.0492067
3.2582798
3.0541828
3.1817863
3.4389021
3.3116333
3.3181942
3.0215106
2.8522797
3.3205807
3.0086696
3.3086038
3.1608725
3.2943919
2.793064
3.0185792
3.3174446
2.8550146
2.9044623
2.917209
3.4237216
3.079276
3.2658808
3.5074062
3.1509438
3.094075
3.572575
3.134849
3.22748
3.1261775
3.042741
2.8759885
3.3502302
2.9762454
3.177912
2.967578
3.0731456
3.2228317
3.2913823
3.3100643
3.2481015
3.4155025
2.8836
2.9797826
3.1357882
3.0283566
3.4912956
3.3227227
3.132639
3.0338607
3.452852
3.3177063
2.876506
3.1176326
3.4797938
3.1279438
3.0285149
3.570336
3.1865563
3.2775223
3.4394383
3.0162082
3.1404066
3.0676672
2.9315238
3.4189208
3.2704327
3.1526744
3.1459737
2.8160994
3.5505743
3.1332104
3.29225
3.0858088
3.0354197
3.2208023
3.0254347
3.0232332
3.017649
3.036042
3.059994
3.2715564
3.0103874
3.3911161
3.2334852
3.2900996
2.6693575
2.8052459
3.165236
2.8979425
3.5270464
3.150809
3.0908425
2.9721835
3.3098297
3.1198046
3.25581
3.3104753
3.0813541
3.1894765
3.1217563
3.2245395
3.270556
3.2974358
3.147869
3.161945
3.1558273
2.9703176
3.2406502
3.0363166
3.375549
3.135774
3.188248
3.250436
2.8695805
3.081274
3.559354
3.2350252
3.2470715
3.4019136
3.249933
2.79945
3.0933108
3.113325
3.257085
3.043839
3.3956952
3.0368116
3.096757
3.1208625
3.0285301
2.7235363
3.2266402
3.3476284
3.3513715
3.410602
2.9288514
2.792283
3.2093904
3.286153
3.4665132
3.3192024
3.071091
3.3042417
2.9262016
3.5257118
3.4172232
3.5537786
test_risk
2.9965918
3.1875353
3.3520496
3.4501176
2.7521958
3.439889
2.9970462
3.0360432
3.1596441
2.9635394
3.0394495
3.31957
2.9926655
3.3031144
3.3423939
3.0753343
3.1724176
3.0541894
3.1730185
3.3109472
3.0903566
3.4635355
3.2332425
3.6349683
3.450112
3.1403646
3.1863787
3.0714347
3.1884642
3.3264565
3.0214953
3.340317
3.1248248
3.0300426
3.3688097
3.23169
2.999009
3.4359193
3.173528
2.9412186
3.1115801
3.3378856
3.2197266
3.1698134
3.3406596
3.340498
3.1159425
3.281021
2.98656
2.975269
3.2413952
3.107312
3.438918
2.939389
3.1122
3.078959
3.3852317
3.1495535
3.3799045
3.1433606
3.1652198
3.190423
3.2675164
2.824401
3.242169
3.1044362
3.0468924
3.0349972
2.7312722
2.986414
3.0190992
3.2089984
3.1229463
2.9275224
2.7852938
3.5220854
3.4052145
2.7549596
3.2433715
2.9975724
3.2253232
3.1206698
3.0538409
2.6983278
3.1101463
3.072194
3.3714466
2.9576554
3.31065
2.993235
3.2119963
3.284247
3.2390783
3.3514197
2.9260666
3.1355827
3.007622
3.2375581
3.443776
3.2259986
3.1964915
3.3307588
2.968054
2.904113
2.9663818
3.2357228
3.101773
2.9881067
3.084057
3.258714
3.0847285
3.1100233
3.54869
3.3551478
3.310384
3.0684068
2.8072758
3.2842934
3.0832157
3.2712605
3.125613
3.2334185
2.7934008
3.056495
3.3141968
2.8566952
2.9037364
2.8964412
3.523462
3.0080633
3.2407722
3.4695837
3.1596801
3.1266122
3.4974334
3.137906
3.2711313
3.1379662
3.0487201
2.916202
3.2824
3.0020719
3.1084056
2.989891
3.149815
3.2026494
3.3037744
3.2610648
3.3256643
3.3999348
2.8339827
2.9385593
3.1319706
3.0232556
3.44185
3.3064663
3.1227372
3.0886755
3.4396708
3.2958045
2.9348333
3.1157534
3.4949024
3.1670768
3.0365438
3.6330237
3.1933908
3.3082032
3.394802
3.0393574
3.148659
3.068556
2.9750965
3.4396307
3.3026342
3.1698685
3.14224
2.7974427
3.5030158
3.1338089
3.272538
3.0952451
3.0281985
3.168943
3.0576732
3.0404818
3.042567
3.0035799
3.0666924
3.2723906
2.9872112
3.4124079
3.255321
3.2830436
2.7093828
2.786506
3.139734
2.864372
3.5024593
3.2125869
3.1409733
3.047247
3.301969
3.1451864
3.2551203
3.3379173
3.0719888
3.204363
3.1243947
3.1778958
3.1973538
3.3469417
3.1591198
3.1478338
3.145497
2.98729
3.2823422
2.9975996
3.3963635
3.16655
3.1978393
3.1943572
2.8855073
3.1718237
3.5897222
3.1849644
3.1448257
3.3723443
3.299889
2.8194017
3.0287113
3.1387403
3.267019
3.0823395
3.3671427
3.0724223
3.152283
3.1041703
3.0433342
2.7258258
3.2882829
3.2982593
3.314084
3.3951938
2.9810946
2.8715098
3.1023135
3.2548552
3.4874337
3.29951
3.0333061
3.3037755
2.9660785
3.4730525
3.3994305
3.650507
test_mean_value
-0.00011946722
0.0025080028
-0.00039563456
-0.0046960074
0.0007171235
0.008803707
0.0090079885
0.00017780809
-0.0028315333
-0.00424262
-0.0019033367
-0.001474561
0.004109831
-0.0035025615
-0.0016606232
0.00012937246
-0.0010769049
0.0039596967
0.0009378465
0.0003076093
-0.0011157321
0.0038719114
0.002766033
-0.00013485787
0.0031290918
-0.001889279
-0.0033024722
-0.0038105526
-0.003257422
-0.00048611886
0.0004009675
-0.002519464
-0.0006399682
0.0025666805
-0.00076738925
0.0030293765
0.0038701328
0.00455954
0.0007694163
0.0011178978
-0.003297555
0.0046861162
-0.002479193
-3.6336325e-05
0.0036770015
-0.0036324945
0.004609574
0.0004088795
4.3305223e-05
-0.0061703627
0.0005181348
0.0022267639
0.0012997094
0.008412543
0.0001895364
-0.0031477725
0.0047294875
0.005673014
-0.0077561815
-0.005810489
-0.0016286502
0.001701587
-0.0031882247
-0.0029068473
0.0037103472
8.913454e-05
0.0018902774
-0.0014046981
0.0021100733
0.0019322587
0.0042047403
0.0013389329
0.001836431
-0.0053390292
-0.0002637558
-0.0032300868
0.0025643092
-0.00042459305
0.0008069976
0.0012205407
-0.0032633422
0.0027952273
-0.00069119915
0.001784229
0.00164731
0.0060795792
-0.008914689
-0.0014334327
0.0025880837
-0.0008288611
0.004942568
0.0015998739
0.0034552685
0.0035507376
-0.0029216576
0.0026752758
-0.0015102944
0.006461994
0.0049006497
-0.0014959989
0.0026691516
0.0033855687
-0.0015389706
0.0016533091
-0.0021882327
0.0004111458
0.009958942
0.0017936524
-0.0023591607
-0.003927981
-0.008472194
0.000534727
0.003509058
-0.0038498763
0.00037285016
0.006569021
-0.0017246518
0.0032757018
0.0015435332
0.002052062
0.0032171134
0.00060683367
-0.0035389322
-0.00043159194
0.0012479685
0.0064567295
0.002569583
0.000561877
-0.0020320634
-0.0020252836
-0.006115225
0.00090039684
0.0007692338
-0.0043283915
0.0021810653
-0.0002766741
0.0033909413
-0.0023465948
-0.007668455
0.0034920278
0.001284174
0.0050159874
0.0014871387
0.0040735425
0.0037068527
0.00649683
0.007187594
0.0008736135
0.0011398528
0.0024401338
-0.0042501427
-0.00062825927
-0.005787536
0.0010452457
0.0011738843
-0.0040427684
-0.0020065282
-0.0016714417
-0.0024983427
0.0007585403
-0.0008373132
-0.00069791084
-0.0031903167
0.005271457
0.010223017
0.006558499
-0.00022264117
0.00500875
-0.0051380466
0.0001062113
-0.0035816294
0.004428757
0.0029746864
-0.0050476887
0.0007913319
-0.0025449444
0.00066628703
-0.0005200371
-0.0008441658
-0.00087478536
-0.00015479913
-0.0010054394
0.004791624
-0.0010056667
-0.001751211
-0.0029407358
-0.00082779623
-0.0024841377
0.00437216
0.0023700348
0.0013319168
0.002994302
-0.0038151839
0.0070746476
0.0064182924
0.0014783021
0.0020387648
0.0038993496
-0.0010235021
-0.0009416277
0.0015740285
-0.0008820141
-0.0026253136
0.002237852
-0.002743849
0.003187546
-0.0018639812
0.0010895685
0.0061787996
-0.004369405
0.00031842236
-0.0013909996
0.00065332535
0.00016998542
0.0025174376
0.0014997674
0.00030686404
0.0018003429
-0.00023906797
0.004679724
-0.0043761986
0.0034095796
-0.003728046
-0.0002078811
0.001325313
0.0030506733
-0.0056404993
0.001712063
0.0033167629
0.0019789392
0.0035025924
-0.0019681144
0.00043071547
-0.0013762625
-0.0032257533
0.0037187636
0.0022220223
0.0013567918
2.0581485e-05
-0.0026348063
-0.00061343703
0.0035371073
-0.005881832
-0.0030575625
-0.012560417
0.00029703268
-0.0034401997
0.0028654395
-0.0041043437
-0.00027850745
-0.0008493505
0.0017691229
-0.005445927
0.0017274057
0.0015851915
-0.003824448
test_mean_abs_value
1.6722008
1.7279332
1.3723261
1.9380627
1.263893
1.786973
1.5100627
1.340233
1.2285018
1.6868619
1.140167
1.447429
1.8315527
1.6767747
1.6470098
1.4504548
1.3449248
1.4551435
1.2772213
1.5546762
2.0050714
1.4400951
1.7683427
2.085031
1.2034124
1.520578
1.0683805
1.3687472
1.6137453
1.5255694
1.4870803
1.4436374
1.3543314
1.0497178
1.2447839
1.554362
1.3356746
1.7519637
1.3080556
1.1070893
1.2388412
1.72115
1.5443668
1.6699681
1.2111375
1.2797837
1.1288961
1.6164268
1.3771923
1.7981216
1.6567869
1.7370114
1.3828502
1.7093053
1.146923
0.93322206
2.3426921
1.1517383
1.3537787
1.8885092
1.2320852
1.5173768
1.8927102
1.3112769
2.0303333
1.3980489
1.5166801
1.820242
0.89799947
1.0440123
1.3068382
1.254369
1.5477339
1.3215374
1.5769235
1.2485119
1.7695564
1.2475803
1.4038832
1.2163162
1.1640383
1.7552382
1.3449495
0.92082834
1.2950703
1.454777
2.0756145
1.639301
1.61577
1.0389208
1.6958121
1.9220183
1.4670957
1.9697456
0.8916365
1.6676561
1.1457301
1.5302088
2.0736876
1.5246761
1.5252244
1.1921979
1.5557415
1.1966239
1.570786
1.6145545
1.56395
1.465704
1.468194
1.9690201
1.634162
1.5923617
1.5085151
1.334932
1.1720796
1.5244331
1.3754177
1.4029825
1.1619105
1.2623869
1.7665136
1.1431533
1.6419396
1.059427
1.480171
1.464922
1.3706151
1.2143849
1.8154968
1.3344849
1.2362276
1.6121585
0.980888
1.8107036
1.7979424
1.7544037
1.7941695
1.3884902
1.9267168
1.319697
1.570643
1.9097244
1.3811678
1.4513336
1.2817594
1.8190749
1.5761367
1.4239352
1.5002329
1.7258456
0.9766412
1.4434127
1.8803084
1.306597
1.3146912
1.6901313
1.5026972
1.1989567
1.6046597
1.3495018
1.0809424
1.3995498
1.2361846
1.0891498
1.2016472
1.6023751
1.5223655
1.1759975
1.1752218
1.4872211
2.1359606
1.4897462
1.3665494
1.8365575
1.4545422
1.0798936
1.1970979
1.2265939
2.411402
1.4610499
1.2921644
1.870692
1.1350747
1.1751219
1.4162313
1.1154099
1.4536134
1.0475342
0.9496209
1.3387604
1.1699624
1.7236267
2.1266835
1.426112
1.3469001
1.5653476
1.5126265
1.4333136
1.1938959
1.285853
1.1535757
1.4035453
1.1818854
1.1488448
1.4914987
1.9655389
1.3852284
1.2738936
1.1571103
1.2899466
1.253313
1.4716347
1.4823261
1.8567743
1.2415835
1.3992217
1.3321079
1.1011982
1.4544172
1.7318865
1.514659
1.8078806
1.6249925
1.7956307
1.9335487
1.742829
1.3252361
1.6160791
1.6781913
1.4771781
1.6722511
1.2898763
1.6086283
1.1933167
1.2782328
1.4208301
1.1900272
1.4787087
1.6396935
0.8561172
1.5499406
1.9574513
1.1648601
1.622744
1.8415542
1.3332026
1.6538312
1.7030374
2.1019864
1.1256664
1.9411404
1.3349167
1.6677212
1.7250654
1.1642917
1.2382288
test_variance_value
4.578689
4.7605658
3.336302
6.206478
2.5005784
5.205666
3.5482905
2.8959105
2.4307473
4.531104
2.2140694
3.906411
5.4157577
4.649317
4.379743
3.3833873
2.9812794
3.4330592
2.7700539
4.0882225
6.6428022
3.3399925
5.3173676
7.1220236
2.3683438
3.7172499
1.8796335
2.9461303
4.150679
3.6639402
3.4620376
3.3460364
2.995523
1.9135854
2.659152
3.8194342
2.9198618
4.836233
2.7674136
2.0153184
2.5497925
4.708677
4.0495205
4.454633
2.4528658
2.771305
2.1721385
4.2456045
3.00266
5.304863
4.555655
4.8497086
3.0782745
4.820407
2.2403753
1.4164356
9.180568
2.136829
2.9948816
5.710617
2.5289016
3.8261373
5.8300276
2.7772977
6.6816177
3.296891
3.8284297
5.42181
1.3041795
1.771364
2.7179072
2.758364
4.135173
2.9624395
3.9823446
2.599271
5.6839375
2.6042285
3.1023078
2.3744547
2.2377017
4.9559174
2.947549
1.359256
2.6747072
3.5637732
7.0032177
4.2967935
4.2844057
1.8310312
4.8248553
6.0209737
3.4056077
6.31409
1.2869062
4.595749
2.3669434
3.8071258
6.9008183
4.0032163
3.706498
2.277223
3.8542979
2.2901783
3.9049025
4.1854806
3.8575084
3.4166732
3.3728597
6.3918853
4.2062855
4.135142
3.81306
2.9081266
2.2533524
3.7056496
3.0014086
3.5698228
2.321788
2.559147
5.0773916
2.077948
4.3666677
1.7625272
3.6270978
3.656427
2.9703653
2.3846402
5.639854
2.8711696
2.4048984
4.1380677
1.5730658
5.4301677
5.758682
4.849649
5.302968
3.2166622
6.060664
2.9599504
4.1277695
5.9386864
3.1909623
3.3945806
2.9864087
5.34121
4.2629333
3.330892
3.9417634
4.7428713
1.6892297
3.3049834
5.901828
2.7385967
2.9235795
4.602495
3.664657
2.3280516
4.080185
3.0527747
1.9225527
3.4054272
2.7377896
1.9502189
2.2642648
4.4651456
3.9136283
2.2839375
2.3407772
3.4956987
7.613454
3.6835043
3.1033185
5.662644
3.5634575
1.8585335
2.371512
2.3749218
9.668302
3.4584944
2.7341104
5.6498065
2.1327252
2.2652063
3.191639
2.0102744
3.294209
1.7696203
1.5112268
3.062363
2.2674663
4.6545415
7.48374
3.6867886
2.9928446
4.087316
3.7296815
3.2092936
2.4024708
2.9544752
2.1580014
3.1565907
2.2250397
2.1657395
3.4789157
6.345071
3.2705724
2.5707748
2.2553513
2.9015307
2.5384922
3.9526224
3.4810112
5.6124234
2.4373565
3.1502304
2.8836327
2.142926
3.4895153
4.803952
3.6536303
5.314791
4.2834888
5.2521853
6.2129555
4.966628
2.7633011
4.478005
4.5949917
3.4830427
4.6325183
2.7278013
4.25044
2.258777
2.6984358
3.2096355
2.4783971
3.4639375
4.2553005
1.1901535
3.953409
6.2376366
2.323699
4.285898
5.5016136
2.8370059
4.3122435
4.8622994
7.2961183
2.0450358
6.1939363
3.0990405
4.47218
4.947821
2.2203667
2.4768944
test_mean_costs
0.0
0.0
0.0
0.0
0.0
0.0
0.0
0.0
0.0
0.0
0.0
0.0
0.0
0.0
0.0
0.0
0.0
0.0
0.0
0.0
0.0
0.0
0.0
0.0
0.0
0.0
0.0
0.0
0.0
0.0
0.0
0.0
0.0
0.0
0.0
0.0
0.0
0.0
0.0
0.0
0.0
0.0
0.0
0.0
0.0
0.0
0.0
0.0
0.0
0.0
0.0
0.0
0.0
0.0
0.0
0.0
0.0
0.0
0.0
0.0
0.0
0.0
0.0
0.0
0.0
0.0
0.0
0.0
0.0
0.0
0.0
0.0
0.0
0.0
0.0
0.0
0.0
0.0
0.0
0.0
0.0
0.0
0.0
0.0
0.0
0.0
0.0
0.0
0.0
0.0
0.0
0.0
0.0
0.0
0.0
0.0
0.0
0.0
0.0
0.0
0.0
0.0
0.0
0.0
0.0
0.0
0.0
0.0
0.0
0.0
0.0
0.0
0.0
0.0
0.0
0.0
0.0
0.0
0.0
0.0
0.0
0.0
0.0
0.0
0.0
0.0
0.0
0.0
0.0
0.0
0.0
0.0
0.0
0.0
0.0
0.0
0.0
0.0
0.0
0.0
0.0
0.0
0.0
0.0
0.0
0.0
0.0
0.0
0.0
0.0
0.0
0.0
0.0
0.0
0.0
0.0
0.0
0.0
0.0
0.0
0.0
0.0
0.0
0.0
0.0
0.0
0.0
0.0
0.0
0.0
0.0
0.0
0.0
0.0
0.0
0.0
0.0
0.0
0.0
0.0
0.0
0.0
0.0
0.0
0.0
0.0
0.0
0.0
0.0
0.0
0.0
0.0
0.0
0.0
0.0
0.0
0.0
0.0
0.0
0.0
0.0
0.0
0.0
0.0
0.0
0.0
0.0
0.0
0.0
0.0
0.0
0.0
0.0
0.0
0.0
0.0
0.0
0.0
0.0
0.0
0.0
0.0
0.0
0.0
0.0
0.0
0.0
0.0
0.0
0.0
0.0
0.0
0.0
0.0
0.0
0.0
0.0
0.0
0.0
0.0
0.0
0.0
0.0
0.0
0.0
0.0
0.0
0.0
0.0
0.0
0.0
0.0
0.0
0.0
0.0
0.0
test_mean_abs_costs
0.0
0.0
0.0
0.0
0.0
0.0
0.0
0.0
0.0
0.0
0.0
0.0
0.0
0.0
0.0
0.0
0.0
0.0
0.0
0.0
0.0
0.0
0.0
0.0
0.0
0.0
0.0
0.0
0.0
0.0
0.0
0.0
0.0
0.0
0.0
0.0
0.0
0.0
0.0
0.0
0.0
0.0
0.0
0.0
0.0
0.0
0.0
0.0
0.0
0.0
0.0
0.0
0.0
0.0
0.0
0.0
0.0
0.0
0.0
0.0
0.0
0.0
0.0
0.0
0.0
0.0
0.0
0.0
0.0
0.0
0.0
0.0
0.0
0.0
0.0
0.0
0.0
0.0
0.0
0.0
0.0
0.0
0.0
0.0
0.0
0.0
0.0
0.0
0.0
0.0
0.0
0.0
0.0
0.0
0.0
0.0
0.0
0.0
0.0
0.0
0.0
0.0
0.0
0.0
0.0
0.0
0.0
0.0
0.0
0.0
0.0
0.0
0.0
0.0
0.0
0.0
0.0
0.0
0.0
0.0
0.0
0.0
0.0
0.0
0.0
0.0
0.0
0.0
0.0
0.0
0.0
0.0
0.0
0.0
0.0
0.0
0.0
0.0
0.0
0.0
0.0
0.0
0.0
0.0
0.0
0.0
0.0
0.0
0.0
0.0
0.0
0.0
0.0
0.0
0.0
0.0
0.0
0.0
0.0
0.0
0.0
0.0
0.0
0.0
0.0
0.0
0.0
0.0
0.0
0.0
0.0
0.0
0.0
0.0
0.0
0.0
0.0
0.0
0.0
0.0
0.0
0.0
0.0
0.0
0.0
0.0
0.0
0.0
0.0
0.0
0.0
0.0
0.0
0.0
0.0
0.0
0.0
0.0
0.0
0.0
0.0
0.0
0.0
0.0
0.0
0.0
0.0
0.0
0.0
0.0
0.0
0.0
0.0
0.0
0.0
0.0
0.0
0.0
0.0
0.0
0.0
0.0
0.0
0.0
0.0
0.0
0.0
0.0
0.0
0.0
0.0
0.0
0.0
0.0
0.0
0.0
0.0
0.0
0.0
0.0
0.0
0.0
0.0
0.0
0.0
0.0
0.0
0.0
0.0
0.0
0.0
0.0
0.0
0.0
0.0
0.0
test_variance_costs
0.0
0.0
0.0
0.0
0.0
0.0
0.0
0.0
0.0
0.0
0.0
0.0
0.0
0.0
0.0
0.0
0.0
0.0
0.0
0.0
0.0
0.0
0.0
0.0
0.0
0.0
0.0
0.0
0.0
0.0
0.0
0.0
0.0
0.0
0.0
0.0
0.0
0.0
0.0
0.0
0.0
0.0
0.0
0.0
0.0
0.0
0.0
0.0
0.0
0.0
0.0
0.0
0.0
0.0
0.0
0.0
0.0
0.0
0.0
0.0
0.0
0.0
0.0
0.0
0.0
0.0
0.0
0.0
0.0
0.0
0.0
0.0
0.0
0.0
0.0
0.0
0.0
0.0
0.0
0.0
0.0
0.0
0.0
0.0
0.0
0.0
0.0
0.0
0.0
0.0
0.0
0.0
0.0
0.0
0.0
0.0
0.0
0.0
0.0
0.0
0.0
0.0
0.0
0.0
0.0
0.0
0.0
0.0
0.0
0.0
0.0
0.0
0.0
0.0
0.0
0.0
0.0
0.0
0.0
0.0
0.0
0.0
0.0
0.0
0.0
0.0
0.0
0.0
0.0
0.0
0.0
0.0
0.0
0.0
0.0
0.0
0.0
0.0
0.0
0.0
0.0
0.0
0.0
0.0
0.0
0.0
0.0
0.0
0.0
0.0
0.0
0.0
0.0
0.0
0.0
0.0
0.0
0.0
0.0
0.0
0.0
0.0
0.0
0.0
0.0
0.0
0.0
0.0
0.0
0.0
0.0
0.0
0.0
0.0
0.0
0.0
0.0
0.0
0.0
0.0
0.0
0.0
0.0
0.0
0.0
0.0
0.0
0.0
0.0
0.0
0.0
0.0
0.0
0.0
0.0
0.0
0.0
0.0
0.0
0.0
0.0
0.0
0.0
0.0
0.0
0.0
0.0
0.0
0.0
0.0
0.0
0.0
0.0
0.0
0.0
0.0
0.0
0.0
0.0
0.0
0.0
0.0
0.0
0.0
0.0
0.0
0.0
0.0
0.0
0.0
0.0
0.0
0.0
0.0
0.0
0.0
0.0
0.0
0.0
0.0
0.0
0.0
0.0
0.0
0.0
0.0
0.0
0.0
0.0
0.0
0.0
0.0
0.0
0.0
0.0
0.0
test_mean_wealth
-2.3305523
-2.5142105
-2.4981394
-2.6353908
-2.1054924
-2.5305803
-2.2806423
-2.3980634
-2.3953135
-2.2685778
-2.3457649
-2.374652
-2.2734823
-2.5073946
-2.616118
-2.4030747
-2.4197202
-2.3039575
-2.384377
-2.4946387
-2.3588824
-2.6660013
-2.4340158
-2.816578
-2.5853324
-2.3863378
-2.4515486
-2.3231108
-2.473024
-2.5603223
-2.295293
-2.5479221
-2.3892546
-2.2792788
-2.473521
-2.5282722
-2.2578561
-2.620192
-2.4784977
-2.2488658
-2.3760352
-2.4966838
-2.3393767
-2.4992225
-2.529077
-2.4791908
-2.4056485
-2.4822972
-2.3264215
-2.267445
-2.4609911
-2.4327936
-2.6702955
-2.2619808
-2.387931
-2.3799117
-2.489553
-2.4044528
-2.4159265
-2.4061644
-2.3410106
-2.3993201
-2.538957
-2.2072744
-2.477734
-2.3833673
-2.337053
-2.3091202
-2.0858793
-2.2573316
-2.3249893
-2.434697
-2.3154476
-2.2357335
-2.1721957
-2.672097
-2.395777
-2.0966501
-2.4307873
-2.3422573
-2.4400365
-2.4688709
-2.3470943
-2.0546613
-2.46371
-2.3051763
-2.6016154
-2.2969973
-2.5381336
-2.302524
-2.384458
-2.5352342
-2.397681
-2.5809574
-2.2810743
-2.3702388
-2.2637858
-2.4758842
-2.6073682
-2.4051569
-2.4887435
-2.5062518
-2.2953095
-2.2376235
-2.310118
-2.539813
-2.4132154
-2.2575047
-2.3788877
-2.4948952
-2.4137895
-2.3408537
-2.6831088
-2.427257
-2.5599856
-2.3691375
-2.1199253
-2.4067972
-2.2992654
-2.4030168
-2.4254715
-2.4526453
-2.1709943
-2.4031425
-2.5264976
-2.1450393
-2.3207567
-2.2302046
-2.5645123
-2.3218794
-2.5519645
-2.620129
-2.4429922
-2.4151752
-2.5791762
-2.4283507
-2.5040374
-2.3461843
-2.3191803
-2.2080653
-2.4301925
-2.261962
-2.3320508
-2.2658832
-2.3701987
-2.4240348
-2.4645793
-2.5332756
-2.441753
-2.665028
-2.178477
-2.3090696
-2.3365507
-2.3417463
-2.5623562
-2.6018016
-2.3997066
-2.3392386
-2.684837
-2.426648
-2.2254958
-2.3328557
-2.6129923
-2.4103873
-2.3414886
-2.7212296
-2.3712425
-2.4557838
-2.564946
-2.2827022
-2.3309216
-2.3822038
-2.2581854
-2.6140764
-2.4941707
-2.46106
-2.4070284
-2.151367
-2.5731773
-2.4018228
-2.5021136
-2.3920581
-2.3073034
-2.3043003
-2.3812675
-2.298168
-2.3066993
-2.2749476
-2.3472812
-2.494416
-2.253229
-2.5898807
-2.447459
-2.3927352
-2.0941513
-2.1303763
-2.4289029
-2.206808
-2.600701
-2.370803
-2.4366148
-2.2883
-2.51304
-2.4459817
-2.5129383
-2.5614648
-2.3340456
-2.4371538
-2.369372
-2.3819563
-2.4313254
-2.4265878
-2.4496498
-2.4463925
-2.4303637
-2.3323963
-2.5096161
-2.24546
-2.574692
-2.4522872
-2.5042176
-2.4277153
-2.211977
-2.39948
-2.7450063
-2.451894
-2.3662295
-2.4611769
-2.5268939
-2.224336
-2.294663
-2.4306855
-2.503875
-2.3526807
-2.5777206
-2.3818464
-2.4244251
-2.383489
-2.3532717
-2.1294029
-2.4172628
-2.539355
-2.4141788
-2.606811
-2.2644157
-2.2253554
-2.3931928
-2.4652734
-2.6361265
-2.4905775
-2.3067963
-2.4650624
-2.2901835
-2.5822825
-2.5762205
-2.740809
test_mean_abs_wealth
2.3305523
2.5142105
2.4981394
2.6353908
2.1054924
2.5305803
2.2806423
2.3980634
2.3953135
2.2685778
2.3457649
2.374652
2.2734823
2.5073946
2.616118
2.4030747
2.4197202
2.3039575
2.384377
2.4946387
2.3588824
2.6660013
2.4340158
2.816578
2.5853324
2.3863378
2.4515486
2.3231108
2.473024
2.5603223
2.295293
2.5479221
2.3892546
2.2792788
2.473521
2.5282722
2.2578561
2.620192
2.4784977
2.2488658
2.3760352
2.4966838
2.3393767
2.4992225
2.529077
2.4791908
2.4056485
2.4822972
2.3264215
2.267445
2.4609911
2.4327936
2.6702955
2.2619808
2.387931
2.3799117
2.489553
2.4044528
2.4159265
2.4061644
2.3410106
2.3993201
2.538957
2.2072744
2.477734
2.3833673
2.337053
2.3091202
2.0858793
2.2573316
2.3249893
2.434697
2.3154476
2.2357335
2.1721957
2.672097
2.395777
2.0966501
2.4307873
2.3422573
2.4400365
2.4688709
2.3470943
2.0546613
2.46371
2.3051763
2.6016154
2.2969973
2.5381336
2.302524
2.384458
2.5352342
2.397681
2.5809574
2.2810743
2.3702388
2.2637858
2.4758842
2.6073682
2.4051569
2.4887435
2.5062518
2.2953095
2.2376235
2.310118
2.539813
2.4132154
2.2575047
2.3788877
2.4948952
2.4137895
2.3408537
2.6831088
2.427257
2.5599856
2.3691375
2.1199253
2.4067972
2.2992654
2.4030168
2.4254715
2.4526453
2.1709943
2.4031425
2.5264976
2.1450393
2.3207567
2.2302046
2.5645123
2.3218794
2.5519645
2.620129
2.4429922
2.4151752
2.5791762
2.4283507
2.5040374
2.3461843
2.3191803
2.2080653
2.4301925
2.261962
2.3320508
2.2658832
2.3701987
2.4240348
2.4645793
2.5332756
2.441753
2.665028
2.178477
2.3090696
2.3365507
2.3417463
2.5623562
2.6018016
2.3997066
2.3392386
2.684837
2.426648
2.2254958
2.3328557
2.6129923
2.4103873
2.3414886
2.7212296
2.3712425
2.4557838
2.564946
2.2827022
2.3309216
2.3822038
2.2581854
2.6140764
2.4941707
2.46106
2.4070284
2.151367
2.5731773
2.4018228
2.5021136
2.3920581
2.3073034
2.3043003
2.3812675
2.298168
2.3066993
2.2749476
2.3472812
2.494416
2.253229
2.5898807
2.447459
2.3927352
2.0941513
2.1303763
2.4289029
2.206808
2.600701
2.370803
2.4366148
2.2883
2.51304
2.4459817
2.5129383
2.5614648
2.3340456
2.4371538
2.369372
2.3819563
2.4313254
2.4265878
2.4496498
2.4463925
2.4303637
2.3323963
2.5096161
2.24546
2.574692
2.4522872
2.5042176
2.4277153
2.211977
2.39948
2.7450063
2.451894
2.3662295
2.4611769
2.5268939
2.224336
2.294663
2.4306855
2.503875
2.3526807
2.5777206
2.3818464
2.4244251
2.383489
2.3532717
2.1294029
2.4172628
2.539355
2.4141788
2.606811
2.2644157
2.2253554
2.3931928
2.4652734
2.6361265
2.4905775
2.3067963
2.4650624
2.2901835
2.5822825
2.5762205
2.740809
test_variance_wealth
0.087146804
0.09118875
0.1383943
0.1308536
0.08109723
0.1583238
0.100102425
0.08209763
0.11104541
0.09575037
0.095395125
0.16531746
0.102889344
0.12435419
0.105230406
0.09084475
0.11141524
0.107900426
0.11968037
0.12967347
0.10307773
0.12513125
0.121354856
0.13250509
0.14412956
0.11153901
0.106908955
0.10741772
0.10132733
0.114417806
0.10210326
0.12123705
0.10420824
0.108082846
0.15028007
0.09895846
0.10524494
0.12926269
0.09700903
0.09360953
0.10474301
0.13800803
0.14526376
0.09015198
0.12862949
0.14111054
0.100331865
0.12470103
0.086717755
0.097674124
0.117159344
0.091307536
0.116737254
0.090567395
0.10471326
0.09656475
0.1514814
0.10859947
0.17095642
0.106558226
0.1275093
0.118883766
0.10539162
0.07631156
0.115786
0.102596745
0.09769892
0.10227112
0.081411056
0.103075854
0.095058896
0.117456965
0.12307234
0.09293113
0.07566073
0.14062417
0.1882841
0.083525546
0.1258863
0.0854595
0.119802035
0.08509006
0.099134475
0.08003436
0.08506045
0.11382928
0.11604886
0.087761335
0.11709604
0.094471686
0.13115036
0.111374654
0.13430536
0.11861106
0.083282344
0.11345503
0.10604905
0.112657204
0.13641924
0.12806323
0.099404044
0.13033089
0.09000713
0.08772944
0.08609521
0.09663963
0.095907405
0.10458713
0.09843732
0.11453254
0.09043114
0.116036005
0.14440244
0.15967707
0.111051686
0.09691466
0.0932555
0.14455736
0.11778205
0.14181854
0.09820391
0.118200526
0.076690085
0.08548157
0.12105177
0.096525826
0.06945752
0.08696685
0.17196292
0.09186332
0.09464673
0.13792922
0.10240481
0.09893399
0.15765281
0.09943198
0.115480125
0.119446196
0.10398077
0.09653033
0.13684252
0.10651011
0.117874615
0.10159899
0.116009526
0.12095933
0.13216285
0.10544361
0.1460369
0.10985734
0.08412746
0.07953093
0.12109597
0.09365969
0.14479226
0.09935127
0.10297858
0.108347975
0.11403977
0.14258339
0.097427525
0.11639469
0.14941727
0.11390655
0.09671867
0.1588254
0.12797002
0.13686016
0.1350684
0.11098193
0.12623958
0.09265814
0.09843085
0.13183449
0.12699415
0.100179166
0.10559561
0.081922606
0.16261762
0.105353236
0.11656614
0.09804008
0.10207486
0.14017798
0.09136473
0.107050955
0.10513485
0.10343694
0.10199361
0.11901315
0.103123166
0.13169266
0.12500751
0.1473646
0.07383195
0.082721144
0.100788504
0.085594
0.1535524
0.13288258
0.097954825
0.11014142
0.12210481
0.09723828
0.10702548
0.118839495
0.107009724
0.113995135
0.113675885
0.12127166
0.11543244
0.157685
0.100627735
0.098194666
0.100494795
0.085796066
0.11758957
0.10902852
0.1311266
0.10248397
0.0976869
0.11536542
0.08798171
0.116434336
0.13977313
0.106997155
0.11476491
0.15522505
0.11801534
0.07104742
0.103746675
0.10055703
0.114591725
0.102096215
0.123082496
0.095346
0.10449868
0.10237794
0.0945491
0.07130416
0.14512274
0.11418218
0.15241025
0.12181297
0.101152115
0.083535515
0.10003255
0.12042127
0.14019117
0.12708262
0.10170184
0.13425924
0.0903373
0.15148336
0.13218102
0.16163807
test_wealth_with_price_abs_mean
0.23136815
0.23696521
0.28935432
0.28271815
0.22272328
0.30857697
0.24690016
0.22498094
0.26010883
0.2416597
0.24142323
0.31511214
0.25032556
0.2754881
0.2546158
0.23612022
0.26013324
0.25570783
0.2692577
0.28085354
0.251366
0.27617297
0.27138188
0.28480867
0.29604402
0.26108244
0.25577188
0.2555794
0.24926051
0.26457068
0.24946856
0.27194628
0.2524337
0.2561959
0.30129367
0.24647775
0.25267938
0.28080988
0.2440035
0.23929118
0.25236365
0.28951973
0.295094
0.23563012
0.27929696
0.2920932
0.24783939
0.27528793
0.23045862
0.24410272
0.26725042
0.23685725
0.2671325
0.23547822
0.25295815
0.24312174
0.30318344
0.25704402
0.3197476
0.2551949
0.27706918
0.2677934
0.25383455
0.21681723
0.26611736
0.25049296
0.24468279
0.24926262
0.22286609
0.25043598
0.24115807
0.2674747
0.27312532
0.23784524
0.21534583
0.29269177
0.33371818
0.22524297
0.27649528
0.22947975
0.2701374
0.22889346
0.2463934
0.22063315
0.22921623
0.2631119
0.26671404
0.23179297
0.26774752
0.24023527
0.28178802
0.260898
0.28497854
0.26974848
0.22608255
0.2624236
0.25411084
0.26230964
0.28821567
0.27915797
0.24725562
0.2808489
0.23476711
0.23187312
0.2297752
0.24379303
0.24244037
0.25223097
0.24531707
0.26458383
0.23560697
0.26565155
0.29561853
0.30868444
0.26037568
0.24341162
0.23787537
0.29535145
0.2672387
0.29266787
0.24529709
0.26833564
0.21688125
0.22956048
0.27187935
0.24217524
0.20716736
0.2303482
0.32221332
0.23700228
0.2412728
0.28966144
0.25057635
0.24606597
0.30895454
0.24673045
0.26468316
0.26834354
0.25223815
0.24243432
0.2877519
0.254296
0.26780286
0.2487332
0.26564512
0.27141055
0.2827629
0.2545438
0.29714465
0.25992972
0.22675946
0.22125168
0.27068427
0.23957749
0.29641646
0.24715567
0.25068745
0.25708616
0.2648896
0.29313144
0.24335933
0.26542446
0.3007953
0.26373962
0.24360776
0.30980054
0.2786407
0.28863016
0.286901
0.259519
0.27633253
0.23830904
0.24485098
0.28299338
0.27779052
0.24759941
0.2536724
0.22374766
0.3131438
0.25345257
0.26680678
0.2450607
0.24933444
0.28963318
0.23681639
0.2549656
0.25301042
0.25122434
0.24968319
0.26950684
0.2500831
0.28351736
0.27500984
0.29767787
0.21286361
0.2247439
0.2484581
0.22888522
0.3048826
0.28335083
0.2452927
0.2582709
0.27222663
0.24439257
0.25589502
0.26912495
0.25553995
0.26338512
0.26332232
0.27158406
0.26551646
0.30788893
0.24819754
0.24564457
0.24806581
0.22925027
0.26819503
0.25729963
0.28224584
0.25088733
0.24511333
0.2649959
0.23206984
0.26576763
0.29162014
0.25573617
0.26452923
0.3059702
0.26861194
0.20912248
0.25138324
0.24870536
0.264878
0.24906836
0.2743616
0.2419019
0.25298977
0.25025824
0.24074002
0.20934278
0.2949773
0.2639089
0.30122244
0.273139
0.2482293
0.22594644
0.24759813
0.27024156
0.2915709
0.27743456
0.2488884
0.28512442
0.23477615
0.3031832
0.2834375
0.31360325
test_wealth_with_price_variance
0.087146804
0.09118875
0.1383943
0.1308536
0.08109723
0.1583238
0.100102425
0.08209763
0.11104541
0.09575037
0.095395125
0.16531746
0.102889344
0.12435419
0.105230406
0.09084475
0.11141524
0.107900426
0.11968037
0.12967347
0.10307773
0.12513125
0.121354856
0.13250509
0.14412956
0.11153901
0.106908955
0.10741772
0.10132733
0.114417806
0.10210326
0.12123705
0.10420824
0.108082846
0.15028007
0.09895846
0.10524494
0.12926269
0.09700903
0.09360953
0.10474301
0.13800803
0.14526376
0.09015198
0.12862949
0.14111054
0.100331865
0.12470103
0.086717755
0.097674124
0.117159344
0.091307536
0.116737254
0.090567395
0.10471326
0.09656475
0.1514814
0.10859947
0.17095642
0.106558226
0.1275093
0.118883766
0.10539162
0.07631156
0.115786
0.102596745
0.09769892
0.10227112
0.081411056
0.103075854
0.095058896
0.117456965
0.12307234
0.09293113
0.07566073
0.14062417
0.1882841
0.083525546
0.1258863
0.0854595
0.119802035
0.08509006
0.099134475
0.08003436
0.08506045
0.11382928
0.11604886
0.087761335
0.11709604
0.094471686
0.13115036
0.111374654
0.13430536
0.11861106
0.083282344
0.11345503
0.10604905
0.112657204
0.13641924
0.12806323
0.099404044
0.13033089
0.09000713
0.08772944
0.08609521
0.09663963
0.095907405
0.10458713
0.09843732
0.11453254
0.09043114
0.116036005
0.14440244
0.15967707
0.111051686
0.09691466
0.0932555
0.14455736
0.11778205
0.14181854
0.09820391
0.118200526
0.076690085
0.08548157
0.12105177
0.096525826
0.06945752
0.08696685
0.17196292
0.09186332
0.09464673
0.13792922
0.10240481
0.09893399
0.15765281
0.09943198
0.115480125
0.119446196
0.10398077
0.09653033
0.13684252
0.10651011
0.117874615
0.10159899
0.116009526
0.12095933
0.13216285
0.10544361
0.1460369
0.10985734
0.08412746
0.07953093
0.12109597
0.09365969
0.14479226
0.09935127
0.10297858
0.108347975
0.11403977
0.14258339
0.097427525
0.11639469
0.14941727
0.11390655
0.09671867
0.1588254
0.12797002
0.13686016
0.1350684
0.11098193
0.12623958
0.09265814
0.09843085
0.13183449
0.12699415
0.100179166
0.10559561
0.081922606
0.16261762
0.105353236
0.11656614
0.09804008
0.10207486
0.14017798
0.09136473
0.107050955
0.10513485
0.10343694
0.10199361
0.11901315
0.103123166
0.13169266
0.12500751
0.1473646
0.07383195
0.082721144
0.100788504
0.085594
0.1535524
0.13288258
0.097954825
0.11014142
0.12210481
0.09723828
0.10702548
0.118839495
0.107009724
0.113995135
0.113675885
0.12127166
0.11543244
0.157685
0.100627735
0.098194666
0.100494795
0.085796066
0.11758957
0.10902852
0.1311266
0.10248397
0.0976869
0.11536542
0.08798171
0.116434336
0.13977313
0.106997155
0.11476491
0.15522505
0.11801534
0.07104742
0.103746675
0.10055703
0.114591725
0.102096215
0.123082496
0.095346
0.10449868
0.10237794
0.0945491
0.07130416
0.14512274
0.11418218
0.15241025
0.12181297
0.101152115
0.083535515
0.10003255
0.12042127
0.14019117
0.12708262
0.10170184
0.13425924
0.0903373
0.15148336
0.13218102
0.16163807
price
2.3300173
2.513653
2.4985077
2.6344142
2.1056004
2.5306592
2.2799482
2.3979783
2.394867
2.2692246
2.3456438
2.3739963
2.2729542
2.5074928
2.6159956
2.4030948
2.4192147
2.3035817
2.3839235
2.4943752
2.3600416
2.6651626
2.4335399
2.8160183
2.5841842
2.3857315
2.451633
2.3218277
2.4735363
2.5601559
2.294705
2.5462513
2.3889494
2.2782059
2.472478
2.527923
2.2579985
2.6201158
2.4784868
2.2489886
2.3756385
2.4971228
2.3391004
2.4987144
2.5301695
2.4781039
2.4049616
2.4829383
2.325679
2.2669928
2.4603024
2.4323473
2.670155
2.2619686
2.3874176
2.3799605
2.490304
2.404996
2.4158635
2.4059563
2.340878
2.3984756
2.5387287
2.2068195
2.4769664
2.3825994
2.3373532
2.3093362
2.085609
2.2567334
2.3241303
2.4326046
2.3163009
2.2364228
2.1721077
2.6729836
2.3946793
2.0968513
2.430421
2.3421526
2.439833
2.4683597
2.345963
2.0545406
2.4632738
2.3038683
2.6014378
2.296756
2.537353
2.3029718
2.3844988
2.535427
2.39647
2.5814579
2.280817
2.3702068
2.2641196
2.4753006
2.6065364
2.4038358
2.4881654
2.5057425
2.2954328
2.237119
2.310101
2.539185
2.412396
2.257429
2.3786135
2.4942458
2.4136572
2.3392854
2.6822171
2.4272356
2.5594268
2.368514
2.1203866
2.405898
2.299515
2.4021726
2.4249797
2.4527464
2.1699975
2.4032462
2.5257225
2.1448448
2.32011
2.2307482
2.5643966
2.3210278
2.550783
2.6211462
2.4435766
2.414967
2.5790238
2.428733
2.5030706
2.3473785
2.3198502
2.2068803
2.4298935
2.2623506
2.332693
2.266345
2.3694458
2.424958
2.4634318
2.5328882
2.439489
2.6652217
2.178028
2.308191
2.3375983
2.3416915
2.5615282
2.6023772
2.3999367
2.3388917
2.684793
2.4247987
2.2253888
2.33189
2.6126568
2.4110003
2.3406663
2.7202907
2.371996
2.4556718
2.5644672
2.282488
2.3308957
2.3800368
2.2572086
2.6129463
2.4944801
2.4606092
2.4073021
2.1518292
2.5716965
2.4011343
2.5033498
2.392333
2.3067756
2.3037357
2.3809028
2.2984471
2.3075051
2.275329
2.3470602
2.4933913
2.2532449
2.5896285
2.448049
2.3922074
2.0936117
2.1294413
2.428451
2.2072396
2.6012187
2.3709004
2.435946
2.2882314
2.5116422
2.445361
2.5112498
2.5609663
2.3332763
2.4378333
2.3706117
2.3816078
2.4301937
2.4271507
2.448432
2.4453924
2.4299943
2.3318787
2.5107715
2.2450829
2.5739095
2.45157
2.5042882
2.4268937
2.212613
2.3999844
2.7443726
2.4512432
2.3667755
2.4613104
2.5259798
2.2240398
2.2947156
2.4314375
2.5036967
2.3513834
2.5771208
2.3816981
2.4244635
2.3831651
2.352615
2.1289954
2.4167664
2.539468
2.413077
2.605353
2.2634692
2.2251782
2.3936992
2.4666858
2.6355135
2.4906793
2.3064127
2.4649856
2.2898629
2.5834365
2.575264
2.741029
train_time
0.4022944000000006
0.30967130000000065
0.40722090000000044
0.33221729999999994
0.42466710000000063
0.3058031000000003
0.3357324999999989
0.34657239999999945
0.3211908000000001
0.32220590000000016
0.3112952
0.5749308000000006
0.3865102
0.34231970000000445
0.32647470000000567
0.32808990000000193
0.3302112000000008
0.4120732000000018
0.31995020000000096
0.4958616000000049
0.34450439999999816
0.35500439999999855
0.35221100000000405
0.3429029000000057
0.3420374000000024
0.33466200000000157
0.31801790000000096
0.5315398000000044
0.33690750000000946
0.32402539999999647
0.33266659999999604
0.31876599999999655
0.3253854000000018
0.3147622000000041
0.3190138999999874
0.35071569999999497
0.32493610000000217
0.3385569000000004
0.5645958999999863
0.32472709999998983
0.32975229999999556
0.3377526999999958
0.3235829999999993
0.3249414999999942
0.3167860999999874
0.3294752999999986
0.329123899999999
0.33180020000000354
0.43609069999999406
0.45733570000000157
0.32947950000000503
0.32657290000000216
0.3330074999999937
0.32775069999999573
0.3313161999999892
0.3431228000000033
0.32277929999997923
0.3373213999999791
0.34433010000000763
0.34235739999999737
0.3275051999999903
0.4193023999999923
0.4280448000000092
0.42498950000000946
0.7203060999999877
0.36338530000000446
0.3420097000000055
0.3613746000000049
0.3254130999999916
0.35128069999998957
0.3303504000000146
0.3098199000000079
0.3384551999999985
0.3287588000000028
0.35136409999998364
0.32021729999999593
0.33200829999998405
0.3475767999999846
0.3429507999999828
0.32058870000000184
0.7967122000000018
0.3141087000000198
0.3362827999999922
0.3638296999999966
0.3235407999999893
0.3685875999999837
0.3407325999999955
0.325862399999977
0.3599374999999725
0.3518811999999798
0.31616149999999266
0.3576703999999893
0.345952699999998
0.34555919999999674
0.3206611999999893
0.3324810999999954
0.6051730000000077
0.37693989999999644
0.3125876000000005
0.3356258999999966
0.34682950000001256
0.5181412000000023
1.2380473999999992
0.46731220000000917
0.9253216999999836
0.36047659999999837
0.3469229000000098
0.32160160000000815
0.36219930000004297
0.31797340000002805
0.3154779999999846
0.5516384000000016
0.33088359999999284
0.32047789999995757
0.33317610000000286
0.30747919999998885
0.318082000000004
0.3863072999999986
0.3324001000000294
0.3147136000000046
0.36604010000002063
0.3490323999999987
1.045125999999982
0.32259440000001405
0.31224059999999554
0.3183324999999968
0.31579039999996894
0.3263286999999764
0.3499047000000246
0.3452768000000219
0.3110789000000409
0.32853059999996503
0.3221764000000462
0.3295145999999818
0.32259519999996655
0.3383309999999824
0.3413496000000009
0.31173899999998866
0.31586390000001074
0.3252734000000146
0.3217357000000334
0.3357142999999496
0.34646209999999655
0.32970280000000685
0.3023092000000247
0.3227935999999545
0.3641700999999671
0.3109224999999469
0.3137500000000273
1.167348000000004
0.33551909999999907
0.34521279999995613
0.3246413999999618
0.3286825999999792
0.329893899999945
0.3256894999999531
0.32786380000004556
0.3259180999999671
0.3313411999999971
0.3151395000000434
0.3149753000000146
0.3117595999999594
0.3483502999999928
0.3484788000000094
0.3220504999999889
0.31218740000002754
0.3184721999999738
0.318664799999965
0.31439100000000053
0.3077676000000338
0.328641800000014
0.31599669999997104
0.3257877000000349
0.32700089999997317
0.31268849999997883
0.3264421000000084
0.33658279999997376
0.31014850000002525
0.33167940000004137
0.3265519999999924
1.3377353999999855
0.33763859999999113
0.33444800000000896
0.3315006000000267
0.3222978000000012
0.34242960000000267
0.3103444000000195
0.31743000000000166
0.32573309999997946
0.3196848999999702
0.3213350999999989
0.33178620000001047
0.3217068000000154
0.32128980000004503
0.4453277000000071
0.43134489999999914
0.39058780000004845
0.3476011999999855
0.3275184999999965
0.3414461000000415
0.32468340000002627
0.3147428000000332
0.3169586999999865
0.32473079999999754
0.3269894000000022
0.3205512999999769
0.3195365999999922
0.3144191999999748
0.29627839999994876
0.3338768999999502
0.32970829999999296
0.3304752000000235
0.30739949999997407
0.31700660000001335
0.31450519999998505
0.3232610999999679
1.5887887000000092
0.3173108999999954
0.30750620000003437
0.31870459999998957
0.34631549999994604
0.3275359000000435
0.3335586000000603
0.3147445999999263
0.3380662999999231
0.32927940000001854
0.3332467999999835
0.30796220000001995
0.3135493999999426
0.32830760000001646
0.3093301999999767
0.3374537000000828
0.309379300000046
0.3398912999999766
0.34009279999997943
0.34195440000007693
0.30284659999995256
0.3419758999999658
0.3171773999999914
0.44310270000005403
0.33044010000003254
0.32696870000006584
0.3194378000000597
0.3465429000000313
0.3226650999999947
0.3290524000000232
0.30748430000005555
0.30642469999997957
0.31708869999999933
0.31994829999996455
0.338986699999964
0.3391129000000319
0.3267528000000084
0.319839600000023
0.3879630000000134
0.3110044000000016


