================================================================================
=== continuous-time
train_risk
3.136181
3.181849
3.1074486
3.328623
2.7689617
3.3394191
2.850697
3.061061
3.0926263
3.1161196
2.9992793
2.975349
2.8678586
3.1921198
3.206227
2.999643
3.089596
3.0153677
3.2233596
3.212316
2.9500139
3.3614476
3.0343633
3.5767677
3.243253
3.1270866
3.0967124
2.9255116
3.2213156
3.2659907
3.0563219
3.359942
3.0024316
2.8709514
3.2148504
3.0617325
2.9623117
3.1504488
3.1020894
2.8082573
2.993563
3.2605796
2.908689
3.2237515
3.1352818
3.1350927
3.0400646
3.1122463
2.9642088
3.041976
3.1312506
3.2052462
3.3913655
2.993521
3.0591323
2.8627963
3.187988
3.0517895
3.2185867
3.024668
2.9518554
3.2529204
3.2922385
2.7445588
3.278733
3.0449948
3.1233828
2.9737623
2.8942714
3.033988
2.9599311
3.0688186
2.9573789
3.0120537
2.7426085
3.3872964
3.1167278
2.9271622
2.9917006
3.0408914
3.0484633
3.0865214
2.9021354
2.5981932
3.1120234
3.0444884
3.3106985
2.990067
3.169334
2.8635724
3.0658135
3.3632603
3.1564627
3.2118618
3.1836758
2.917729
3.0825968
3.2928731
3.2901742
3.0400183
3.2347608
3.2680597
3.072541
2.7849472
3.1534855
3.367417
2.9812717
2.8799446
3.1615896
3.239395
3.2444103
3.0066357
3.3384533
2.984462
3.2678888
2.9635077
2.7612066
3.0851464
2.9742465
2.976549
3.083788
3.2479196
2.7500105
3.05749
3.329599
2.7465725
3.0559628
2.8355556
3.2578247
2.8988035
3.2970855
3.227345
3.1663177
3.305494
3.2515564
3.1709294
3.1622963
2.9979985
3.1574216
3.0187716
3.147405
2.9235191
3.164788
3.0821397
2.969541
2.9943562
3.0292351
3.1308665
3.0046117
3.443568
2.7492394
3.023242
3.1044068
3.0749326
3.3646781
3.2613575
3.0505853
2.905045
3.2036982
3.146338
2.9362507
3.0961144
3.159432
3.1862988
3.0769753
3.7413874
3.1249337
3.1277566
3.2726724
2.9633348
3.004714
3.1654303
2.97106
3.3547044
3.3414414
3.148825
3.0979884
2.823442
3.2145102
3.1373043
3.1434822
3.1652718
3.052833
2.847433
3.1369286
2.9498425
3.0172005
2.9601657
3.0198689
3.2313635
3.0718374
3.0170991
3.1024463
3.0016258
2.5927868
2.79912
3.0946476
2.9615092
3.2300766
3.039923
3.228094
3.0302742
3.2530668
3.2694583
3.3388023
3.3668766
2.9284277
3.3667705
3.0953872
3.2038157
3.2135518
3.0196328
3.1451576
3.206972
3.2403202
2.985672
3.2851655
2.7941349
3.2900927
3.2448184
3.3860853
3.0817251
2.909012
2.986007
3.5918074
3.1255212
2.8974738
3.0677102
3.2488632
2.8706584
2.7793765
3.0684142
2.9674616
3.1568017
3.1244755
3.0438712
3.2073636
3.1735327
2.9376605
2.7053246
3.0637364
3.3473015
3.2700953
3.2496915
2.8397489
2.8449035
3.141521
3.1908076
3.2018147
2.9699504
3.1187387
3.076688
2.9587672
3.292061
3.255247
3.5742679
test_risk
3.1162133
3.1851265
3.1274898
3.3321745
2.8043785
3.4010122
2.850549
3.0432827
3.0919688
3.1393673
2.9890473
2.982037
2.8385174
3.2064567
3.2362316
2.9808378
3.0453377
3.055001
3.1981597
3.2195535
2.980634
3.3843184
2.996803
3.575268
3.215667
3.1101785
3.1031563
2.9800367
3.227516
3.233807
3.0722728
3.32482
2.9697578
2.939854
3.225247
3.0816727
2.9492211
3.180409
3.1345813
2.8183515
3.0424495
3.1962695
2.9264445
3.2058382
3.1435785
3.1363673
2.9970496
3.1348886
2.9998343
2.99495
3.122039
3.1978784
3.4354677
3.0122948
3.0957801
2.9085696
3.1760027
3.0993
3.177051
3.024306
2.9490402
3.2689416
3.3215294
2.753301
3.2372937
3.0632303
3.138279
2.959018
2.8651228
3.0406184
3.007703
3.0099888
2.983349
2.9746962
2.7148356
3.3850362
3.0901444
2.9371839
3.0451996
3.0253139
3.0314534
3.0860388
2.8995686
2.5910518
3.0848382
3.0180686
3.2862823
2.9778485
3.1591082
2.9339054
3.0546513
3.3538477
3.1961658
3.2312572
3.1474178
2.9646757
3.03285
3.239734
3.2901533
3.1027057
3.2027662
3.3159807
3.0765038
2.776583
3.1250954
3.4037015
3.0142353
2.9336414
3.2065496
3.305553
3.2200074
3.0114858
3.3098178
2.9791873
3.283297
2.9499497
2.7434044
3.1287258
2.957006
2.95611
3.0613177
3.2222924
2.7274542
3.077292
3.2908318
2.7116475
3.0533435
2.833174
3.2841997
2.9554865
3.3217537
3.1974092
3.2062228
3.2830527
3.2202713
3.167957
3.1815934
2.9782116
3.1637533
2.9710605
3.1450863
2.910641
3.0995975
3.061559
2.9858983
3.004147
3.069041
3.1558974
3.0210216
3.427872
2.7729242
3.0389423
3.110137
3.0483527
3.334477
3.2859254
3.063352
2.9634154
3.1992042
3.177126
2.9202983
3.082622
3.2119257
3.1597161
3.1218622
3.6373072
3.0613947
3.080423
3.2820222
2.9760318
3.0020416
3.1640136
2.9385207
3.364065
3.2871575
3.16176
3.1381624
2.8321767
3.1890576
3.1610413
3.1209195
3.1570308
3.0735795
2.8454254
3.198059
2.9550254
3.0354304
3.0004025
3.0557163
3.1849265
3.0763152
3.0753748
3.0886827
2.9780197
2.629734
2.7775745
3.1055026
2.9883268
3.2457592
3.0159888
3.2554457
2.9977584
3.2854762
3.2173676
3.3464496
3.3103316
2.8872223
3.283007
3.0890818
3.1615334
3.2032962
2.9952292
3.1583858
3.1975324
3.228459
3.061421
3.2434874
2.788562
3.2941792
3.1973464
3.3599274
3.0785615
2.908067
2.985603
3.5940733
3.1645691
2.934809
3.0907378
3.2696052
2.8456204
2.7914364
3.0470684
3.0127637
3.151689
3.1255074
3.0828655
3.191224
3.1351342
2.955921
2.7137172
3.0367064
3.3442652
3.228978
3.3318162
2.8768559
2.8529701
3.105655
3.1527212
3.270394
2.989175
3.1272414
3.0545876
2.9911165
3.2118187
3.2800944
3.5555067
test_mean_value
0.003739907
0.00062238943
0.0011957277
-0.0008732824
-0.000980791
-0.0017158117
0.0023105831
-0.007440452
-0.003375396
0.0010799065
-0.0023209052
-0.00087689323
0.0012765005
0.007685761
0.002212204
-0.0041843792
-0.006851564
-0.00025661066
-0.0048679495
-0.008353926
0.002478107
-0.001749766
0.0025707572
-0.00448703
-0.0023319116
0.0028321622
-0.0016832332
-0.0033501957
-0.003897701
0.0014021114
0.0064279633
0.0029218725
0.0040174685
-0.0048822467
0.0007132821
-0.002388378
-0.00069132936
0.006501878
-0.0007355189
0.0014525673
0.005566898
-0.0027812184
0.0026756283
0.0021517836
0.0007082002
0.0024815279
-0.0031850685
0.00048318453
-0.00016714509
0.0021756503
-0.002174697
-0.002638732
-0.0035681096
-0.0012952541
0.0033910288
0.0041490975
-0.0010810698
0.0046531707
-0.0017676001
0.0007461998
-0.0009014543
-0.005817386
0.0003553114
-0.0030285697
0.005308457
-0.004156131
-0.0017359599
-0.005152792
-0.0017076143
-0.0035345575
0.004522401
0.0026863532
-0.00041125223
-0.0044776825
0.0007574372
0.0063908147
0.0046266443
-0.004221432
-0.003169823
-0.0014105557
-0.0024788172
-0.0038441934
-0.0005535749
0.0024838627
-0.0040539852
0.002258033
-0.0008008367
-0.00079191383
-0.0041443435
-0.0022876684
-0.0018027576
0.00091285224
0.005221782
-0.0010148626
-0.006686958
0.0035149413
0.0022605693
0.002464701
0.004784108
-0.0017561475
0.0047419053
-0.0015204152
0.0013986455
0.00048704428
-0.00060068554
0.0044126073
0.0009837433
-0.0047880695
0.0022273406
0.004122962
0.002783651
-0.0022359455
0.0043766517
-0.0045039156
-0.0039669867
0.0053323163
0.00075090857
0.0035597254
0.00064843154
-0.0020155744
-0.0027864403
-0.002458004
0.0012282191
-0.0019085457
0.0020265437
-0.0013644969
0.00063740305
0.00015137353
0.0043467754
0.0033702124
-0.00096875196
-0.00089656305
0.0013583734
-0.0047810115
0.004189648
5.7227164e-05
-0.005017147
0.00054801744
-0.0016520298
0.0019667652
0.0008381909
-0.0013521325
-0.0023825143
-0.0020557686
0.0017939094
0.003069206
0.0041188626
-0.0014460075
-0.0034140062
-0.00081579195
-0.0002457082
-0.007529157
0.0069529354
0.0006677253
0.0038787324
0.0025855438
-0.0024972432
0.0052758665
0.0045282855
-0.0014889811
4.204628e-06
-0.00027752633
-0.0080713825
0.0031114155
-0.0003702758
-0.0040894547
0.0014168209
-0.0023407277
-0.0002626294
-0.0074452707
0.003463205
-0.0045559974
-0.0023378
-0.005454582
0.00024759336
-0.00074536167
0.002614128
0.005008739
0.00083147996
-0.0027232564
-0.006259802
-0.0017519841
0.0051613306
0.0029936126
-0.00063141994
-0.00016563127
0.0020832682
0.0012248079
0.005399873
-0.0025568043
-0.0049947402
0.0046086726
-0.0021048386
0.0007776242
0.0016460479
0.0004350323
0.0030264622
0.0026126802
-0.000850843
-0.0034786172
-0.0027087268
-0.00032444778
-0.0008357755
-0.0019768581
-0.0015038662
-0.006481338
-1.0111692e-05
0.003851379
0.0020739816
-0.0063259513
0.002926198
0.0032403187
0.0041425317
-0.0012060659
0.0030394488
-0.0023651472
-0.00036787897
-0.0028315862
0.004800046
-0.0038631833
-3.9384555e-05
0.0020976684
0.001707345
-0.0031053529
0.00019214838
0.0039422126
0.0006051623
-0.002010706
0.002000966
0.0038667747
0.001461924
0.0023902724
-0.00090526784
-0.007438611
0.002302018
-0.00097294466
0.0044503966
-0.0049102125
-0.007014269
-0.00033651388
-0.001579293
-0.0044486267
0.00074924063
-0.0073906765
0.004220695
-0.006068676
-0.00041654278
-0.0019217657
0.0052936864
-0.0054696775
0.0047711423
-0.000720487
-0.0012180407
0.00160578
-0.0074255113
0.0057009915
test_mean_abs_value
1.4469986
1.027506
1.3079838
1.4994057
0.97387034
1.4235277
1.2698802
1.5566955
1.3395528
1.045573
1.1710184
1.4746294
1.1328381
1.377278
1.4562238
1.6678008
1.4548422
1.2207035
1.2818997
1.6974202
1.4358733
1.2981471
1.3196313
1.8704495
1.2918551
1.3110365
1.6645411
1.6373104
1.6955414
1.2290338
1.1881152
1.9765671
1.0030226
1.73976
1.2408061
0.9134458
1.0146753
1.6987805
1.6391375
1.3714426
1.2591851
1.1996202
1.2843554
1.4812566
1.274719
0.96480143
1.2920877
1.2644149
1.3521354
1.2433007
1.1627421
1.0753297
1.037967
1.1896881
1.2766227
1.3627846
1.3813161
1.0151143
1.0374211
1.327092
1.5267574
1.4024526
1.3958595
1.3904016
1.9978226
1.433353
1.118278
1.6911035
1.4268254
1.2044959
1.173559
1.6253196
0.9557649
1.2170126
0.9830957
1.4066054
1.6936324
1.4231907
1.2991756
1.2809907
0.98753375
1.5806651
1.2748398
1.0219146
1.1904207
1.1744239
1.3711666
1.4783306
1.1075869
1.6373233
1.3133142
1.9189669
1.5655946
1.0241016
1.5555798
1.5529897
1.5341831
1.4808996
1.6191936
1.0251514
1.5025502
1.6674905
1.0417855
1.2753948
1.8330462
1.23798
1.0120989
1.1619406
1.2760459
1.2670107
1.2599856
1.1268805
1.3446573
1.3502339
1.3579085
1.3616561
1.0483869
1.2487031
1.1847556
1.6822265
1.0944246
1.0536815
1.1574767
0.8793986
1.5017325
0.9492625
1.407834
1.0697054
1.6342099
1.3479222
1.2866598
1.9008563
1.3533912
1.9071659
1.57235
1.41377
1.7091223
1.1487185
1.0281729
1.0688952
1.224442
1.2369548
1.0339191
1.6230006
1.434187
0.9630244
1.5227823
1.2912271
1.2555448
1.3675238
1.0706013
1.4970657
1.6674967
1.1437794
1.510412
1.166027
1.4636244
1.5409396
1.3674213
1.2419311
0.96802783
0.97119015
1.4801149
1.8944744
1.3630223
1.6686368
1.4065182
1.9318665
1.279371
1.282651
1.2526579
1.4431889
1.4205967
1.5127623
1.3553742
1.2780938
1.5253817
0.8636442
1.071056
1.5952574
1.185398
1.4378707
1.6070642
1.2242264
1.669449
1.3220268
1.4586806
1.0329337
1.4722482
1.3579999
2.0281844
1.7031006
1.1768084
1.3444897
0.995015
1.0103618
1.5220661
0.9725848
1.3507388
1.4775093
1.2710345
1.1084538
1.7829095
1.0177647
1.7036979
1.6079719
1.3277243
1.4092817
1.2691677
1.4440728
1.0913773
1.1063842
1.5586066
1.2127258
1.2229244
1.017998
1.1700761
1.3292912
1.6584314
1.8261145
1.364422
1.1752709
1.1482184
1.1876409
2.079302
1.2278215
1.4061278
1.5208617
1.5971261
1.1733886
1.2395225
1.2261587
1.3082589
1.3969423
1.5184966
1.2287123
1.4830991
1.5654706
1.5100863
0.8864368
1.4158993
1.3861818
1.0886971
1.7720516
1.4746066
1.4115864
1.3652213
1.2095772
1.3237268
1.3098907
1.0952802
1.8298162
1.4013497
1.4136486
1.5950276
1.3383781
test_variance_value
3.2905967
1.8099988
2.7341254
3.694595
1.5189966
3.3788462
2.5847266
3.958752
2.9048796
1.7983272
2.3085723
3.5428092
2.102553
3.1000354
3.537392
4.5968876
3.4132357
2.5327547
2.5929208
4.677501
3.3238013
2.670225
2.771807
5.689164
2.7813017
2.9371095
4.4788456
4.324273
4.5852265
2.3867128
2.387433
6.3950353
1.5981572
4.9198885
2.5308597
1.3777406
1.6809555
4.6294146
4.2922735
3.0457246
2.6377673
2.4444816
2.649693
3.5361452
2.7173054
1.5343844
2.6949236
2.573224
3.0242376
2.5133207
2.3038101
1.8450551
1.7573572
2.247745
2.6143675
2.9238558
2.985297
1.6623096
1.7503058
2.8368373
3.782602
3.168577
3.1646745
3.0779662
6.5631695
3.2412682
2.0312655
4.657347
3.2080123
2.2972548
2.2532353
4.2771616
1.4806445
2.5462542
1.593918
3.3687518
4.7509546
3.3567498
2.6596024
2.5635858
1.5758246
4.085772
2.5773137
1.6887258
2.3739903
2.2293534
2.991156
3.499339
2.1532722
4.323662
2.7311084
6.0655394
3.8400662
1.6638049
3.9840424
3.9134786
3.9109862
3.5306652
4.169196
1.7192668
3.5610182
4.928613
1.8982372
2.6377156
5.549814
2.762484
1.6215055
2.2173264
2.8362398
2.6498506
2.845797
2.0307987
2.9549398
2.929246
2.8844922
2.9104962
1.7445538
2.4600656
2.3069253
4.6554894
1.9433539
1.8123524
2.1642222
1.2971444
3.536469
1.4662536
3.0933352
1.9296916
4.3423605
2.918701
2.7126088
5.89877
2.9812126
5.9122167
3.8875296
3.2217023
4.8326635
2.2230368
1.7217305
1.8542303
2.5064487
2.5211444
1.7635387
4.2718573
3.4775662
1.5824919
3.7049203
2.7467132
2.5778956
3.0242226
1.8239552
3.5447369
4.5251565
2.1599746
4.0488167
2.180363
3.5027504
3.8344674
2.9256408
2.4301662
1.5113665
1.5181532
3.5503495
5.944628
2.9457853
4.8846216
3.0993576
6.1486526
2.599982
2.6468515
2.4995635
3.6587532
3.2670555
3.7997808
3.0371199
2.6595669
3.9981983
1.2834959
1.9069217
4.0891595
2.2738817
3.4503918
4.145572
2.5107956
4.369316
2.8012035
3.40151
1.7683625
3.4943697
3.0191972
6.7869344
4.6663866
2.3107233
2.8474684
1.5786324
1.6301467
3.763355
1.5364399
3.0385165
3.5680501
2.6658056
2.0037277
5.1648607
1.7817669
4.5839305
4.104508
2.7643209
3.4360693
2.662813
3.3120668
1.9004264
1.9343396
3.8739219
2.4176142
2.5003984
1.697877
2.1928425
2.8659825
4.612503
5.5279264
3.3857112
2.3328319
2.1082718
2.2837365
7.246532
2.604183
3.2896664
3.8516095
3.9777124
2.1631703
2.4109025
2.5261111
2.6836162
3.2052672
3.7438285
2.3674912
3.558279
4.0933523
3.757503
1.2501498
3.1743517
3.0330534
1.9241524
4.97247
3.4937634
3.3887074
3.100003
2.499076
2.8527882
2.6899757
1.9417592
5.423234
3.2240057
3.1886003
4.0795364
3.0476968
test_mean_costs
0.0
0.0
0.0
0.0
0.0
0.0
0.0
0.0
0.0
0.0
0.0
0.0
0.0
0.0
0.0
0.0
0.0
0.0
0.0
0.0
0.0
0.0
0.0
0.0
0.0
0.0
0.0
0.0
0.0
0.0
0.0
0.0
0.0
0.0
0.0
0.0
0.0
0.0
0.0
0.0
0.0
0.0
0.0
0.0
0.0
0.0
0.0
0.0
0.0
0.0
0.0
0.0
0.0
0.0
0.0
0.0
0.0
0.0
0.0
0.0
0.0
0.0
0.0
0.0
0.0
0.0
0.0
0.0
0.0
0.0
0.0
0.0
0.0
0.0
0.0
0.0
0.0
0.0
0.0
0.0
0.0
0.0
0.0
0.0
0.0
0.0
0.0
0.0
0.0
0.0
0.0
0.0
0.0
0.0
0.0
0.0
0.0
0.0
0.0
0.0
0.0
0.0
0.0
0.0
0.0
0.0
0.0
0.0
0.0
0.0
0.0
0.0
0.0
0.0
0.0
0.0
0.0
0.0
0.0
0.0
0.0
0.0
0.0
0.0
0.0
0.0
0.0
0.0
0.0
0.0
0.0
0.0
0.0
0.0
0.0
0.0
0.0
0.0
0.0
0.0
0.0
0.0
0.0
0.0
0.0
0.0
0.0
0.0
0.0
0.0
0.0
0.0
0.0
0.0
0.0
0.0
0.0
0.0
0.0
0.0
0.0
0.0
0.0
0.0
0.0
0.0
0.0
0.0
0.0
0.0
0.0
0.0
0.0
0.0
0.0
0.0
0.0
0.0
0.0
0.0
0.0
0.0
0.0
0.0
0.0
0.0
0.0
0.0
0.0
0.0
0.0
0.0
0.0
0.0
0.0
0.0
0.0
0.0
0.0
0.0
0.0
0.0
0.0
0.0
0.0
0.0
0.0
0.0
0.0
0.0
0.0
0.0
0.0
0.0
0.0
0.0
0.0
0.0
0.0
0.0
0.0
0.0
0.0
0.0
0.0
0.0
0.0
0.0
0.0
0.0
0.0
0.0
0.0
0.0
0.0
0.0
0.0
0.0
0.0
0.0
0.0
0.0
0.0
0.0
0.0
0.0
0.0
0.0
0.0
0.0
0.0
0.0
0.0
0.0
0.0
0.0
test_mean_abs_costs
0.0
0.0
0.0
0.0
0.0
0.0
0.0
0.0
0.0
0.0
0.0
0.0
0.0
0.0
0.0
0.0
0.0
0.0
0.0
0.0
0.0
0.0
0.0
0.0
0.0
0.0
0.0
0.0
0.0
0.0
0.0
0.0
0.0
0.0
0.0
0.0
0.0
0.0
0.0
0.0
0.0
0.0
0.0
0.0
0.0
0.0
0.0
0.0
0.0
0.0
0.0
0.0
0.0
0.0
0.0
0.0
0.0
0.0
0.0
0.0
0.0
0.0
0.0
0.0
0.0
0.0
0.0
0.0
0.0
0.0
0.0
0.0
0.0
0.0
0.0
0.0
0.0
0.0
0.0
0.0
0.0
0.0
0.0
0.0
0.0
0.0
0.0
0.0
0.0
0.0
0.0
0.0
0.0
0.0
0.0
0.0
0.0
0.0
0.0
0.0
0.0
0.0
0.0
0.0
0.0
0.0
0.0
0.0
0.0
0.0
0.0
0.0
0.0
0.0
0.0
0.0
0.0
0.0
0.0
0.0
0.0
0.0
0.0
0.0
0.0
0.0
0.0
0.0
0.0
0.0
0.0
0.0
0.0
0.0
0.0
0.0
0.0
0.0
0.0
0.0
0.0
0.0
0.0
0.0
0.0
0.0
0.0
0.0
0.0
0.0
0.0
0.0
0.0
0.0
0.0
0.0
0.0
0.0
0.0
0.0
0.0
0.0
0.0
0.0
0.0
0.0
0.0
0.0
0.0
0.0
0.0
0.0
0.0
0.0
0.0
0.0
0.0
0.0
0.0
0.0
0.0
0.0
0.0
0.0
0.0
0.0
0.0
0.0
0.0
0.0
0.0
0.0
0.0
0.0
0.0
0.0
0.0
0.0
0.0
0.0
0.0
0.0
0.0
0.0
0.0
0.0
0.0
0.0
0.0
0.0
0.0
0.0
0.0
0.0
0.0
0.0
0.0
0.0
0.0
0.0
0.0
0.0
0.0
0.0
0.0
0.0
0.0
0.0
0.0
0.0
0.0
0.0
0.0
0.0
0.0
0.0
0.0
0.0
0.0
0.0
0.0
0.0
0.0
0.0
0.0
0.0
0.0
0.0
0.0
0.0
0.0
0.0
0.0
0.0
0.0
0.0
test_variance_costs
0.0
0.0
0.0
0.0
0.0
0.0
0.0
0.0
0.0
0.0
0.0
0.0
0.0
0.0
0.0
0.0
0.0
0.0
0.0
0.0
0.0
0.0
0.0
0.0
0.0
0.0
0.0
0.0
0.0
0.0
0.0
0.0
0.0
0.0
0.0
0.0
0.0
0.0
0.0
0.0
0.0
0.0
0.0
0.0
0.0
0.0
0.0
0.0
0.0
0.0
0.0
0.0
0.0
0.0
0.0
0.0
0.0
0.0
0.0
0.0
0.0
0.0
0.0
0.0
0.0
0.0
0.0
0.0
0.0
0.0
0.0
0.0
0.0
0.0
0.0
0.0
0.0
0.0
0.0
0.0
0.0
0.0
0.0
0.0
0.0
0.0
0.0
0.0
0.0
0.0
0.0
0.0
0.0
0.0
0.0
0.0
0.0
0.0
0.0
0.0
0.0
0.0
0.0
0.0
0.0
0.0
0.0
0.0
0.0
0.0
0.0
0.0
0.0
0.0
0.0
0.0
0.0
0.0
0.0
0.0
0.0
0.0
0.0
0.0
0.0
0.0
0.0
0.0
0.0
0.0
0.0
0.0
0.0
0.0
0.0
0.0
0.0
0.0
0.0
0.0
0.0
0.0
0.0
0.0
0.0
0.0
0.0
0.0
0.0
0.0
0.0
0.0
0.0
0.0
0.0
0.0
0.0
0.0
0.0
0.0
0.0
0.0
0.0
0.0
0.0
0.0
0.0
0.0
0.0
0.0
0.0
0.0
0.0
0.0
0.0
0.0
0.0
0.0
0.0
0.0
0.0
0.0
0.0
0.0
0.0
0.0
0.0
0.0
0.0
0.0
0.0
0.0
0.0
0.0
0.0
0.0
0.0
0.0
0.0
0.0
0.0
0.0
0.0
0.0
0.0
0.0
0.0
0.0
0.0
0.0
0.0
0.0
0.0
0.0
0.0
0.0
0.0
0.0
0.0
0.0
0.0
0.0
0.0
0.0
0.0
0.0
0.0
0.0
0.0
0.0
0.0
0.0
0.0
0.0
0.0
0.0
0.0
0.0
0.0
0.0
0.0
0.0
0.0
0.0
0.0
0.0
0.0
0.0
0.0
0.0
0.0
0.0
0.0
0.0
0.0
0.0
test_mean_wealth
-2.3824418
-2.5222678
-2.517956
-2.5969622
-2.1820426
-2.583845
-2.2647536
-2.3480222
-2.4169044
-2.3850477
-2.3528607
-2.3586845
-2.2115366
-2.527075
-2.5392172
-2.328459
-2.4108484
-2.3371775
-2.4319863
-2.544338
-2.335557
-2.6791792
-2.366324
-2.7793224
-2.5252762
-2.382991
-2.4707756
-2.3779864
-2.5321493
-2.5395598
-2.3289325
-2.5721095
-2.344565
-2.323677
-2.536051
-2.4337401
-2.2897086
-2.4957361
-2.4393864
-2.2427008
-2.3508654
-2.5018597
-2.3036354
-2.5245795
-2.483831
-2.4566712
-2.3187745
-2.4585466
-2.3222003
-2.2968757
-2.4096165
-2.505209
-2.693796
-2.2431133
-2.4360054
-2.3038907
-2.5110755
-2.4062016
-2.4823687
-2.4385257
-2.2984762
-2.4948447
-2.5584893
-2.19927
-2.5183423
-2.367689
-2.4467113
-2.3384504
-2.2266219
-2.3772256
-2.3360677
-2.4039674
-2.3595893
-2.239442
-2.147628
-2.5820453
-2.407048
-2.2478642
-2.4181705
-2.3661606
-2.3882165
-2.4253013
-2.3232124
-2.0339482
-2.4200544
-2.3202837
-2.5978575
-2.3837762
-2.4625037
-2.237152
-2.40176
-2.5574377
-2.4713943
-2.5661538
-2.380466
-2.3146195
-2.3551378
-2.5189812
-2.6366913
-2.366955
-2.5394092
-2.4728384
-2.3526874
-2.2178133
-2.421333
-2.6023517
-2.4009464
-2.287389
-2.408767
-2.5280802
-2.410288
-2.3653812
-2.6297045
-2.371354
-2.5553358
-2.3088973
-2.1573062
-2.4987137
-2.2500675
-2.3192449
-2.3494742
-2.5128653
-2.1325493
-2.395718
-2.5320942
-2.1256073
-2.4332087
-2.18095
-2.5185163
-2.2962573
-2.5490735
-2.529017
-2.5200925
-2.4843671
-2.55277
-2.4720368
-2.464425
-2.303832
-2.4335697
-2.3293235
-2.4562628
-2.3092813
-2.4254572
-2.3511362
-2.3352406
-2.3583975
-2.4152038
-2.448066
-2.348782
-2.6024973
-2.2028432
-2.3406105
-2.4021068
-2.4202821
-2.543699
-2.629288
-2.3676481
-2.338221
-2.5527894
-2.4808924
-2.3134143
-2.3993223
-2.5197184
-2.4054441
-2.3788402
-2.731026
-2.2988932
-2.3958778
-2.5719688
-2.338213
-2.3972566
-2.3965108
-2.3021488
-2.6664915
-2.5448995
-2.3838556
-2.409712
-2.194421
-2.496698
-2.4531574
-2.4712203
-2.4748127
-2.4157112
-2.2342684
-2.45903
-2.3495102
-2.3647795
-2.3381057
-2.4031727
-2.5043924
-2.3220642
-2.4625382
-2.360764
-2.3524528
-2.0658278
-2.170879
-2.436094
-2.3195786
-2.5288537
-2.386917
-2.4101036
-2.2930908
-2.5633125
-2.533743
-2.5685554
-2.5846937
-2.3038998
-2.5066116
-2.4110057
-2.4699929
-2.468964
-2.336848
-2.5303235
-2.4931757
-2.4663098
-2.342124
-2.5648851
-2.2203193
-2.5525093
-2.4415011
-2.5359924
-2.429416
-2.3144088
-2.3607032
-2.7522006
-2.4515688
-2.3162482
-2.4446762
-2.4408665
-2.2426941
-2.254002
-2.37492
-2.4016063
-2.4325237
-2.459808
-2.443781
-2.485722
-2.4179215
-2.2786381
-2.2047331
-2.4178667
-2.5825176
-2.4541616
-2.602364
-2.2903385
-2.1839411
-2.4263349
-2.3806846
-2.5508294
-2.414686
-2.4124815
-2.3729265
-2.3485827
-2.5161717
-2.5282507
-2.7531908
test_mean_abs_wealth
2.3824418
2.5222678
2.517956
2.5969622
2.1820426
2.583845
2.2647536
2.3480222
2.4169044
2.3850477
2.3528607
2.3586845
2.2115366
2.527075
2.5392172
2.328459
2.4108484
2.3371775
2.4319863
2.544338
2.335557
2.6791792
2.366324
2.7793224
2.5252762
2.382991
2.4707756
2.3779864
2.5321493
2.5395598
2.3289325
2.5721095
2.344565
2.323677
2.536051
2.4337401
2.2897086
2.4957361
2.4393864
2.2427008
2.3508654
2.5018597
2.3036354
2.5245795
2.483831
2.4566712
2.3187745
2.4585466
2.3222003
2.2968757
2.4096165
2.505209
2.693796
2.2431133
2.4360054
2.3038907
2.5110755
2.4062016
2.4823687
2.4385257
2.2984762
2.4948447
2.5584893
2.19927
2.5183423
2.367689
2.4467113
2.3384504
2.2266219
2.3772256
2.3360677
2.4039674
2.3595893
2.239442
2.147628
2.5820453
2.407048
2.2478642
2.4181705
2.3661606
2.3882165
2.4253013
2.3232124
2.0339482
2.4200544
2.3202837
2.5978575
2.3837762
2.4625037
2.237152
2.40176
2.5574377
2.4713943
2.5661538
2.380466
2.3146195
2.3551378
2.5189812
2.6366913
2.366955
2.5394092
2.4728384
2.3526874
2.2178133
2.421333
2.6023517
2.4009464
2.287389
2.408767
2.5280802
2.410288
2.3653812
2.6297045
2.371354
2.5553358
2.3088973
2.1573062
2.4987137
2.2500675
2.3192449
2.3494742
2.5128653
2.1325493
2.395718
2.5320942
2.1256073
2.4332087
2.18095
2.5185163
2.2962573
2.5490735
2.529017
2.5200925
2.4843671
2.55277
2.4720368
2.464425
2.303832
2.4335697
2.3293235
2.4562628
2.3092813
2.4254572
2.3511362
2.3352406
2.3583975
2.4152038
2.448066
2.348782
2.6024973
2.2028432
2.3406105
2.4021068
2.4202821
2.543699
2.629288
2.3676481
2.338221
2.5527894
2.4808924
2.3134143
2.3993223
2.5197184
2.4054441
2.3788402
2.731026
2.2988932
2.3958778
2.5719688
2.338213
2.3972566
2.3965108
2.3021488
2.6664915
2.5448995
2.3838556
2.409712
2.194421
2.496698
2.4531574
2.4712203
2.4748127
2.4157112
2.2342684
2.45903
2.3495102
2.3647795
2.3381057
2.4031727
2.5043924
2.3220642
2.4625382
2.360764
2.3524528
2.0658278
2.170879
2.436094
2.3195786
2.5288537
2.386917
2.4101036
2.2930908
2.5633125
2.533743
2.5685554
2.5846937
2.3038998
2.5066116
2.4110057
2.4699929
2.468964
2.336848
2.5303235
2.4931757
2.4663098
2.342124
2.5648851
2.2203193
2.5525093
2.4415011
2.5359924
2.429416
2.3144088
2.3607032
2.7522006
2.4515688
2.3162482
2.4446762
2.4408665
2.2426941
2.254002
2.37492
2.4016063
2.4325237
2.459808
2.443781
2.485722
2.4179215
2.2786381
2.2047331
2.4178667
2.5825176
2.4541616
2.602364
2.2903385
2.1839411
2.4263349
2.3806846
2.5508294
2.414686
2.4124815
2.3729265
2.3485827
2.5161717
2.5282507
2.7531908
test_variance_wealth
0.10389133
0.08808184
0.07584622
0.10754347
0.07580222
0.12808967
0.069554195
0.095248975
0.089912586
0.1104954
0.08086327
0.07793858
0.07799488
0.09244026
0.0966706
0.08354109
0.08022591
0.099175185
0.11180631
0.09080463
0.08298766
0.1003105
0.07975646
0.12541346
0.09497935
0.10217406
0.08070343
0.07320717
0.09650146
0.09495677
0.10513616
0.11160206
0.07894186
0.07602664
0.094420224
0.08465002
0.08610942
0.09370398
0.09559096
0.067279145
0.0932815
0.09689313
0.07795483
0.092695415
0.087392054
0.09257724
0.090008825
0.09020265
0.09051714
0.09554218
0.100865014
0.095628045
0.109906614
0.11240676
0.08704098
0.07393996
0.08790726
0.09549946
0.09521028
0.070429385
0.08422733
0.11567061
0.11384081
0.0619737
0.10091356
0.09561983
0.09396117
0.0767357
0.08119616
0.08731689
0.08977474
0.07480499
0.07751914
0.10435177
0.064849585
0.124935046
0.09099334
0.0909628
0.07942074
0.08648826
0.08328594
0.086722
0.06769595
0.060970187
0.08900963
0.0947248
0.09579234
0.07215329
0.09463053
0.09413499
0.084741645
0.12510899
0.10330891
0.09014976
0.113581605
0.0836373
0.090351366
0.10328918
0.087629996
0.10567666
0.08785374
0.13290267
0.1009759
0.06299632
0.09786515
0.123971224
0.076134875
0.08232245
0.12108525
0.11593034
0.12249923
0.082991056
0.09342928
0.0747246
0.10374733
0.08156552
0.06854761
0.08122502
0.096716404
0.0805254
0.09851224
0.09900482
0.06928851
0.091513276
0.1113044
0.06849307
0.07771101
0.08338843
0.11323249
0.086190686
0.119014524
0.08870784
0.09337749
0.124858275
0.090671204
0.09466035
0.10136997
0.08889284
0.10390859
0.0825049
0.094730906
0.07283738
0.09032072
0.09825773
0.083313555
0.08341624
0.08610615
0.09861383
0.08959856
0.1298352
0.06591787
0.095399655
0.10009168
0.07842795
0.11965536
0.08739299
0.09532279
0.07837123
0.084718205
0.09559753
0.07318714
0.09227449
0.095665
0.10980915
0.10650328
0.15573885
0.11097138
0.090617396
0.0995892
0.0804525
0.07478553
0.11195407
0.08133571
0.09827106
0.11008218
0.11566299
0.103726275
0.08001352
0.09431201
0.09802121
0.08578504
0.091654226
0.08541914
0.07418622
0.10686794
0.07368489
0.08863187
0.087452516
0.08542315
0.092307046
0.10862793
0.07618708
0.10188442
0.07747478
0.06320791
0.07251032
0.08989759
0.089122646
0.100169525
0.07962343
0.13381459
0.09829141
0.10323836
0.09197631
0.11839756
0.10492074
0.069616534
0.11586139
0.09083068
0.09575359
0.10583879
0.08555825
0.080543146
0.097663835
0.114007846
0.10070669
0.09302567
0.06577171
0.10687761
0.110457145
0.13035488
0.08376372
0.07113109
0.07732316
0.13750678
0.09997135
0.075844936
0.08388547
0.13156126
0.07319594
0.05960962
0.089684926
0.07546183
0.09975102
0.0882273
0.08223416
0.09898323
0.100573376
0.0901036
0.05336493
0.076965444
0.113445126
0.115130894
0.105573036
0.06959783
0.08706759
0.09165516
0.11280816
0.10338472
0.06756651
0.10129883
0.0917044
0.08232424
0.095834844
0.11263801
0.12849033
test_wealth_with_price_abs_mean
0.25213084
0.23306055
0.21676743
0.2571791
0.21575482
0.27945727
0.20722443
0.24150574
0.23511255
0.25955692
0.2232537
0.2193886
0.21877949
0.23870647
0.24408263
0.22636367
0.22251205
0.24522595
0.26117074
0.23629266
0.22582647
0.24862844
0.22184761
0.2775814
0.2417437
0.24987799
0.22318456
0.21239865
0.24382783
0.24168578
0.25334907
0.26159096
0.22017762
0.21663316
0.24074805
0.22793046
0.2298924
0.240148
0.24176832
0.20404877
0.23879819
0.24421255
0.21914557
0.23884751
0.23196596
0.23863523
0.23443604
0.23536783
0.23548666
0.2414503
0.24860157
0.24242081
0.25997382
0.2611141
0.23126811
0.21372476
0.23279355
0.24186584
0.24185361
0.20914395
0.22690403
0.26522797
0.26383522
0.19585113
0.2487114
0.24195966
0.23955478
0.21736458
0.22327588
0.23171014
0.23452044
0.21507874
0.21855937
0.25154993
0.19996133
0.27554718
0.23557758
0.23502505
0.22131258
0.23051776
0.22632232
0.23087412
0.20440793
0.19349529
0.23408142
0.24069926
0.2429064
0.21109563
0.24070047
0.2395748
0.2282077
0.2762261
0.25159848
0.23582241
0.2628568
0.22628121
0.23545636
0.2515046
0.23265845
0.253888
0.23278728
0.2843328
0.24750967
0.19726898
0.24510461
0.27491057
0.21691917
0.224727
0.27100623
0.26641598
0.2723915
0.22572039
0.24025658
0.21480075
0.2524102
0.22392398
0.20538469
0.22403578
0.2427143
0.22239225
0.24522427
0.24671048
0.20634478
0.23736157
0.26113623
0.20537694
0.21923867
0.2255291
0.26261273
0.22974175
0.2699892
0.233885
0.23920411
0.27575263
0.2368376
0.2413589
0.24907713
0.23329346
0.25213563
0.22504388
0.24154086
0.2119376
0.23542441
0.24522704
0.22610527
0.22636972
0.23032099
0.24575724
0.23447534
0.28123307
0.20190746
0.24177408
0.24752012
0.21968246
0.27078983
0.23245244
0.24119072
0.21960284
0.22895306
0.24208985
0.21239068
0.23795748
0.24275735
0.25737658
0.25469792
0.30767024
0.25975373
0.23599471
0.24739027
0.22230014
0.2151404
0.2609412
0.22361612
0.24622835
0.25949696
0.26571533
0.2519823
0.22118439
0.24089293
0.24472053
0.23001155
0.23741634
0.22904369
0.21347794
0.2558278
0.2134815
0.23322786
0.23182906
0.22945581
0.23814176
0.25704205
0.21712707
0.24959773
0.21853647
0.19722003
0.21071553
0.23508717
0.23403428
0.24793358
0.22149678
0.2847916
0.24519901
0.25161424
0.23805872
0.26917055
0.2541806
0.20749187
0.26558805
0.23628786
0.24275112
0.25426057
0.22956012
0.22326052
0.2446091
0.2636258
0.2481132
0.23932645
0.20159319
0.25606152
0.25957185
0.2815534
0.22728743
0.20942992
0.21840313
0.29018822
0.24741139
0.21606639
0.22756016
0.2824642
0.2122706
0.19198044
0.2347385
0.21610714
0.24710357
0.23321858
0.22522067
0.2466495
0.24826145
0.2344367
0.18202005
0.21787143
0.26338947
0.26446864
0.25477585
0.20729439
0.23074381
0.23733181
0.26163748
0.25193125
0.2045981
0.24869142
0.23695356
0.22511366
0.24249324
0.26266748
0.28079847
test_wealth_with_price_variance
0.10389133
0.08808184
0.07584622
0.10754347
0.07580222
0.12808967
0.069554195
0.095248975
0.089912586
0.1104954
0.08086327
0.07793858
0.07799488
0.09244026
0.0966706
0.08354109
0.08022591
0.099175185
0.11180631
0.09080463
0.08298766
0.1003105
0.07975646
0.12541346
0.09497935
0.10217406
0.08070343
0.07320717
0.09650146
0.09495677
0.10513616
0.11160206
0.07894186
0.07602664
0.094420224
0.08465002
0.08610942
0.09370398
0.09559096
0.067279145
0.0932815
0.09689313
0.07795483
0.092695415
0.087392054
0.09257724
0.090008825
0.09020265
0.09051714
0.09554218
0.100865014
0.095628045
0.109906614
0.11240676
0.08704098
0.07393996
0.08790726
0.09549946
0.09521028
0.070429385
0.08422733
0.11567061
0.11384081
0.0619737
0.10091356
0.09561983
0.09396117
0.0767357
0.08119616
0.08731689
0.08977474
0.07480499
0.07751914
0.10435177
0.064849585
0.124935046
0.09099334
0.0909628
0.07942074
0.08648826
0.08328594
0.086722
0.06769595
0.060970187
0.08900963
0.0947248
0.09579234
0.07215329
0.09463053
0.09413499
0.084741645
0.12510899
0.10330891
0.09014976
0.113581605
0.0836373
0.090351366
0.10328918
0.087629996
0.10567666
0.08785374
0.13290267
0.1009759
0.06299632
0.09786515
0.123971224
0.076134875
0.08232245
0.12108525
0.11593034
0.12249923
0.082991056
0.09342928
0.0747246
0.10374733
0.08156552
0.06854761
0.08122502
0.096716404
0.0805254
0.09851224
0.09900482
0.06928851
0.091513276
0.1113044
0.06849307
0.07771101
0.08338843
0.11323249
0.086190686
0.119014524
0.08870784
0.09337749
0.124858275
0.090671204
0.09466035
0.10136997
0.08889284
0.10390859
0.0825049
0.094730906
0.07283738
0.09032072
0.09825773
0.083313555
0.08341624
0.08610615
0.09861383
0.08959856
0.1298352
0.06591787
0.095399655
0.10009168
0.07842795
0.11965536
0.08739299
0.09532279
0.07837123
0.084718205
0.09559753
0.07318714
0.09227449
0.095665
0.10980915
0.10650328
0.15573885
0.11097138
0.090617396
0.0995892
0.0804525
0.07478553
0.11195407
0.08133571
0.09827106
0.11008218
0.11566299
0.103726275
0.08001352
0.09431201
0.09802121
0.08578504
0.091654226
0.08541914
0.07418622
0.10686794
0.07368489
0.08863187
0.087452516
0.08542315
0.092307046
0.10862793
0.07618708
0.10188442
0.07747478
0.06320791
0.07251032
0.08989759
0.089122646
0.100169525
0.07962343
0.13381459
0.09829141
0.10323836
0.09197631
0.11839756
0.10492074
0.069616534
0.11586139
0.09083068
0.09575359
0.10583879
0.08555825
0.080543146
0.097663835
0.114007846
0.10070669
0.09302567
0.06577171
0.10687761
0.110457145
0.13035488
0.08376372
0.07113109
0.07732316
0.13750678
0.09997135
0.075844936
0.08388547
0.13156126
0.07319594
0.05960962
0.089684926
0.07546183
0.09975102
0.0882273
0.08223416
0.09898323
0.100573376
0.0901036
0.05336493
0.076965444
0.113445126
0.115130894
0.105573036
0.06959783
0.08706759
0.09165516
0.11280816
0.10338472
0.06756651
0.10129883
0.0917044
0.08232424
0.095834844
0.11263801
0.12849033
price
2.3822913
2.521269
2.5173678
2.596155
2.1810064
2.5850918
2.2654386
2.3473194
2.4155786
2.3858588
2.3526905
2.3581684
2.212325
2.52676
2.5391378
2.3283565
2.4104176
2.3365612
2.431256
2.5433345
2.3339508
2.6783412
2.3657458
2.7794738
2.5248632
2.382928
2.4709463
2.376738
2.532593
2.5391636
2.3286164
2.5709155
2.3437696
2.3239782
2.5359728
2.433965
2.2901578
2.4950418
2.4389198
2.2430189
2.3496132
2.5029988
2.3026016
2.5255482
2.4832175
2.4558737
2.3176558
2.4578416
2.322041
2.2963724
2.4088287
2.505314
2.6946445
2.2429023
2.4349084
2.3045573
2.5113323
2.4066591
2.4817436
2.4387574
2.2979445
2.494597
2.5582974
2.1986501
2.5175657
2.3686082
2.4458039
2.3389187
2.2261477
2.3768668
2.3373437
2.403454
2.359348
2.2407851
2.147515
2.580644
2.4065676
2.2485309
2.4190202
2.3661885
2.3879385
2.425133
2.3216646
2.0337243
2.4207838
2.3191655
2.5972354
2.3844078
2.4620664
2.2367895
2.402854
2.557611
2.4715812
2.565884
2.38148
2.3137112
2.3541403
2.5193853
2.6360536
2.367058
2.539086
2.4732928
2.3532948
2.2174287
2.4215784
2.6025493
2.4014497
2.2867038
2.408463
2.5281556
2.4101388
2.3651118
2.6293945
2.371008
2.5557895
2.3091526
2.1566005
2.4990993
2.2506351
2.319267
2.3499827
2.5118818
2.1323
2.3956745
2.5307677
2.125599
2.4330692
2.1813302
2.5174115
2.2965178
2.5484338
2.5285869
2.5191326
2.4837112
2.5526123
2.4723616
2.4644833
2.3030863
2.4323545
2.3288357
2.4556155
2.309311
2.4261122
2.3512297
2.3351762
2.3583262
2.41502
2.4472098
2.349165
2.602054
2.2022457
2.3415222
2.403191
2.419873
2.5433536
2.6285694
2.3676121
2.3378072
2.5527906
2.4813817
2.3126435
2.3993645
2.5192945
2.406144
2.3785148
2.730479
2.2976665
2.3960958
2.5716934
2.338487
2.3976665
2.3965821
2.3023486
2.6653059
2.5445461
2.3830802
2.408504
2.1934552
2.4972217
2.4526098
2.4710476
2.4756713
2.4159338
2.2338052
2.4575405
2.3502178
2.364422
2.337804
2.4028747
2.5049148
2.3196588
2.4621596
2.3611376
2.3524826
2.0651116
2.1706991
2.4361944
2.3202486
2.5279298
2.386031
2.409997
2.2926526
2.56408
2.5333233
2.5684962
2.584007
2.3034866
2.5048509
2.40976
2.4691553
2.468827
2.3353372
2.529931
2.49313
2.465842
2.3424535
2.564478
2.2202349
2.5525367
2.4409316
2.5367393
2.42946
2.3138852
2.3596249
2.753029
2.4522555
2.3157318
2.4450066
2.440729
2.242525
2.2541482
2.3738413
2.4020934
2.432571
2.4598687
2.4440296
2.4852507
2.4177923
2.2794335
2.2040243
2.4179244
2.5815942
2.4536555
2.601519
2.2899806
2.1847825
2.4244447
2.3801377
2.5518153
2.4139721
2.411976
2.372139
2.3486927
2.5158186
2.5266
2.753005
train_time
0.4160718000000001
0.3204065999999992
0.3321127999999991
0.3272663999999992
0.44255330000000015
0.3548568000000003
0.31636239999999916
0.3160458999999989
0.3826605999999977
0.42093249999999927
0.37486769999999936
0.4941590999999974
0.3303286999999955
0.32958969999999965
0.33648099999999914
0.35355219999999576
0.355295500000004
0.33135629999999594
0.3318219999999954
0.4716452999999987
0.34657550000000015
0.34867810000000077
0.32679170000000113
0.33382849999999564
0.3499735000000044
0.4176621999999952
0.3327503999999948
0.5563657999999947
0.33739380000000097
0.35506920000000264
0.3257194000000112
0.33186609999999916
0.3657019000000048
0.3694832000000048
0.34139190000000497
0.3261780999999928
0.3358602999999931
0.33553410000000383
0.5629538000000025
0.36260539999999253
0.3158115999999893
0.31590009999999324
0.33604390000000706
0.3573205999999942
0.34091089999999724
0.3470329000000021
0.3166334999999947
0.34573389999999904
0.3333436000000063
0.32647470000000567
0.32652210000000537
0.33885680000000207
0.31815539999999487
0.35183280000001105
0.3524518000000114
0.3619151000000045
0.34827699999999595
0.46279469999998923
0.4015794000000028
0.48208450000001335
0.326582099999996
0.36951389999998696
0.3231211000000087
0.36834609999999657
0.6996626999999762
0.32413940000000707
0.33809329999999704
0.3469504999999913
0.3355119000000002
0.3322116999999878
0.32279909999999745
0.33012650000000576
0.33680929999999876
0.33716060000000425
0.323494299999993
0.3188163000000088
0.35610739999998486
0.3164628000000107
0.34996650000002205
0.3093073000000004
0.7870663000000206
0.3346495000000118
0.3219895000000008
0.3352286999999876
0.33887359999999944
0.33226539999998295
0.34800129999999285
0.3384505999999874
0.32846309999999335
0.3461061000000143
0.3106128999999953
0.32202570000001174
0.366533899999979
0.3231567999999925
0.34360739999999623
0.34570469999999887
0.32463319999999385
0.3036913000000254
0.3283217000000036
0.3341729999999643
0.33619860000004564
0.3348260999999866
0.3264706999999589
0.32148730000000114
0.32674400000001924
0.3261191999999937
0.33576020000003837
0.3233176999999614
0.33765959999999495
0.33215150000000904
0.33544480000000476
0.32321389999998473
0.31091649999996207
0.3273591999999894
0.32480099999997947
0.31138919999995096
0.32627919999998767
0.33471119999995835
0.32158250000003363
0.3540173000000095
0.4258236000000011
0.33801799999997684
1.0125549999999635
0.3243085000000292
0.35327110000002904
0.33802259999998796
0.33092580000004546
0.31689970000002177
0.3339331000000243
0.32247569999998404
0.32162360000000945
0.32293219999996836
0.31921330000000125
0.32938560000002326
0.31320859999999584
0.3162201999999752
0.30852740000000267
0.3406853000000183
0.33550650000000815
0.346957199999963
0.33045710000004647
0.3225212000000397
0.33500159999999823
0.32345370000001594
0.318172699999991
0.32313049999999066
0.34263850000002094
0.3295908000000054
0.3345745999999963
1.1811309999999935
0.33312820000003285
0.3407060000000115
0.3445403999999712
0.3145824999999718
0.3274294000000282
0.3213162000000125
0.3168782000000192
0.34049179999999524
0.31230570000002444
0.32402519999999413
0.32797399999998333
0.3174842999999896
0.3353329000000258
0.3375394000000256
0.3240948000000117
0.3346844999999803
0.3321283999999878
0.3529131000000234
0.32995340000002216
0.3180120999999758
0.4285133000000201
0.4511244999999917
0.4720015999999987
0.3405937999999651
0.3306167000000073
0.3511340999999675
0.3215463000000227
0.3335761999999818
0.32208349999996244
0.37428919999996424
1.3354201000000216
0.3185071999999991
0.327073299999995
0.3279070000000388
0.2992382000000475
0.33000189999995655
0.3467110000000275
0.32465060000004087
0.32578799999998864
0.3129513000000088
0.3559569999999894
0.31393630000002304
0.3323958999999377
0.33907560000000103
0.3644692999999961
0.3128848999999718
0.36549379999996745
0.3550434999999652
0.3439922000000024
0.34359710000001087
0.31436220000000503
0.3714099000000033
0.3452045999999882
0.3296831000000111
0.3316643999999087
0.31642999999996846
0.3402721999999585
0.32657659999995303
0.3660095000000183
0.32847079999999096
0.3340763999999581
0.31730640000000676
0.3163994999999886
0.3713933999999881
0.3163430000000744
0.3096053000000438
1.640414299999975
0.35026140000002215
0.3361129999999548
0.3346837000000278
0.33170700000005127
0.3395524000000023
0.3245755000000372
0.3421918999999889
0.3285018000000264
0.5871554999999944
0.586115800000016
0.5561127999999371
0.4250049999999419
0.34678870000004736
0.3214302999999745
0.312007900000026
0.3448085999999648
0.34086469999999736
0.3308115000000953
0.32113460000005034
0.34163699999999153
0.3754407999999785
0.3711296000000175
0.3329295999999431
0.34846890000005715
0.3373004000000037
0.3270611000000372
0.3505032000000483
0.31752269999992677
0.3231713000000127
0.33298469999999725
0.3155706000000009
0.331999699999983
0.33534720000000107
0.34387549999996736
0.35080629999993107
0.35397820000002866
0.3195134999999709
0.33649130000003424
0.3567077000000154


