================================================================================
=== continuous-time
train_risk
3.9507115
3.4935622
3.4654367
3.5994506
3.0471926
3.8837175
3.4629834
3.4440088
3.1274493
3.2901661
3.2801778
3.5984569
3.4271755
3.6876144
3.8372247
3.4171968
3.6255684
3.0709958
3.4268064
3.3264153
2.9507458
3.4870157
3.9759288
3.9533637
3.8215404
3.2600062
3.6026976
3.1056042
3.5649042
3.4221776
3.215054
3.9120014
3.7995527
3.0443797
3.6156738
3.6149907
3.0969555
4.000007
3.4287663
3.533651
3.5522785
3.6442573
3.6850624
3.6209726
3.6599805
3.4348392
3.254518
3.9265354
3.283666
3.2486057
3.1543622
3.1613588
4.083827
2.993953
3.0827405
3.9160066
3.241941
3.4255779
3.672604
3.1102252
3.4451256
3.1477249
3.2475035
3.172481
3.5282583
3.3883648
3.5335672
3.261146
2.8337526
3.1261034
2.7393756
3.1694772
3.6758318
2.8736424
3.320214
3.6231773
3.2313771
3.0101902
3.2134101
3.64544
3.3767776
3.2070482
3.171494
3.0566576
3.5692213
3.259639
3.5168788
3.2056572
3.201989
3.3044467
3.155957
3.254203
3.704501
3.9778733
2.9934034
3.398883
3.2370903
3.462837
3.647121
3.7640421
3.3087602
3.260293
3.3983142
3.437798
3.40377
3.9218094
3.141938
3.320112
3.1067543
3.386672
3.4240682
3.4233596
4.0004396
3.122454
3.3428254
3.4096248
2.8623846
3.864579
3.7412488
2.9608986
3.1783082
3.3814635
2.9213336
3.51077
3.5525324
3.327225
3.1884925
2.9556046
3.994122
3.398151
3.5559516
3.8750215
3.620165
3.8907259
3.5080132
3.689787
3.031625
3.570869
3.3925934
3.2440062
3.088359
3.5888228
3.292076
3.6099331
3.2471166
2.7579052
3.6002219
3.8765926
3.627034
4.0452924
3.4704964
3.4045646
2.9018722
3.4021413
3.2506056
4.20306
3.4150114
3.0148084
3.7355564
2.844163
3.2030063
3.2283125
3.7887905
3.5909805
3.8451884
3.769062
3.807696
3.5050473
3.8309305
3.0544457
3.5135782
3.2157524
3.1855762
3.4835474
3.4436214
3.354628
3.5885494
3.055609
3.3756087
3.5125594
3.7380264
3.3138988
3.4912622
3.4427476
3.0575242
3.0486941
2.9778903
3.2083063
3.1559713
3.016136
3.2117877
3.8020308
3.5486944
3.334441
2.8532941
2.840214
3.8321302
3.4478054
3.4139557
3.3545234
3.3402767
3.1151836
4.149
3.404406
3.7321935
3.5561182
3.4197814
3.6093504
2.7821035
3.621303
4.035291
3.514765
3.8399792
3.062861
3.6044474
3.606681
3.5345025
3.3191342
3.9119828
3.1908703
3.8364584
3.7463431
3.181586
3.327787
4.116185
3.710176
3.2753103
3.7843754
3.331883
3.286704
3.4181316
3.274417
3.759526
3.207903
3.905542
3.5017846
4.162022
4.0522923
3.4441338
3.216485
2.973454
3.637584
3.8557885
3.8520484
3.1818233
3.1274314
3.5824168
3.693028
3.7388623
3.7381723
2.9598484
3.3561919
3.6568453
4.1142097
3.5702019
4.177251
test_risk
3.963676
3.4214327
3.5553913
3.6836786
3.0969157
3.939988
3.4223611
3.5107517
3.0846632
3.204432
3.2828722
3.6239855
3.38383
3.683437
3.889513
3.5507035
3.602763
3.1282082
3.4024632
3.4286985
2.932911
3.4723198
3.8738663
3.948897
3.7490208
3.2999394
3.7484262
3.059418
3.5230756
3.5347235
3.2445822
4.0518227
3.846128
2.9827304
3.7737164
3.6904416
3.0646632
4.0291185
3.5063465
3.6225047
3.5675602
3.665481
3.7528272
3.580961
3.6363475
3.4446065
3.3230278
3.9409466
3.2959352
3.217437
3.2807953
3.1295621
4.0177097
2.9282343
3.13018
3.912584
3.2813199
3.3913321
3.6588461
3.1423545
3.4012344
3.1406772
3.2177327
3.158381
3.5450718
3.4056718
3.5070834
3.2949867
2.9526322
3.192523
2.7754998
3.1826537
3.7341583
2.9129584
3.2781067
3.6862593
3.2709656
3.0454915
3.2440047
3.6883228
3.3937285
3.2179475
3.2380037
3.0676951
3.6064844
3.2033234
3.5471284
3.2070618
3.2258887
3.4360867
3.2087193
3.2623303
3.5790882
4.014718
3.0218554
3.382293
3.3575954
3.431206
3.7669656
3.736753
3.3268855
3.3531108
3.369821
3.47163
3.3365867
3.900768
3.1331553
3.3273916
3.0818732
3.4068933
3.4684937
3.552285
3.9968383
3.1939003
3.4110122
3.4706216
2.8680136
3.7809641
3.709238
2.974542
3.1776838
3.4177947
2.9712083
3.583977
3.6233711
3.410199
3.227279
2.966456
3.9656951
3.394267
3.4794037
3.9174776
3.650327
3.9306476
3.509314
3.5727627
3.0751708
3.6398423
3.380748
3.2133949
3.121679
3.4709473
3.2799757
3.427407
3.2055993
2.785999
3.6524644
3.901032
3.5643504
4.027114
3.4084718
3.3817272
2.942848
3.3619916
3.2763674
4.1196423
3.4963262
2.9998703
3.7734282
2.8883893
3.223009
3.22511
3.757489
3.5821133
3.7238884
3.7418149
3.7489676
3.5716317
3.8122191
3.0954914
3.495919
3.280115
3.1602874
3.5078602
3.4436917
3.3416357
3.554732
3.0547915
3.40513
3.5375543
3.7657356
3.325636
3.5056314
3.4947314
3.1170528
3.1075492
3.0119846
3.1468875
3.224242
3.0809994
3.2078378
3.7112412
3.495851
3.3084216
2.874025
2.835247
3.7745237
3.5105698
3.402446
3.4502003
3.347343
3.1630857
4.165586
3.4572294
3.6237886
3.5564833
3.443532
3.572266
2.842654
3.481148
3.95606
3.5654173
3.9347832
3.0950854
3.4955435
3.6161065
3.6246479
3.283649
3.8903677
3.1384969
3.8810382
3.8080757
3.1206887
3.42144
4.1140256
3.6250522
3.3363616
3.7446845
3.380802
3.3146582
3.4552944
3.3429573
3.7696686
3.253938
3.917619
3.5628328
4.135664
4.016177
3.3704717
3.2012897
2.9991667
3.7013626
3.9742243
3.8417964
3.2195776
3.0985513
3.6123357
3.6923416
3.7622178
3.7074366
2.9305792
3.4291644
3.6561522
4.119961
3.5815976
4.166509
test_mean_value
0.006248158
0.0014023114
0.018730037
-0.008095867
0.00061185233
-0.0066318964
-0.0052660704
-0.0047871643
0.00904852
-0.002708807
0.0028196287
0.0037602047
0.0033455656
0.004012406
0.017422123
-6.4884334e-05
-0.0022539843
-0.008383388
-0.00022559316
0.0035949787
0.004757983
0.0021695907
0.007563071
0.0043419516
-0.005368837
0.0058985725
0.004203165
-0.00024897984
-0.005706741
-0.0059554568
0.00045857357
0.0026439566
0.0001990868
-0.0005985831
0.00039386368
0.003759039
-0.007701738
0.00047716085
0.0029184225
0.015073893
-0.0006696379
0.0016374306
0.0011966377
0.0013549317
0.0057638646
0.00077120523
-0.0027185685
0.010636521
-0.000115081144
-0.0023169578
0.0011867906
-0.0050267763
-2.3893246e-05
-0.00013466582
0.010956054
0.012763347
-0.0025790257
0.0057234457
-0.0006644234
0.004437802
0.010299613
0.005064581
-0.0017826626
-0.004209124
-0.003322118
-0.00040221948
0.0013069717
0.0022503901
0.0028526387
-0.0006430768
-0.004392923
-0.003250739
0.005848624
-0.006439059
-0.0043182014
-0.0010242553
-0.010127609
-0.0023233593
0.0019674893
0.009364038
-0.0030344757
-0.005763756
-0.008438287
0.002611745
0.011494319
0.004073441
0.005649815
0.0028576304
-0.0037335553
-0.0073143244
0.0033425635
0.002612195
3.2054697e-05
-0.011551648
-0.00071416365
-0.011574799
0.0030954618
0.004889227
0.0046097757
-0.0041989656
0.0020746943
0.0077684475
-0.0049825753
0.011691861
0.001730854
0.012141996
0.000361113
0.003454821
-0.008716216
0.009730449
0.0026331397
0.0035782966
-0.0027591006
0.0028494124
-0.0064516356
0.0075214086
-0.0060148844
-0.0027067522
-0.0021773302
-0.0043568634
0.00020875517
0.00087126886
-0.015303621
0.009079952
-0.0053328495
0.0074358424
0.0065778526
0.0029077905
0.0007807422
-0.003712852
-0.004797628
0.0023973945
-0.0011278951
-3.507994e-05
-0.008036269
0.0006643673
-0.0017324393
0.005384203
-4.218158e-05
0.0052843406
-0.012986513
0.007916654
0.0002707273
0.0008923577
0.0052884766
0.0030464046
-0.024981637
-0.0054156166
-0.0048310594
0.0064662113
0.0035077794
-0.0003735702
-0.0048103305
0.0028218331
0.005004268
0.008994231
0.0054482245
-0.00347291
0.0011235578
0.001152496
-0.0010834107
0.0063225254
0.0068584797
0.00036101392
0.0030992106
0.004973541
-0.0015054693
-0.0027518359
0.0051160003
-0.0010866434
0.009367722
-0.00443953
-0.0034411373
0.00047654766
-0.006279642
0.0052381344
0.0059896815
-0.005265709
-0.0060254717
-0.006540676
0.009590361
0.0029459528
0.00035132008
0.002607198
0.002110478
0.0010539525
-0.0020986514
-0.002234986
0.007358479
0.0010260332
0.002084245
-0.0031807648
-0.0018064013
0.006549977
-0.0019117822
0.008034851
-0.0036753055
-0.0023331877
-0.0024392707
0.0011145503
-0.00044890822
-0.013781962
0.008422344
0.0030709603
0.008664113
-0.00027320106
0.0021539119
0.0001102886
0.0037645581
-0.009721428
-0.015182486
-0.003479595
0.0039167153
0.0024506191
-0.0023239278
0.0047562975
0.0014327255
-0.00043794524
-0.0049399994
-0.0012679046
-0.00063479686
0.002222171
-0.0061574103
-0.00084976014
-0.004367927
0.0020690784
0.0004917526
0.0018448277
0.0026934685
-0.0034544696
-0.0027049775
-0.0024180782
-0.0031764498
0.001984269
0.0038015703
-0.0020624169
-0.0057564746
-0.0063486304
-0.00014285791
-0.0037144688
-0.00035204078
-0.0130578
-0.0045462116
0.00086306286
-0.0061583617
0.0018176386
0.003580042
0.0007440735
-0.0039320556
0.0028613338
0.00041949967
0.0035967599
0.017924046
-0.0138747925
0.0046535283
-0.00058299256
test_mean_abs_value
1.5550942
1.3793592
2.66915
2.1491582
1.2874482
2.9750648
2.5696278
2.6437728
2.0299916
1.3366233
2.373899
2.7340913
2.5468829
1.4460145
2.947113
1.4137741
1.5946727
2.171163
1.5312302
1.5839355
1.4871613
2.4750276
2.929927
2.795901
1.561819
2.2446384
1.4829311
1.9208125
2.4250972
2.6501787
1.3928425
1.5895486
2.8976922
2.1916192
1.924158
2.7847092
2.2136045
1.5806613
1.8032793
2.7369058
2.1093473
1.4356146
1.5900962
1.6033139
2.6683807
2.4404685
2.3627527
2.9271395
2.4795957
1.396238
2.3470907
1.935129
2.9861817
1.8722463
2.0142088
2.951952
2.3675075
2.4290717
1.4716989
1.6155568
2.520288
2.0829966
1.7251797
2.3766222
2.0889049
2.5559044
2.643348
1.3231231
1.1388487
1.546439
1.2920588
2.3248403
2.8198488
2.0150232
2.4657776
1.7199159
2.071349
1.2522823
1.586135
1.4503273
1.4767442
2.0053484
2.2980335
2.252558
1.9670485
2.1267257
2.0713468
2.0181615
2.1150987
2.5067632
1.8742298
2.1369166
1.5977428
1.7450886
1.9428072
2.3761146
1.3213173
2.5487802
1.7959716
2.6123881
2.2153034
2.3808253
2.4476092
2.61541
1.2936708
2.892151
1.3994826
1.3021516
1.4684138
2.1352286
1.7998105
2.6740704
1.5697217
2.0133834
2.3883986
2.4841747
1.7225453
2.8314817
2.7772994
1.5421826
1.9191608
2.5275617
2.1425087
2.7104983
1.4653958
2.5711408
1.5835239
2.0589948
2.9887044
2.0919971
2.3712249
1.6032659
1.6384953
2.8913546
2.606709
2.614898
1.5675265
1.4469414
2.258597
2.2431078
1.763194
2.6172404
1.6308181
1.3427674
2.072784
1.7160393
2.7214334
2.8101828
1.9000443
2.9792142
1.4068803
1.3097785
1.7434498
1.3296261
2.102914
3.108825
2.4568298
1.9387856
2.828119
1.8149396
1.3666388
1.615124
2.4765966
1.5878681
1.455956
1.7214032
1.5049684
1.393567
2.6627002
1.99833
2.515721
2.0535975
1.6941164
1.7050198
1.6898427
2.1113932
2.634684
2.1140509
1.7200594
2.4659426
1.5279539
1.4152864
2.643404
2.3288856
1.990785
1.5089078
1.831668
1.2366586
1.5007362
2.1825905
1.5042403
1.7939345
1.8809537
2.2432225
1.3369548
1.8506988
2.737829
1.4071945
2.3349035
2.5011177
2.4010546
2.2819738
1.6427788
2.6040628
1.7686791
2.6058266
2.3675454
2.6941307
1.8133745
2.618998
2.9217799
1.5337535
2.9667504
2.2962704
2.6266136
2.7049847
1.4148926
1.7633244
1.7032952
2.2670007
1.968193
2.0894558
2.340936
1.3244473
1.6183264
1.4083815
2.4918754
2.779877
2.3059993
1.7891525
1.386575
2.5160184
1.5757974
2.3269482
2.952799
1.4088584
1.6330243
3.0270548
1.6432364
1.3620343
1.7521771
2.7804942
2.993435
2.6565397
2.221836
1.2421421
1.431145
1.4457383
1.8247286
1.8884065
1.471561
1.506041
2.7596471
3.1033568
1.7048162
3.140843
test_variance_value
3.9467173
3.1142404
11.972741
7.157795
2.6647046
14.834117
11.027215
11.689759
6.6773148
2.8630188
9.453505
12.511357
10.777141
3.4385602
14.569091
3.3663545
4.0147305
7.777634
3.7143924
4.0455465
3.3729157
10.264918
14.4026985
13.054739
4.021842
8.295306
3.6712558
5.8444343
9.682235
11.723597
3.134096
4.111871
14.060984
8.022107
5.671641
12.987034
8.165744
4.0867715
5.020042
12.531816
6.90727
3.3903978
4.066089
4.0498195
12.015234
9.918964
9.28251
14.46534
10.192876
3.118862
9.190297
5.9004803
15.071306
5.5773835
6.4842353
14.645503
9.372678
9.8325
3.702162
3.99417
10.649547
7.040444
4.541897
9.370693
6.783705
10.932005
11.651931
2.8970273
2.1109676
3.6959314
2.5646331
9.057895
13.286874
6.6685543
10.124703
4.589105
6.8890076
2.5237255
3.857235
3.4404945
3.5610206
6.420228
8.781074
8.50664
5.930217
7.298896
6.679388
6.4730735
7.2472034
10.538557
5.4800653
7.3410993
4.1489606
4.8401036
6.0129037
9.391375
2.8951187
10.928678
5.004279
11.338296
8.014578
9.43427
10.054771
11.410503
2.7386272
14.14614
3.110397
2.7787652
3.3416655
7.231691
4.93829
11.929344
4.0285444
6.4319115
9.447588
10.323245
4.6244297
13.435315
12.980643
3.6187391
5.7710776
10.725811
7.6435723
12.255192
3.612754
11.04541
3.8533158
6.984916
15.017043
6.879037
9.191367
4.2232604
4.237666
14.120905
11.392151
11.514767
3.738309
3.4324553
8.308371
8.33546
4.806888
11.400806
4.1604085
2.967888
6.9034147
4.6217
12.406734
13.253053
5.520509
15.009279
3.2996106
2.8060563
4.71286
2.8977916
7.1265044
16.269032
10.056532
6.032942
13.459228
5.2100983
2.966001
4.0567803
9.926822
3.9783087
3.4666681
4.6476555
3.755023
3.182649
11.767991
6.3863115
10.612484
6.700347
4.411249
4.4758725
4.4118123
7.0880666
11.682822
7.3622518
4.562716
10.070835
3.8444257
3.2245507
11.635744
8.805824
6.3120003
3.5139916
5.2499347
2.4914062
3.5668066
7.9066405
3.4953704
4.9599338
5.40639
8.204225
2.7567542
5.500234
12.574984
3.2825124
8.991183
10.462205
9.595427
8.689293
4.4056797
11.299028
4.7998524
11.449764
9.217883
12.130192
5.242487
11.407579
14.3605795
3.7904491
14.7741585
8.8020525
11.486185
12.32625
3.2600107
4.759625
4.6276546
8.578944
5.924638
6.6917257
9.086411
2.8519406
4.279837
3.2232113
10.348249
13.033143
8.720957
4.994495
3.1416655
10.531289
4.097541
9.028968
14.616574
3.270643
4.3707366
15.316377
4.134523
2.9549372
4.752702
12.9154215
15.036504
11.656553
8.137265
2.5100794
3.427311
3.4435518
5.1214724
5.460253
3.3079689
3.7273462
12.746246
16.12631
4.4908776
16.548105
test_mean_costs
0.0
0.0
0.0
0.0
0.0
0.0
0.0
0.0
0.0
0.0
0.0
0.0
0.0
0.0
0.0
0.0
0.0
0.0
0.0
0.0
0.0
0.0
0.0
0.0
0.0
0.0
0.0
0.0
0.0
0.0
0.0
0.0
0.0
0.0
0.0
0.0
0.0
0.0
0.0
0.0
0.0
0.0
0.0
0.0
0.0
0.0
0.0
0.0
0.0
0.0
0.0
0.0
0.0
0.0
0.0
0.0
0.0
0.0
0.0
0.0
0.0
0.0
0.0
0.0
0.0
0.0
0.0
0.0
0.0
0.0
0.0
0.0
0.0
0.0
0.0
0.0
0.0
0.0
0.0
0.0
0.0
0.0
0.0
0.0
0.0
0.0
0.0
0.0
0.0
0.0
0.0
0.0
0.0
0.0
0.0
0.0
0.0
0.0
0.0
0.0
0.0
0.0
0.0
0.0
0.0
0.0
0.0
0.0
0.0
0.0
0.0
0.0
0.0
0.0
0.0
0.0
0.0
0.0
0.0
0.0
0.0
0.0
0.0
0.0
0.0
0.0
0.0
0.0
0.0
0.0
0.0
0.0
0.0
0.0
0.0
0.0
0.0
0.0
0.0
0.0
0.0
0.0
0.0
0.0
0.0
0.0
0.0
0.0
0.0
0.0
0.0
0.0
0.0
0.0
0.0
0.0
0.0
0.0
0.0
0.0
0.0
0.0
0.0
0.0
0.0
0.0
0.0
0.0
0.0
0.0
0.0
0.0
0.0
0.0
0.0
0.0
0.0
0.0
0.0
0.0
0.0
0.0
0.0
0.0
0.0
0.0
0.0
0.0
0.0
0.0
0.0
0.0
0.0
0.0
0.0
0.0
0.0
0.0
0.0
0.0
0.0
0.0
0.0
0.0
0.0
0.0
0.0
0.0
0.0
0.0
0.0
0.0
0.0
0.0
0.0
0.0
0.0
0.0
0.0
0.0
0.0
0.0
0.0
0.0
0.0
0.0
0.0
0.0
0.0
0.0
0.0
0.0
0.0
0.0
0.0
0.0
0.0
0.0
0.0
0.0
0.0
0.0
0.0
0.0
0.0
0.0
0.0
0.0
0.0
0.0
0.0
0.0
0.0
0.0
0.0
0.0
test_mean_abs_costs
0.0
0.0
0.0
0.0
0.0
0.0
0.0
0.0
0.0
0.0
0.0
0.0
0.0
0.0
0.0
0.0
0.0
0.0
0.0
0.0
0.0
0.0
0.0
0.0
0.0
0.0
0.0
0.0
0.0
0.0
0.0
0.0
0.0
0.0
0.0
0.0
0.0
0.0
0.0
0.0
0.0
0.0
0.0
0.0
0.0
0.0
0.0
0.0
0.0
0.0
0.0
0.0
0.0
0.0
0.0
0.0
0.0
0.0
0.0
0.0
0.0
0.0
0.0
0.0
0.0
0.0
0.0
0.0
0.0
0.0
0.0
0.0
0.0
0.0
0.0
0.0
0.0
0.0
0.0
0.0
0.0
0.0
0.0
0.0
0.0
0.0
0.0
0.0
0.0
0.0
0.0
0.0
0.0
0.0
0.0
0.0
0.0
0.0
0.0
0.0
0.0
0.0
0.0
0.0
0.0
0.0
0.0
0.0
0.0
0.0
0.0
0.0
0.0
0.0
0.0
0.0
0.0
0.0
0.0
0.0
0.0
0.0
0.0
0.0
0.0
0.0
0.0
0.0
0.0
0.0
0.0
0.0
0.0
0.0
0.0
0.0
0.0
0.0
0.0
0.0
0.0
0.0
0.0
0.0
0.0
0.0
0.0
0.0
0.0
0.0
0.0
0.0
0.0
0.0
0.0
0.0
0.0
0.0
0.0
0.0
0.0
0.0
0.0
0.0
0.0
0.0
0.0
0.0
0.0
0.0
0.0
0.0
0.0
0.0
0.0
0.0
0.0
0.0
0.0
0.0
0.0
0.0
0.0
0.0
0.0
0.0
0.0
0.0
0.0
0.0
0.0
0.0
0.0
0.0
0.0
0.0
0.0
0.0
0.0
0.0
0.0
0.0
0.0
0.0
0.0
0.0
0.0
0.0
0.0
0.0
0.0
0.0
0.0
0.0
0.0
0.0
0.0
0.0
0.0
0.0
0.0
0.0
0.0
0.0
0.0
0.0
0.0
0.0
0.0
0.0
0.0
0.0
0.0
0.0
0.0
0.0
0.0
0.0
0.0
0.0
0.0
0.0
0.0
0.0
0.0
0.0
0.0
0.0
0.0
0.0
0.0
0.0
0.0
0.0
0.0
0.0
test_variance_costs
0.0
0.0
0.0
0.0
0.0
0.0
0.0
0.0
0.0
0.0
0.0
0.0
0.0
0.0
0.0
0.0
0.0
0.0
0.0
0.0
0.0
0.0
0.0
0.0
0.0
0.0
0.0
0.0
0.0
0.0
0.0
0.0
0.0
0.0
0.0
0.0
0.0
0.0
0.0
0.0
0.0
0.0
0.0
0.0
0.0
0.0
0.0
0.0
0.0
0.0
0.0
0.0
0.0
0.0
0.0
0.0
0.0
0.0
0.0
0.0
0.0
0.0
0.0
0.0
0.0
0.0
0.0
0.0
0.0
0.0
0.0
0.0
0.0
0.0
0.0
0.0
0.0
0.0
0.0
0.0
0.0
0.0
0.0
0.0
0.0
0.0
0.0
0.0
0.0
0.0
0.0
0.0
0.0
0.0
0.0
0.0
0.0
0.0
0.0
0.0
0.0
0.0
0.0
0.0
0.0
0.0
0.0
0.0
0.0
0.0
0.0
0.0
0.0
0.0
0.0
0.0
0.0
0.0
0.0
0.0
0.0
0.0
0.0
0.0
0.0
0.0
0.0
0.0
0.0
0.0
0.0
0.0
0.0
0.0
0.0
0.0
0.0
0.0
0.0
0.0
0.0
0.0
0.0
0.0
0.0
0.0
0.0
0.0
0.0
0.0
0.0
0.0
0.0
0.0
0.0
0.0
0.0
0.0
0.0
0.0
0.0
0.0
0.0
0.0
0.0
0.0
0.0
0.0
0.0
0.0
0.0
0.0
0.0
0.0
0.0
0.0
0.0
0.0
0.0
0.0
0.0
0.0
0.0
0.0
0.0
0.0
0.0
0.0
0.0
0.0
0.0
0.0
0.0
0.0
0.0
0.0
0.0
0.0
0.0
0.0
0.0
0.0
0.0
0.0
0.0
0.0
0.0
0.0
0.0
0.0
0.0
0.0
0.0
0.0
0.0
0.0
0.0
0.0
0.0
0.0
0.0
0.0
0.0
0.0
0.0
0.0
0.0
0.0
0.0
0.0
0.0
0.0
0.0
0.0
0.0
0.0
0.0
0.0
0.0
0.0
0.0
0.0
0.0
0.0
0.0
0.0
0.0
0.0
0.0
0.0
0.0
0.0
0.0
0.0
0.0
0.0
test_mean_wealth
-2.614649
-2.309652
-2.393891
-2.7081249
-2.1228216
-2.6154485
-2.295441
-2.3289742
-2.258885
-2.193451
-2.3008947
-2.4066925
-2.2319162
-2.4345644
-2.5756466
-2.3444102
-2.503979
-2.2533414
-2.3712304
-2.3997843
-2.1152072
-2.4634337
-2.5634859
-2.8312116
-2.5482528
-2.395338
-2.4702103
-2.259266
-2.5524364
-2.3588912
-2.235795
-2.6693866
-2.5616858
-2.053954
-2.7114353
-2.4313169
-2.143967
-2.6569488
-2.5232532
-2.3885984
-2.6312146
-2.4116416
-2.5740886
-2.49625
-2.5324724
-2.4611306
-2.3601823
-2.718164
-2.1748352
-2.2275827
-2.327776
-2.3125
-2.7361267
-2.163279
-2.3086636
-2.6146188
-2.3099952
-2.403421
-2.4280243
-2.2684777
-2.3462179
-2.3025799
-2.341946
-2.0910542
-2.6119268
-2.2744439
-2.3168592
-2.2158787
-1.9590883
-2.273623
-1.9641048
-2.2192209
-2.464881
-2.0998578
-2.1903145
-2.595023
-2.3998854
-2.080833
-2.3195612
-2.4429383
-2.342967
-2.3678749
-2.3012595
-2.1152174
-2.6261563
-2.3516796
-2.6075697
-2.3611288
-2.3634548
-2.3860629
-2.3571324
-2.4005396
-2.4813197
-2.7701848
-2.2255297
-2.420337
-2.229165
-2.3537776
-2.6635222
-2.6817992
-2.4284017
-2.3891785
-2.3505342
-2.2912555
-2.196695
-2.6679454
-2.187101
-2.2057936
-2.1878066
-2.5160334
-2.507124
-2.3600461
-2.6348279
-2.3572943
-2.444347
-2.4634392
-2.117317
-2.542436
-2.4954762
-2.1539145
-2.345247
-2.3490841
-2.0760467
-2.3623116
-2.4225013
-2.2594543
-2.3058827
-2.140403
-2.6643226
-2.5084214
-2.5332758
-2.6466265
-2.5459785
-2.7246017
-2.3876472
-2.484979
-2.2184157
-2.431859
-2.4684424
-2.3051364
-2.2883978
-2.2980661
-2.3441997
-2.262979
-2.3565474
-2.0623963
-2.4764845
-2.756007
-2.589302
-2.779686
-2.311541
-2.2239494
-2.1741996
-2.251238
-2.406848
-2.736317
-2.50157
-2.2038028
-2.5428975
-2.1361468
-2.2216873
-2.3078368
-2.7576497
-2.4923973
-2.4520257
-2.621695
-2.5076122
-2.356441
-2.7458937
-2.2817988
-2.4654186
-2.4144769
-2.29563
-2.494857
-2.4525719
-2.4673445
-2.4411871
-2.2003562
-2.4418623
-2.5468082
-2.5384712
-2.2886708
-2.3252375
-2.5633335
-2.3006415
-2.213736
-2.225727
-2.1072407
-2.2698412
-2.1984751
-2.270107
-2.636121
-2.543979
-2.4050376
-2.0342288
-2.087859
-2.6496809
-2.354451
-2.457296
-2.4209967
-2.36715
-2.2106392
-2.744551
-2.27948
-2.5811527
-2.4695532
-2.4940662
-2.3600812
-2.0982034
-2.294613
-2.7178488
-2.4557366
-2.631575
-2.1290202
-2.3215625
-2.452144
-2.3906336
-2.3883228
-2.6902084
-2.1989415
-2.7856734
-2.7786815
-2.0572555
-2.256362
-2.7139814
-2.3901803
-2.253137
-2.5712879
-2.4626703
-2.4039693
-2.3295095
-2.2042441
-2.565552
-2.3015103
-2.5954108
-2.3712833
-2.7252023
-2.6471062
-2.4033115
-2.20671
-2.2088566
-2.4481595
-2.6693046
-2.7766201
-2.3232086
-2.0957696
-2.3786132
-2.4266336
-2.677969
-2.6656146
-2.1089923
-2.365483
-2.410835
-2.7163274
-2.5346196
-2.7380173
test_mean_abs_wealth
2.614649
2.309652
2.393891
2.7081249
2.1228216
2.6154485
2.295441
2.3289742
2.258885
2.193451
2.3008947
2.4066925
2.2319162
2.4345644
2.5756466
2.3444102
2.503979
2.2533414
2.3712304
2.3997843
2.1152072
2.4634337
2.5634859
2.8312116
2.5482528
2.395338
2.4702103
2.259266
2.5524364
2.3588912
2.235795
2.6693866
2.5616858
2.053954
2.7114353
2.4313169
2.143967
2.6569488
2.5232532
2.3885984
2.6312146
2.4116416
2.5740886
2.49625
2.5324724
2.4611306
2.3601823
2.718164
2.1748352
2.2275827
2.327776
2.3125
2.7361267
2.163279
2.3086636
2.6146188
2.3099952
2.403421
2.4280243
2.2684777
2.3462179
2.3025799
2.341946
2.0910542
2.6119268
2.2744439
2.3168592
2.2158787
1.9590883
2.273623
1.9641048
2.2192209
2.464881
2.0998578
2.1903145
2.595023
2.3998854
2.080833
2.3195612
2.4429383
2.342967
2.3678749
2.3012595
2.1152174
2.6261563
2.3516796
2.6075697
2.3611288
2.3634548
2.3860629
2.3571324
2.4005396
2.4813197
2.7701848
2.2255297
2.420337
2.229165
2.3537776
2.6635222
2.6817992
2.4284017
2.3891785
2.3505342
2.2912555
2.196695
2.6679454
2.187101
2.2057936
2.1878066
2.5160334
2.507124
2.3600461
2.6348279
2.3572943
2.444347
2.4634392
2.117317
2.542436
2.4954762
2.1539145
2.345247
2.3490841
2.0760467
2.3623116
2.4225013
2.2594543
2.3058827
2.140403
2.6643226
2.5084214
2.5332758
2.6466265
2.5459785
2.7246017
2.3876472
2.484979
2.2184157
2.431859
2.4684424
2.3051364
2.2883978
2.2980661
2.3441997
2.262979
2.3565474
2.0623963
2.4764845
2.756007
2.589302
2.779686
2.311541
2.2239494
2.1741996
2.251238
2.406848
2.736317
2.50157
2.2038028
2.5428975
2.1361468
2.2216873
2.3078368
2.7576497
2.4923973
2.4520257
2.621695
2.5076122
2.356441
2.7458937
2.2817988
2.4654186
2.4144769
2.29563
2.494857
2.4525719
2.4673445
2.4411871
2.2003562
2.4418623
2.5468082
2.5384712
2.2886708
2.3252375
2.5633335
2.3006415
2.213736
2.225727
2.1072407
2.2698412
2.1984751
2.270107
2.636121
2.543979
2.4050376
2.0342288
2.087859
2.6496809
2.354451
2.457296
2.4209967
2.36715
2.2106392
2.744551
2.27948
2.5811527
2.4695532
2.4940662
2.3600812
2.0982034
2.294613
2.7178488
2.4557366
2.631575
2.1290202
2.3215625
2.452144
2.3906336
2.3883228
2.6902084
2.1989415
2.7856734
2.7786815
2.0572555
2.256362
2.7139814
2.3901803
2.253137
2.5712879
2.4626703
2.4039693
2.3295095
2.2042441
2.565552
2.3015103
2.5954108
2.3712833
2.7252023
2.6471062
2.4033115
2.20671
2.2088566
2.4481595
2.6693046
2.7766201
2.3232086
2.0957696
2.3786132
2.4266336
2.677969
2.6656146
2.1089923
2.365483
2.410835
2.7163274
2.5346196
2.7380173
test_variance_wealth
0.32798442
0.22441432
0.24379835
0.1831437
0.1729348
0.31652522
0.2301336
0.25041363
0.1302768
0.18529469
0.17718937
0.2667307
0.2379686
0.2800343
0.3115582
0.26196548
0.22088899
0.14418238
0.19355689
0.19457352
0.12567091
0.18903913
0.3092946
0.23653415
0.2607186
0.15549643
0.29533422
0.12477267
0.17882255
0.24777989
0.18596613
0.3450149
0.29735893
0.15637118
0.21149546
0.28446525
0.15584575
0.33901536
0.1819061
0.27424994
0.17011696
0.2826035
0.25351378
0.21603158
0.22486183
0.18183723
0.1712861
0.27368328
0.22726761
0.17910656
0.16890861
0.1303111
0.29785094
0.11368191
0.13073063
0.30395937
0.1746031
0.18121049
0.27238268
0.14409924
0.20366186
0.13466601
0.14573513
0.20573747
0.16924696
0.22917126
0.25506887
0.21003278
0.17788768
0.1575592
0.12138609
0.17072585
0.2899515
0.12438944
0.21419854
0.21940866
0.14568661
0.16873664
0.1608771
0.27947825
0.20260097
0.13962033
0.16273186
0.16520905
0.18246958
0.1400307
0.17035441
0.13874272
0.14275238
0.20117092
0.14034097
0.14393266
0.22029011
0.28338605
0.12201866
0.17398494
0.22852677
0.21231253
0.2249023
0.20848739
0.1543233
0.17337596
0.19105533
0.24989836
0.23340827
0.27387178
0.16475831
0.22581902
0.14915146
0.15462327
0.17516671
0.25475818
0.33444107
0.1358155
0.17510149
0.18906368
0.109086476
0.2765533
0.26520002
0.12749983
0.13470094
0.20775199
0.14634986
0.2692607
0.25850338
0.23890655
0.15832365
0.12872377
0.30648056
0.15291949
0.1711763
0.29287434
0.22460815
0.26683575
0.22796117
0.21696092
0.13861966
0.26172367
0.15897939
0.15437156
0.13409606
0.24649294
0.16446196
0.24382997
0.1392907
0.10238948
0.24999455
0.24317315
0.18082985
0.2837055
0.21812838
0.24065803
0.11515383
0.22166269
0.14679384
0.34213665
0.18458465
0.12160378
0.27215302
0.110097975
0.18352012
0.15746069
0.19212057
0.21852952
0.29139316
0.23064104
0.2789507
0.26502976
0.2144498
0.12863122
0.19667111
0.14449938
0.14165321
0.19009998
0.18290895
0.14874145
0.22577268
0.13695873
0.17361365
0.18593903
0.27355108
0.19598012
0.25219378
0.16714735
0.13044658
0.14910422
0.12036402
0.19667724
0.16882697
0.14527254
0.16295351
0.21478094
0.17265719
0.1542023
0.13090843
0.1082269
0.23261441
0.24196373
0.16700198
0.19495527
0.1782884
0.16590637
0.36189047
0.2502593
0.20263527
0.2170597
0.17076138
0.2644651
0.10747209
0.2540828
0.2794098
0.22469766
0.3051713
0.17103961
0.24797232
0.24486703
0.2729879
0.15204231
0.2644363
0.16188923
0.22570837
0.20287865
0.20338278
0.24143787
0.3520419
0.27596727
0.21256508
0.25091246
0.16112266
0.15770526
0.23006262
0.23470944
0.26437232
0.1679143
0.3153099
0.25519106
0.35636237
0.3361283
0.17465647
0.18068665
0.12075859
0.28076583
0.30864662
0.21478757
0.15124895
0.18201946
0.27363187
0.28577796
0.22002533
0.20452933
0.12683861
0.20669234
0.27635884
0.3525097
0.20404854
0.36501595
test_wealth_with_price_abs_mean
0.43367934
0.36274278
0.3771602
0.3317041
0.3191371
0.42774045
0.36627826
0.3801845
0.2794012
0.33038554
0.32415202
0.39265835
0.36989033
0.40139416
0.42395434
0.38836664
0.36196876
0.29391846
0.33853993
0.33993348
0.27416635
0.33575583
0.42206255
0.3765687
0.39107507
0.30494985
0.4121098
0.27411628
0.32763666
0.37920862
0.3314397
0.44503394
0.41524607
0.30398625
0.35580838
0.40400532
0.30427313
0.4416534
0.33001015
0.397006
0.3202406
0.40253675
0.38660854
0.3578736
0.3655044
0.3296499
0.31935355
0.40253198
0.3613659
0.32556325
0.31700164
0.28035364
0.4181672
0.26158673
0.28065875
0.4204097
0.3224839
0.32838622
0.39651263
0.2938127
0.34653854
0.28452608
0.29585224
0.34403503
0.31969315
0.36447027
0.38380343
0.34984884
0.32022592
0.30668902
0.26898712
0.31838182
0.40848267
0.27277026
0.35231507
0.361536
0.29545125
0.31522974
0.31040403
0.4017789
0.34625375
0.2894768
0.31144476
0.312521
0.33096647
0.29051894
0.32001367
0.28903577
0.29257777
0.34499368
0.29050627
0.29451987
0.3607836
0.4095009
0.27064613
0.32255223
0.3631283
0.35394052
0.36637762
0.35335907
0.30411476
0.321732
0.33653694
0.37889785
0.36589694
0.4013412
0.3124718
0.3609007
0.2983202
0.30536383
0.32382798
0.3835532
0.43799287
0.28610775
0.32346916
0.33569258
0.2562296
0.40153918
0.39330837
0.27662712
0.2849031
0.3500251
0.2946016
0.3932028
0.3874068
0.37097993
0.3075869
0.2775652
0.4227647
0.30329454
0.32087988
0.413871
0.36507496
0.39784625
0.36590704
0.35894418
0.28827104
0.38988584
0.30858967
0.30377194
0.2841787
0.37678182
0.3133645
0.37435836
0.28908566
0.24839142
0.38222313
0.3811541
0.32953486
0.4096697
0.35745773
0.3710941
0.26371768
0.35873312
0.2967361
0.44471133
0.33205035
0.27035657
0.39850062
0.2576021
0.32930955
0.3065105
0.34006602
0.3598236
0.40879008
0.3703704
0.40288264
0.38999403
0.35861045
0.27868977
0.3421653
0.2945321
0.2911447
0.3366034
0.3302367
0.29944932
0.36464143
0.28633514
0.32227772
0.33406067
0.40006414
0.3402315
0.38169044
0.3169688
0.28041795
0.2982413
0.26950893
0.33832482
0.31736055
0.2945639
0.31181192
0.35839394
0.3218821
0.3043461
0.27943426
0.25524202
0.37116534
0.3755531
0.31572065
0.3405895
0.32598978
0.31355855
0.45547557
0.37883335
0.34790415
0.35860294
0.32012555
0.39017656
0.25462812
0.3817959
0.40651155
0.36452585
0.42108256
0.3177093
0.37872303
0.378588
0.39579615
0.30193183
0.39587304
0.31001458
0.36769164
0.34914857
0.34141955
0.37214473
0.45069575
0.39815924
0.35281187
0.38499528
0.3113428
0.3075164
0.36703262
0.36725962
0.394338
0.3164736
0.42693636
0.38443667
0.45276707
0.4382422
0.3230127
0.32666326
0.26976705
0.40201393
0.42420667
0.35881132
0.30103
0.32622486
0.39598724
0.4039482
0.3626334
0.35027286
0.27545598
0.34930006
0.39814845
0.45056456
0.34876817
0.45683327
test_wealth_with_price_variance
0.32798442
0.22441432
0.24379835
0.1831437
0.1729348
0.31652522
0.2301336
0.25041363
0.1302768
0.18529469
0.17718937
0.2667307
0.2379686
0.2800343
0.3115582
0.26196548
0.22088899
0.14418238
0.19355689
0.19457352
0.12567091
0.18903913
0.3092946
0.23653415
0.2607186
0.15549643
0.29533422
0.12477267
0.17882255
0.24777989
0.18596613
0.3450149
0.29735893
0.15637118
0.21149546
0.28446525
0.15584575
0.33901536
0.1819061
0.27424994
0.17011696
0.2826035
0.25351378
0.21603158
0.22486183
0.18183723
0.1712861
0.27368328
0.22726761
0.17910656
0.16890861
0.1303111
0.29785094
0.11368191
0.13073063
0.30395937
0.1746031
0.18121049
0.27238268
0.14409924
0.20366186
0.13466601
0.14573513
0.20573747
0.16924696
0.22917126
0.25506887
0.21003278
0.17788768
0.1575592
0.12138609
0.17072585
0.2899515
0.12438944
0.21419854
0.21940866
0.14568661
0.16873664
0.1608771
0.27947825
0.20260097
0.13962033
0.16273186
0.16520905
0.18246958
0.1400307
0.17035441
0.13874272
0.14275238
0.20117092
0.14034097
0.14393266
0.22029011
0.28338605
0.12201866
0.17398494
0.22852677
0.21231253
0.2249023
0.20848739
0.1543233
0.17337596
0.19105533
0.24989836
0.23340827
0.27387178
0.16475831
0.22581902
0.14915146
0.15462327
0.17516671
0.25475818
0.33444107
0.1358155
0.17510149
0.18906368
0.109086476
0.2765533
0.26520002
0.12749983
0.13470094
0.20775199
0.14634986
0.2692607
0.25850338
0.23890655
0.15832365
0.12872377
0.30648056
0.15291949
0.1711763
0.29287434
0.22460815
0.26683575
0.22796117
0.21696092
0.13861966
0.26172367
0.15897939
0.15437156
0.13409606
0.24649294
0.16446196
0.24382997
0.1392907
0.10238948
0.24999455
0.24317315
0.18082985
0.2837055
0.21812838
0.24065803
0.11515383
0.22166269
0.14679384
0.34213665
0.18458465
0.12160378
0.27215302
0.110097975
0.18352012
0.15746069
0.19212057
0.21852952
0.29139316
0.23064104
0.2789507
0.26502976
0.2144498
0.12863122
0.19667111
0.14449938
0.14165321
0.19009998
0.18290895
0.14874145
0.22577268
0.13695873
0.17361365
0.18593903
0.27355108
0.19598012
0.25219378
0.16714735
0.13044658
0.14910422
0.12036402
0.19667724
0.16882697
0.14527254
0.16295351
0.21478094
0.17265719
0.1542023
0.13090843
0.1082269
0.23261441
0.24196373
0.16700198
0.19495527
0.1782884
0.16590637
0.36189047
0.2502593
0.20263527
0.2170597
0.17076138
0.2644651
0.10747209
0.2540828
0.2794098
0.22469766
0.3051713
0.17103961
0.24797232
0.24486703
0.2729879
0.15204231
0.2644363
0.16188923
0.22570837
0.20287865
0.20338278
0.24143787
0.3520419
0.27596727
0.21256508
0.25091246
0.16112266
0.15770526
0.23006262
0.23470944
0.26437232
0.1679143
0.3153099
0.25519106
0.35636237
0.3361283
0.17465647
0.18068665
0.12075859
0.28076583
0.30864662
0.21478757
0.15124895
0.18201946
0.27363187
0.28577796
0.22002533
0.20452933
0.12683861
0.20669234
0.27635884
0.3525097
0.20404854
0.36501595
price
2.6149898
2.3096218
2.3930435
2.7075543
2.122991
2.6146924
2.2947023
2.3278377
2.2587013
2.1924684
2.3008199
2.406123
2.2321312
2.4337049
2.5748143
2.3446913
2.5029116
2.252822
2.3703623
2.3989174
2.1142747
2.4631157
2.5626898
2.8306446
2.548006
2.3956556
2.4690733
2.259029
2.5515537
2.3583002
2.235208
2.668671
2.5615752
2.0560932
2.7104409
2.430784
2.1443276
2.6562586
2.5237966
2.3867927
2.6310506
2.411553
2.5727243
2.4961634
2.5331435
2.4620485
2.3597596
2.7177227
2.174384
2.2271776
2.3276758
2.31244
2.7367387
2.1636348
2.3068194
2.6138122
2.3097725
2.403008
2.424375
2.2680693
2.3459983
2.3017802
2.3420372
2.0914369
2.6114516
2.2738402
2.3178506
2.214548
1.9588721
2.2737546
1.9637247
2.2183967
2.4645767
2.0987625
2.1902509
2.5944686
2.398567
2.0798588
2.31919
2.4430156
2.3442397
2.36739
2.3003263
2.1148539
2.626135
2.3505096
2.6077213
2.362825
2.362444
2.3861697
2.3581173
2.4009237
2.481537
2.7694092
2.2253067
2.4190097
2.2278101
2.3537621
2.6604786
2.6811748
2.4288807
2.387991
2.350563
2.2900686
2.195757
2.6677985
2.1865091
2.2060375
2.187591
2.5164292
2.5079794
2.3597522
2.6338246
2.356637
2.4437623
2.4630737
2.1180146
2.5416617
2.4967294
2.1539736
2.3455315
2.3479853
2.0762162
2.362324
2.4211206
2.2593682
2.306284
2.1409726
2.6644185
2.507288
2.5330997
2.6467648
2.5458798
2.7234726
2.3870213
2.484069
2.2172496
2.4300923
2.4681206
2.3045826
2.2890496
2.296455
2.3452077
2.2623022
2.3557968
2.0617938
2.4765263
2.7563965
2.5905418
2.7803335
2.3128972
2.2224946
2.1741405
2.2498517
2.4079595
2.7350335
2.501254
2.2036598
2.5417914
2.1344204
2.2213116
2.3073587
2.7562842
2.4938734
2.4526253
2.6208253
2.507486
2.353701
2.744649
2.2813258
2.4638205
2.4147687
2.2956433
2.4945478
2.4530406
2.4670973
2.4429145
2.1983347
2.4405274
2.546924
2.5383372
2.2876606
2.3272395
2.5633373
2.3009362
2.2134202
2.2267184
2.1079798
2.2699344
2.1986966
2.2697706
2.6366062
2.5435119
2.404736
2.0341454
2.0868015
2.6505446
2.3535085
2.4568036
2.420149
2.3656867
2.2098002
2.7442012
2.278327
2.5820827
2.4697838
2.4936752
2.361299
2.0975356
2.2936983
2.7180562
2.454801
2.6316926
2.1285925
2.3230824
2.4523244
2.389561
2.3881512
2.6923223
2.1987424
2.785411
2.7775064
2.0585358
2.255371
2.713935
2.3890142
2.251894
2.5707297
2.4628716
2.4023983
2.329505
2.2050276
2.5658503
2.3009076
2.5944495
2.3706899
2.7241564
2.6444519
2.4035225
2.206996
2.2089105
2.4463782
2.6688824
2.776443
2.3240273
2.0954132
2.3774343
2.4261906
2.6779895
2.6639805
2.108601
2.366468
2.408815
2.716389
2.5364547
2.739139
train_time
0.45672020000000035
0.3611185000000008
0.3122864999999999
0.33301720000000046
0.4280363999999999
0.317746399999999
0.33977639999999987
0.3311510999999996
0.3227671000000001
0.3239287000000033
0.3250144000000006
0.4536311999999967
0.36294480000000107
0.3234238000000005
0.33326680000000053
0.3718931999999988
0.3192315000000008
0.31349039999999917
0.36542049999999904
0.4878593000000002
0.3478968999999985
0.3670523999999986
0.31795789999999613
0.3335620000000006
0.34508269999999897
0.32555070000000086
0.31141110000000083
0.5313495999999986
0.34304480000000126
0.34224929999999887
0.36484649999999874
0.3528331999999992
0.34318540000000297
0.3738427999999985
0.32953419999999767
0.35686199999999957
0.3403810000000007
0.34209140000000104
0.6038998000000007
0.3389468000000022
0.37750429999999824
0.3218427999999989
0.35500840000000267
0.6433457999999987
0.6652363000000037
0.4716134000000096
0.3936735999999996
0.3483022000000062
0.43648600000000215
0.4032296000000031
0.3592680999999942
0.4965428000000003
0.3693976000000134
0.4140838999999943
0.36388459999999156
0.3991753999999901
0.3986678999999924
0.47102259999999774
0.4137334999999922
0.5979868999999951
0.5519282000000061
0.5195549999999969
0.36806400000000394
0.3982630999999941
0.8703979000000004
0.45904290000000003
0.4157975000000107
0.41129370000000165
0.40435159999999826
0.36595820000000856
0.3297877999999912
0.3931876999999986
0.3908684999999963
0.40106099999999856
0.3760560000000055
0.38730939999999237
0.3711820999999986
0.4163482000000016
0.3898894000000013
0.388619300000002
0.874607999999995
0.4914753999999988
0.47390919999999426
0.369562700000003
0.33904139999999927
0.35516450000000077
0.3918984999999964
0.35637580000002345
0.3754480000000058
0.3893718999999862
0.3795082999999977
0.39663229999999317
0.3564740999999856
0.37334580000000983
0.41201390000000515
0.5467868000000067
0.4528078000000164
0.34774139999998965
0.3167885999999953
0.3615058000000033
0.3234014999999886
0.3669371999999953
0.3433086000000003
0.3807293000000129
0.3502268000000015
0.344522899999987
0.3545013000000097
0.330784599999987
0.3310363999999879
0.36067590000001815
0.34336599999997475
0.35279609999997774
0.351157900000004
0.34293949999999995
0.35192069999999376
0.3588558000000148
0.36959939999999847
0.36754449999997973
0.3681142999999736
0.3462620999999899
0.3631720999999857
0.35671099999999
1.1284914000000015
0.3669936000000007
0.42183550000001446
0.3534119999999916
0.376903800000008
0.3510842999999966
0.38894780000001106
0.3577882999999815
0.34966660000000616
0.4466681000000108
0.4232673999999861
0.37259259999999017
0.3697056000000032
0.3984702999999854
0.3790488999999866
0.3483861999999931
0.37522380000001476
0.3781057000000203
0.34957400000001826
0.41588000000001557
0.542912599999994
0.4322999999999979
0.350284500000015
0.3434131999999863
0.3685122999999919
0.3459175999999786
0.3698188999999843
1.2319241999999804
0.3393611999999848
0.35947340000001304
0.39864889999998354
0.3609069999999974
0.3534678000000042
0.3306417999999951
0.37583810000000994
0.3425139999999942
0.3174205999999913
0.3575824000000125
0.34742939999998157
0.3395501999999908
0.35864039999998454
0.34428289999999606
0.35347880000000487
0.3516858000000127
0.3328960000000052
0.33254210000001194
0.3412027999999907
0.35458719999999744
0.3628362999999979
0.34983289999999556
0.3503268999999989
0.34782630000000836
0.3522217000000296
0.377296900000033
0.33995310000000245
0.32307389999999714
0.3575417999999786
0.347558499999991
1.3749798999999712
0.3613083000000188
0.3761167000000114
0.3622181999999725
0.3618817999999919
0.35230430000001434
0.361878000000047
0.3329382999999666
0.3402851000000169
0.3424868000000174
0.36432689999998047
0.35688769999995884
0.3592112000000043
0.3399779999999737
0.3336385000000064
0.3465358000000265
0.3309315000000197
0.3355803000000037
0.3425785000000019
0.36958269999996674
0.3268442000000391
0.3372559000000024
0.356493300000011
0.3406716000000074
0.3303989999999999
0.3314538000000198
0.3379396999999926
0.35844240000000127
0.3353185999999937
0.33729629999999133
0.3311627999999587
0.34550339999998414
0.5046669999999835
0.39094790000001467
0.34731669999996484
0.3510071000000039
1.631628800000044
0.3340989999999806
0.35988709999998036
0.34323489999997037
0.3346809999999891
0.36432800000000043
0.3525295000000028
0.34410919999999123
0.341685200000029
0.3281171000000427
0.3475499999999556
0.3588146000000165
0.3261350999999877
0.31547979999999143
0.350954999999999
0.3466086999999902
0.34236139999995885
0.34920379999999795
0.36154600000003256
0.32987410000004047
0.3689587000000074
0.3265527000000361
0.3468067000000019
0.34739270000000033
0.3664949000000206
0.3330274999999574
0.3227540999999974
0.34024169999997866
0.36110990000003085
0.3440396999999962
0.3332457000000204
0.33974669999997786
0.3360695000000078
0.335707100000036
0.3341655000000401
0.35372539999997343
0.3203850999999531
0.33655239999995956
0.3149361999999769
0.3368697000000225


