================================================================================
=== continuous-time
train_risk
2.75233
2.8448377
2.8112888
2.7371507
2.7114031
2.8363988
2.6978831
2.7733755
2.679182
2.8714066
2.8366168
2.782936
2.7412584
2.8945603
2.7871392
2.8023312
2.794536
2.757663
2.7444582
2.8856242
2.8376045
2.8883536
2.7927375
2.947989
2.8586147
2.8062143
3.014007
2.8795593
2.9135985
2.9509423
2.7477417
2.7367399
2.7733314
2.761727
2.8304102
2.8200774
2.5772822
2.7046256
2.7947376
2.8015409
2.6916225
2.7666786
2.6830966
2.9281704
2.756863
2.8197782
2.6939826
2.730897
2.7461612
2.7352448
2.8826363
2.86686
2.876226
2.7901726
2.720993
2.6972759
2.8171043
2.8009036
2.840842
2.7664475
2.7294545
2.8141792
2.7343564
2.7861004
2.8854194
2.7742655
2.7831273
2.684386
2.8713589
2.7760358
2.7323742
2.7704608
2.7735975
2.77417
2.6827238
2.8418338
2.7844534
2.6927543
2.7662656
2.8350468
2.8392525
2.792195
2.7768617
2.7165525
2.8551383
2.7890127
2.8743112
2.7928174
2.6814013
2.7771573
2.7648406
2.8286328
2.772766
2.8087635
2.7959566
2.7301013
2.6892433
2.7532938
2.9353657
2.943993
2.8073308
2.7844307
2.838497
2.8502948
2.7923303
2.8658998
2.7880888
2.6307437
2.7131119
2.8641605
2.830121
2.7703884
2.9819992
2.74934
2.9282305
2.727739
2.618726
2.879157
2.7524948
2.942475
2.6919427
2.838759
2.6160786
2.878649
2.8953125
2.5150287
2.7163086
2.7107909
2.9073832
2.6267703
2.8631635
2.7805362
2.8604987
2.817783
2.9035485
2.829199
2.7769532
2.7960346
2.8087385
2.6754677
2.770587
2.623662
2.732245
2.678358
2.82425
2.822388
2.7901711
2.8240876
2.891523
2.9018078
2.7439334
2.8482742
2.9206738
2.832788
2.7575748
2.816121
2.8775659
2.7965627
2.6998985
2.8031168
2.9275148
2.8286636
2.8082073
2.7620232
2.7576356
2.9757164
2.7770927
2.6376953
2.8885539
2.6834621
2.8596544
2.8584476
2.6946037
2.945707
3.0423555
2.8645298
3.0101607
2.7383692
2.8716693
2.5941157
2.9022903
2.8623624
2.8174386
2.6548548
2.7234826
2.794414
2.787047
2.7706046
2.7540445
2.8154132
2.7698112
2.7821941
2.8303678
2.7137396
2.6495528
2.651779
2.8603997
2.766442
2.8502326
2.5964866
2.7943459
2.6480925
2.79831
2.813902
2.802794
2.8539572
2.7876477
2.8478386
2.9128284
2.7666883
2.7889159
2.7354813
2.9971373
2.7957428
2.7710834
2.8569858
2.7730289
2.6705265
2.991397
2.791506
2.8693237
2.8326414
2.7019956
2.9674723
2.9587107
2.8258965
2.7447405
2.7690756
2.8665295
2.7099292
2.606216
2.6448996
2.6582778
2.7883916
2.7850654
2.7397792
2.8648713
2.7105255
2.8258195
2.640813
2.7556007
2.7886822
2.8465414
2.8021557
2.8223267
2.8103995
2.8203492
2.7870777
2.7851217
2.79052
2.7142382
2.6724358
2.725177
2.719807
2.9430277
2.954256
test_risk
2.7621915
2.8336208
2.8150764
2.7564993
2.7168598
2.865163
2.7239206
2.8037972
2.697309
2.8738832
2.8345668
2.7956738
2.7717745
2.9048927
2.802621
2.7917402
2.8098557
2.7584693
2.7742202
2.8462503
2.8298385
2.8923082
2.7916818
2.9325488
2.861702
2.7921262
3.000675
2.881687
2.951571
2.9502647
2.764208
2.7449095
2.795659
2.7719364
2.8264503
2.840458
2.6030605
2.7210016
2.822319
2.7799404
2.7322347
2.7604463
2.6909554
2.9127731
2.7631032
2.8008652
2.7041402
2.7485223
2.7581036
2.7394254
2.8765364
2.896133
2.867262
2.7950246
2.6841803
2.6792045
2.8304925
2.7948697
2.837311
2.7736146
2.7238462
2.8057797
2.7486293
2.8103158
2.890638
2.8109024
2.757782
2.7024324
2.8845282
2.774197
2.7203913
2.7651389
2.7826498
2.7909834
2.7258234
2.8507032
2.7667317
2.6945908
2.7409847
2.8203146
2.8332038
2.8072636
2.7753072
2.715868
2.8394852
2.784326
2.8784993
2.774722
2.7144668
2.7860553
2.7488453
2.8258867
2.7966154
2.8051429
2.8255804
2.7427945
2.7086418
2.7683988
2.9534564
2.9444811
2.8268616
2.793136
2.8423445
2.8622315
2.7850826
2.8647277
2.749752
2.6481996
2.7206395
2.8286107
2.851206
2.756013
2.991969
2.7659087
2.9094884
2.729495
2.6184335
2.8749928
2.731087
2.9109628
2.6696482
2.8442948
2.6455386
2.836954
2.908508
2.5285172
2.7203207
2.7064877
2.9308789
2.640936
2.871343
2.7881086
2.864243
2.8037426
2.899244
2.7972045
2.7801054
2.8104773
2.839257
2.6893559
2.7710838
2.6302583
2.7524421
2.676187
2.786319
2.817816
2.827803
2.850504
2.8848732
2.907717
2.7288985
2.8474185
2.9164689
2.8413508
2.760891
2.8213756
2.8910635
2.7947867
2.6913905
2.7958689
2.9389405
2.8012471
2.8269267
2.7410994
2.7395437
2.9892569
2.7890673
2.6633651
2.8881905
2.6584923
2.881362
2.852892
2.699087
2.9313788
3.0286677
2.8449636
2.9632847
2.7490046
2.8552747
2.6078794
2.915707
2.8564813
2.782709
2.6557596
2.7125976
2.7845654
2.7918708
2.737276
2.7744675
2.8120306
2.747622
2.7492306
2.8642986
2.7218697
2.654553
2.646346
2.8722146
2.747713
2.8537776
2.6072094
2.7975302
2.6759155
2.798913
2.798216
2.7862408
2.8901982
2.793444
2.8515859
2.8977454
2.7512329
2.8119316
2.7075007
2.9881058
2.804814
2.7792008
2.8826683
2.779077
2.6986253
3.0200994
2.7787225
2.8672476
2.8167167
2.6901412
2.9440439
2.9863777
2.8445237
2.7319114
2.7825997
2.8624713
2.699567
2.6252072
2.6617103
2.6388059
2.7730563
2.7880058
2.765643
2.8647935
2.7201104
2.8328645
2.6465535
2.723518
2.7941594
2.817017
2.8073125
2.8401484
2.794208
2.8095837
2.7805066
2.8211715
2.7644422
2.728329
2.6912255
2.7178628
2.7371616
2.9311914
2.9355838
test_mean_value
0.0014566544
0.0006576318
0.0011850554
-0.0026815091
-0.0007132754
0.002164159
-0.0014147136
-0.0020715601
-0.0018416202
0.0010426127
0.00034252641
-0.003219983
-0.0021047208
-0.0020052323
0.003122827
0.003250695
-0.00064232113
0.0005623476
0.0014881511
-0.0005113192
-0.0024572888
-0.0015096959
0.00035540908
0.001899746
0.00023888373
0.0021373034
0.0019518936
0.0042235693
0.00036414855
-0.0006572083
0.000931589
0.0029796853
0.0017893725
0.0019840018
-0.0020470342
-3.7244772e-05
-0.0003981375
-0.00013895992
0.00074167113
0.0023848095
0.00040610475
-0.0024356914
0.0016199872
0.00097649905
8.231138e-05
-0.0017943309
0.0016761555
-0.0016778429
0.00028979365
-0.000752884
-0.00076128764
-0.00093210005
0.0011671962
-0.0024238722
-0.001918847
0.0018701437
0.001349948
0.000671317
0.00011230339
0.001675085
-0.002248254
-0.0030068294
-0.0009574234
0.00027376544
-0.0029807559
0.003320333
-0.0005412325
0.00050733873
0.0011201352
0.0012566191
-0.00057164626
0.0027682765
-0.0041445196
0.0013099797
-0.0028901654
0.0012733124
0.004188599
-0.0010108865
-0.00025693554
-0.0020752472
-0.0020642744
-0.00047246483
0.000102909784
0.00037912707
-0.0010044879
0.00062611676
-0.0008290385
-0.0012963646
-0.002332038
0.001240789
-0.00011025721
0.0006068015
0.00029521415
-0.0034176402
-0.0008316127
-0.0005511699
0.0014956257
0.0009934818
0.0019394545
-0.0005235732
7.023437e-05
-0.0030984415
-0.0038651456
0.0011728341
0.0014637596
-0.0027227192
0.0057816873
0.0009440595
-6.904165e-05
6.305961e-05
0.0021272087
-0.00095666404
-0.0004290453
0.0009517622
-0.0017071106
0.0010141556
-0.00032305118
-0.0010271051
0.0016954662
-0.006121406
-6.137483e-05
0.0015772831
-0.0013619524
-0.00082422805
0.002994182
-0.000896892
0.0001625264
0.0007750852
0.0010492028
0.0014137751
0.0018444201
-0.00019272044
-0.002867577
0.0014391671
0.0014388778
0.00064362225
-0.00033008438
0.0026027753
-9.5719035e-05
0.0009198212
0.0007411787
-0.0029488297
-0.0024625044
0.002790322
-0.002967117
0.0025768862
-0.0008151027
0.0004171226
0.0024037466
0.00010397206
-0.0016604817
0.0001593193
-0.0011401591
-0.0023214906
0.001325499
0.000292179
0.0006377521
0.0010582878
-0.0015215263
0.0014607722
0.0020131592
-0.00079359754
-0.0005163184
-0.0010823597
0.000166572
-0.0003942199
-0.0018737402
-0.0047357455
-0.00076335226
-0.0008585409
0.0045350306
0.00039633986
-0.0014634707
-0.002264034
0.0009855655
-0.0010311563
0.0016023455
-0.0011527626
-0.002816827
0.00086723414
0.000122237
-0.0032213326
0.001964791
0.0018601331
-0.00013305755
0.0010329394
0.00029332752
0.003418263
-6.940229e-05
-0.002850908
-0.0056247497
0.002913439
-0.0012105047
-0.0014137184
-0.001375485
0.0010960292
0.0022274991
0.0024902392
-0.002636875
-0.0008356703
-0.0003744147
0.0021652386
0.0013550047
0.0015670335
0.0002594546
-0.0013951346
-0.0019573455
0.0009341945
0.0021247019
0.0032870516
0.0012684803
-0.0021370086
0.0013233094
-0.0020313167
-0.00033758988
0.00048207468
-0.00096495217
-0.00010869223
0.0026372776
-0.0028100393
0.0018995433
-0.0017924212
-0.0012843986
0.0001888734
0.002094732
-0.0004392604
0.0029891457
-0.0033768825
0.0005488309
0.0018063857
-0.0021964975
-0.0015085195
-0.001986015
0.0014283502
-0.0003161104
-0.0004350373
0.0035563195
-0.002584927
-0.0008823946
0.0009214893
0.000698652
0.00017295314
0.0017319202
-0.0040746513
-0.0036852963
0.0014546724
0.0015009338
-0.00040340907
-0.00026393967
0.0010623093
0.003173242
-0.0003461557
-0.0018279417
-0.0012897453
-0.0017612921
-0.0021199514
test_mean_abs_value
0.83015424
0.77571833
0.93505406
0.76711977
0.739249
0.82250786
0.88226175
0.8293222
0.75943726
0.78372645
0.926417
0.63691753
0.8201487
0.92057586
1.0040677
0.8947164
0.9262463
0.7085234
0.65548027
0.84617853
0.7708875
0.989165
0.6178681
0.68860114
0.81617343
0.92244184
0.8310648
0.7622539
0.80941606
0.92502236
0.6855102
0.92211086
0.7662491
0.73411846
0.79541445
0.93218625
0.71498686
0.7165897
0.7725206
0.8881929
0.79663795
0.93917257
0.75099665
0.8509039
0.9253994
0.70354235
0.65391874
0.670113
0.80823183
0.7530282
0.8306017
0.75529927
0.8847965
0.8706252
0.77641386
0.8337867
0.8010146
0.59428495
0.7542755
0.8118504
0.94391054
0.84490967
0.9172388
1.0685786
0.8106047
0.9763776
0.73187685
0.6525482
0.9357548
0.766118
0.699326
0.75374836
0.80401653
0.6389912
0.86401814
0.76472783
0.8492168
0.9306839
0.78001946
0.76694995
1.0728405
0.79389805
0.80295604
0.7875909
0.6539604
0.8508526
0.96095496
0.89694077
0.8220177
0.7222307
0.8550501
0.73556226
0.7309629
0.7426977
0.789135
0.79368925
0.7253442
0.69075537
0.7306771
1.035192
0.68506354
0.764305
0.7226704
0.80425197
0.73997474
0.73532087
0.910928
0.80119365
0.7349577
0.826028
0.8354404
0.7523725
0.83677703
0.76842415
0.75322706
0.7037502
0.73126715
0.7329797
0.60913056
0.93688416
0.7395828
0.94186646
0.69135696
0.8829526
0.801703
0.7493085
0.76998365
0.75856364
0.7710643
0.6847017
0.8897281
0.7671308
0.7127803
0.69874287
1.0766786
0.920093
0.701206
0.7262451
0.8708198
0.8082331
0.8351316
0.8245134
0.87157685
0.7353861
0.8375317
0.9508176
0.89816135
0.86952156
0.8546928
0.7108567
0.7416745
0.8503074
0.8635775
0.7351948
0.77436805
0.81822187
0.9010911
0.81194407
0.80644923
0.79614437
0.84099925
0.90329266
0.78871804
0.71928334
0.6580013
1.0143752
0.78034633
0.7643817
0.77396566
0.64877784
0.69733036
0.758848
0.95435226
0.90219545
0.9114498
0.9010114
0.9078991
0.8218168
0.67940205
0.61645997
0.9399158
0.8119182
0.7404287
0.6144205
0.7565991
0.79451126
0.8494359
0.7180121
0.82006234
0.7154284
0.9308706
0.7694258
0.91445047
0.7818565
0.7074644
0.6855343
0.82441235
0.8664596
0.66996807
0.72977984
0.64500767
0.7992078
0.833756
0.8239338
0.8027246
0.9135361
0.7507123
0.66112167
0.8381113
0.64960825
0.7534814
0.82519376
1.0103126
0.7465311
0.7349163
0.7764789
0.68121076
0.763821
1.0350045
0.8400861
0.9092568
0.7669595
0.7306796
0.84170765
0.9824818
0.74788284
0.7843153
0.6628358
0.7988181
0.7251864
0.92576087
0.69952136
0.6911129
0.94883275
0.7535429
0.7688046
0.7902553
0.7563628
0.72660434
0.819642
0.8366175
0.7207359
0.8289972
0.68973976
0.75952244
0.73672146
0.7733286
0.8854039
0.84602374
0.70094806
0.7488549
0.8140365
0.6697613
0.8016248
0.76759183
0.91946447
test_variance_value
1.1269529
0.9532479
1.3912916
0.9410318
0.8609068
1.0843984
1.2537055
1.1281929
0.91825587
0.97444534
1.3669344
0.6418286
1.0848712
1.3451931
1.6082213
1.2760644
1.3627691
0.80421716
0.6829734
1.1457897
0.96231747
1.5554681
0.6058131
0.76831967
1.0574658
1.3615093
1.1017838
0.9321765
1.0396205
1.3530124
0.7431705
1.3559372
0.93823117
0.8583866
1.001936
1.3771405
0.8136188
0.83101624
0.96160424
1.2553389
1.024189
1.4082416
0.8958525
1.1611482
1.3516922
0.7909674
0.6829201
0.7123178
1.0589143
0.89458454
1.0927503
0.9000345
1.2839599
1.2111623
0.9589794
1.0967904
1.0202535
0.5629646
0.9066654
1.0514365
1.4371959
1.1232091
1.3466737
1.8366529
1.039969
1.5347447
0.853949
0.6817303
1.4208759
0.93088603
0.7706614
0.9035447
1.0424068
0.6539296
1.1795459
0.92497766
1.1489847
1.3775423
0.96836704
0.93452686
1.8596904
1.0075943
1.0298134
1.0184859
0.67983013
1.1556039
1.4777737
1.2822467
1.0730445
0.84095633
1.1764296
0.8546138
0.8445776
0.8690746
1.0017537
0.99681306
0.8424541
0.7572112
0.84656185
1.7316447
0.7526878
0.9302236
0.83367646
1.0476162
0.89188516
0.86884594
1.3284
1.0139989
0.86096615
1.0869868
1.1182107
0.90211517
1.1259379
0.94643337
0.89791363
0.78584623
0.8646659
0.84989744
0.59519863
1.3876722
0.86754245
1.4132848
0.76212764
1.2355424
1.0294908
0.8849882
0.93979204
0.9133464
0.97784424
0.7526243
1.2859342
0.9370468
0.80603313
0.7818236
1.8660772
1.3422568
0.7801953
0.85549927
1.1993179
1.0349864
1.1035733
1.0862453
1.2164416
0.85332775
1.1332926
1.4464446
1.2864202
1.2023298
1.1631895
0.8075485
0.8814521
1.174723
1.1830381
0.85694903
0.9536886
1.0595043
1.328055
1.0481311
1.0366752
1.0156635
1.1421096
1.3056266
0.9864128
0.82044256
0.68460405
1.6422911
0.96860796
0.92342
0.943488
0.674525
0.7734534
0.91898656
1.4565319
1.2991006
1.3161005
1.287033
1.3189828
1.0673704
0.7301587
0.6034338
1.4120688
1.0439329
0.87095225
0.609066
0.9114186
1.0235434
1.1425335
0.8272565
1.0834792
0.8184134
1.3931469
0.93556315
1.3272215
0.97285175
0.790197
0.74952984
1.0818107
1.1924853
0.7122694
0.84336746
0.6669648
1.0351467
1.1074274
1.0820848
1.0311809
1.317533
0.8915516
0.7054965
1.1101055
0.67242706
0.9230171
1.095865
1.6404335
0.8902916
0.86010134
0.9542131
0.7526359
0.9305229
1.7211523
1.119196
1.329549
0.93916804
0.85136366
1.1255466
1.5273317
0.884006
0.97852343
0.71536905
1.0303718
0.83696496
1.3742605
0.7776412
0.76389414
1.436757
0.894498
0.9458428
0.98434407
0.92655283
0.83866566
1.0840905
1.1153824
0.82521254
1.1079715
0.7561295
0.92575014
0.8840888
0.9542936
1.2590309
1.1319276
0.78089327
0.9206163
1.0484296
0.72378916
1.0232513
0.9404176
1.3455796
test_mean_costs
0.0
0.0
0.0
0.0
0.0
0.0
0.0
0.0
0.0
0.0
0.0
0.0
0.0
0.0
0.0
0.0
0.0
0.0
0.0
0.0
0.0
0.0
0.0
0.0
0.0
0.0
0.0
0.0
0.0
0.0
0.0
0.0
0.0
0.0
0.0
0.0
0.0
0.0
0.0
0.0
0.0
0.0
0.0
0.0
0.0
0.0
0.0
0.0
0.0
0.0
0.0
0.0
0.0
0.0
0.0
0.0
0.0
0.0
0.0
0.0
0.0
0.0
0.0
0.0
0.0
0.0
0.0
0.0
0.0
0.0
0.0
0.0
0.0
0.0
0.0
0.0
0.0
0.0
0.0
0.0
0.0
0.0
0.0
0.0
0.0
0.0
0.0
0.0
0.0
0.0
0.0
0.0
0.0
0.0
0.0
0.0
0.0
0.0
0.0
0.0
0.0
0.0
0.0
0.0
0.0
0.0
0.0
0.0
0.0
0.0
0.0
0.0
0.0
0.0
0.0
0.0
0.0
0.0
0.0
0.0
0.0
0.0
0.0
0.0
0.0
0.0
0.0
0.0
0.0
0.0
0.0
0.0
0.0
0.0
0.0
0.0
0.0
0.0
0.0
0.0
0.0
0.0
0.0
0.0
0.0
0.0
0.0
0.0
0.0
0.0
0.0
0.0
0.0
0.0
0.0
0.0
0.0
0.0
0.0
0.0
0.0
0.0
0.0
0.0
0.0
0.0
0.0
0.0
0.0
0.0
0.0
0.0
0.0
0.0
0.0
0.0
0.0
0.0
0.0
0.0
0.0
0.0
0.0
0.0
0.0
0.0
0.0
0.0
0.0
0.0
0.0
0.0
0.0
0.0
0.0
0.0
0.0
0.0
0.0
0.0
0.0
0.0
0.0
0.0
0.0
0.0
0.0
0.0
0.0
0.0
0.0
0.0
0.0
0.0
0.0
0.0
0.0
0.0
0.0
0.0
0.0
0.0
0.0
0.0
0.0
0.0
0.0
0.0
0.0
0.0
0.0
0.0
0.0
0.0
0.0
0.0
0.0
0.0
0.0
0.0
0.0
0.0
0.0
0.0
0.0
0.0
0.0
0.0
0.0
0.0
0.0
0.0
0.0
0.0
0.0
0.0
test_mean_abs_costs
0.0
0.0
0.0
0.0
0.0
0.0
0.0
0.0
0.0
0.0
0.0
0.0
0.0
0.0
0.0
0.0
0.0
0.0
0.0
0.0
0.0
0.0
0.0
0.0
0.0
0.0
0.0
0.0
0.0
0.0
0.0
0.0
0.0
0.0
0.0
0.0
0.0
0.0
0.0
0.0
0.0
0.0
0.0
0.0
0.0
0.0
0.0
0.0
0.0
0.0
0.0
0.0
0.0
0.0
0.0
0.0
0.0
0.0
0.0
0.0
0.0
0.0
0.0
0.0
0.0
0.0
0.0
0.0
0.0
0.0
0.0
0.0
0.0
0.0
0.0
0.0
0.0
0.0
0.0
0.0
0.0
0.0
0.0
0.0
0.0
0.0
0.0
0.0
0.0
0.0
0.0
0.0
0.0
0.0
0.0
0.0
0.0
0.0
0.0
0.0
0.0
0.0
0.0
0.0
0.0
0.0
0.0
0.0
0.0
0.0
0.0
0.0
0.0
0.0
0.0
0.0
0.0
0.0
0.0
0.0
0.0
0.0
0.0
0.0
0.0
0.0
0.0
0.0
0.0
0.0
0.0
0.0
0.0
0.0
0.0
0.0
0.0
0.0
0.0
0.0
0.0
0.0
0.0
0.0
0.0
0.0
0.0
0.0
0.0
0.0
0.0
0.0
0.0
0.0
0.0
0.0
0.0
0.0
0.0
0.0
0.0
0.0
0.0
0.0
0.0
0.0
0.0
0.0
0.0
0.0
0.0
0.0
0.0
0.0
0.0
0.0
0.0
0.0
0.0
0.0
0.0
0.0
0.0
0.0
0.0
0.0
0.0
0.0
0.0
0.0
0.0
0.0
0.0
0.0
0.0
0.0
0.0
0.0
0.0
0.0
0.0
0.0
0.0
0.0
0.0
0.0
0.0
0.0
0.0
0.0
0.0
0.0
0.0
0.0
0.0
0.0
0.0
0.0
0.0
0.0
0.0
0.0
0.0
0.0
0.0
0.0
0.0
0.0
0.0
0.0
0.0
0.0
0.0
0.0
0.0
0.0
0.0
0.0
0.0
0.0
0.0
0.0
0.0
0.0
0.0
0.0
0.0
0.0
0.0
0.0
0.0
0.0
0.0
0.0
0.0
0.0
test_variance_costs
0.0
0.0
0.0
0.0
0.0
0.0
0.0
0.0
0.0
0.0
0.0
0.0
0.0
0.0
0.0
0.0
0.0
0.0
0.0
0.0
0.0
0.0
0.0
0.0
0.0
0.0
0.0
0.0
0.0
0.0
0.0
0.0
0.0
0.0
0.0
0.0
0.0
0.0
0.0
0.0
0.0
0.0
0.0
0.0
0.0
0.0
0.0
0.0
0.0
0.0
0.0
0.0
0.0
0.0
0.0
0.0
0.0
0.0
0.0
0.0
0.0
0.0
0.0
0.0
0.0
0.0
0.0
0.0
0.0
0.0
0.0
0.0
0.0
0.0
0.0
0.0
0.0
0.0
0.0
0.0
0.0
0.0
0.0
0.0
0.0
0.0
0.0
0.0
0.0
0.0
0.0
0.0
0.0
0.0
0.0
0.0
0.0
0.0
0.0
0.0
0.0
0.0
0.0
0.0
0.0
0.0
0.0
0.0
0.0
0.0
0.0
0.0
0.0
0.0
0.0
0.0
0.0
0.0
0.0
0.0
0.0
0.0
0.0
0.0
0.0
0.0
0.0
0.0
0.0
0.0
0.0
0.0
0.0
0.0
0.0
0.0
0.0
0.0
0.0
0.0
0.0
0.0
0.0
0.0
0.0
0.0
0.0
0.0
0.0
0.0
0.0
0.0
0.0
0.0
0.0
0.0
0.0
0.0
0.0
0.0
0.0
0.0
0.0
0.0
0.0
0.0
0.0
0.0
0.0
0.0
0.0
0.0
0.0
0.0
0.0
0.0
0.0
0.0
0.0
0.0
0.0
0.0
0.0
0.0
0.0
0.0
0.0
0.0
0.0
0.0
0.0
0.0
0.0
0.0
0.0
0.0
0.0
0.0
0.0
0.0
0.0
0.0
0.0
0.0
0.0
0.0
0.0
0.0
0.0
0.0
0.0
0.0
0.0
0.0
0.0
0.0
0.0
0.0
0.0
0.0
0.0
0.0
0.0
0.0
0.0
0.0
0.0
0.0
0.0
0.0
0.0
0.0
0.0
0.0
0.0
0.0
0.0
0.0
0.0
0.0
0.0
0.0
0.0
0.0
0.0
0.0
0.0
0.0
0.0
0.0
0.0
0.0
0.0
0.0
0.0
0.0
test_mean_wealth
-2.3673158
-2.435803
-2.4308362
-2.3891106
-2.3546762
-2.4482415
-2.3537624
-2.4092782
-2.3343005
-2.467315
-2.44468
-2.4138224
-2.3624675
-2.5104756
-2.4075792
-2.417403
-2.4241226
-2.3783271
-2.3877726
-2.4530163
-2.436122
-2.4843931
-2.4039483
-2.509029
-2.4764462
-2.384677
-2.597847
-2.4838235
-2.546876
-2.5364509
-2.3850458
-2.3847249
-2.4226534
-2.397425
-2.4482446
-2.4514732
-2.2482722
-2.3362348
-2.4284358
-2.3959877
-2.336405
-2.3843918
-2.3304772
-2.5035813
-2.3902967
-2.422178
-2.3379154
-2.3650167
-2.375854
-2.358102
-2.492631
-2.496985
-2.468911
-2.425357
-2.3099358
-2.2976394
-2.4197848
-2.4169948
-2.4206321
-2.3941453
-2.3485081
-2.4095762
-2.378519
-2.4012582
-2.4992173
-2.426529
-2.3911462
-2.332611
-2.480862
-2.39322
-2.366697
-2.3806448
-2.4034858
-2.4051802
-2.363689
-2.4660747
-2.386032
-2.3301506
-2.371957
-2.4374795
-2.4251666
-2.426045
-2.3866026
-2.3295157
-2.4598439
-2.4013815
-2.4929183
-2.3799226
-2.3532853
-2.3961592
-2.3736994
-2.4164474
-2.4109032
-2.4189446
-2.4294887
-2.3572311
-2.3408253
-2.3967726
-2.5547872
-2.5308628
-2.4501555
-2.4126832
-2.449715
-2.4752967
-2.3889139
-2.4724333
-2.37383
-2.287071
-2.3548439
-2.4367497
-2.4652476
-2.370625
-2.5698755
-2.3862379
-2.5173786
-2.372932
-2.2563307
-2.4776182
-2.343335
-2.489603
-2.3133268
-2.4566772
-2.2877812
-2.4470541
-2.5101573
-2.189531
-2.3508027
-2.3462915
-2.5219371
-2.2866197
-2.4617193
-2.4072144
-2.4635627
-2.4258978
-2.4818199
-2.4143898
-2.395512
-2.426638
-2.439415
-2.3053136
-2.3945215
-2.2737708
-2.3877943
-2.3024113
-2.3923397
-2.4285133
-2.4436944
-2.4664314
-2.4777262
-2.5100884
-2.3699
-2.4555907
-2.5165503
-2.4592512
-2.3748243
-2.434166
-2.4823446
-2.4155707
-2.3292115
-2.4237328
-2.5328517
-2.415148
-2.4356542
-2.3666275
-2.367263
-2.5596926
-2.4035313
-2.2965305
-2.4772897
-2.28657
-2.4874394
-2.4700072
-2.3235078
-2.5272439
-2.6065633
-2.4544923
-2.549583
-2.3758512
-2.4665961
-2.2588327
-2.481451
-2.4737127
-2.3939097
-2.2904935
-2.3305109
-2.417877
-2.4065273
-2.352298
-2.381618
-2.4237742
-2.341609
-2.3538818
-2.474027
-2.3459165
-2.2842658
-2.2990503
-2.4821663
-2.3803387
-2.4433475
-2.251637
-2.4301212
-2.2919805
-2.410846
-2.415501
-2.3896313
-2.4928567
-2.405061
-2.4280372
-2.4946098
-2.3719273
-2.4110484
-2.32335
-2.577527
-2.3920908
-2.3922064
-2.474662
-2.3947747
-2.3242054
-2.5913866
-2.3940284
-2.464193
-2.4138222
-2.3035898
-2.5276968
-2.5754123
-2.4626813
-2.3554602
-2.382936
-2.4614239
-2.3189392
-2.2585723
-2.3023834
-2.2839108
-2.3964531
-2.4228523
-2.3962634
-2.4764736
-2.3429646
-2.4336302
-2.282549
-2.3449404
-2.4111352
-2.4106004
-2.4148757
-2.4491572
-2.4040692
-2.4089282
-2.3935716
-2.4450595
-2.3974102
-2.345365
-2.3059754
-2.3332908
-2.3611119
-2.5387068
-2.5244985
test_mean_abs_wealth
2.3673158
2.435803
2.4308362
2.3891106
2.3546762
2.4482415
2.3537624
2.4092782
2.3343005
2.467315
2.44468
2.4138224
2.3624675
2.5104756
2.4075792
2.417403
2.4241226
2.3783271
2.3877726
2.4530163
2.436122
2.4843931
2.4039483
2.509029
2.4764462
2.384677
2.597847
2.4838235
2.546876
2.5364509
2.3850458
2.3847249
2.4226534
2.397425
2.4482446
2.4514732
2.2482722
2.3362348
2.4284358
2.3959877
2.336405
2.3843918
2.3304772
2.5035813
2.3902967
2.422178
2.3379154
2.3650167
2.375854
2.358102
2.492631
2.496985
2.468911
2.425357
2.3099358
2.2976394
2.4197848
2.4169948
2.4206321
2.3941453
2.3485081
2.4095762
2.378519
2.4012582
2.4992173
2.426529
2.3911462
2.332611
2.480862
2.39322
2.366697
2.3806448
2.4034858
2.4051802
2.363689
2.4660747
2.386032
2.3301506
2.371957
2.4374795
2.4251666
2.426045
2.3866026
2.3295157
2.4598439
2.4013815
2.4929183
2.3799226
2.3532853
2.3961592
2.3736994
2.4164474
2.4109032
2.4189446
2.4294887
2.3572311
2.3408253
2.3967726
2.5547872
2.5308628
2.4501555
2.4126832
2.449715
2.4752967
2.3889139
2.4724333
2.37383
2.287071
2.3548439
2.4367497
2.4652476
2.370625
2.5698755
2.3862379
2.5173786
2.372932
2.2563307
2.4776182
2.343335
2.489603
2.3133268
2.4566772
2.2877812
2.4470541
2.5101573
2.189531
2.3508027
2.3462915
2.5219371
2.2866197
2.4617193
2.4072144
2.4635627
2.4258978
2.4818199
2.4143898
2.395512
2.426638
2.439415
2.3053136
2.3945215
2.2737708
2.3877943
2.3024113
2.3923397
2.4285133
2.4436944
2.4664314
2.4777262
2.5100884
2.3699
2.4555907
2.5165503
2.4592512
2.3748243
2.434166
2.4823446
2.4155707
2.3292115
2.4237328
2.5328517
2.415148
2.4356542
2.3666275
2.367263
2.5596926
2.4035313
2.2965305
2.4772897
2.28657
2.4874394
2.4700072
2.3235078
2.5272439
2.6065633
2.4544923
2.549583
2.3758512
2.4665961
2.2588327
2.481451
2.4737127
2.3939097
2.2904935
2.3305109
2.417877
2.4065273
2.352298
2.381618
2.4237742
2.341609
2.3538818
2.474027
2.3459165
2.2842658
2.2990503
2.4821663
2.3803387
2.4433475
2.251637
2.4301212
2.2919805
2.410846
2.415501
2.3896313
2.4928567
2.405061
2.4280372
2.4946098
2.3719273
2.4110484
2.32335
2.577527
2.3920908
2.3922064
2.474662
2.3947747
2.3242054
2.5913866
2.3940284
2.464193
2.4138222
2.3035898
2.5276968
2.5754123
2.4626813
2.3554602
2.382936
2.4614239
2.3189392
2.2585723
2.3023834
2.2839108
2.3964531
2.4228523
2.3962634
2.4764736
2.3429646
2.4336302
2.282549
2.3449404
2.4111352
2.4106004
2.4148757
2.4491572
2.4040692
2.4089282
2.3935716
2.4450595
2.3974102
2.345365
2.3059754
2.3332908
2.3611119
2.5387068
2.5244985
test_variance_wealth
0.03269822
0.033625282
0.03143692
0.028868051
0.02803094
0.036703255
0.029173886
0.032954525
0.02825512
0.034695853
0.03209561
0.031106735
0.03506726
0.03299577
0.033020657
0.029868308
0.031801097
0.030735284
0.03184845
0.032570485
0.03279664
0.03542618
0.031913288
0.037521232
0.031556673
0.034573317
0.034791723
0.033753745
0.034967136
0.036156867
0.0306255
0.027889516
0.029700015
0.030112054
0.030574765
0.032206357
0.026744358
0.031380195
0.032873373
0.031259395
0.032941867
0.0302621
0.027841255
0.035479326
0.029610962
0.030604336
0.028770559
0.031190788
0.03098297
0.03064191
0.03175984
0.033895925
0.033576936
0.029202089
0.029826423
0.03053792
0.035442874
0.030608378
0.036306158
0.030737545
0.029896617
0.033140898
0.029228909
0.03487711
0.032523848
0.031503107
0.028869921
0.02899124
0.034192633
0.03062151
0.026926171
0.0314576
0.03060875
0.031315498
0.028060239
0.03154462
0.030784212
0.028374117
0.029072931
0.031357564
0.03495244
0.030821558
0.03210152
0.03152711
0.030977327
0.030815803
0.03167761
0.03279073
0.027954571
0.03200378
0.030015528
0.035191912
0.03139075
0.031773254
0.03312336
0.031825468
0.028752336
0.029727042
0.03399849
0.03633514
0.030413859
0.030901888
0.032729108
0.03190272
0.033061754
0.032744266
0.03019889
0.027720375
0.028536556
0.0328
0.031784475
0.031204982
0.03747639
0.030571291
0.032950614
0.027307883
0.027931979
0.033530496
0.03161279
0.03740122
0.027125431
0.031923857
0.027100533
0.032065865
0.033829726
0.024411144
0.029264634
0.027804177
0.03536379
0.026924027
0.035106365
0.030960439
0.03377838
0.030388605
0.036532793
0.031344045
0.031246295
0.0314562
0.03363273
0.031297185
0.030241977
0.027239159
0.028357439
0.029571163
0.032563183
0.032223605
0.03137034
0.031498425
0.03515832
0.033748776
0.027631981
0.032618638
0.03373589
0.031084385
0.031687193
0.031678703
0.035152737
0.030639928
0.027989537
0.029549494
0.03502631
0.03178489
0.032699935
0.030053083
0.029487804
0.038903255
0.031503122
0.028495256
0.035499547
0.029449735
0.03309408
0.031137485
0.029799916
0.034667976
0.03782137
0.032594316
0.036157362
0.02941891
0.032345973
0.026066788
0.03927316
0.031347387
0.03206616
0.028337868
0.030840937
0.028605271
0.03162738
0.031299464
0.032546643
0.031955358
0.034508355
0.032893114
0.032408424
0.02979385
0.028749
0.025990622
0.03232787
0.028880022
0.035236757
0.02671552
0.028957786
0.030849542
0.031765692
0.031275682
0.03295299
0.0337929
0.031841833
0.037167385
0.03446578
0.030498998
0.03389956
0.031200444
0.035801385
0.035289064
0.032047603
0.035020288
0.031424336
0.029724726
0.03876737
0.03146091
0.034415383
0.034246273
0.031361718
0.036826316
0.03607697
0.030846605
0.030228645
0.033723764
0.033959024
0.030541383
0.028502487
0.027420735
0.026958136
0.030241957
0.028691268
0.029310368
0.032473434
0.030110922
0.03371581
0.028091617
0.03044727
0.031484734
0.034797493
0.032504234
0.03225358
0.032485902
0.03404341
0.03157703
0.030349515
0.02884157
0.031014906
0.031347793
0.031142706
0.03017092
0.032953177
0.035799775
test_wealth_with_price_abs_mean
0.1432944
0.14536782
0.1405216
0.13487118
0.13281538
0.15175016
0.1353552
0.14388709
0.13331333
0.14742513
0.14186403
0.13980685
0.14838505
0.1439237
0.14397638
0.13701412
0.14141564
0.13902996
0.14153516
0.1429167
0.1435854
0.14922462
0.14160496
0.15341145
0.14071488
0.14721078
0.14794098
0.1456507
0.14822517
0.15066768
0.1386228
0.13254426
0.13657004
0.13764474
0.13863422
0.14224777
0.12957352
0.1404883
0.14368527
0.14004363
0.14376788
0.13791476
0.1323181
0.14930697
0.1364994
0.1386654
0.13449289
0.13986762
0.13934502
0.13864262
0.14132378
0.14595215
0.14512523
0.13563555
0.1368246
0.1384115
0.1491932
0.13881853
0.15083212
0.13896412
0.13713345
0.14421281
0.1354824
0.14765142
0.1426828
0.14065503
0.13474979
0.13488536
0.14633529
0.13861403
0.13013752
0.14070134
0.13864024
0.14019719
0.13282639
0.14073159
0.13915616
0.13360262
0.13513197
0.1404597
0.14813244
0.13904507
0.14205518
0.14068523
0.13974744
0.13887265
0.14107999
0.14334412
0.13267437
0.14178084
0.13731718
0.14857349
0.14050297
0.14135101
0.14407478
0.14150396
0.13435553
0.1368366
0.14614312
0.15105352
0.13834666
0.1394292
0.14340843
0.14171055
0.14397648
0.14342332
0.13784188
0.13195555
0.13403292
0.14371131
0.14137144
0.13980372
0.15335734
0.13856186
0.14405553
0.13108064
0.13241659
0.14499216
0.14088908
0.15333919
0.13059343
0.14160036
0.13047749
0.14186396
0.14564033
0.12388004
0.13583313
0.13220377
0.14891434
0.13014694
0.14841147
0.13951422
0.14545321
0.13818403
0.15122202
0.1403802
0.14002681
0.14060724
0.14529662
0.14024535
0.13789748
0.13095176
0.13356562
0.13620262
0.14293194
0.14228454
0.14039783
0.14071694
0.14863022
0.14560975
0.13186607
0.14311068
0.1455053
0.13987337
0.14109038
0.14105818
0.14856875
0.13867167
0.1328138
0.13628703
0.14843278
0.14145112
0.14349122
0.13751659
0.13620926
0.1563828
0.14078079
0.13378948
0.14922227
0.13611908
0.14426163
0.13987984
0.13676207
0.1475078
0.15403213
0.14322117
0.15068722
0.1359676
0.14275667
0.12798719
0.15709169
0.14039049
0.14189877
0.1334054
0.13903882
0.1340996
0.14094675
0.14026648
0.14279257
0.14167924
0.1471326
0.14366518
0.1425751
0.13669106
0.13428883
0.12800412
0.14248045
0.13476487
0.14864057
0.12963508
0.13503872
0.138934
0.14125097
0.14023727
0.14362513
0.14578126
0.14134511
0.15255451
0.1471673
0.1384535
0.14591058
0.13989171
0.15003806
0.14887314
0.14192276
0.14823121
0.14054878
0.13664155
0.1558907
0.14066821
0.14701648
0.14654903
0.14030702
0.15200135
0.15076402
0.13919623
0.13776208
0.14555773
0.14609031
0.13847935
0.1338421
0.13128911
0.13019484
0.13789
0.13441245
0.13579462
0.14282627
0.13754234
0.14538555
0.13286008
0.13832873
0.14081551
0.14789961
0.14284088
0.14228441
0.14285836
0.14624521
0.14085138
0.13824245
0.13479374
0.13958582
0.14024793
0.13983883
0.13769276
0.1440132
0.14987548
test_wealth_with_price_variance
0.03269822
0.033625282
0.03143692
0.028868051
0.02803094
0.036703255
0.029173886
0.032954525
0.02825512
0.034695853
0.03209561
0.031106735
0.03506726
0.03299577
0.033020657
0.029868308
0.031801097
0.030735284
0.03184845
0.032570485
0.03279664
0.03542618
0.031913288
0.037521232
0.031556673
0.034573317
0.034791723
0.033753745
0.034967136
0.036156867
0.0306255
0.027889516
0.029700015
0.030112054
0.030574765
0.032206357
0.026744358
0.031380195
0.032873373
0.031259395
0.032941867
0.0302621
0.027841255
0.035479326
0.029610962
0.030604336
0.028770559
0.031190788
0.03098297
0.03064191
0.03175984
0.033895925
0.033576936
0.029202089
0.029826423
0.03053792
0.035442874
0.030608378
0.036306158
0.030737545
0.029896617
0.033140898
0.029228909
0.03487711
0.032523848
0.031503107
0.028869921
0.02899124
0.034192633
0.03062151
0.026926171
0.0314576
0.03060875
0.031315498
0.028060239
0.03154462
0.030784212
0.028374117
0.029072931
0.031357564
0.03495244
0.030821558
0.03210152
0.03152711
0.030977327
0.030815803
0.03167761
0.03279073
0.027954571
0.03200378
0.030015528
0.035191912
0.03139075
0.031773254
0.03312336
0.031825468
0.028752336
0.029727042
0.03399849
0.03633514
0.030413859
0.030901888
0.032729108
0.03190272
0.033061754
0.032744266
0.03019889
0.027720375
0.028536556
0.0328
0.031784475
0.031204982
0.03747639
0.030571291
0.032950614
0.027307883
0.027931979
0.033530496
0.03161279
0.03740122
0.027125431
0.031923857
0.027100533
0.032065865
0.033829726
0.024411144
0.029264634
0.027804177
0.03536379
0.026924027
0.035106365
0.030960439
0.03377838
0.030388605
0.036532793
0.031344045
0.031246295
0.0314562
0.03363273
0.031297185
0.030241977
0.027239159
0.028357439
0.029571163
0.032563183
0.032223605
0.03137034
0.031498425
0.03515832
0.033748776
0.027631981
0.032618638
0.03373589
0.031084385
0.031687193
0.031678703
0.035152737
0.030639928
0.027989537
0.029549494
0.03502631
0.03178489
0.032699935
0.030053083
0.029487804
0.038903255
0.031503122
0.028495256
0.035499547
0.029449735
0.03309408
0.031137485
0.029799916
0.034667976
0.03782137
0.032594316
0.036157362
0.02941891
0.032345973
0.026066788
0.03927316
0.031347387
0.03206616
0.028337868
0.030840937
0.028605271
0.03162738
0.031299464
0.032546643
0.031955358
0.034508355
0.032893114
0.032408424
0.02979385
0.028749
0.025990622
0.03232787
0.028880022
0.035236757
0.02671552
0.028957786
0.030849542
0.031765692
0.031275682
0.03295299
0.0337929
0.031841833
0.037167385
0.03446578
0.030498998
0.03389956
0.031200444
0.035801385
0.035289064
0.032047603
0.035020288
0.031424336
0.029724726
0.03876737
0.03146091
0.034415383
0.034246273
0.031361718
0.036826316
0.03607697
0.030846605
0.030228645
0.033723764
0.033959024
0.030541383
0.028502487
0.027420735
0.026958136
0.030241957
0.028691268
0.029310368
0.032473434
0.030110922
0.03371581
0.028091617
0.03044727
0.031484734
0.034797493
0.032504234
0.03225358
0.032485902
0.03404341
0.03157703
0.030349515
0.02884157
0.031014906
0.031347793
0.031142706
0.03017092
0.032953177
0.035799775
price
2.366899
2.4355953
2.4306624
2.3895369
2.3545625
2.448636
2.3527973
2.408977
2.3339286
2.467454
2.4451027
2.4132566
2.3625574
2.509701
2.4070113
2.4178338
2.4241257
2.3784533
2.3866649
2.4522803
2.4358525
2.4844322
2.4040241
2.5090668
2.476597
2.3844302
2.5969691
2.4833498
2.546761
2.536502
2.3848515
2.3841817
2.4219396
2.3969712
2.4474363
2.4508104
2.248475
2.3357608
2.4278936
2.3962474
2.3359704
2.3846974
2.3307097
2.5029154
2.390068
2.421982
2.3371766
2.3651853
2.375421
2.357933
2.4923706
2.4967613
2.4687953
2.4246993
2.3095021
2.297178
2.4195247
2.4166627
2.4202082
2.3935614
2.347811
2.4093113
2.3777788
2.4003618
2.4987783
2.4264593
2.3906324
2.3327975
2.4808893
2.3926218
2.3661745
2.380289
2.403237
2.4046545
2.3634758
2.4651542
2.3854907
2.3295105
2.3718767
2.4367344
2.4249146
2.425337
2.3861878
2.3298523
2.459268
2.400295
2.492689
2.3792572
2.3527198
2.3956518
2.3734448
2.415619
2.4107323
2.4191682
2.4286935
2.357453
2.3406205
2.397102
2.5540295
2.5305934
2.4497268
2.4124799
2.4495654
2.4754732
2.3882556
2.471536
2.3734243
2.287123
2.3545768
2.4366667
2.4646308
2.369728
2.5695488
2.3861992
2.5172546
2.372709
2.255475
2.477229
2.3433764
2.4892862
2.3135374
2.4556777
2.2876508
2.447278
2.510224
2.188736
2.3512309
2.345706
2.5213852
2.2866216
2.4613822
2.4064987
2.4637449
2.4257922
2.4814215
2.4139063
2.3953116
2.4262958
2.4391663
2.3057938
2.394076
2.2735693
2.387542
2.302245
2.3917887
2.4277828
2.4434636
2.466726
2.4774063
2.5093756
2.3699057
2.4553375
2.5168505
2.4591389
2.374291
2.4339995
2.482285
2.415124
2.328745
2.42385
2.5323682
2.414866
2.4353273
2.366898
2.367224
2.5600133
2.4034266
2.2958972
2.476717
2.2865014
2.487459
2.4692771
2.323423
2.5268788
2.606887
2.4541993
2.54911
2.375304
2.4668248
2.2579365
2.4814208
2.4731169
2.3938398
2.289772
2.3305216
2.4178362
2.4059556
2.3513758
2.3814518
2.424102
2.3408697
2.3541226
2.4740567
2.3455572
2.2839465
2.299218
2.481625
2.3794603
2.442955
2.2512727
2.4303293
2.2918382
2.4103265
2.4153311
2.3896022
2.4926703
2.4047482
2.4271545
2.4943469
2.3717942
2.4103236
2.3231657
2.5770583
2.3924575
2.39205
2.4739132
2.3943768
2.324347
2.5905771
2.3932004
2.4642963
2.4132922
2.303535
2.5276303
2.5747693
2.4619465
2.3554177
2.383401
2.4619687
2.318725
2.2587774
2.301921
2.2839475
2.3966084
2.42284
2.396001
2.4762268
2.3430755
2.4339526
2.2822306
2.3445787
2.410746
2.410423
2.41512
2.4490047
2.404418
2.409018
2.393736
2.4448912
2.3969584
2.344864
2.3051815
2.3330042
2.3613572
2.5384583
2.5242293
train_time
0.3779180000000002
0.34233630000000126
0.3509959000000009
0.3446158999999973
0.4319537000000011
0.3371033999999966
0.3358016000000035
0.41450100000000134
0.35684590000000327
0.3459901999999886
0.3389734000000004
0.4921118999999976
0.3413283000000007
0.37110419999999067
0.3535925999999989
0.3364742999999919
0.35090780000000166
0.34774860000001695
0.34115620000000035
0.5288169000000096
0.34625180000000455
0.4649842000000035
0.36287670000001526
0.3495709999999974
0.3487141999999892
0.3534786999999824
0.34510880000001976
0.5594915000000071
0.3601354999999842
0.3432945999999788
0.3357838999999956
0.3410084999999867
0.3497587999999894
0.3306698000000097
0.3474928999999918
0.4692176000000359
0.3494572999999832
0.3374243000000092
0.5910493999999744
0.36749070000001893
0.3364516999999978
0.3435996999999702
0.3392468999999778
0.3452689999999734
0.3428859999999645
0.33625050000000556
0.3504748999999947
0.3573595999999952
0.3568897999999763
0.32345629999997527
0.3329575999999861
0.3447462000000314
0.35714180000002216
0.3578928000000019
0.3729925000000094
0.35825599999998303
0.3661561999999776
0.3563623000000007
0.3408354000000031
0.351453499999991
0.3440246999999772
0.3344218999999953
0.34075009999997974
0.4623984000000405
0.7158665000000042
0.33116330000001426
0.3282626000000164
0.3315634999999588
0.3386618000000112
0.3214952999999241
0.4028191999999535
0.33134929999994256
0.3550173999999515
0.33029179999994085
0.3420512999999801
0.38490729999989526
0.32930260000000544
0.3349269999999933
0.34471399999995356
0.3435329000000138
0.8136822999999822
0.3414016999998921
0.34610779999991337
0.36187440000003335
0.3646653000000697
0.34669029999997747
0.34080470000003515
0.3498913000000812
0.32965839999997115
0.3412243999999873
0.34014350000006743
0.3498043999999254
0.33416950000003
0.33656150000001617
0.32541950000006636
0.34624140000005355
0.3390097000000196
0.3371131000000105
0.3323297999999113
0.32307670000000144
0.3163439999999582
0.3261959999999817
0.3530551999999716
0.33716979999996965
0.3349911999999904
0.43931450000002314
0.3510627000000568
0.3374478000000636
0.33250520000001416
0.3339489999999614
0.3337430999999924
0.3400577999999541
0.3491719999999532
0.3341672000000244
0.3401221000000305
0.46526239999991503
0.3408854000000474
0.33447659999990265
0.3635768999999982
0.33528769999998076
0.34527810000008685
0.3563463000000411
1.0537335999999868
0.3627326000000721
0.34091539999997167
0.32822360000000117
0.3574432999999999
0.3383643999999322
0.3482209999999668
0.3380244999999604
0.31891480000001593
0.3254642000000558
0.33674740000003567
0.3876879999999119
0.33843290000004345
0.34021369999993567
0.3257854999999381
0.3346608000000515
0.33686009999996713
0.32935380000003533
0.31218269999999393
0.36308329999997113
0.33767839999995886
0.31861000000003514
0.32936979999999494
0.34791619999987233
0.4483827999999903
0.3468003000000408
0.3238933000000088
1.193952999999965
0.3350373999999192
0.34817340000017793
0.3646185999998579
0.3433964000000742
0.3249731000000793
0.3490441000001283
0.35827150000000074
0.3228257000000667
0.337524200000189
0.32962019999990844
0.3427056000000448
0.32285639999986415
0.33330149999983405
0.32160880000014913
0.33918919999996433
0.33336389999999483
0.33351509999988593
0.3293736999999055
0.3497697000000244
0.31527829999981805
0.3207116999999471
0.3218991000001097
0.3419669999998405
0.33643389999997453
0.3386137999998482
0.3332652000001417
0.3180382999998983
0.3233394999999746
0.32045529999982136
0.3331425000001218
1.3925853000000643
0.3440487000000303
0.33020620000002054
0.35004529999991973
0.32858710000004976
0.3372150000000147
0.3357003999999506
0.3314708000000337
0.45454709999989973
0.3412920999999187
0.3328282999998464
0.3228831999999784
0.3596966000000066
0.3250490999998874
0.3296682999998666
0.3374396000001525
0.8669972000000143
0.6323864000000867
0.3341554000000997
0.35340359999986504
0.3478556000000026
0.8432702000000063
0.7935136000000966
0.32711029999995844
0.365559100000155
0.3916034999999738
0.4530644999999822
0.3459900000000289
0.35367550000000847
0.36113619999991897
0.36720760000002883
0.3489358999997876
0.30728580000004513
0.3013198999999531
0.318439699999999
0.5400575999999546
1.6210066999999526
0.30884259999993446
0.31984460000012405
0.3218004000000292
0.3169129000000339
0.3091744999999264
0.31205629999999474
0.3252303000001575
0.3239325000001827
0.596535700000004
0.47456179999994674
0.32922180000014123
0.3321149000000787
0.3263882000001104
0.3430714999999509
0.32162749999997686
0.3429780999999821
0.34372640000015053
0.3084946999999829
0.3407116999999289
0.36174690000007104
0.3342120000002069
0.71798560000002
0.3608182999998917
0.4693944000000556
0.3314663000001019
0.314704299999903
0.3253509999999551
0.3126258999998299
0.3640849999999318
0.3159946000000673
0.32150220000016816
0.32041069999991123
0.3276081000001341
0.30503029999999853
0.3084754999999859
0.3144337999999607
0.31399579999992966
0.3385611000001063
0.29907269999989694


