================================================================================
=== continuous-time
train_risk
3.0079086
3.0141304
3.0777342
2.9846208
2.8748367
3.0954278
2.7885337
2.9725966
2.951518
3.0744982
2.8511236
2.9425237
2.6992342
3.106552
3.043624
2.9402905
2.9272068
2.9013448
2.985718
3.1254137
2.8855023
3.1340883
3.1013486
3.3196127
3.1046004
2.944559
3.2074528
2.938308
3.0547926
3.1958082
2.9976368
3.1132736
3.0292706
2.908175
3.1157331
2.9069393
2.851233
2.9366884
2.970627
2.8700678
3.016485
2.9281955
2.8260968
3.1526616
2.9896476
2.9800937
2.9890003
3.044362
3.0277686
3.0004828
2.9811692
3.0267887
3.110514
2.9235275
2.8873672
2.8545969
3.0327435
2.9457698
3.0323055
3.0408657
2.937598
3.0301197
3.0024424
2.7748623
3.1883955
2.918207
2.9520128
2.94039
2.9249659
3.0451076
2.8389688
2.940486
2.888212
2.8427262
2.8421404
3.0422103
3.0391054
2.8162758
2.932258
2.9681766
3.1131263
3.0303884
2.928617
2.7681997
3.023247
2.8946419
3.0524762
3.066218
2.994381
2.7219527
2.9126234
3.0730505
2.9641957
3.0585494
2.9604478
2.8113565
2.82678
2.8970737
3.151702
2.9499538
3.0036182
2.9884682
2.888007
2.88019
2.9726934
3.110769
3.0402691
2.7188067
3.061746
3.0476189
2.811227
2.908161
3.2563407
2.9247067
3.0526993
2.9085944
2.7156205
2.9423206
2.9481637
2.9479313
2.7960596
3.109608
2.6884098
2.9034321
3.0111086
2.6700153
3.059476
2.9098337
3.090753
2.8924074
3.290508
3.0139236
3.1832018
3.0073025
3.0477488
2.9825466
3.0258145
2.9655862
2.9055326
2.9131255
3.1834695
2.726461
3.007451
2.8693771
2.8264723
2.9072704
2.9363942
3.1274078
3.068465
3.1639566
2.9651175
3.0212111
3.120425
3.0705457
3.0677414
3.1016707
3.0181904
3.010582
2.9873037
3.056411
3.0044656
2.7742243
3.172702
2.8844416
2.9846084
3.264066
2.7380981
2.948541
3.2573566
2.8810787
2.9990757
3.053445
2.9855795
3.433197
3.1624866
3.1046119
3.1347504
2.8685489
2.9823573
2.9369256
2.9045122
3.1603422
2.9457054
2.9073591
2.949347
2.992621
2.9413958
2.895392
2.9796007
3.038003
2.8692203
2.8995776
2.917045
2.8626544
2.668541
2.794222
3.0652323
2.7853227
3.032616
2.8813024
2.8448198
2.8558593
3.0317597
3.0972836
3.120946
3.1155777
2.8054352
3.28098
3.0143685
2.9440336
2.9989588
2.890057
3.1588817
3.1470418
2.9647148
2.934074
3.15799
2.8056908
3.0727124
3.0353644
3.1553366
3.0212111
2.7725637
3.0643313
3.3759668
3.0322943
3.0289087
2.9481442
2.9953954
2.8335598
2.79568
2.8740726
2.9479654
2.9227939
2.9587858
2.9650795
3.0811794
2.8996804
2.8810024
2.7575243
2.7933135
3.139742
3.056342
3.1888247
3.0796027
2.843322
3.0552402
2.8184197
2.967493
2.931462
2.9676573
2.840162
2.8519347
3.2013235
3.0347176
3.2772815
test_risk
3.0372329
3.0155327
3.0597715
2.9746146
2.869182
3.076812
2.7972245
2.979248
2.9557772
3.050679
2.840087
2.9537187
2.6963525
3.1525705
3.060306
2.9701278
2.9523783
2.910858
2.9996505
3.1166897
2.896641
3.1221275
3.072083
3.2992315
3.0981092
2.9379184
3.220208
2.9693336
3.0794106
3.19589
2.9815705
3.1075988
3.018294
2.9269981
3.1177735
2.9184222
2.8608692
2.9352717
2.9926574
2.8969948
3.0206165
2.9376454
2.8526268
3.2337818
3.0136962
3.0200596
2.9713218
3.0518355
3.0128734
2.9758728
2.9695191
3.0453475
3.1239958
2.8896801
2.9033368
2.8815234
3.0196314
2.9565418
3.0239394
3.0697677
2.931589
3.047502
2.9895113
2.7425418
3.2064416
2.9485972
2.9965153
2.9574924
2.94841
3.0113838
2.8379748
2.9739363
2.912816
2.8365731
2.8676393
3.057288
3.0483387
2.8256938
2.9545414
2.9458745
3.0993354
2.9625924
2.9322093
2.7591891
3.0150433
2.877836
3.079513
3.0736582
2.9663887
2.729809
2.9248486
3.0600178
2.9893548
3.1059332
2.9893215
2.8398578
2.807959
2.9514182
3.1950727
2.9977589
3.010043
2.973543
2.9437215
2.892898
2.9781783
3.1052027
3.0774724
2.7332792
3.0492535
3.0700572
2.8287454
2.9254067
3.2102268
2.9262347
3.0930638
2.90199
2.6997797
2.9221575
2.903869
2.9403007
2.8129208
3.076329
2.6550725
2.918175
3.0076869
2.6789205
3.0984046
2.9204085
3.10216
2.902156
3.2836292
2.9984472
3.1749353
3.007806
3.0514157
3.0433645
3.0133536
3.013019
2.921936
2.924709
3.1639707
2.740703
3.0041888
2.863654
2.8315833
2.9333181
2.9687152
3.1218584
3.064434
3.2043958
2.9378796
3.0072927
3.1097186
3.0934942
3.04317
3.1482275
3.0034645
3.003469
3.0067985
3.0807436
2.986922
2.8092928
3.0985804
2.8885531
2.9790409
3.270454
2.7549582
2.9486039
3.2180152
2.864276
2.992225
3.0121427
2.943562
3.4042962
3.1698444
3.13755
3.1080787
2.8620763
3.0322642
2.955884
2.9108338
3.1512759
2.966825
2.9105675
2.9232833
3.0038424
2.9504945
2.878752
2.9337332
3.0603201
2.8668401
2.9236312
2.8967235
2.86066
2.6489496
2.790294
3.0398333
2.7914155
3.0451043
2.8826036
2.8614476
2.8757207
3.036352
3.0882611
3.159254
3.1595378
2.8181758
3.281746
2.9996474
2.9400616
2.9975755
2.936419
3.1247704
3.1300972
2.950909
2.9454894
3.0985923
2.8121097
3.080654
3.0133297
3.1724014
3.0216517
2.825327
3.07133
3.3687894
3.005867
3.0270236
2.9772398
3.0347762
2.8518674
2.8003137
2.8736532
2.9859965
2.9840057
2.9669669
2.9459372
3.0977643
2.9043417
2.8934152
2.778575
2.814534
3.1790893
3.0452123
3.1691225
3.0046709
2.862421
3.0516465
2.8283155
2.9802735
2.9612994
2.9799085
2.8407352
2.8218033
3.148926
3.0613954
3.3141563
test_mean_value
-0.0023406872
-0.0006090924
0.0022935758
0.0003619306
0.00220989
-0.004794451
-0.0018916795
-0.0017933613
0.001561103
0.0049633635
-0.0026658217
0.0014415696
0.00085033244
0.002225994
0.004918554
-0.0012145822
0.00090237067
0.0016575268
-0.0017192804
-0.00068410096
-0.0008638882
0.00019482321
-0.0022985793
-0.0017886034
0.0010515162
-0.0009778853
0.001954559
0.0020279335
0.00049784605
-0.0015799662
0.00083898223
0.0030768488
-0.006278478
-0.0012263844
0.003192099
-0.00027299116
0.001489562
-0.002454748
-0.0023060811
-0.000286494
-0.0033900104
0.0017517491
0.0011687664
0.000891926
0.0029598158
0.0033000307
0.00078771444
0.00097361516
-0.0017084732
0.005660335
-0.003838169
-0.0023348646
-0.00012295309
0.00051790336
0.00032418215
-0.0038795003
-0.00081597664
0.0013790921
-0.00053916103
-0.0014295727
0.0017279972
0.0062662954
0.008153599
0.0045409077
-0.0032057117
-0.0032220923
-0.00092902116
0.00033747536
0.005491761
-0.0054397425
-0.0009000724
-0.003799276
3.304981e-05
-0.0014084354
0.001648177
-0.0055379607
0.0036108424
0.0071960543
-0.00044248262
0.0029671409
-0.00046445892
-0.0028539107
0.0014586181
-0.0023945489
0.0039305915
0.002195687
0.00501048
0.00064724666
-0.0019397113
-0.0006042198
-0.00082507974
0.00020790193
-0.0020013596
0.00013130912
0.0026033022
-0.0026898698
0.0015459344
0.0017585017
-0.00068796275
-0.0014763798
0.00040234352
-0.0020187418
-0.0052031847
0.0034766493
-8.882504e-05
-0.0005883104
-0.00028078657
-0.00090525264
0.0047382237
0.0010272614
-8.292387e-05
0.0018495566
-0.0006747755
0.0013038465
0.0015972652
0.0017963905
-0.0018044176
6.214678e-05
-0.0028979047
0.0043299124
0.003707119
-0.0024963708
-0.0023874263
-0.0034093456
-0.004410631
-0.0032974074
0.00044839768
0.0022919767
-0.0008313574
-0.0010577473
0.0021740645
0.0019710485
-0.0009303815
-0.0066797216
0.0060510556
-0.003930475
-0.0011259316
0.001802388
-0.0013995457
0.0032265286
-0.0007508988
0.00059350446
0.0070031104
-0.000753255
-0.0014264169
-0.001387067
0.00061684754
-0.0014829915
0.0041636447
-0.0048498944
-0.0008750029
0.002551309
0.00027200312
-0.0066062445
0.0027432973
0.0003018453
-0.0006451803
-0.002313553
-0.0018841225
0.0030502416
-0.0026535448
0.0018847553
0.0016758773
0.0031917992
0.0019133263
0.0032228641
0.0041246936
0.0046819253
-0.00054982887
0.0013826641
0.0013733944
1.6473095e-05
0.0054932567
0.0049683303
-0.0018586777
0.0010358361
0.0019505008
-0.0003025574
0.00030816
-0.00082288845
-0.004155301
0.003920799
-0.0019202947
0.002211461
-0.0018339563
-0.002461607
0.0014394161
-0.0020633745
0.003600659
0.0065013417
0.0027167946
-3.3073662e-05
-0.0015935167
-0.0016725349
0.0017232874
0.0007386571
0.00094928406
-0.0030669807
0.0002006613
0.0015340928
-0.00454014
0.0041510086
-0.00048669043
0.0043416037
-0.00093334744
-0.00022100557
0.0011510572
0.004623959
0.001083305
-0.004332224
-0.0042862473
0.003921474
0.00041142668
0.0016533098
0.00035838032
0.005125508
0.00092889403
-0.0022860903
0.004090602
0.00023931368
-0.00041594496
0.0015548145
0.0025666214
0.0021655608
2.7605887e-05
-0.0021332277
0.0008920421
-0.00415299
0.0018891676
0.00502804
-0.004843337
0.0015158
-0.0036032533
0.0014890099
0.0020278601
-9.9158126e-05
-0.007097355
0.006659725
-9.907699e-05
0.0014588772
0.0008324307
-0.0062578153
-0.0001074229
-0.0024934502
-0.0014796524
0.0006233685
0.0001633343
0.002073583
0.0056584924
0.00049837877
-0.0089548025
0.000512531
0.003365379
-0.0006038324
0.0025965262
-0.0037728078
test_mean_abs_value
1.1026917
1.2638053
1.5031536
1.0666031
0.90032935
1.1497805
1.2175806
1.1335263
0.95490223
1.1888877
1.0973778
1.3155296
1.0455699
1.205034
0.9266937
1.4085679
1.1306057
0.99127525
1.1623828
1.2265451
1.2053771
1.2977663
1.2281793
1.485077
0.97446454
0.9393888
1.3285282
1.0105919
1.0762216
1.1950724
0.89644015
0.8516439
0.99620223
1.0599127
1.089669
0.9991319
1.0979637
1.2384871
1.1254246
1.5543216
1.1020384
1.1408063
1.0702711
1.4309113
1.423502
1.0202228
1.2428343
1.3543833
1.0658352
1.2526551
1.054673
0.8308833
1.1725984
1.2246065
1.1722535
1.0980027
1.3922346
1.1237936
1.0673674
1.1389428
1.2511147
1.3797755
1.1777896
1.1449189
1.2755368
1.0654966
1.2423817
1.133873
0.9441293
1.223346
1.1586602
1.039084
1.2691466
1.223622
1.349805
1.3272976
1.0630593
1.0010027
0.9143729
1.3276789
1.2722126
0.9567114
0.9351897
1.0003837
1.2284918
1.130873
0.95074475
1.062677
1.602444
1.1097378
1.0673033
1.2135472
1.0911937
0.9833231
0.9542913
1.3297483
0.99246705
1.2251607
1.0475985
1.0086901
1.0198928
0.99941134
1.4863039
0.8452978
1.1183709
1.1047232
1.2357982
0.8653659
1.6582615
1.1175128
0.8253646
1.1426177
1.2595237
1.4592366
1.1088814
1.4804753
1.3967663
1.1582539
0.904465
1.2498723
1.3232024
1.1652743
1.0882835
1.109849
1.192034
0.7292772
1.1904687
0.9114455
1.1591127
1.3928235
1.1566778
1.0725307
1.2614489
1.2335554
1.1466224
1.2348753
1.0093299
1.1227735
1.107602
1.2550954
0.9514242
1.0262725
1.3191339
1.0477241
0.8850127
0.7783223
0.8718852
1.0094917
1.2061226
0.9320845
0.82408875
1.3863039
1.2332242
1.2465843
1.3843036
1.4932402
1.0288788
1.4400823
1.1619953
0.9752766
1.054996
0.86384654
1.2110734
0.9267638
1.0533537
1.2295887
1.0919714
0.9734429
1.2157279
1.1763144
1.0334967
0.9884197
1.1447215
1.8238361
1.0842408
1.2649484
0.96675295
1.2463303
1.1783166
1.1952007
1.4769429
1.1100312
1.1074804
0.962768
0.79964685
1.2479209
1.0740658
1.2551407
1.035916
1.2405858
0.9467008
1.119389
1.3206505
1.254365
0.9678104
0.95425725
1.096908
0.92762595
1.0589056
1.004218
1.373383
0.9495723
1.2946303
1.2819728
1.168242
1.0505766
0.91049296
1.2319345
1.5970564
1.3858756
1.0205489
1.0590398
1.0848577
1.3305467
1.0373557
1.3681043
1.178967
0.8855117
1.4183042
1.4073714
1.5066028
1.0422454
1.1790308
1.1753126
1.4741036
1.262032
1.4220005
1.248479
1.0416348
1.0873595
1.2898917
1.2355871
1.100278
1.2052717
1.0022037
1.0802056
1.395864
1.1556628
1.2439874
1.1077797
0.99746627
1.1972299
0.9093202
1.2746841
1.3388319
1.2061607
1.2398812
1.0958742
1.1038837
1.0631692
1.3656204
0.9180553
1.4332736
1.150425
1.0149676
1.0726943
test_variance_value
1.9746994
2.5298407
3.7856247
1.8425173
1.320533
2.1612525
2.4067392
2.1203668
1.5152241
2.261193
1.9299927
2.8721097
1.8074487
2.5163982
1.3753177
3.2391813
2.0944016
1.5911838
2.2284262
2.3872828
2.3384748
2.7532701
2.4643514
3.6375277
1.5275443
1.3895744
3.0071847
1.6889253
1.9389727
2.2647004
1.3281521
1.1876136
1.6777433
1.7763624
1.9439573
1.5797919
1.9279791
2.4688413
2.160243
3.9317815
1.9338222
2.1121829
1.848731
3.2456431
3.2775154
1.6617709
2.438678
2.954448
1.8452778
2.5161276
1.7541931
1.1669668
2.180995
2.4567637
2.2723005
1.930257
3.0923812
2.051404
1.7986783
2.1996522
2.4398243
3.02035
2.2796807
2.089873
2.7125857
1.871332
2.6001818
2.0573199
1.4206761
2.364978
2.2860534
1.814653
2.574696
2.4018333
2.9174175
2.7694166
1.7879044
1.6392783
1.363863
2.8577259
2.7317688
1.4659894
1.4733628
1.6157976
2.3567526
2.0819972
1.5083456
1.877584
4.1348352
1.9249732
1.8957385
2.3012452
1.9135102
1.5469247
1.5026436
2.9417026
1.593763
2.3730495
1.8077998
1.6125687
1.6409732
1.6251713
3.6070948
1.1523801
2.0091505
2.0008945
2.4153862
1.198479
4.454837
2.0151844
1.0770044
2.0731635
2.5336301
3.426928
1.9967772
3.5526738
3.1501276
2.2234282
1.310034
2.528014
2.808808
2.2055607
1.8955401
1.9496489
2.2786088
0.8835501
2.3341544
1.346022
2.1143265
3.085912
2.169522
1.8690052
2.702643
2.5807717
2.141583
2.5141609
1.603642
2.095963
2.017778
2.522268
1.5155307
1.6852756
2.814851
1.7375917
1.2411948
0.97212034
1.2198571
1.6793973
2.325731
1.4155859
1.1264969
3.0767872
2.547986
2.4991343
3.094679
3.6524358
1.7093664
3.3780162
2.1351812
1.5745275
1.7861594
1.196383
2.3244026
1.4016063
1.7398455
2.4169786
1.8778832
1.5649965
2.3279035
2.1822333
1.7632169
1.5497832
2.1823988
5.4549212
1.8616118
2.6059835
1.5321574
2.602399
2.2781825
2.2891006
3.5380654
2.0323417
1.9724596
1.4781188
1.0248874
2.53535
1.9185246
2.5107443
1.7102352
2.4919908
1.4102488
2.023034
2.8821661
2.5462525
1.5447583
1.5364568
1.918875
1.3453952
1.8132591
1.6005982
3.0639331
1.4360375
2.7262754
2.74166
2.3057156
1.7560786
1.3367335
2.432489
4.157859
3.1479657
1.7078812
1.8005385
1.9182763
2.8279083
1.7294017
3.0323431
2.2002785
1.2914684
3.2036865
3.1611757
3.7707565
1.7932023
2.219236
2.2410257
3.5667856
2.546423
3.347096
2.4758918
1.7946509
1.8685097
2.6548712
2.4768152
1.9604963
2.3161013
1.5795299
1.8862082
3.135659
2.136139
2.5871203
2.000927
1.5824294
2.4086547
1.3842643
2.698292
2.8420045
2.3526459
2.7282557
1.9543574
1.982558
1.8332429
2.995635
1.3574275
3.3091145
2.145959
1.6500429
1.8325118
test_mean_costs
0.0
0.0
0.0
0.0
0.0
0.0
0.0
0.0
0.0
0.0
0.0
0.0
0.0
0.0
0.0
0.0
0.0
0.0
0.0
0.0
0.0
0.0
0.0
0.0
0.0
0.0
0.0
0.0
0.0
0.0
0.0
0.0
0.0
0.0
0.0
0.0
0.0
0.0
0.0
0.0
0.0
0.0
0.0
0.0
0.0
0.0
0.0
0.0
0.0
0.0
0.0
0.0
0.0
0.0
0.0
0.0
0.0
0.0
0.0
0.0
0.0
0.0
0.0
0.0
0.0
0.0
0.0
0.0
0.0
0.0
0.0
0.0
0.0
0.0
0.0
0.0
0.0
0.0
0.0
0.0
0.0
0.0
0.0
0.0
0.0
0.0
0.0
0.0
0.0
0.0
0.0
0.0
0.0
0.0
0.0
0.0
0.0
0.0
0.0
0.0
0.0
0.0
0.0
0.0
0.0
0.0
0.0
0.0
0.0
0.0
0.0
0.0
0.0
0.0
0.0
0.0
0.0
0.0
0.0
0.0
0.0
0.0
0.0
0.0
0.0
0.0
0.0
0.0
0.0
0.0
0.0
0.0
0.0
0.0
0.0
0.0
0.0
0.0
0.0
0.0
0.0
0.0
0.0
0.0
0.0
0.0
0.0
0.0
0.0
0.0
0.0
0.0
0.0
0.0
0.0
0.0
0.0
0.0
0.0
0.0
0.0
0.0
0.0
0.0
0.0
0.0
0.0
0.0
0.0
0.0
0.0
0.0
0.0
0.0
0.0
0.0
0.0
0.0
0.0
0.0
0.0
0.0
0.0
0.0
0.0
0.0
0.0
0.0
0.0
0.0
0.0
0.0
0.0
0.0
0.0
0.0
0.0
0.0
0.0
0.0
0.0
0.0
0.0
0.0
0.0
0.0
0.0
0.0
0.0
0.0
0.0
0.0
0.0
0.0
0.0
0.0
0.0
0.0
0.0
0.0
0.0
0.0
0.0
0.0
0.0
0.0
0.0
0.0
0.0
0.0
0.0
0.0
0.0
0.0
0.0
0.0
0.0
0.0
0.0
0.0
0.0
0.0
0.0
0.0
0.0
0.0
0.0
0.0
0.0
0.0
0.0
0.0
0.0
0.0
0.0
0.0
test_mean_abs_costs
0.0
0.0
0.0
0.0
0.0
0.0
0.0
0.0
0.0
0.0
0.0
0.0
0.0
0.0
0.0
0.0
0.0
0.0
0.0
0.0
0.0
0.0
0.0
0.0
0.0
0.0
0.0
0.0
0.0
0.0
0.0
0.0
0.0
0.0
0.0
0.0
0.0
0.0
0.0
0.0
0.0
0.0
0.0
0.0
0.0
0.0
0.0
0.0
0.0
0.0
0.0
0.0
0.0
0.0
0.0
0.0
0.0
0.0
0.0
0.0
0.0
0.0
0.0
0.0
0.0
0.0
0.0
0.0
0.0
0.0
0.0
0.0
0.0
0.0
0.0
0.0
0.0
0.0
0.0
0.0
0.0
0.0
0.0
0.0
0.0
0.0
0.0
0.0
0.0
0.0
0.0
0.0
0.0
0.0
0.0
0.0
0.0
0.0
0.0
0.0
0.0
0.0
0.0
0.0
0.0
0.0
0.0
0.0
0.0
0.0
0.0
0.0
0.0
0.0
0.0
0.0
0.0
0.0
0.0
0.0
0.0
0.0
0.0
0.0
0.0
0.0
0.0
0.0
0.0
0.0
0.0
0.0
0.0
0.0
0.0
0.0
0.0
0.0
0.0
0.0
0.0
0.0
0.0
0.0
0.0
0.0
0.0
0.0
0.0
0.0
0.0
0.0
0.0
0.0
0.0
0.0
0.0
0.0
0.0
0.0
0.0
0.0
0.0
0.0
0.0
0.0
0.0
0.0
0.0
0.0
0.0
0.0
0.0
0.0
0.0
0.0
0.0
0.0
0.0
0.0
0.0
0.0
0.0
0.0
0.0
0.0
0.0
0.0
0.0
0.0
0.0
0.0
0.0
0.0
0.0
0.0
0.0
0.0
0.0
0.0
0.0
0.0
0.0
0.0
0.0
0.0
0.0
0.0
0.0
0.0
0.0
0.0
0.0
0.0
0.0
0.0
0.0
0.0
0.0
0.0
0.0
0.0
0.0
0.0
0.0
0.0
0.0
0.0
0.0
0.0
0.0
0.0
0.0
0.0
0.0
0.0
0.0
0.0
0.0
0.0
0.0
0.0
0.0
0.0
0.0
0.0
0.0
0.0
0.0
0.0
0.0
0.0
0.0
0.0
0.0
0.0
test_variance_costs
0.0
0.0
0.0
0.0
0.0
0.0
0.0
0.0
0.0
0.0
0.0
0.0
0.0
0.0
0.0
0.0
0.0
0.0
0.0
0.0
0.0
0.0
0.0
0.0
0.0
0.0
0.0
0.0
0.0
0.0
0.0
0.0
0.0
0.0
0.0
0.0
0.0
0.0
0.0
0.0
0.0
0.0
0.0
0.0
0.0
0.0
0.0
0.0
0.0
0.0
0.0
0.0
0.0
0.0
0.0
0.0
0.0
0.0
0.0
0.0
0.0
0.0
0.0
0.0
0.0
0.0
0.0
0.0
0.0
0.0
0.0
0.0
0.0
0.0
0.0
0.0
0.0
0.0
0.0
0.0
0.0
0.0
0.0
0.0
0.0
0.0
0.0
0.0
0.0
0.0
0.0
0.0
0.0
0.0
0.0
0.0
0.0
0.0
0.0
0.0
0.0
0.0
0.0
0.0
0.0
0.0
0.0
0.0
0.0
0.0
0.0
0.0
0.0
0.0
0.0
0.0
0.0
0.0
0.0
0.0
0.0
0.0
0.0
0.0
0.0
0.0
0.0
0.0
0.0
0.0
0.0
0.0
0.0
0.0
0.0
0.0
0.0
0.0
0.0
0.0
0.0
0.0
0.0
0.0
0.0
0.0
0.0
0.0
0.0
0.0
0.0
0.0
0.0
0.0
0.0
0.0
0.0
0.0
0.0
0.0
0.0
0.0
0.0
0.0
0.0
0.0
0.0
0.0
0.0
0.0
0.0
0.0
0.0
0.0
0.0
0.0
0.0
0.0
0.0
0.0
0.0
0.0
0.0
0.0
0.0
0.0
0.0
0.0
0.0
0.0
0.0
0.0
0.0
0.0
0.0
0.0
0.0
0.0
0.0
0.0
0.0
0.0
0.0
0.0
0.0
0.0
0.0
0.0
0.0
0.0
0.0
0.0
0.0
0.0
0.0
0.0
0.0
0.0
0.0
0.0
0.0
0.0
0.0
0.0
0.0
0.0
0.0
0.0
0.0
0.0
0.0
0.0
0.0
0.0
0.0
0.0
0.0
0.0
0.0
0.0
0.0
0.0
0.0
0.0
0.0
0.0
0.0
0.0
0.0
0.0
0.0
0.0
0.0
0.0
0.0
0.0
test_mean_wealth
-2.4900692
-2.4294987
-2.458392
-2.427433
-2.3379562
-2.488564
-2.2386563
-2.4098291
-2.359583
-2.4612966
-2.3361862
-2.364718
-2.1767907
-2.494389
-2.4669192
-2.3968303
-2.4067786
-2.3746269
-2.419407
-2.4954002
-2.2901485
-2.5255084
-2.4931116
-2.6341867
-2.4667544
-2.3729324
-2.5612288
-2.3867047
-2.4963212
-2.6172216
-2.381265
-2.51657
-2.3907375
-2.3785439
-2.502075
-2.3923035
-2.306481
-2.3848553
-2.3871505
-2.3292181
-2.4426491
-2.3741155
-2.3266225
-2.6068425
-2.448107
-2.466331
-2.4106019
-2.4587476
-2.4438035
-2.3988512
-2.4066486
-2.4658175
-2.5255592
-2.3190901
-2.3136477
-2.3394015
-2.4665449
-2.4119704
-2.4668322
-2.3763282
-2.3712091
-2.4978044
-2.44284
-2.252465
-2.5931158
-2.3832498
-2.3352349
-2.3821938
-2.3785613
-2.4228153
-2.2557342
-2.3931115
-2.3843157
-2.2667754
-2.3270802
-2.4340904
-2.461278
-2.3251681
-2.4143836
-2.381399
-2.4642315
-2.420094
-2.3051572
-2.2589939
-2.428997
-2.3424077
-2.522651
-2.4762118
-2.3917937
-2.2069783
-2.3606288
-2.5250697
-2.4401188
-2.512431
-2.41341
-2.2822673
-2.2574751
-2.4187033
-2.5919373
-2.4390383
-2.4477904
-2.389468
-2.375997
-2.3172908
-2.3602304
-2.5281222
-2.4342465
-2.2126884
-2.4454362
-2.5162425
-2.3110802
-2.3929787
-2.643581
-2.3884113
-2.5042982
-2.33459
-2.1989021
-2.3438294
-2.3386233
-2.4022408
-2.280996
-2.4673502
-2.1458442
-2.3639898
-2.4747667
-2.1662164
-2.4876158
-2.349418
-2.5427692
-2.3277822
-2.635805
-2.4180307
-2.5372384
-2.4156046
-2.5085442
-2.4469955
-2.4589174
-2.4178357
-2.3929935
-2.3978298
-2.5075774
-2.2573674
-2.4250867
-2.2860882
-2.2916415
-2.3518577
-2.4025202
-2.5155916
-2.4859989
-2.608775
-2.3492944
-2.4446871
-2.511561
-2.4847069
-2.5132465
-2.5358353
-2.452385
-2.4220524
-2.4655674
-2.4625618
-2.4065032
-2.3075979
-2.5237582
-2.3181605
-2.40923
-2.6773543
-2.252081
-2.3891413
-2.6037738
-2.3333766
-2.411577
-2.4274085
-2.3673573
-2.723018
-2.5761805
-2.4974775
-2.5098138
-2.273257
-2.4622571
-2.3720047
-2.336438
-2.536248
-2.4025877
-2.3574436
-2.3548799
-2.439056
-2.3860075
-2.3226087
-2.3710825
-2.4828856
-2.323693
-2.3570843
-2.3398979
-2.330297
-2.1245298
-2.2200093
-2.480174
-2.285794
-2.4597201
-2.3562484
-2.3116775
-2.3303132
-2.4660697
-2.5100408
-2.5037017
-2.584624
-2.3022177
-2.5595336
-2.4266567
-2.3795834
-2.4037359
-2.3621306
-2.5397282
-2.5529015
-2.3799965
-2.4204981
-2.5544121
-2.3053174
-2.5302558
-2.433699
-2.5239275
-2.3971272
-2.2989855
-2.492756
-2.7402682
-2.4516554
-2.4195595
-2.447548
-2.429273
-2.2943325
-2.2737696
-2.3164158
-2.4006302
-2.394832
-2.3768826
-2.4135647
-2.4870384
-2.3959136
-2.333869
-2.2584405
-2.290572
-2.5448265
-2.4315813
-2.557773
-2.442984
-2.3299527
-2.3749125
-2.310133
-2.429117
-2.4011264
-2.3939943
-2.3089015
-2.2759922
-2.5441175
-2.5048223
-2.706042
test_mean_abs_wealth
2.4900692
2.4294987
2.458392
2.427433
2.3379562
2.488564
2.2386563
2.4098291
2.359583
2.4612966
2.3361862
2.364718
2.1767907
2.494389
2.4669192
2.3968303
2.4067786
2.3746269
2.419407
2.4954002
2.2901485
2.5255084
2.4931116
2.6341867
2.4667544
2.3729324
2.5612288
2.3867047
2.4963212
2.6172216
2.381265
2.51657
2.3907375
2.3785439
2.502075
2.3923035
2.306481
2.3848553
2.3871505
2.3292181
2.4426491
2.3741155
2.3266225
2.6068425
2.448107
2.466331
2.4106019
2.4587476
2.4438035
2.3988512
2.4066486
2.4658175
2.5255592
2.3190901
2.3136477
2.3394015
2.4665449
2.4119704
2.4668322
2.3763282
2.3712091
2.4978044
2.44284
2.252465
2.5931158
2.3832498
2.3352349
2.3821938
2.3785613
2.4228153
2.2557342
2.3931115
2.3843157
2.2667754
2.3270802
2.4340904
2.461278
2.3251681
2.4143836
2.381399
2.4642315
2.420094
2.3051572
2.2589939
2.428997
2.3424077
2.522651
2.4762118
2.3917937
2.2069783
2.3606288
2.5250697
2.4401188
2.512431
2.41341
2.2822673
2.2574751
2.4187033
2.5919373
2.4390383
2.4477904
2.389468
2.375997
2.3172908
2.3602304
2.5281222
2.4342465
2.2126884
2.4454362
2.5162425
2.3110802
2.3929787
2.643581
2.3884113
2.5042982
2.33459
2.1989021
2.3438294
2.3386233
2.4022408
2.280996
2.4673502
2.1458442
2.3639898
2.4747667
2.1662164
2.4876158
2.349418
2.5427692
2.3277822
2.635805
2.4180307
2.5372384
2.4156046
2.5085442
2.4469955
2.4589174
2.4178357
2.3929935
2.3978298
2.5075774
2.2573674
2.4250867
2.2860882
2.2916415
2.3518577
2.4025202
2.5155916
2.4859989
2.608775
2.3492944
2.4446871
2.511561
2.4847069
2.5132465
2.5358353
2.452385
2.4220524
2.4655674
2.4625618
2.4065032
2.3075979
2.5237582
2.3181605
2.40923
2.6773543
2.252081
2.3891413
2.6037738
2.3333766
2.411577
2.4274085
2.3673573
2.723018
2.5761805
2.4974775
2.5098138
2.273257
2.4622571
2.3720047
2.336438
2.536248
2.4025877
2.3574436
2.3548799
2.439056
2.3860075
2.3226087
2.3710825
2.4828856
2.323693
2.3570843
2.3398979
2.330297
2.1245298
2.2200093
2.480174
2.285794
2.4597201
2.3562484
2.3116775
2.3303132
2.4660697
2.5100408
2.5037017
2.584624
2.3022177
2.5595336
2.4266567
2.3795834
2.4037359
2.3621306
2.5397282
2.5529015
2.3799965
2.4204981
2.5544121
2.3053174
2.5302558
2.433699
2.5239275
2.3971272
2.2989855
2.492756
2.7402682
2.4516554
2.4195595
2.447548
2.429273
2.2943325
2.2737696
2.3164158
2.4006302
2.394832
2.3768826
2.4135647
2.4870384
2.3959136
2.333869
2.2584405
2.290572
2.5448265
2.4315813
2.557773
2.442984
2.3299527
2.3749125
2.310133
2.429117
2.4011264
2.3939943
2.3089015
2.2759922
2.5441175
2.5048223
2.706042
test_variance_wealth
0.062148012
0.06938866
0.07175054
0.061328195
0.05751358
0.07083056
0.06236535
0.06554287
0.07142623
0.070936516
0.05294888
0.06894458
0.05453992
0.084977746
0.0717315
0.066039726
0.06134859
0.059430845
0.06751681
0.077641584
0.072104
0.07293664
0.068408765
0.0882186
0.079993725
0.065479554
0.085224435
0.06837797
0.06876521
0.06896112
0.072504275
0.071320005
0.07769778
0.060739294
0.07736143
0.05668346
0.06220287
0.0625366
0.072804295
0.06487092
0.06759091
0.063821055
0.05682431
0.07975948
0.06550964
0.06278562
0.06371413
0.071736164
0.065626375
0.06737759
0.064706124
0.06826335
0.0727773
0.06567274
0.069204114
0.06060926
0.06241251
0.060686618
0.064112455
0.09279133
0.064101405
0.06237317
0.06160272
0.04991341
0.07623017
0.06480252
0.086846784
0.06711581
0.06626965
0.07071433
0.06768475
0.06750038
0.05763897
0.06506882
0.0595795
0.076439
0.06942448
0.051513936
0.06025367
0.06517471
0.0801583
0.060111802
0.07729556
0.051413383
0.070098504
0.05923447
0.06403604
0.07184508
0.06655032
0.05537176
0.06410477
0.059572987
0.06190014
0.07194603
0.06678397
0.062279183
0.061311916
0.058739495
0.07420246
0.06459776
0.064043656
0.06900934
0.06514405
0.06643178
0.07712936
0.068266205
0.08208614
0.054467212
0.073502816
0.063358374
0.055036645
0.058102835
0.06661638
0.05888448
0.07023
0.06532003
0.051087353
0.06715019
0.0648465
0.059225127
0.057689015
0.07394673
0.052175034
0.06254782
0.058531955
0.05303449
0.075716056
0.06568601
0.064927995
0.066758074
0.08360567
0.06777827
0.0813137
0.06981452
0.0604703
0.07214315
0.06311265
0.071597494
0.05763485
0.057083715
0.085141405
0.04838332
0.06744541
0.068087205
0.058825377
0.06836584
0.065153584
0.07458299
0.06844901
0.07232478
0.06942133
0.06480331
0.072097436
0.074382916
0.057900656
0.07550655
0.06266113
0.06849367
0.060157973
0.07741775
0.06805512
0.05214122
0.06776186
0.06588156
0.06633637
0.07222352
0.051923625
0.063677974
0.07696347
0.058255468
0.06871699
0.06950147
0.066564925
0.09254691
0.07204295
0.08204069
0.07285717
0.06864071
0.06621768
0.06872625
0.06678875
0.07665541
0.065170415
0.06280101
0.06471999
0.06482806
0.0642863
0.06338237
0.06393387
0.06740841
0.0594611
0.06483118
0.06271312
0.057144996
0.055761755
0.06466702
0.06426285
0.05282856
0.069596544
0.057082936
0.06133944
0.060555417
0.06602021
0.06793337
0.0841713
0.068516515
0.05475925
0.101933055
0.06683751
0.06385225
0.070915654
0.06694723
0.06953243
0.06869514
0.06672192
0.056858957
0.061220594
0.05292204
0.06255046
0.0693902
0.08319916
0.07706784
0.05659868
0.06807581
0.080009356
0.06273675
0.07362752
0.058091294
0.072584316
0.062151574
0.056237612
0.06264446
0.06850395
0.07046629
0.07024133
0.058370635
0.07431417
0.05348013
0.063172646
0.054766517
0.056269623
0.08037356
0.07478343
0.07538392
0.064528
0.057875793
0.08793705
0.055604346
0.06239338
0.06398969
0.06888187
0.057904206
0.060752638
0.07395525
0.063428625
0.07576762
test_wealth_with_price_abs_mean
0.1965993
0.20733507
0.21103099
0.1951345
0.18883398
0.20968835
0.196256
0.20155898
0.21012169
0.20952946
0.18146002
0.20646086
0.18371552
0.22886124
0.21088398
0.20198132
0.19549961
0.1923828
0.20433503
0.21887504
0.21048744
0.21286489
0.20600393
0.23319605
0.22241367
0.20131493
0.2291682
0.20586279
0.20643167
0.20689033
0.21182962
0.21021508
0.21890546
0.19391257
0.2189305
0.18770707
0.19644295
0.19716077
0.21191901
0.20044382
0.20479822
0.19873454
0.18776779
0.22224036
0.20131077
0.19737396
0.19896902
0.21078192
0.20190264
0.20427755
0.20049429
0.20584482
0.21247028
0.20170055
0.20662193
0.19415405
0.19686554
0.19420727
0.19978964
0.23852181
0.19932233
0.19689256
0.19574761
0.17632754
0.21733014
0.200474
0.23102912
0.20396948
0.20264822
0.20919049
0.20430186
0.20429131
0.1893169
0.20051529
0.19230694
0.21701695
0.20739907
0.17901908
0.19355926
0.20111355
0.2224145
0.19341062
0.2177376
0.17878293
0.20842867
0.19195105
0.1996263
0.21082222
0.20305192
0.18523693
0.19909693
0.19268337
0.1961811
0.21124437
0.20317055
0.19595337
0.19450572
0.19133379
0.2147873
0.20035082
0.19911678
0.20667167
0.20085615
0.20296016
0.21804552
0.20579419
0.22482802
0.18375678
0.212997
0.19846296
0.18491986
0.1902924
0.20374991
0.19113319
0.20878439
0.20090392
0.17791136
0.20387518
0.2003366
0.19174357
0.1890518
0.21353434
0.17974521
0.19706117
0.19091462
0.18128969
0.21665712
0.20156488
0.20107028
0.20332389
0.22730899
0.20514879
0.22427823
0.2078327
0.19406417
0.21125779
0.19816606
0.21045548
0.18927117
0.18849172
0.2292046
0.17356126
0.20445585
0.20503677
0.19097239
0.20554277
0.20111786
0.21480487
0.20627338
0.21207286
0.20696972
0.20054822
0.21120961
0.2143027
0.18967557
0.21629444
0.1974258
0.20593587
0.19334647
0.21874677
0.2053827
0.18038426
0.20515123
0.20200479
0.20280941
0.21200342
0.17945924
0.19885394
0.21868469
0.19031239
0.20649967
0.20731746
0.20272559
0.23902227
0.21133333
0.22489089
0.21253632
0.2056606
0.20282508
0.20607808
0.20340009
0.21788925
0.20105626
0.19766557
0.20007873
0.20048335
0.19967115
0.19835071
0.1990931
0.20424385
0.19176584
0.20037237
0.19725971
0.1883841
0.1856695
0.19997682
0.19977498
0.18111026
0.20752808
0.18843748
0.1949231
0.1938284
0.20245005
0.20539592
0.22787526
0.20646569
0.18443348
0.25018343
0.2037269
0.19900976
0.20940211
0.20374295
0.20788519
0.2066362
0.20363943
0.18801524
0.19529007
0.18139
0.19721088
0.20755877
0.22675852
0.21769528
0.18752906
0.20557557
0.22267756
0.19719295
0.2133098
0.19039862
0.21160595
0.19602866
0.18672849
0.19722752
0.20561215
0.20868091
0.20836535
0.19051927
0.21439978
0.18243879
0.19789542
0.18434465
0.18694933
0.22304812
0.21508387
0.21627207
0.20014367
0.18974541
0.23207499
0.18573155
0.19690444
0.19914606
0.20650901
0.18953097
0.19388807
0.2141137
0.1984694
0.21696955
test_wealth_with_price_variance
0.062148012
0.06938866
0.07175054
0.061328195
0.05751358
0.07083056
0.06236535
0.06554287
0.07142623
0.070936516
0.05294888
0.06894458
0.05453992
0.084977746
0.0717315
0.066039726
0.06134859
0.059430845
0.06751681
0.077641584
0.072104
0.07293664
0.068408765
0.0882186
0.079993725
0.065479554
0.085224435
0.06837797
0.06876521
0.06896112
0.072504275
0.071320005
0.07769778
0.060739294
0.07736143
0.05668346
0.06220287
0.0625366
0.072804295
0.06487092
0.06759091
0.063821055
0.05682431
0.07975948
0.06550964
0.06278562
0.06371413
0.071736164
0.065626375
0.06737759
0.064706124
0.06826335
0.0727773
0.06567274
0.069204114
0.06060926
0.06241251
0.060686618
0.064112455
0.09279133
0.064101405
0.06237317
0.06160272
0.04991341
0.07623017
0.06480252
0.086846784
0.06711581
0.06626965
0.07071433
0.06768475
0.06750038
0.05763897
0.06506882
0.0595795
0.076439
0.06942448
0.051513936
0.06025367
0.06517471
0.0801583
0.060111802
0.07729556
0.051413383
0.070098504
0.05923447
0.06403604
0.07184508
0.06655032
0.05537176
0.06410477
0.059572987
0.06190014
0.07194603
0.06678397
0.062279183
0.061311916
0.058739495
0.07420246
0.06459776
0.064043656
0.06900934
0.06514405
0.06643178
0.07712936
0.068266205
0.08208614
0.054467212
0.073502816
0.063358374
0.055036645
0.058102835
0.06661638
0.05888448
0.07023
0.06532003
0.051087353
0.06715019
0.0648465
0.059225127
0.057689015
0.07394673
0.052175034
0.06254782
0.058531955
0.05303449
0.075716056
0.06568601
0.064927995
0.066758074
0.08360567
0.06777827
0.0813137
0.06981452
0.0604703
0.07214315
0.06311265
0.071597494
0.05763485
0.057083715
0.085141405
0.04838332
0.06744541
0.068087205
0.058825377
0.06836584
0.065153584
0.07458299
0.06844901
0.07232478
0.06942133
0.06480331
0.072097436
0.074382916
0.057900656
0.07550655
0.06266113
0.06849367
0.060157973
0.07741775
0.06805512
0.05214122
0.06776186
0.06588156
0.06633637
0.07222352
0.051923625
0.063677974
0.07696347
0.058255468
0.06871699
0.06950147
0.066564925
0.09254691
0.07204295
0.08204069
0.07285717
0.06864071
0.06621768
0.06872625
0.06678875
0.07665541
0.065170415
0.06280101
0.06471999
0.06482806
0.0642863
0.06338237
0.06393387
0.06740841
0.0594611
0.06483118
0.06271312
0.057144996
0.055761755
0.06466702
0.06426285
0.05282856
0.069596544
0.057082936
0.06133944
0.060555417
0.06602021
0.06793337
0.0841713
0.068516515
0.05475925
0.101933055
0.06683751
0.06385225
0.070915654
0.06694723
0.06953243
0.06869514
0.06672192
0.056858957
0.061220594
0.05292204
0.06255046
0.0693902
0.08319916
0.07706784
0.05659868
0.06807581
0.080009356
0.06273675
0.07362752
0.058091294
0.072584316
0.062151574
0.056237612
0.06264446
0.06850395
0.07046629
0.07024133
0.058370635
0.07431417
0.05348013
0.063172646
0.054766517
0.056269623
0.08037356
0.07478343
0.07538392
0.064528
0.057875793
0.08793705
0.055604346
0.06239338
0.06398969
0.06888187
0.057904206
0.060752638
0.07395525
0.063428625
0.07576762
price
2.4896774
2.4295602
2.458712
2.4269664
2.3383996
2.4880433
2.2377353
2.409518
2.3583498
2.4609601
2.3355312
2.3651104
2.1766195
2.4936264
2.4665322
2.3956578
2.4065194
2.3739083
2.4192126
2.4938176
2.2911415
2.5256636
2.492796
2.6344929
2.465578
2.3731544
2.5607367
2.386411
2.4958742
2.6167104
2.3812854
2.516439
2.3902018
2.3783214
2.502132
2.3916574
2.3062944
2.3858476
2.386487
2.3298452
2.442085
2.3732548
2.3266225
2.606994
2.4478185
2.4663599
2.4107924
2.4577928
2.4431689
2.3981671
2.406344
2.465385
2.5251114
2.318801
2.3132496
2.3393505
2.4661567
2.4120438
2.4666705
2.3760111
2.3710032
2.4973178
2.4423862
2.2525373
2.5927835
2.3823175
2.3349288
2.3819227
2.3775718
2.4222198
2.255514
2.392765
2.3834965
2.267059
2.3264592
2.4339187
2.4615307
2.3247752
2.4134557
2.381845
2.4641361
2.4205556
2.3055978
2.2584958
2.4289854
2.342954
2.5227807
2.4761288
2.3918393
2.2068033
2.359771
2.5242803
2.4398444
2.5115318
2.413853
2.2818382
2.2567012
2.418296
2.5912952
2.4392366
2.4472122
2.3888388
2.375709
2.3170106
2.3590782
2.5280838
2.434116
2.2130835
2.4441323
2.516349
2.310031
2.3928783
2.6434634
2.3871942
2.5046222
2.3339093
2.198693
2.3448293
2.338308
2.4019504
2.280137
2.4668617
2.1451738
2.3632188
2.4745
2.1660724
2.4865952
2.3497634
2.5425043
2.3275561
2.6356108
2.4178596
2.5372481
2.4161801
2.5084186
2.446414
2.458303
2.416726
2.3933203
2.397499
2.5072684
2.2566164
2.4261441
2.285225
2.2919612
2.3522756
2.401523
2.515035
2.4857836
2.6083167
2.348875
2.4452465
2.5098753
2.4841714
2.5138674
2.5353856
2.4513667
2.4223678
2.4656248
2.4629118
2.4057128
2.3075757
2.5236409
2.3174999
2.4089136
2.676612
2.2513165
2.3889513
2.6043167
2.332638
2.4112616
2.4267232
2.3666337
2.7222495
2.5768054
2.497199
2.5088296
2.2729523
2.4625387
2.371939
2.3361888
2.5352247
2.4020555
2.3575578
2.3542407
2.4388
2.3854487
2.3220534
2.3706038
2.4827175
2.323121
2.3557315
2.339208
2.3298626
2.1240563
2.2198625
2.4799967
2.2854743
2.4599562
2.3552537
2.3115826
2.3300807
2.4654338
2.508963
2.5043044
2.583745
2.3029094
2.5592754
2.426737
2.379303
2.4033434
2.3623621
2.5400555
2.5527205
2.3797755
2.4197044
2.5550268
2.305325
2.5296395
2.4345906
2.5231018
2.3967984
2.2993317
2.4927855
2.7402887
2.4515247
2.4193292
2.4471872
2.4280636
2.2940445
2.2730708
2.3162467
2.400091
2.3951325
2.3759944
2.4138532
2.4873383
2.394443
2.333947
2.2581067
2.2904482
2.545136
2.4309974
2.5572765
2.4423327
2.3300545
2.375087
2.3097434
2.4282804
2.4003518
2.394704
2.3091779
2.2761087
2.5433784
2.5044405
2.705834
train_time
0.4027358000000003
0.3316682000000002
0.3278167000000014
0.33214659999999974
0.4181240000000024
0.3235627000000001
0.32989989999999736
0.33204419999999857
0.3352125999999984
0.3164535000000015
0.34503529999999927
0.453373500000005
0.35271099999999933
0.35207750000000004
0.35038620000000265
0.3399222999999978
0.34324589999999944
0.3454874999999902
0.32796129999999835
0.5146396999999894
0.3328667999999908
0.31594230000000323
0.4231685999999968
0.36935750000000667
0.3537473000000091
0.34437210000000107
0.3271553999999952
0.5271450000000044
0.32787859999999114
0.32701219999999864
0.31570120000000657
0.32439039999999864
0.3378305000000097
0.3447934999999944
0.3436619999999948
0.35017160000001013
0.3442127999999798
0.3393227999999908
0.5777041000000054
0.4390709000000186
0.44085060000000453
0.35513259999999036
0.3415563000000077
0.37517080000000647
0.32525649999999473
0.32720079999998575
0.44209829999999783
0.37163949999998636
0.3469155000000228
0.37225319999998874
0.3401770000000113
0.34775629999998614
0.3743862999999976
0.3585410999999965
0.40288799999999014
0.33056450000000837
0.3424103000000116
0.3542041999999981
0.3345137999999963
0.3249653999999964
0.33365320000001475
0.32962040000001025
0.3341141999999877
0.34391800000000217
0.6693235999999843
0.372144899999995
0.3255043999999998
0.3286038999999903
0.3238490999999897
0.32092020000004595
0.3630858999999873
0.36337950000000774
0.3078697000000261
0.34208840000002283
0.33180569999996123
0.313699100000008
0.34617609999997967
0.3514679999999544
0.37710369999996374
0.31374510000000555
0.8039051999999742
0.32714290000001256
0.32187879999997904
0.3409449000000109
0.3362343999999666
0.3348277999999709
0.3228360999999609
0.3306109000000106
0.3257437999999979
0.5440138000000161
0.3383150000000228
0.3433227999999531
0.3586076999999932
0.3635838000000149
0.3591796999999701
0.3708930999999893
0.34647659999995994
0.36198020000000497
0.33734370000001945
0.3411866999999802
0.3127299000000221
0.38913319999994656
0.38964820000001055
0.6083995000000186
0.3784072000000265
0.392468899999983
0.3641956000000164
0.34966819999999643
0.4179804000000331
0.5902330999999776
0.34100200000000314
0.40620680000000675
0.39835979999998017
0.333538400000009
0.3185187000000269
0.3397222000000397
0.3400057999999717
0.32591039999999794
0.41829040000004625
0.7069013999999925
0.8866228999999635
0.3685571999999979
1.0929337000000032
0.4001355999999987
0.33323089999998956
0.3490108000000305
0.3202264000000241
0.35955860000001394
0.3750961999999731
0.34216969999999947
0.3558885999999575
0.3307407999999441
0.3513361000000259
0.34279889999999114
0.33976880000000165
0.3315686999999343
0.33591760000001614
0.36401550000005045
0.3487952000000405
0.39929910000000746
0.34148560000005546
0.3504057999999759
0.39792389999990974
0.4057962999999063
0.35334160000002157
0.36668520000000626
0.3768198999999868
0.43443439999998645
0.6397806999999602
1.3335098000000016
0.4273355000000265
0.37169090000008964
0.37334050000004027
0.5428314999999202
0.36070790000007946
0.36634399999991274
0.399312000000009
0.5139177999999447
0.4983422000000246
0.3696113000000878
0.34199439999997594
0.3424367000000075
0.33707509999999274
0.32291159999999763
0.538212700000031
0.45792100000005576
0.5471741000000065
0.5232981000000336
0.5068830999999818
0.33716500000002725
0.3045976000000792
0.34807869999997365
0.4339102000000139
0.4131906999999728
0.3783539999999448
0.6513199000000895
0.516881499999954
0.38608850000002803
0.4673573000000033
0.44762889999992694
1.5028050999999323
0.34309669999993275
0.36911399999996775
0.36985279999998966
0.3743326999999681
0.3734274999999343
0.35609210000006897
0.3771246000000019
0.3979393000000755
0.38346039999998993
0.4313829000000169
0.43562709999991966
0.35254250000002685
0.38174179999998614
0.47990010000000893
0.5177930999999489
0.34208490000003167
0.34416269999996985
0.34674410000002354
0.32870869999999286
0.3229853999999932
0.32506480000006377
0.4010738000000629
0.3528402999999116
0.3494157999999743
0.38182290000008834
0.379874799999925
0.3622156000000132
0.31939460000000963
0.3725121999999601
0.3620585999999548
0.576412600000026
0.35628299999996216
0.34547029999998813
0.4657061999999996
0.3201679000000013
1.7415790000000015
0.35969379999994544
0.36221100000000206
0.44698159999995823
0.3651846000000205
0.43892219999997906
0.4140720999999985
0.35514680000005683
0.3306645999999773
0.34777919999999085
0.4447450000000117
0.34178220000001147
0.30887880000000223
0.37340949999997974
0.36455270000010387
0.3785120000000006
0.42897849999997106
0.463679700000057
0.3560112999999774
0.35800959999994575
0.3829843000000892
0.43575220000002446
0.3752547000000277
0.34052939999992304
0.36177410000004784
0.36804800000004434
0.37050319999991643
0.4052484999999706
0.3715103000000681
0.37761599999998907
0.34172289999992245
0.3475769000000355
0.3232101999999486
0.3903358999999682
0.36040430000002743
0.7713559000000032
0.3229543999999578
0.3607321999999158
0.3393955999999889
0.37337960000002113


