================================================================================
=== continuous-time
train_risk
3.1616783
3.1848114
3.0807838
3.746541
2.7416158
3.4317892
3.189459
3.2520866
3.1894195
2.939394
3.2377322
3.0143769
2.9975677
3.4611776
3.3740306
3.2493365
3.2258031
3.3659127
2.9554968
3.227766
3.0353162
3.5129337
3.3914704
3.662547
3.937675
3.252084
3.191812
3.0466332
3.5571072
3.3692427
3.2333481
3.5933657
3.6775365
2.953385
3.50484
3.3340926
2.9998438
3.6508691
3.4825797
3.3015535
3.2388499
3.3964045
3.2552092
3.5514965
3.373374
3.2376819
3.1334076
3.8229666
3.4262185
2.9943275
3.2672954
3.340447
3.7130072
3.1461682
3.2166886
3.3942306
3.1599965
3.188463
3.1475494
3.5307012
3.2351975
3.4013784
3.287133
3.1373785
3.747287
2.965088
3.0738142
2.9937778
2.8585997
3.2408063
2.8298986
3.2443967
3.106093
2.7535172
2.9199429
3.550018
3.1028452
2.986263
3.3090143
3.1533017
3.2291741
3.3205197
3.0938163
2.8185656
3.2960434
3.0082936
3.3451226
3.6001067
3.4416182
3.1170602
3.1233587
3.404642
3.1489623
3.8366709
2.7988415
3.141334
2.9613822
3.29649
3.5668848
3.3815997
3.2767189
3.3443348
3.129935
3.0659432
3.315624
3.602867
3.0261192
2.9855585
3.1308172
3.3037708
3.313764
3.0146878
3.743406
3.7253158
3.320153
3.3202178
2.957181
3.343318
3.1303859
3.129788
3.1236117
3.3025327
2.7287397
3.082958
3.3562856
2.9547088
3.0734646
2.9897037
3.2478685
3.3327568
3.4274497
3.5492485
3.435792
3.3252609
3.3804398
3.3137472
3.171282
3.4423378
3.4414244
3.1108081
3.2159395
3.1739235
3.2758238
3.051859
3.5605335
3.0033216
3.3069866
3.3485913
3.3981013
3.6566322
2.9434528
3.0089183
3.094376
3.3874834
3.16537
3.578723
3.2417777
3.147705
3.8272858
3.378354
3.0964198
3.1227107
3.6138937
3.1283665
3.5501127
3.6624649
3.4283378
3.3095715
3.6746907
3.0665941
3.260254
3.0477343
2.9871693
3.57919
3.102797
3.1376772
3.065581
2.9466372
3.5448961
3.3066597
3.4380746
2.9967513
2.9142375
3.2834175
3.356404
3.2377408
3.0496476
3.1099136
2.973159
3.2524104
3.001806
3.5403304
3.153088
2.9865258
2.785961
2.9311836
3.272664
2.9829803
3.589146
3.1269042
3.3234732
3.0849454
3.586306
3.2151022
3.3649137
3.5119936
3.3698587
3.2351992
2.9747968
3.2094228
3.2590969
3.369602
3.5537384
3.1301572
3.0141017
3.2346158
3.2649422
3.149288
3.2721267
3.1702976
3.5259929
3.3242548
3.0063992
3.0408533
3.6607895
3.245887
3.117793
3.1793468
3.3692663
2.958621
2.8994634
3.1812055
3.5382907
3.215016
3.3374949
3.065063
3.6283553
3.3052733
3.217283
2.8312016
3.2401252
3.507134
3.425766
3.71939
3.0354428
2.8778963
3.2902167
3.614835
3.631019
3.4913676
3.1483626
3.435043
3.136042
3.4272237
3.3623285
3.8099942
test_risk
3.1233428
3.260371
3.1231296
3.7995405
2.7294345
3.4558027
3.1896758
3.2718766
3.2096758
2.9019248
3.2744334
2.973759
2.999456
3.4046822
3.3569908
3.2613852
3.2355342
3.3748825
2.9618852
3.2307644
3.0185723
3.5308635
3.436673
3.711041
3.7711928
3.2245433
3.1498594
3.0135462
3.6963289
3.4715133
3.299726
3.5363789
3.6999288
2.8948843
3.5638936
3.2907412
3.051869
3.666818
3.5776393
3.2581906
3.3657286
3.3812096
3.2164
3.589338
3.4309926
3.270006
3.1707504
3.727806
3.2938237
3.038808
3.295752
3.3470888
3.7451527
3.230969
3.2748103
3.4158397
3.1491158
3.1699655
3.163722
3.4992232
3.1912622
3.4004443
3.2536533
3.029878
3.7871575
2.945438
3.091496
3.0025687
2.9004102
3.2132418
2.8816535
3.2164397
3.1201367
2.7719057
2.924063
3.6232898
3.0705428
2.929173
3.3602378
3.1022382
3.1880367
3.3005867
3.091535
2.798867
3.2514386
2.9736578
3.4258716
3.4514687
3.4676628
3.1456256
3.1108575
3.415347
3.1769352
3.7819545
2.828991
3.1862876
2.9809797
3.2195032
3.5761936
3.4520495
3.2592454
3.3375332
3.082332
3.0706875
3.2855117
3.6422465
3.0769172
3.0097585
3.2308471
3.1702511
3.3828511
2.955389
3.7883596
3.704918
3.3486953
3.3025055
3.0386877
3.3501992
3.1042302
3.1330225
3.1621583
3.3510058
2.762178
3.1092856
3.3794737
2.9880118
3.1211698
2.974534
3.338161
3.3712187
3.432899
3.531573
3.4249184
3.3364067
3.3339477
3.2535064
3.2026443
3.3512685
3.4256601
3.1325173
3.1963131
3.0809283
3.3230238
3.1023934
3.5665908
3.0678775
3.3564453
3.386983
3.4615037
3.6517124
2.9592197
2.9862876
3.1177652
3.379731
3.222046
3.4833212
3.2107794
3.1529973
3.72446
3.3258898
3.1044717
3.069135
3.650152
3.108863
3.605138
3.7345932
3.3521538
3.3062334
3.6739519
3.1152418
3.2037156
3.026057
3.0464058
3.5540712
3.1613715
3.1956475
3.0878122
2.907731
3.5824277
3.2530591
3.4133906
3.0293448
2.886438
3.2982268
3.27499
3.2800908
3.067907
3.108124
2.9719472
3.2572856
3.0012286
3.546782
3.1903806
3.0441196
2.7984653
2.9275577
3.2724085
3.005013
3.6051543
3.1416724
3.330758
3.10872
3.6198199
3.2786572
3.3340778
3.5354252
3.3682358
3.3074465
2.9792047
3.156388
3.3206456
3.4079795
3.495316
3.13896
3.0380504
3.2575324
3.2492275
3.1406944
3.3262734
3.15617
3.5199924
3.3446767
3.0036337
3.1591094
3.671681
3.2685997
3.0854013
3.2346907
3.3881953
3.0453503
2.919176
3.1779
3.5094705
3.2162395
3.3869102
3.0718513
3.6505516
3.2662768
3.243709
2.899006
3.2326782
3.4763072
3.3889313
3.6926787
3.0186658
2.9074028
3.3706338
3.5796978
3.6326854
3.466415
3.130697
3.3865302
3.1592927
3.4395823
3.3421671
3.7567742
test_mean_value
0.0028848615
-0.0018245282
0.0041446416
0.011037401
-0.0010101132
0.0028738556
-0.003459138
-0.0044316403
0.0044813873
-0.0018319534
0.005444356
-0.0048144874
-0.0018763676
0.0016827788
-0.00273674
0.006233091
-0.0024338528
0.003641149
0.0024991203
0.011371949
0.003935124
-0.000112614136
-0.0011362262
-0.0019454171
-0.00010167486
-0.0018492636
0.003016419
-0.00036824725
-0.0026613069
0.0021395818
0.012706889
0.003939162
0.00043860328
-0.00082464865
-0.0016248871
-0.004052459
0.004563943
-0.00092594995
-0.005241197
-0.001813372
4.011538e-05
-0.0007565661
0.0020710938
0.007875903
0.0049733785
0.0018491739
-0.0020500761
-0.0003871912
-0.0033170583
0.00021145592
0.0032710808
0.0022373258
-0.005135481
0.00030228173
0.00086068705
-0.018010514
-0.00185778
0.0061045084
0.004277878
0.0053306506
-0.0027266366
0.0070901164
-0.0022584826
-0.00027216374
0.0019440778
-0.008168057
-0.0023221436
0.0022031702
0.0051394333
-2.2893817e-06
0.0033994706
0.0038873933
-0.0027929058
-0.003956259
-0.009750138
-0.0007650142
0.0009770505
-0.0038849267
-0.0018562082
-0.00045071085
0.0011735373
0.000780142
0.002497174
-0.0032887396
0.007816877
-0.004917571
0.002787131
-0.0019178778
0.0033230695
0.005694146
0.005937534
-0.008824987
0.003980359
-0.0017104647
0.002574706
0.0016598341
0.0062859943
-0.0080887675
-0.004114198
0.003803003
0.0029552174
0.0016756386
-0.0022554207
0.0016081411
-0.0066835294
-0.002247899
-0.0014129899
-0.0019028604
0.0035048684
0.00429768
-0.0038567476
-0.0029632456
-0.010108257
-0.004479902
-0.001437297
0.008690387
0.0049556578
-0.0046144603
0.0011221902
0.0061584306
-0.002374645
-0.0019031122
-1.9167788e-05
-0.0006548879
-0.0039205933
0.00051650923
-0.0039865407
-0.0005997745
-0.0014162812
0.0002872443
-0.0074802088
-0.000374772
0.0011052571
6.2482446e-05
-0.0018202455
0.0036651227
0.00061844866
0.0085950345
0.0037601043
-0.0016389601
-0.0004808174
-0.00073257304
-0.00070372864
0.0021186718
0.004438321
-0.003829819
-0.0044392776
0.0006420138
0.0018160888
0.009858597
-0.0020067373
-0.0032956458
0.0010663047
-0.00088488223
0.001782146
0.0026699435
-0.0044421935
-0.0013094011
0.00082268805
-0.006127088
0.003833293
-0.0040899157
-0.0050073382
-0.0017693968
-0.0018528466
-0.006615305
0.004200215
0.002503613
-0.003082785
0.0020456375
0.0050325356
-0.0032568674
-0.0020687876
-0.0047098836
-0.0019772386
0.004659245
0.007890384
0.003825126
-0.0015205167
-0.0041752597
-0.0008781482
0.0029836013
-0.008434528
0.0010588868
-0.0049576284
-0.00045807927
-0.002717168
0.0037727319
0.00021234779
-0.002219938
-0.0025368433
-0.0028571228
0.0026026987
-0.0035755578
3.0208386e-05
0.0013713317
-0.0012403153
0.0035939398
-0.0067296396
-0.002715936
-0.0014226518
-0.0144647155
0.0021187356
-0.007896077
0.007393626
-0.0012526059
0.003289783
0.00038126466
0.004935757
0.0083469385
-0.0052622627
0.007700873
0.002639864
0.0037768963
-0.0025791326
0.00023618454
-0.0050841775
-0.007803495
-0.0007695026
0.0068617994
-0.003898441
0.00063273235
-0.0013655843
-0.003702801
-0.009217107
-0.0005441659
0.007622721
-0.0014218075
-0.0018528354
0.0045422376
-8.155018e-05
0.00033106018
0.012419068
0.0030512433
-0.0037660392
0.0014704602
0.0011746408
-0.0041628485
-0.0053909756
-0.0012742603
-0.003501718
0.0034283167
0.0037199804
-0.0020468577
-0.0028280867
-0.0012765208
-0.0005338974
-0.0010334017
0.0014932576
-0.0036386705
-0.0005253916
0.00236559
-0.005342964
-0.0028273677
-0.00035173292
-0.0005813156
test_mean_abs_value
1.4881126
1.3409786
1.3629677
2.8086076
1.5884017
1.5968332
2.0836973
1.8446065
1.9372252
1.1151781
1.7991778
1.4819403
1.4355313
1.4687455
1.5314758
1.6397036
1.5874299
1.2589642
1.5400213
1.2353975
1.2974389
1.3804137
1.3729652
2.3420353
1.7949877
1.5085018
1.2315736
2.0502775
1.574266
1.4561745
2.3557217
1.9735543
1.4862009
1.4159758
2.1076696
1.4499013
1.9778153
2.0220356
2.5078409
1.565147
2.1759307
1.5204965
1.5647827
1.5450248
2.434666
1.8034234
1.1090702
2.6902142
1.7318418
1.6288837
1.3739046
1.7071664
1.464738
1.4241942
2.2095966
2.473322
1.3694679
1.7271255
1.4480873
1.3891367
2.1160555
1.2717967
1.5025604
1.7748747
1.6925485
1.5444472
1.7993844
1.1683187
1.2442179
1.1111887
1.8251584
2.1948073
2.012961
1.3593162
1.5148848
1.7515736
1.9522984
1.3304379
2.3778872
1.2727083
1.2045277
1.1964544
1.4540112
1.7875949
1.817183
1.3727951
2.2446132
2.5990098
1.4797851
1.2054076
1.6027788
2.097802
1.6668369
1.5109384
1.336557
1.8960925
1.5923501
2.0616326
1.4668956
1.353109
1.3610233
1.1671872
1.1620407
1.9906317
1.3440729
2.3280582
1.8018451
1.1440756
1.5730896
1.7218883
1.4676523
1.415625
2.144579
2.77606
1.7351605
2.309743
1.257932
1.3288939
1.2779454
1.4950399
2.0449088
1.27315
1.0332866
1.7825844
1.7685567
1.2000458
2.0701427
1.260474
1.6691899
1.3103886
2.3642623
1.3623761
1.2878164
2.163663
1.4013414
2.1417837
2.1043599
2.1977875
1.6652633
1.4750912
1.3463321
2.030234
1.2308997
2.1768458
1.5946809
1.021229
2.1140025
1.6407598
1.1839657
2.0119438
1.6552763
2.043617
2.0010448
1.5993533
1.5081352
2.0415626
1.976046
1.177119
1.5133437
1.5857667
1.9500246
2.1137307
2.0364964
1.3655573
1.5833226
1.4244941
1.6167758
1.2245333
1.3998837
2.1677778
1.3041401
1.3918475
1.2240602
2.4889867
1.4316732
2.183144
1.6308378
1.5849156
1.4293256
2.1205032
1.5826265
1.8875918
1.6289755
2.236822
1.9855847
2.251454
1.2550269
1.9354242
1.7070448
1.1466488
1.8607553
1.4054805
1.8932208
2.031222
1.1663059
1.3007754
1.990607
1.8968312
1.4995695
1.8125896
1.5901291
2.0963426
1.3557982
2.113455
1.2676235
1.8940679
1.7990298
1.2792816
1.6612357
1.8900592
2.0822763
1.2224904
1.4104103
2.1025183
1.0943409
1.4341552
1.7565858
1.2240095
1.1343645
2.0944192
2.3123372
1.2099928
1.6000721
2.1088996
2.0815918
2.158324
1.7414453
1.2729144
1.2181209
1.6982454
1.5719358
1.2845296
2.154416
1.4978358
1.2841619
1.9477302
1.3928436
1.242885
1.4175661
1.122402
1.4988642
2.421941
1.2349503
1.6964575
1.575273
1.5990776
1.5136967
1.2883155
1.5600442
1.632145
1.138628
1.3926865
1.830987
1.6284837
1.4949769
1.666314
test_variance_value
3.5377896
2.853868
2.9414124
13.302228
4.046025
4.1702847
7.1421294
5.609457
5.991938
1.9931905
5.179786
3.480901
3.460571
3.45989
3.670932
4.2789445
3.9589694
2.684832
3.8334987
2.5521097
2.6463487
3.2854137
3.078682
8.94643
5.8560805
3.727551
2.4315135
6.934362
4.3923116
3.563779
9.2890415
6.2479596
3.7948694
3.1698103
7.142119
3.318368
6.386768
6.5635095
10.541756
3.976464
7.765734
3.75592
3.8656888
4.129409
9.933172
5.134237
1.9572679
12.140244
4.7191153
4.3690214
3.1285803
5.021902
3.7975109
3.591694
8.079579
10.224567
2.980115
4.885807
3.2884758
3.506023
7.339656
2.6733348
3.6252632
5.1500497
5.1523676
3.7295651
5.2292914
2.1995578
2.5230908
2.055655
5.4730835
7.9847527
6.508017
2.9055057
3.724078
5.0366626
6.3006144
2.8444123
9.454614
2.6290042
2.4174461
2.3464477
3.367167
5.1553717
5.292341
3.0093706
8.268052
11.29932
3.7751942
2.4208992
4.058416
7.068991
4.3511558
3.8453207
2.8191648
5.8405986
4.0988765
6.9941998
3.5623174
2.9843078
2.9717772
2.3439
2.2714894
6.4780836
3.2681851
8.75764
5.2060056
2.3630323
3.9729712
4.682114
3.5035307
3.1230626
7.6472254
12.915089
4.8083835
8.871086
2.7401705
2.861381
2.6621625
3.6535997
6.76703
2.8412945
1.7341152
5.096859
5.242424
2.3257163
7.076675
2.5187066
4.599675
3.1454918
9.222634
3.2168317
2.587771
7.5857997
3.1089683
7.5638747
7.225841
7.910636
4.8357487
3.7646494
2.874853
6.794533
2.545328
7.9362445
4.7465553
1.7305297
7.2629495
4.3425274
2.3915627
6.58802
4.4968057
6.9052305
6.569016
4.060963
3.5198402
6.6448474
6.201579
2.3527706
4.115905
4.3433347
6.194852
7.350841
6.7036924
3.0349326
4.565245
3.4174006
4.376806
2.4697263
3.2754142
7.757447
2.8716624
3.1405764
2.3789399
10.311228
3.289393
7.8347826
4.285414
3.9984772
3.6414764
7.348187
3.8994114
5.7585773
4.2120404
8.324957
6.3872194
8.361226
2.5068946
6.151374
4.655888
2.2269704
5.614207
3.3828773
5.732003
6.7987423
2.187191
2.8354983
6.400174
5.858032
3.6638486
5.4303555
4.0522447
7.278316
3.0212686
7.267879
2.8171985
5.7852507
5.3679624
2.6471455
4.393506
5.8176756
7.110935
2.5277255
3.3610122
7.208159
1.9034017
3.7025266
5.0194006
2.4936764
2.0690622
7.1847873
8.859245
2.3256757
4.0027733
7.3663163
6.891921
7.6490817
4.927845
2.6465673
2.5036519
4.6654134
3.89578
2.6772573
7.577256
3.6079643
2.8009586
6.2099533
3.3597875
2.6639278
3.4312763
2.0278962
3.62342
9.738467
2.415353
4.593963
3.9923084
4.0624943
4.2111144
2.8863351
4.051258
4.354114
2.219909
3.4213421
5.3380914
4.1653156
3.651578
4.630992
test_mean_costs
0.0
0.0
0.0
0.0
0.0
0.0
0.0
0.0
0.0
0.0
0.0
0.0
0.0
0.0
0.0
0.0
0.0
0.0
0.0
0.0
0.0
0.0
0.0
0.0
0.0
0.0
0.0
0.0
0.0
0.0
0.0
0.0
0.0
0.0
0.0
0.0
0.0
0.0
0.0
0.0
0.0
0.0
0.0
0.0
0.0
0.0
0.0
0.0
0.0
0.0
0.0
0.0
0.0
0.0
0.0
0.0
0.0
0.0
0.0
0.0
0.0
0.0
0.0
0.0
0.0
0.0
0.0
0.0
0.0
0.0
0.0
0.0
0.0
0.0
0.0
0.0
0.0
0.0
0.0
0.0
0.0
0.0
0.0
0.0
0.0
0.0
0.0
0.0
0.0
0.0
0.0
0.0
0.0
0.0
0.0
0.0
0.0
0.0
0.0
0.0
0.0
0.0
0.0
0.0
0.0
0.0
0.0
0.0
0.0
0.0
0.0
0.0
0.0
0.0
0.0
0.0
0.0
0.0
0.0
0.0
0.0
0.0
0.0
0.0
0.0
0.0
0.0
0.0
0.0
0.0
0.0
0.0
0.0
0.0
0.0
0.0
0.0
0.0
0.0
0.0
0.0
0.0
0.0
0.0
0.0
0.0
0.0
0.0
0.0
0.0
0.0
0.0
0.0
0.0
0.0
0.0
0.0
0.0
0.0
0.0
0.0
0.0
0.0
0.0
0.0
0.0
0.0
0.0
0.0
0.0
0.0
0.0
0.0
0.0
0.0
0.0
0.0
0.0
0.0
0.0
0.0
0.0
0.0
0.0
0.0
0.0
0.0
0.0
0.0
0.0
0.0
0.0
0.0
0.0
0.0
0.0
0.0
0.0
0.0
0.0
0.0
0.0
0.0
0.0
0.0
0.0
0.0
0.0
0.0
0.0
0.0
0.0
0.0
0.0
0.0
0.0
0.0
0.0
0.0
0.0
0.0
0.0
0.0
0.0
0.0
0.0
0.0
0.0
0.0
0.0
0.0
0.0
0.0
0.0
0.0
0.0
0.0
0.0
0.0
0.0
0.0
0.0
0.0
0.0
0.0
0.0
0.0
0.0
0.0
0.0
0.0
0.0
0.0
0.0
0.0
0.0
test_mean_abs_costs
0.0
0.0
0.0
0.0
0.0
0.0
0.0
0.0
0.0
0.0
0.0
0.0
0.0
0.0
0.0
0.0
0.0
0.0
0.0
0.0
0.0
0.0
0.0
0.0
0.0
0.0
0.0
0.0
0.0
0.0
0.0
0.0
0.0
0.0
0.0
0.0
0.0
0.0
0.0
0.0
0.0
0.0
0.0
0.0
0.0
0.0
0.0
0.0
0.0
0.0
0.0
0.0
0.0
0.0
0.0
0.0
0.0
0.0
0.0
0.0
0.0
0.0
0.0
0.0
0.0
0.0
0.0
0.0
0.0
0.0
0.0
0.0
0.0
0.0
0.0
0.0
0.0
0.0
0.0
0.0
0.0
0.0
0.0
0.0
0.0
0.0
0.0
0.0
0.0
0.0
0.0
0.0
0.0
0.0
0.0
0.0
0.0
0.0
0.0
0.0
0.0
0.0
0.0
0.0
0.0
0.0
0.0
0.0
0.0
0.0
0.0
0.0
0.0
0.0
0.0
0.0
0.0
0.0
0.0
0.0
0.0
0.0
0.0
0.0
0.0
0.0
0.0
0.0
0.0
0.0
0.0
0.0
0.0
0.0
0.0
0.0
0.0
0.0
0.0
0.0
0.0
0.0
0.0
0.0
0.0
0.0
0.0
0.0
0.0
0.0
0.0
0.0
0.0
0.0
0.0
0.0
0.0
0.0
0.0
0.0
0.0
0.0
0.0
0.0
0.0
0.0
0.0
0.0
0.0
0.0
0.0
0.0
0.0
0.0
0.0
0.0
0.0
0.0
0.0
0.0
0.0
0.0
0.0
0.0
0.0
0.0
0.0
0.0
0.0
0.0
0.0
0.0
0.0
0.0
0.0
0.0
0.0
0.0
0.0
0.0
0.0
0.0
0.0
0.0
0.0
0.0
0.0
0.0
0.0
0.0
0.0
0.0
0.0
0.0
0.0
0.0
0.0
0.0
0.0
0.0
0.0
0.0
0.0
0.0
0.0
0.0
0.0
0.0
0.0
0.0
0.0
0.0
0.0
0.0
0.0
0.0
0.0
0.0
0.0
0.0
0.0
0.0
0.0
0.0
0.0
0.0
0.0
0.0
0.0
0.0
0.0
0.0
0.0
0.0
0.0
0.0
test_variance_costs
0.0
0.0
0.0
0.0
0.0
0.0
0.0
0.0
0.0
0.0
0.0
0.0
0.0
0.0
0.0
0.0
0.0
0.0
0.0
0.0
0.0
0.0
0.0
0.0
0.0
0.0
0.0
0.0
0.0
0.0
0.0
0.0
0.0
0.0
0.0
0.0
0.0
0.0
0.0
0.0
0.0
0.0
0.0
0.0
0.0
0.0
0.0
0.0
0.0
0.0
0.0
0.0
0.0
0.0
0.0
0.0
0.0
0.0
0.0
0.0
0.0
0.0
0.0
0.0
0.0
0.0
0.0
0.0
0.0
0.0
0.0
0.0
0.0
0.0
0.0
0.0
0.0
0.0
0.0
0.0
0.0
0.0
0.0
0.0
0.0
0.0
0.0
0.0
0.0
0.0
0.0
0.0
0.0
0.0
0.0
0.0
0.0
0.0
0.0
0.0
0.0
0.0
0.0
0.0
0.0
0.0
0.0
0.0
0.0
0.0
0.0
0.0
0.0
0.0
0.0
0.0
0.0
0.0
0.0
0.0
0.0
0.0
0.0
0.0
0.0
0.0
0.0
0.0
0.0
0.0
0.0
0.0
0.0
0.0
0.0
0.0
0.0
0.0
0.0
0.0
0.0
0.0
0.0
0.0
0.0
0.0
0.0
0.0
0.0
0.0
0.0
0.0
0.0
0.0
0.0
0.0
0.0
0.0
0.0
0.0
0.0
0.0
0.0
0.0
0.0
0.0
0.0
0.0
0.0
0.0
0.0
0.0
0.0
0.0
0.0
0.0
0.0
0.0
0.0
0.0
0.0
0.0
0.0
0.0
0.0
0.0
0.0
0.0
0.0
0.0
0.0
0.0
0.0
0.0
0.0
0.0
0.0
0.0
0.0
0.0
0.0
0.0
0.0
0.0
0.0
0.0
0.0
0.0
0.0
0.0
0.0
0.0
0.0
0.0
0.0
0.0
0.0
0.0
0.0
0.0
0.0
0.0
0.0
0.0
0.0
0.0
0.0
0.0
0.0
0.0
0.0
0.0
0.0
0.0
0.0
0.0
0.0
0.0
0.0
0.0
0.0
0.0
0.0
0.0
0.0
0.0
0.0
0.0
0.0
0.0
0.0
0.0
0.0
0.0
0.0
0.0
test_mean_wealth
-2.3455482
-2.4607656
-2.3720582
-2.6170597
-2.1021807
-2.4410422
-2.3546145
-2.4627347
-2.371755
-2.1388888
-2.3884437
-2.2973435
-2.1657567
-2.5467732
-2.5683692
-2.4394748
-2.3936605
-2.4232037
-2.2479079
-2.3857405
-2.282407
-2.5985224
-2.552261
-2.8096604
-2.5875876
-2.3675082
-2.3201125
-2.2204542
-2.568561
-2.5194826
-2.3635833
-2.6466615
-2.5195632
-2.1611273
-2.64839
-2.4274092
-2.2394295
-2.7227657
-2.5935047
-2.3138268
-2.4811392
-2.422136
-2.369337
-2.6055813
-2.4612613
-2.3785293
-2.3924246
-2.6338654
-2.3808043
-2.229174
-2.3953085
-2.3462193
-2.6513271
-2.3174055
-2.4075043
-2.4039288
-2.394159
-2.325842
-2.4321003
-2.4258084
-2.3711896
-2.4737043
-2.4729183
-2.210419
-2.5912077
-2.2714434
-2.2805495
-2.1827133
-2.1231782
-2.3483274
-2.1619265
-2.3699062
-2.3177176
-2.0502267
-2.1771944
-2.666687
-2.2698305
-2.1439002
-2.4159462
-2.336111
-2.3439612
-2.4879735
-2.3531175
-2.086196
-2.4563866
-2.260582
-2.540691
-2.318236
-2.4422033
-2.3126118
-2.411243
-2.5014555
-2.4479551
-2.6865807
-2.14334
-2.3495836
-2.2888846
-2.3817546
-2.5499299
-2.5210621
-2.396288
-2.4710655
-2.2921467
-2.260738
-2.3415384
-2.7100332
-2.321323
-2.1573417
-2.3229847
-2.376764
-2.4772303
-2.2619805
-2.705214
-2.4886715
-2.5467803
-2.3991692
-2.132039
-2.515267
-2.3518894
-2.32948
-2.33427
-2.3752942
-2.0627363
-2.3656514
-2.5048473
-2.1631186
-2.309028
-2.2709653
-2.4722025
-2.3887157
-2.4908018
-2.5858731
-2.6063538
-2.4857917
-2.4919794
-2.4349234
-2.3829885
-2.4660861
-2.443193
-2.214405
-2.316804
-2.2777066
-2.3578782
-2.2396717
-2.4634674
-2.2941182
-2.4817767
-2.4871957
-2.5377426
-2.6946142
-2.215386
-2.1826358
-2.3605454
-2.4602783
-2.4839132
-2.6128654
-2.3779266
-2.2618036
-2.6318133
-2.352088
-2.2986283
-2.2282443
-2.7106764
-2.3138802
-2.4618862
-2.6798887
-2.4347434
-2.455437
-2.6890924
-2.261668
-2.3490388
-2.2644436
-2.2042096
-2.53777
-2.3949873
-2.3235908
-2.3684683
-2.1630158
-2.5783496
-2.4070787
-2.6389186
-2.271499
-2.2419214
-2.3644035
-2.4652889
-2.3642795
-2.3356607
-2.3097239
-2.2251103
-2.414769
-2.273136
-2.589515
-2.4500296
-2.2609088
-2.0571637
-2.1382115
-2.4278712
-2.2387576
-2.580818
-2.3027618
-2.4870121
-2.2967877
-2.614375
-2.432028
-2.3921885
-2.563007
-2.4501595
-2.4632447
-2.3003993
-2.316892
-2.467849
-2.4698377
-2.443686
-2.316983
-2.2862477
-2.2866378
-2.4311721
-2.300107
-2.5069354
-2.3303444
-2.6069443
-2.5171156
-2.2254205
-2.3611267
-2.7649753
-2.4195752
-2.295911
-2.4140606
-2.4987183
-2.2783136
-2.270412
-2.318847
-2.637652
-2.3774047
-2.5092409
-2.3373947
-2.5112636
-2.4334476
-2.3420405
-2.1589966
-2.3809047
-2.505826
-2.5597663
-2.7087057
-2.2549477
-2.1447697
-2.2555635
-2.5454268
-2.675431
-2.5922754
-2.3111725
-2.3672225
-2.3542662
-2.62457
-2.483169
-2.6982481
test_mean_abs_wealth
2.3455482
2.4607656
2.3720582
2.6170597
2.1021807
2.4410422
2.3546145
2.4627347
2.371755
2.1388888
2.3884437
2.2973435
2.1657567
2.5467732
2.5683692
2.4394748
2.3936605
2.4232037
2.2479079
2.3857405
2.282407
2.5985224
2.552261
2.8096604
2.5875876
2.3675082
2.3201125
2.2204542
2.568561
2.5194826
2.3635833
2.6466615
2.5195632
2.1611273
2.64839
2.4274092
2.2394295
2.7227657
2.5935047
2.3138268
2.4811392
2.422136
2.369337
2.6055813
2.4612613
2.3785293
2.3924246
2.6338654
2.3808043
2.229174
2.3953085
2.3462193
2.6513271
2.3174055
2.4075043
2.4039288
2.394159
2.325842
2.4321003
2.4258084
2.3711896
2.4737043
2.4729183
2.210419
2.5912077
2.2714434
2.2805495
2.1827133
2.1231782
2.3483274
2.1619265
2.3699062
2.3177176
2.0502267
2.1771944
2.666687
2.2698305
2.1439002
2.4159462
2.336111
2.3439612
2.4879735
2.3531175
2.086196
2.4563866
2.260582
2.540691
2.318236
2.4422033
2.3126118
2.411243
2.5014555
2.4479551
2.6865807
2.14334
2.3495836
2.2888846
2.3817546
2.5499299
2.5210621
2.396288
2.4710655
2.2921467
2.260738
2.3415384
2.7100332
2.321323
2.1573417
2.3229847
2.376764
2.4772303
2.2619805
2.705214
2.4886715
2.5467803
2.3991692
2.132039
2.515267
2.3518894
2.32948
2.33427
2.3752942
2.0627363
2.3656514
2.5048473
2.1631186
2.309028
2.2709653
2.4722025
2.3887157
2.4908018
2.5858731
2.6063538
2.4857917
2.4919794
2.4349234
2.3829885
2.4660861
2.443193
2.214405
2.316804
2.2777066
2.3578782
2.2396717
2.4634674
2.2941182
2.4817767
2.4871957
2.5377426
2.6946142
2.215386
2.1826358
2.3605454
2.4602783
2.4839132
2.6128654
2.3779266
2.2618036
2.6318133
2.352088
2.2986283
2.2282443
2.7106764
2.3138802
2.4618862
2.6798887
2.4347434
2.455437
2.6890924
2.261668
2.3490388
2.2644436
2.2042096
2.53777
2.3949873
2.3235908
2.3684683
2.1630158
2.5783496
2.4070787
2.6389186
2.271499
2.2419214
2.3644035
2.4652889
2.3642795
2.3356607
2.3097239
2.2251103
2.414769
2.273136
2.589515
2.4500296
2.2609088
2.0571637
2.1382115
2.4278712
2.2387576
2.580818
2.3027618
2.4870121
2.2967877
2.614375
2.432028
2.3921885
2.563007
2.4501595
2.4632447
2.3003993
2.316892
2.467849
2.4698377
2.443686
2.316983
2.2862477
2.2866378
2.4311721
2.300107
2.5069354
2.3303444
2.6069443
2.5171156
2.2254205
2.3611267
2.7649753
2.4195752
2.295911
2.4140606
2.4987183
2.2783136
2.270412
2.318847
2.637652
2.3774047
2.5092409
2.3373947
2.5112636
2.4334476
2.3420405
2.1589966
2.3809047
2.505826
2.5597663
2.7087057
2.2549477
2.1447697
2.2555635
2.5454268
2.675431
2.5922754
2.3111725
2.3672225
2.3542662
2.62457
2.483169
2.6982481
test_variance_wealth
0.11733611
0.12378556
0.109556004
0.25103396
0.07801034
0.18909028
0.13365802
0.12603956
0.13645966
0.1116359
0.14837906
0.09089116
0.1294228
0.14228208
0.121884234
0.12955993
0.13643529
0.16978404
0.099976376
0.1368478
0.1045205
0.16590832
0.14921896
0.15753965
0.25467053
0.14039244
0.13055082
0.11969622
0.23278472
0.17082186
0.16264616
0.15680096
0.2518971
0.10396618
0.16293384
0.1411692
0.12583634
0.17173655
0.18145783
0.1641843
0.15033023
0.17171293
0.1393274
0.18076378
0.17479779
0.15069066
0.11932035
0.21985433
0.15825605
0.12515956
0.15191163
0.18344243
0.22092241
0.15356024
0.14310654
0.18814191
0.11204011
0.13470791
0.10606243
0.21003138
0.12893097
0.16187045
0.11857135
0.12775652
0.2598978
0.0901643
0.12613054
0.12682809
0.11414189
0.14194442
0.10015066
0.13575916
0.1251939
0.10122105
0.10569395
0.17461263
0.1215787
0.11740627
0.16612728
0.11339879
0.13600919
0.13018097
0.10606265
0.099519
0.12573363
0.09985821
0.15193655
0.2327894
0.19265448
0.13187224
0.097820744
0.15928333
0.105845615
0.22298971
0.0920802
0.13449438
0.0947959
0.1344216
0.19479506
0.16540529
0.1397384
0.14657554
0.120620735
0.12491371
0.16443104
0.17150746
0.11169192
0.13500693
0.15417872
0.12269749
0.15486833
0.09406547
0.2187768
0.26624742
0.12613115
0.15436144
0.15147412
0.13474284
0.110780105
0.1241552
0.13277823
0.17524363
0.09488454
0.10904732
0.14497824
0.12762043
0.12512936
0.097151324
0.14343335
0.17845786
0.16837156
0.16892676
0.13242622
0.14140375
0.13619481
0.12827036
0.13121642
0.15102883
0.17889622
0.15491322
0.14675646
0.12212639
0.1704219
0.13787583
0.22114722
0.118029766
0.14714047
0.15170653
0.16316228
0.17651697
0.10612639
0.12118823
0.11082368
0.15887572
0.10871707
0.15060464
0.13500854
0.14909245
0.22005582
0.17562605
0.12564766
0.13445549
0.1708786
0.12020631
0.23629878
0.20830874
0.15877289
0.13930047
0.1833957
0.13782382
0.13847777
0.11181369
0.13298625
0.19336349
0.11496909
0.14406241
0.102543846
0.10653844
0.18965863
0.13833182
0.120486006
0.11270222
0.08355784
0.16261746
0.12923282
0.15654422
0.10558435
0.12251111
0.110158585
0.13800652
0.10366946
0.17349328
0.108798414
0.11715007
0.104196705
0.115800746
0.13871677
0.115379736
0.19489785
0.13296731
0.13881376
0.12505275
0.19037719
0.13952571
0.16552213
0.1778608
0.15800622
0.13784523
0.09154648
0.13408284
0.1426147
0.1659589
0.20282502
0.13129446
0.110722356
0.1734067
0.12828495
0.1340378
0.13359109
0.13004744
0.15966459
0.13434705
0.11790384
0.12124909
0.16318956
0.13845968
0.1201862
0.13156761
0.15180811
0.1162938
0.08519443
0.1389713
0.15019602
0.13376729
0.14740084
0.105374485
0.23585822
0.13394699
0.1515076
0.105590574
0.13981214
0.17614116
0.13503076
0.18652724
0.11356413
0.112036146
0.22403927
0.19859034
0.17141078
0.14591162
0.13019836
0.18984188
0.12490308
0.13009974
0.14094287
0.21051927
test_wealth_with_price_abs_mean
0.26693997
0.27437666
0.2583533
0.3849535
0.21849251
0.33598837
0.28378972
0.2765396
0.28666764
0.2590948
0.29845983
0.23582646
0.27847686
0.29403266
0.2729223
0.2805389
0.28628
0.31746656
0.24673522
0.28767166
0.2520309
0.31621513
0.3002274
0.30947888
0.38759938
0.29049346
0.28037414
0.26931405
0.37213582
0.31962067
0.31222498
0.30834886
0.3840157
0.25081432
0.31385985
0.29174015
0.27450895
0.32252875
0.33022937
0.31324783
0.30074728
0.3198424
0.2897266
0.3299403
0.323577
0.30050343
0.26975426
0.36189297
0.3078814
0.27472374
0.30207732
0.32898387
0.36335337
0.30376145
0.29396248
0.33470345
0.26135954
0.284723
0.25463924
0.3525961
0.27947024
0.31057903
0.26902568
0.2763801
0.39115182
0.23482393
0.27582827
0.2743972
0.26126805
0.29176837
0.2460905
0.2866708
0.27530214
0.24680464
0.2530033
0.3250009
0.2704229
0.2655715
0.3154978
0.26254216
0.28643253
0.2813666
0.25429103
0.2452154
0.2769798
0.24683215
0.3025669
0.36860225
0.3391985
0.28180847
0.2447721
0.30871
0.25450608
0.36347136
0.2368329
0.2844666
0.24088883
0.28435284
0.3409616
0.31443086
0.290527
0.29758045
0.27007428
0.27406114
0.31330124
0.32218453
0.26090872
0.2845676
0.30343172
0.27322423
0.30506
0.23961197
0.35962996
0.39379135
0.2775227
0.30458444
0.3001927
0.2862823
0.25983477
0.27426076
0.28270832
0.32310057
0.23996548
0.25800824
0.29625314
0.27530918
0.2748014
0.2434835
0.29430744
0.3260681
0.3175955
0.31926918
0.28407127
0.29263645
0.28710103
0.27888095
0.28187624
0.30126783
0.32695347
0.3034898
0.29551846
0.2712095
0.31773677
0.28757992
0.36157188
0.26755288
0.29759476
0.3026613
0.31325993
0.32599097
0.2535063
0.270283
0.25976694
0.30913478
0.25775674
0.30231825
0.28550908
0.29836205
0.36309376
0.3238086
0.2752536
0.28426242
0.3213683
0.27003658
0.37250125
0.3528776
0.3086702
0.2900677
0.3323115
0.28752282
0.28829017
0.26017746
0.28064686
0.3386387
0.26498705
0.2937972
0.25026625
0.2541118
0.3365089
0.28903785
0.27175468
0.2614569
0.22610343
0.3101174
0.28004923
0.30528098
0.25387043
0.27213103
0.2583286
0.288844
0.25141403
0.32385483
0.25778624
0.26611832
0.25005168
0.26450363
0.28935173
0.26417065
0.33967212
0.2823576
0.28995144
0.27529418
0.33675703
0.2901804
0.31535786
0.32662573
0.30836365
0.28869566
0.23664063
0.28326467
0.2934993
0.3148848
0.34615675
0.2814849
0.25923565
0.32144806
0.2791207
0.2837714
0.28518632
0.2802732
0.31047216
0.2856658
0.2668481
0.2713601
0.31478837
0.2893325
0.26996195
0.28234893
0.30277595
0.26544976
0.22877485
0.28826103
0.30206385
0.28400403
0.29874367
0.25337097
0.37257218
0.2849405
0.3018332
0.25247112
0.28982854
0.32435307
0.2866933
0.33459464
0.2624976
0.25953
0.36075598
0.34394395
0.3219803
0.2977006
0.28028965
0.33536762
0.27507865
0.28186837
0.29226643
0.3542646
test_wealth_with_price_variance
0.11733611
0.12378556
0.109556004
0.25103396
0.07801034
0.18909028
0.13365802
0.12603956
0.13645966
0.1116359
0.14837906
0.09089116
0.1294228
0.14228208
0.121884234
0.12955993
0.13643529
0.16978404
0.099976376
0.1368478
0.1045205
0.16590832
0.14921896
0.15753965
0.25467053
0.14039244
0.13055082
0.11969622
0.23278472
0.17082186
0.16264616
0.15680096
0.2518971
0.10396618
0.16293384
0.1411692
0.12583634
0.17173655
0.18145783
0.1641843
0.15033023
0.17171293
0.1393274
0.18076378
0.17479779
0.15069066
0.11932035
0.21985433
0.15825605
0.12515956
0.15191163
0.18344243
0.22092241
0.15356024
0.14310654
0.18814191
0.11204011
0.13470791
0.10606243
0.21003138
0.12893097
0.16187045
0.11857135
0.12775652
0.2598978
0.0901643
0.12613054
0.12682809
0.11414189
0.14194442
0.10015066
0.13575916
0.1251939
0.10122105
0.10569395
0.17461263
0.1215787
0.11740627
0.16612728
0.11339879
0.13600919
0.13018097
0.10606265
0.099519
0.12573363
0.09985821
0.15193655
0.2327894
0.19265448
0.13187224
0.097820744
0.15928333
0.105845615
0.22298971
0.0920802
0.13449438
0.0947959
0.1344216
0.19479506
0.16540529
0.1397384
0.14657554
0.120620735
0.12491371
0.16443104
0.17150746
0.11169192
0.13500693
0.15417872
0.12269749
0.15486833
0.09406547
0.2187768
0.26624742
0.12613115
0.15436144
0.15147412
0.13474284
0.110780105
0.1241552
0.13277823
0.17524363
0.09488454
0.10904732
0.14497824
0.12762043
0.12512936
0.097151324
0.14343335
0.17845786
0.16837156
0.16892676
0.13242622
0.14140375
0.13619481
0.12827036
0.13121642
0.15102883
0.17889622
0.15491322
0.14675646
0.12212639
0.1704219
0.13787583
0.22114722
0.118029766
0.14714047
0.15170653
0.16316228
0.17651697
0.10612639
0.12118823
0.11082368
0.15887572
0.10871707
0.15060464
0.13500854
0.14909245
0.22005582
0.17562605
0.12564766
0.13445549
0.1708786
0.12020631
0.23629878
0.20830874
0.15877289
0.13930047
0.1833957
0.13782382
0.13847777
0.11181369
0.13298625
0.19336349
0.11496909
0.14406241
0.102543846
0.10653844
0.18965863
0.13833182
0.120486006
0.11270222
0.08355784
0.16261746
0.12923282
0.15654422
0.10558435
0.12251111
0.110158585
0.13800652
0.10366946
0.17349328
0.108798414
0.11715007
0.104196705
0.115800746
0.13871677
0.115379736
0.19489785
0.13296731
0.13881376
0.12505275
0.19037719
0.13952571
0.16552213
0.1778608
0.15800622
0.13784523
0.09154648
0.13408284
0.1426147
0.1659589
0.20282502
0.13129446
0.110722356
0.1734067
0.12828495
0.1340378
0.13359109
0.13004744
0.15966459
0.13434705
0.11790384
0.12124909
0.16318956
0.13845968
0.1201862
0.13156761
0.15180811
0.1162938
0.08519443
0.1389713
0.15019602
0.13376729
0.14740084
0.105374485
0.23585822
0.13394699
0.1515076
0.105590574
0.13981214
0.17614116
0.13503076
0.18652724
0.11356413
0.112036146
0.22403927
0.19859034
0.17141078
0.14591162
0.13019836
0.18984188
0.12490308
0.13009974
0.14094287
0.21051927
price
2.3457448
2.4594138
2.371582
2.6157823
2.1021175
2.441233
2.353771
2.4622436
2.372447
2.138661
2.3873293
2.2963362
2.165429
2.5459576
2.5682511
2.4381745
2.3928342
2.422543
2.2465773
2.3849998
2.282431
2.598826
2.5520961
2.807504
2.5877845
2.3672864
2.3194823
2.2206817
2.568308
2.518949
2.3629603
2.6450171
2.5175698
2.1605682
2.6477048
2.428261
2.238695
2.7224958
2.5928588
2.3133397
2.481236
2.421533
2.369968
2.6045465
2.4611006
2.378963
2.3925114
2.6337714
2.3807766
2.2282999
2.3953173
2.3452876
2.6525543
2.316308
2.4086843
2.4027705
2.393863
2.325594
2.4322214
2.427721
2.370758
2.4732862
2.473083
2.210396
2.5907822
2.2702818
2.2804112
2.1832378
2.1228666
2.3483386
2.1615248
2.368723
2.316881
2.0509028
2.1757033
2.6668103
2.2691083
2.1437058
2.4140482
2.335468
2.3437965
2.4877849
2.353842
2.0868683
2.456246
2.2602136
2.540676
2.3190832
2.4413853
2.312659
2.4096203
2.5006146
2.4498663
2.6862245
2.1444387
2.34978
2.2882137
2.381455
2.5487263
2.5202205
2.3960476
2.4713278
2.2913194
2.261373
2.340362
2.7101538
2.3215296
2.157036
2.3215144
2.3761394
2.4771717
2.2610164
2.7044077
2.4876301
2.5468822
2.3991265
2.1317601
2.5154066
2.351613
2.3285775
2.334588
2.3750598
2.0629337
2.364956
2.5044975
2.163134
2.3082516
2.2721922
2.4725685
2.3879123
2.4912956
2.5856926
2.6055832
2.4856143
2.4927385
2.4347794
2.3843217
2.464977
2.4435282
2.2143764
2.3174906
2.2777581
2.3582723
2.2399101
2.4617355
2.293556
2.4820962
2.4856586
2.536439
2.6938896
2.2144325
2.1820478
2.359832
2.4588854
2.4840264
2.6117764
2.377435
2.2615967
2.6336813
2.353001
2.297143
2.22885
2.7110252
2.3137207
2.4614308
2.6798775
2.4334788
2.4554825
2.689307
2.2616894
2.3491058
2.2637966
2.2037785
2.5364237
2.3946376
2.3234196
2.36869
2.161343
2.576737
2.4056196
2.6400332
2.2713284
2.242232
2.3644085
2.4654
2.3629515
2.3345778
2.309533
2.2237427
2.4146705
2.2732897
2.5902462
2.4491549
2.2603621
2.0571852
2.1384246
2.4281657
2.2385373
2.58135
2.3026984
2.4861019
2.2973905
2.6141183
2.4329998
2.3918815
2.5633507
2.450552
2.461869
2.3000705
2.317234
2.4679976
2.4690924
2.4420128
2.3157632
2.2865615
2.2874491
2.4306235
2.3010905
2.5071
2.3298998
2.6065369
2.5161777
2.2246432
2.35995
2.7650735
2.4206643
2.2945695
2.4138258
2.4985762
2.2781963
2.2714646
2.3189423
2.6365974
2.3768368
2.5084567
2.336609
2.5104597
2.4342127
2.3426294
2.1585412
2.3811235
2.506184
2.5589027
2.7080467
2.255138
2.144078
2.256422
2.5432405
2.674045
2.59239
2.3109531
2.3671417
2.3539042
2.6236165
2.4820046
2.6971602
train_time
0.43746819999999964
0.32956770000000013
0.33779670000000017
0.33266799999999996
0.4750871000000014
0.35187349999999995
0.34976439999999975
0.4321301999999996
0.45983750000000256
0.4385803999999993
0.44216259999999963
0.5146028999999999
0.3899360999999999
0.34001070000000055
0.363726800000002
0.3346336999999977
0.47745749999999987
0.4166342000000043
0.34397189999999966
0.5438256999999993
0.37492830000000055
0.37527399999999744
0.35846760000000444
0.3565533000000016
0.3368030000000033
0.3532420000000016
0.3486665000000002
0.5683199999999999
0.36242659999999915
0.34320530000000105
0.34806139999999886
0.3802570000000003
0.6531180000000063
0.3571270999999996
0.37307100000001014
0.3424679000000026
0.3550527999999957
0.3740595999999954
0.6132155999999895
0.3637894000000017
0.34707050000000095
0.33729470000000106
0.3618131000000062
0.3455655000000064
0.37173459999999636
0.33785229999999444
0.36579430000000457
0.3558613999999949
0.34475350000001015
0.42407719999999927
0.3590822000000031
0.3575322000000085
0.3516687000000047
0.3740834000000035
0.3788636000000025
0.3432657999999975
0.3554777999999885
0.36422199999999805
0.3721374999999938
0.3452147999999937
0.3863892999999905
0.34756789999998716
0.34873020000000565
0.34490529999999353
0.7756975000000068
0.34684190000000115
0.37331450000000643
0.3700225000000046
0.3356967999999938
0.3348656999999946
0.35697569999999246
0.37828280000002223
0.3638806999999815
0.34990319999999997
0.35462870000000635
0.3683974000000205
0.38606609999999364
0.3673882000000219
0.3452619999999911
0.3645641000000239
0.8535218999999756
0.3963245999999856
0.3517216999999846
0.3485027000000116
0.3472388000000137
0.3640880000000095
0.4027190000000189
0.39112420000000725
0.3396386000000007
0.37580900000000383
0.3313689000000011
0.35302260000000274
0.3767282000000023
0.3653481000000056
0.3608975000000214
0.3608451000000059
0.359121000000016
0.3775002000000143
0.39580900000001407
0.35982490000000666
0.37012079999999514
0.3596256000000153
0.3598271999999838
0.37653969999999504
0.3801507000000015
0.4162213000000179
0.3931704000000025
0.3600610999999958
0.4119103000000166
0.34722070000000826
0.3484292999999923
0.38620760000000587
0.4354721999999924
0.33563039999998523
0.4373704999999859
0.3828134999999975
0.3568405999999982
0.36792459999998073
0.355327299999999
0.3529296999999758
0.33130299999999124
0.33565229999999247
1.2778612999999837
0.35445029999999633
0.3699410000000114
0.39647469999999885
0.39392420000001493
0.36240799999998785
0.3903779000000043
0.40409950000000094
0.614988000000011
0.5066900999999859
0.4751641999999947
0.49767659999997704
0.35580509999999776
0.3392548999999576
0.3375464000000079
0.3860549999999989
0.33305369999999357
0.3399891999999909
0.3190013000000249
0.3425417000000266
0.3350736999999526
0.3332283999999959
0.3661038999999846
0.3195961000000125
0.31941249999999854
0.32341179999997394
0.33503279999996494
1.1637561000000005
0.3816578000000277
0.3214770999999814
0.3084178000000293
0.3597924999999691
0.33906910000001744
0.34604819999998426
0.351619200000016
0.3312199000000078
0.34658749999999827
0.3177512999999976
0.34319980000003625
0.3189762000000087
0.3795256000000222
0.3215741999999864
0.34109789999996565
0.3351344000000154
0.3321799999999939
0.33596180000000686
0.33706519999998363
0.3732673000000091
0.43648969999998144
0.4267625999999609
0.4396814000000404
0.42587610000003906
0.3351362000000222
0.3423569999999927
0.3312905000000228
0.32840830000003507
0.3172749999999951
0.3623916999999892
1.3398364000000242
0.3127996000000053
0.3434202000000255
0.3260234000000537
0.3254906000000233
0.5045600000000263
0.385377300000016
0.35800610000001143
0.3222466999999938
0.3239758000000279
0.33890259999998307
0.30871840000003203
0.34228179999996655
0.3234870000000001
0.31138160000000425
0.3153087000000028
0.3242784000000256
0.3204349000000093
0.3260884000000033
0.33888910000001715
0.4321994000000018
0.42730269999998427
0.4264493000000016
0.4309650000000147
0.42319580000003043
0.4284696000000281
0.4511510000000385
0.43051040000000285
0.31452600000000075
0.32921770000001516
0.321621499999992
0.3277989000000048
0.31252310000002126
0.31469939999999497
0.3196029999999723
0.3317013000000202
1.5714193000000023
0.3810924
0.3365729000000215
0.3337131000000113
0.32219689999999446
0.32767189999998436
0.33044310000002497
0.3366399999999885
0.3241834000000381
0.3329494999999838
0.3298141000000214
0.31677550000000565
0.3039691999999832
0.31672790000004625
0.32010969999998906
0.31393959999996923
0.3132669999999962
0.3230239000000097
0.3246545999999739
0.3208450000000198
0.3130233999999632
0.33845980000000964
0.32398539999996956
0.3504330999999752
0.33476550000000316
0.33426309999998693
0.3162176999999815
0.31819389999998293
0.3062376000000313
0.35037489999996296
0.3104756999999836
0.30584049999998797
0.3296508999999901
0.3222511000000168
0.3112165999999661
0.31198130000001356
0.3171386999999868
0.3669212000000357
0.3156938999999852
0.3282843000000071


