================================================================================
=== continuous-time
train_risk
2.7472208
2.8849535
2.787323
2.7544808
2.7174618
2.8747132
2.7618618
2.8024054
2.6733902
2.8399634
2.8003807
2.794163
2.7397654
2.8959756
2.8280334
2.774464
2.8504457
2.7938867
2.7144997
2.8444695
2.854857
2.8440318
2.8068843
2.9609988
2.915787
2.708739
3.063318
2.8642776
2.9735706
3.0084515
2.763487
2.7965238
2.837171
2.7670443
2.884805
2.8544357
2.6102593
2.6853187
2.8362753
2.7472565
2.7358985
2.784689
2.753558
2.926912
2.782605
2.8765657
2.6640055
2.7473671
2.7571154
2.7472658
2.887839
2.9163146
2.9279263
2.8686736
2.690573
2.7224023
2.8581088
2.8613462
2.888885
2.736516
2.74614
2.833943
2.7888565
2.8179243
2.955964
2.7670145
2.8205545
2.6711392
2.9398887
2.8025625
2.7026055
2.7710123
2.760887
2.7633028
2.7232249
2.8497758
2.7576153
2.713397
2.794706
2.8799167
2.8396547
2.8530066
2.7761247
2.687622
2.8801606
2.8225892
2.8863568
2.740375
2.7840614
2.7929204
2.7690363
2.8133352
2.8032954
2.8437302
2.8006792
2.8007197
2.7414892
2.7987998
2.9954433
2.9549584
2.834318
2.8168125
2.8516905
2.8525016
2.823629
2.8423617
2.7302806
2.6481016
2.7813616
2.8723743
2.8836944
2.7159498
2.96568
2.7464876
2.9806511
2.7849722
2.5855505
2.8540025
2.7796519
2.9602594
2.6618574
2.891998
2.5922904
2.8645766
2.9141483
2.5592823
2.8038743
2.7493885
2.9459064
2.6889386
2.8307521
2.840125
2.8911517
2.8376052
2.8361995
2.7678611
2.8299532
2.7871585
2.8655841
2.6664379
2.8202004
2.6588748
2.7339945
2.6806662
2.7686725
2.7960947
2.8700166
2.829304
2.8466952
2.9406555
2.7518823
2.8665981
2.8761795
2.875645
2.7395356
2.8553593
2.9315097
2.8243494
2.7326772
2.7856116
2.9379218
2.8033595
2.7620075
2.786167
2.7390733
2.9772394
2.773472
2.716448
2.8769784
2.724044
2.8994825
2.8833885
2.733397
2.9839
3.0310645
2.841692
2.9385378
2.788997
2.8524315
2.6791594
2.864674
2.889967
2.8392544
2.696926
2.762517
2.838943
2.784362
2.7414086
2.7750523
2.8565936
2.7347984
2.7644176
2.858342
2.7027013
2.6590395
2.641936
2.9332235
2.7831395
2.8703165
2.5978181
2.8001177
2.6075983
2.8205967
2.8684042
2.8141825
2.8927534
2.81479
2.800634
2.8517535
2.7674582
2.7729428
2.6809037
3.0019085
2.8479757
2.8005965
2.891709
2.8105593
2.7310314
3.0094812
2.7535305
2.8270245
2.794774
2.633699
2.9157953
2.9999015
2.8709614
2.7788496
2.7879612
2.8924975
2.6630533
2.6416414
2.6426027
2.6727586
2.8100893
2.795449
2.7889552
2.8988543
2.7213943
2.8734183
2.5964808
2.7453554
2.852319
2.7912648
2.7465913
2.8903491
2.7770367
2.8653433
2.778744
2.847863
2.8156426
2.7600873
2.7275655
2.694427
2.744268
3.0361595
2.9204862
test_risk
2.7507634
2.907089
2.8373132
2.7570357
2.7385397
2.8826323
2.7569363
2.8002374
2.6924546
2.864426
2.800585
2.8216686
2.761105
2.907351
2.813618
2.807701
2.8450174
2.7895415
2.7477148
2.8506742
2.8381543
2.8685853
2.807363
2.9678848
2.9215937
2.7283123
3.0362585
2.8648438
2.9362307
3.0140536
2.7727234
2.8325524
2.8462703
2.7653303
2.8663518
2.8295896
2.6177537
2.6929295
2.8535523
2.7696366
2.726917
2.7918887
2.7492898
2.9206238
2.8004367
2.8559227
2.6769629
2.7580712
2.7630756
2.733611
2.9021559
2.9154
2.9082704
2.8545928
2.7044199
2.7100472
2.8552985
2.8581362
2.8760738
2.7557442
2.740494
2.809659
2.789422
2.8097372
2.947401
2.797604
2.8166614
2.6739066
2.9296663
2.800527
2.71572
2.797771
2.7789457
2.7899976
2.7130988
2.8891084
2.774261
2.720475
2.7832742
2.8556187
2.8522253
2.834946
2.737932
2.6890945
2.8727958
2.8105125
2.8959296
2.761869
2.7524924
2.8007033
2.770873
2.8329794
2.815349
2.847897
2.8048954
2.8024647
2.7215233
2.8224764
3.0051286
2.9645424
2.8124037
2.8084657
2.8778834
2.8902705
2.7840111
2.8503394
2.7655835
2.652164
2.778724
2.84578
2.8775861
2.742344
2.9711342
2.7574575
2.9611921
2.8032157
2.5883396
2.8697627
2.7867317
2.949914
2.6773214
2.8701751
2.59798
2.854579
2.9188402
2.560925
2.786662
2.7587454
2.9629085
2.6823533
2.8572383
2.8288846
2.9002464
2.834722
2.8476825
2.8128262
2.8374233
2.8155644
2.8618453
2.6564388
2.8048065
2.6274462
2.7434363
2.6823637
2.7638974
2.8058765
2.875961
2.8372698
2.8828726
2.9152026
2.7328408
2.825989
2.8889594
2.8651104
2.7303135
2.8388758
2.892311
2.8103096
2.7270446
2.7916348
2.9444554
2.832302
2.7854362
2.7760801
2.7326927
3.0035067
2.781883
2.7016373
2.8953757
2.7074182
2.9224682
2.8876219
2.7349045
2.99443
3.0596716
2.866546
2.9604173
2.7725198
2.8607943
2.6661444
2.8625276
2.9132314
2.8110783
2.6909485
2.7570958
2.8370552
2.8045056
2.7258487
2.7735267
2.8526866
2.722323
2.7555668
2.8487341
2.7159035
2.6727371
2.6523569
2.9143796
2.7786357
2.8851945
2.5876863
2.8101213
2.64173
2.790378
2.8568733
2.834019
2.9426017
2.835064
2.84045
2.8919508
2.741853
2.7830741
2.6844587
2.990626
2.8395655
2.8171883
2.9157338
2.79523
2.735068
3.0210762
2.7436724
2.8302624
2.803904
2.6542785
2.9379468
3.0006661
2.8570192
2.7752578
2.7899952
2.8656566
2.6910734
2.6517766
2.6783302
2.6720138
2.8160658
2.7895706
2.7855709
2.8971872
2.736873
2.8688414
2.607819
2.764059
2.84271
2.791457
2.7614021
2.862724
2.7719703
2.8407526
2.7877076
2.856942
2.8262467
2.7673998
2.7176237
2.700337
2.7458534
3.0384045
2.9203281
test_mean_value
3.8481623e-05
-0.003751416
-0.0035354968
-0.0015825656
0.00011989914
-0.00048698654
-0.001629182
0.0011391882
-4.480593e-05
-0.0017867581
0.00078421837
0.0030925588
-0.0022525548
-0.0036092908
-0.003419019
0.0017369871
0.0025189342
-0.0024559866
-0.0030671847
-3.3498378e-07
-0.0018689826
0.00039217473
-0.0010928279
0.00024182924
-0.0018883155
-0.003549758
-0.0025180995
0.00523759
-0.00022178337
-0.0008919289
0.0005214704
0.0033917176
-0.0023152798
0.004306799
-0.0077526174
0.00059812755
-0.00022116725
-0.0005307304
0.000688149
-0.0034149322
0.0008735827
-0.00026457483
-0.0019648536
-0.00080449495
-0.0028399674
-0.0010201391
0.0019532307
-0.0014868354
-0.00024189045
-0.00026409846
-0.0028579684
4.097707e-05
-0.0018486981
-0.0022445838
0.0015801924
0.0055537988
-0.0026002587
-0.00089221925
-0.0022580035
-0.0029355285
-0.003246537
-0.00015775945
-0.000700735
0.0013397123
0.0026665905
0.0021399711
0.001709592
-0.0003368932
0.002532142
-0.00042239542
0.00036208882
-0.0021296924
-0.0055404254
-0.0014258646
-0.0023520673
-0.0016921302
-0.00053512
-0.0013437881
0.0005523985
0.0015397203
-0.0027254587
-0.00063897244
0.00045649713
-0.0010974146
-0.003953664
-0.00096893415
-0.00018220361
-0.0004010495
0.0011730553
0.002533295
0.00062347285
-0.0015077135
-0.0001378179
-0.0023901025
0.00013910327
-0.0037408674
-0.0009844059
-0.0011288879
0.0010262063
-0.000793954
0.0019475517
0.0015167461
-0.0006299995
-0.0010451181
-0.00223067
0.0017561523
-0.00082701194
-0.0009933757
0.0018361745
-0.0017325977
-0.0001641527
-0.0016598497
0.0015570674
0.005026097
0.00059239654
-0.0028233293
0.0030107796
-0.0011203272
0.0010756191
0.0046063527
0.0007949932
0.0013192125
0.0008144405
0.0020620418
-0.0019749317
-0.00088687293
-0.0006116967
-0.0011611681
-0.0031636918
-0.0009187729
0.00069016655
0.0005381495
-0.0009286545
-0.00078973273
-0.004322864
0.0029019509
-0.0012377467
-0.0005790427
0.003014246
0.0026515035
-0.0006281791
-0.00059640605
-0.0010854941
-0.0002713702
-0.0010871904
0.00016583904
0.0021793535
-9.609497e-05
0.0005985125
1.7315953e-05
-0.0010092065
-0.00202106
0.0011860396
-0.003490062
-0.0022673323
-0.0017460936
0.0012532425
-0.0023994402
-0.0017982209
-0.0021119765
0.0005501025
0.00074715185
0.0008696479
0.00045797913
0.00095626665
-0.0022159566
-0.0014812488
-0.0002661232
0.00050875527
0.0041797063
-0.0038766146
0.001999708
0.0009147207
-0.0021830453
-0.002466766
-0.0025803368
0.0020293205
-0.0023902487
0.00065375224
-0.00035610906
0.0018239475
-0.0001764531
0.001533304
-0.0033254325
0.0009015084
-0.0038428218
-0.0017499414
0.0005847002
-7.265377e-05
0.001779302
0.00091829634
0.0016096239
-0.0018585228
0.0036606144
-0.0009998061
0.00446188
0.0006528277
-0.00062488136
-0.0004668221
-0.0006714051
0.0020431622
0.00019778984
0.0009704049
-0.0010419717
0.003166163
-0.0015955812
0.0010858217
0.00045738573
0.000813961
-0.0019017997
-0.00096208823
-0.00040976357
-0.0013667911
0.003858806
-0.0005970447
-0.0011290244
0.0006055393
-0.00014292385
-0.002723344
-0.0009936201
0.001626974
0.0014683064
0.0015144713
0.0001668701
-0.0008593601
0.0029658657
0.0031648714
6.442451e-05
-0.00088223815
0.0006934792
-0.002563348
0.0009810581
0.00060380733
-0.00038683237
-0.0040067825
0.00016981974
-0.00044047026
0.0029326184
0.0020933654
-0.0010782958
0.0030786803
0.0018551965
0.0010087849
0.0009752218
-0.0032435402
-0.0030751172
-0.0038344709
0.00041839146
0.001845244
-0.0014498673
0.0013327709
0.0029086173
0.00059374084
-0.002735115
0.00024709798
-0.0021988219
test_mean_abs_value
0.7421587
1.0295671
0.8735991
0.7926233
0.8921642
0.82741576
0.8117955
0.7541609
0.69024557
0.8280559
0.8049274
0.8112969
0.7445844
0.74888635
0.83636
0.75349236
1.0347787
0.8513804
0.83138
0.9729417
0.8702732
0.89500314
0.65783095
0.8522502
0.7495271
0.90185016
0.9698935
0.89705336
0.94337964
0.7617298
0.840333
0.7661387
0.87679636
0.8530594
0.86687636
0.7399873
0.833145
0.7775098
0.8833256
1.0096438
0.75185025
0.8265787
0.65378904
0.8352694
0.8814045
0.72494555
0.6630513
0.9577447
0.67096734
0.710434
0.8174864
0.835893
0.77861905
0.9040486
0.7008838
0.65255976
0.7459337
0.8213829
0.7062108
0.8273668
0.8090809
0.94824696
0.7654986
1.0318332
0.95781523
0.7807764
0.85065484
0.8212696
0.8419661
0.96150684
0.92169255
0.71217793
0.68388647
0.82944465
0.79311746
0.8453181
0.7654343
0.84152704
0.82271504
0.6644704
0.6980367
0.7431702
0.81683534
0.8002821
0.7617545
0.956276
0.78398347
0.75925064
1.0807966
0.7951061
0.6537358
0.78233486
0.99134934
0.8757369
0.8485296
0.74198854
0.93327653
0.746224
0.89147127
0.9470542
0.8498536
0.73119426
0.94849116
0.7797639
0.8251322
0.76654524
0.7131886
0.841411
1.0772185
0.7858584
0.8680234
0.8901235
0.73148495
0.77218777
0.8613253
0.8331023
0.9061715
0.8315803
0.87955314
0.86791235
0.8267091
0.9553719
0.6803035
0.8310194
1.0078927
0.7507017
0.719497
0.76424104
1.0610605
0.62924397
0.75145847
0.8648212
0.93961185
0.76786995
0.8272212
0.84199774
0.7760461
0.8076773
0.75194716
0.81458086
0.7587322
0.7243579
0.7050119
0.808543
0.80664235
1.038538
0.884706
0.7252529
0.77487075
0.83050025
0.83963674
0.9204216
0.84599185
0.85270864
0.9200099
0.9038525
1.0206583
0.85057974
0.71797585
0.83063656
1.0127453
0.79175234
0.8004053
0.8002439
0.70101
0.87924236
0.959466
0.84429204
0.775715
0.9197332
0.89423037
0.9186608
0.7618149
0.9293872
0.86380297
0.89107597
0.9464745
0.82047623
0.74018085
0.81228447
0.81119305
0.81306773
0.81418043
0.80384064
0.8568422
0.8550141
0.85164094
0.7155122
0.84212136
0.7370333
0.7955924
0.8065
0.69125724
0.82680666
0.7249826
0.88636976
0.96929985
0.8000034
0.7557395
0.8327192
0.91788703
0.6988722
0.8833997
0.73883134
0.7752594
0.86006445
0.97190505
0.78918076
0.9190024
0.75077164
0.87239146
0.7173079
0.87958264
0.7761292
0.7320994
0.7979798
0.8312565
0.7580837
1.1059915
0.8494968
0.85116047
0.8209538
0.75777525
0.76636356
0.9671637
0.87698686
0.88889635
0.72110087
0.91761905
0.72961557
0.7759506
0.69549805
0.75124437
0.76511496
0.887747
0.7842216
0.88976425
0.6863021
0.84819555
0.9367479
0.7304704
0.74410224
0.7560532
0.77243394
0.90574276
0.8286352
1.0615293
0.836557
0.83323944
0.7658375
0.80358183
0.8464178
0.7930192
0.86579144
0.84717155
0.8241252
test_variance_value
0.86776906
1.715167
1.200883
0.9896135
1.2745731
1.0833871
1.0523787
0.89927477
0.7545615
1.1010063
1.0163273
1.0367588
0.89840376
0.88314444
1.1103202
0.90250367
1.7158188
1.149786
1.0922511
1.5156443
1.2454333
1.2655903
0.6943359
1.166726
0.89195716
1.2877609
1.5202045
1.2826505
1.4163007
0.9385011
1.1365882
0.94051474
1.2307751
1.1514245
1.211557
0.87706447
1.0958344
0.97955763
1.24106
1.6274996
0.8939743
1.0802275
0.6818623
1.10585
1.2466403
0.84326684
0.696677
1.4651759
0.71749073
0.8012537
1.0648276
1.14639
0.9609635
1.3315085
0.789558
0.6793689
0.89282715
1.0911669
0.7969254
1.0926653
1.0454392
1.4268668
0.9441635
1.7097805
1.4741157
0.97867674
1.1480628
1.0725445
1.1264846
1.4980248
1.3427509
0.8175689
0.7391422
1.1069678
1.0130095
1.1335533
0.95032924
1.1245834
1.0698063
0.70672965
0.7808337
0.8732995
1.0706757
1.0218811
0.9184985
1.4747216
0.99149317
0.91340196
1.87483
1.0006626
0.6878936
0.9658663
1.5553331
1.2276261
1.1589849
0.88382006
1.390189
0.8859916
1.2762048
1.4351158
1.1532959
0.86545205
1.4704939
0.98558503
1.0824684
0.9400265
0.81029105
1.1216928
1.8806788
0.9993368
1.1935202
1.2732414
0.8572337
0.9504973
1.1793373
1.0946677
1.3206894
1.0857441
1.2665955
1.2118756
1.0974841
1.4771652
0.73751736
1.0959221
1.6403879
0.8942227
0.82740325
0.9568963
1.7898614
0.63812643
0.9114361
1.1914196
1.3875397
0.9370856
1.0908312
1.1433184
0.95563346
1.0373076
0.9138245
1.0568043
0.92739445
0.83098644
0.78589004
1.0396044
1.032504
1.7406144
1.2450838
0.8285881
0.9638961
1.0884184
1.1146077
1.353898
1.1289202
1.1585429
1.3379258
1.2898573
1.679106
1.1456786
0.8180748
1.0966676
1.64684
1.0005877
1.027488
1.03522
0.78520584
1.2325557
1.473927
1.1216043
0.9558157
1.3607684
1.2832375
1.3556324
0.9347624
1.4008936
1.1779497
1.2717512
1.4321165
1.0905823
0.87067497
1.066108
1.0456619
1.0601546
1.0476336
1.0219733
1.1945573
1.161474
1.1576873
0.8284325
1.1304128
0.8591501
1.0159487
1.0291762
0.754003
1.0947186
0.86154795
1.2829456
1.5038832
1.0163243
0.90927535
1.095204
1.327491
0.77308095
1.2410101
0.86926925
0.9480278
1.1778413
1.5021737
1.0020583
1.3435775
0.88530463
1.1957023
0.8181363
1.2187223
0.96378285
0.86090827
1.0074935
1.1198214
0.907392
1.947698
1.140923
1.1655636
1.0710428
0.9237368
0.95436126
1.4981551
1.2276258
1.2601666
0.82377756
1.330335
0.84715134
0.9522825
0.77075505
0.90993
0.93784827
1.2591181
0.9995666
1.2609758
0.7477751
1.1600313
1.3973156
0.8805788
0.8853264
0.90395385
0.9542701
1.2928435
1.0911384
1.7936702
1.1255847
1.1279676
0.9330662
1.0257376
1.1725963
1.0002987
1.2016087
1.1947324
1.0950805
test_mean_costs
0.0
0.0
0.0
0.0
0.0
0.0
0.0
0.0
0.0
0.0
0.0
0.0
0.0
0.0
0.0
0.0
0.0
0.0
0.0
0.0
0.0
0.0
0.0
0.0
0.0
0.0
0.0
0.0
0.0
0.0
0.0
0.0
0.0
0.0
0.0
0.0
0.0
0.0
0.0
0.0
0.0
0.0
0.0
0.0
0.0
0.0
0.0
0.0
0.0
0.0
0.0
0.0
0.0
0.0
0.0
0.0
0.0
0.0
0.0
0.0
0.0
0.0
0.0
0.0
0.0
0.0
0.0
0.0
0.0
0.0
0.0
0.0
0.0
0.0
0.0
0.0
0.0
0.0
0.0
0.0
0.0
0.0
0.0
0.0
0.0
0.0
0.0
0.0
0.0
0.0
0.0
0.0
0.0
0.0
0.0
0.0
0.0
0.0
0.0
0.0
0.0
0.0
0.0
0.0
0.0
0.0
0.0
0.0
0.0
0.0
0.0
0.0
0.0
0.0
0.0
0.0
0.0
0.0
0.0
0.0
0.0
0.0
0.0
0.0
0.0
0.0
0.0
0.0
0.0
0.0
0.0
0.0
0.0
0.0
0.0
0.0
0.0
0.0
0.0
0.0
0.0
0.0
0.0
0.0
0.0
0.0
0.0
0.0
0.0
0.0
0.0
0.0
0.0
0.0
0.0
0.0
0.0
0.0
0.0
0.0
0.0
0.0
0.0
0.0
0.0
0.0
0.0
0.0
0.0
0.0
0.0
0.0
0.0
0.0
0.0
0.0
0.0
0.0
0.0
0.0
0.0
0.0
0.0
0.0
0.0
0.0
0.0
0.0
0.0
0.0
0.0
0.0
0.0
0.0
0.0
0.0
0.0
0.0
0.0
0.0
0.0
0.0
0.0
0.0
0.0
0.0
0.0
0.0
0.0
0.0
0.0
0.0
0.0
0.0
0.0
0.0
0.0
0.0
0.0
0.0
0.0
0.0
0.0
0.0
0.0
0.0
0.0
0.0
0.0
0.0
0.0
0.0
0.0
0.0
0.0
0.0
0.0
0.0
0.0
0.0
0.0
0.0
0.0
0.0
0.0
0.0
0.0
0.0
0.0
0.0
0.0
0.0
0.0
0.0
0.0
0.0
test_mean_abs_costs
0.0
0.0
0.0
0.0
0.0
0.0
0.0
0.0
0.0
0.0
0.0
0.0
0.0
0.0
0.0
0.0
0.0
0.0
0.0
0.0
0.0
0.0
0.0
0.0
0.0
0.0
0.0
0.0
0.0
0.0
0.0
0.0
0.0
0.0
0.0
0.0
0.0
0.0
0.0
0.0
0.0
0.0
0.0
0.0
0.0
0.0
0.0
0.0
0.0
0.0
0.0
0.0
0.0
0.0
0.0
0.0
0.0
0.0
0.0
0.0
0.0
0.0
0.0
0.0
0.0
0.0
0.0
0.0
0.0
0.0
0.0
0.0
0.0
0.0
0.0
0.0
0.0
0.0
0.0
0.0
0.0
0.0
0.0
0.0
0.0
0.0
0.0
0.0
0.0
0.0
0.0
0.0
0.0
0.0
0.0
0.0
0.0
0.0
0.0
0.0
0.0
0.0
0.0
0.0
0.0
0.0
0.0
0.0
0.0
0.0
0.0
0.0
0.0
0.0
0.0
0.0
0.0
0.0
0.0
0.0
0.0
0.0
0.0
0.0
0.0
0.0
0.0
0.0
0.0
0.0
0.0
0.0
0.0
0.0
0.0
0.0
0.0
0.0
0.0
0.0
0.0
0.0
0.0
0.0
0.0
0.0
0.0
0.0
0.0
0.0
0.0
0.0
0.0
0.0
0.0
0.0
0.0
0.0
0.0
0.0
0.0
0.0
0.0
0.0
0.0
0.0
0.0
0.0
0.0
0.0
0.0
0.0
0.0
0.0
0.0
0.0
0.0
0.0
0.0
0.0
0.0
0.0
0.0
0.0
0.0
0.0
0.0
0.0
0.0
0.0
0.0
0.0
0.0
0.0
0.0
0.0
0.0
0.0
0.0
0.0
0.0
0.0
0.0
0.0
0.0
0.0
0.0
0.0
0.0
0.0
0.0
0.0
0.0
0.0
0.0
0.0
0.0
0.0
0.0
0.0
0.0
0.0
0.0
0.0
0.0
0.0
0.0
0.0
0.0
0.0
0.0
0.0
0.0
0.0
0.0
0.0
0.0
0.0
0.0
0.0
0.0
0.0
0.0
0.0
0.0
0.0
0.0
0.0
0.0
0.0
0.0
0.0
0.0
0.0
0.0
0.0
test_variance_costs
0.0
0.0
0.0
0.0
0.0
0.0
0.0
0.0
0.0
0.0
0.0
0.0
0.0
0.0
0.0
0.0
0.0
0.0
0.0
0.0
0.0
0.0
0.0
0.0
0.0
0.0
0.0
0.0
0.0
0.0
0.0
0.0
0.0
0.0
0.0
0.0
0.0
0.0
0.0
0.0
0.0
0.0
0.0
0.0
0.0
0.0
0.0
0.0
0.0
0.0
0.0
0.0
0.0
0.0
0.0
0.0
0.0
0.0
0.0
0.0
0.0
0.0
0.0
0.0
0.0
0.0
0.0
0.0
0.0
0.0
0.0
0.0
0.0
0.0
0.0
0.0
0.0
0.0
0.0
0.0
0.0
0.0
0.0
0.0
0.0
0.0
0.0
0.0
0.0
0.0
0.0
0.0
0.0
0.0
0.0
0.0
0.0
0.0
0.0
0.0
0.0
0.0
0.0
0.0
0.0
0.0
0.0
0.0
0.0
0.0
0.0
0.0
0.0
0.0
0.0
0.0
0.0
0.0
0.0
0.0
0.0
0.0
0.0
0.0
0.0
0.0
0.0
0.0
0.0
0.0
0.0
0.0
0.0
0.0
0.0
0.0
0.0
0.0
0.0
0.0
0.0
0.0
0.0
0.0
0.0
0.0
0.0
0.0
0.0
0.0
0.0
0.0
0.0
0.0
0.0
0.0
0.0
0.0
0.0
0.0
0.0
0.0
0.0
0.0
0.0
0.0
0.0
0.0
0.0
0.0
0.0
0.0
0.0
0.0
0.0
0.0
0.0
0.0
0.0
0.0
0.0
0.0
0.0
0.0
0.0
0.0
0.0
0.0
0.0
0.0
0.0
0.0
0.0
0.0
0.0
0.0
0.0
0.0
0.0
0.0
0.0
0.0
0.0
0.0
0.0
0.0
0.0
0.0
0.0
0.0
0.0
0.0
0.0
0.0
0.0
0.0
0.0
0.0
0.0
0.0
0.0
0.0
0.0
0.0
0.0
0.0
0.0
0.0
0.0
0.0
0.0
0.0
0.0
0.0
0.0
0.0
0.0
0.0
0.0
0.0
0.0
0.0
0.0
0.0
0.0
0.0
0.0
0.0
0.0
0.0
0.0
0.0
0.0
0.0
0.0
0.0
test_mean_wealth
-2.375547
-2.464629
-2.4470348
-2.364453
-2.3482287
-2.459586
-2.3617404
-2.4117332
-2.3047514
-2.4565816
-2.4258327
-2.431152
-2.362727
-2.499287
-2.424704
-2.4162016
-2.4397035
-2.3930876
-2.3631968
-2.4648018
-2.4189577
-2.4632087
-2.387595
-2.5406435
-2.5002701
-2.3527193
-2.590539
-2.4698563
-2.5273993
-2.5660276
-2.3651083
-2.4116673
-2.439169
-2.3791845
-2.4473596
-2.433909
-2.2532823
-2.3107667
-2.4443974
-2.36733
-2.3375924
-2.399427
-2.3477404
-2.4948506
-2.4120347
-2.4499226
-2.3073378
-2.3650513
-2.3835213
-2.3630805
-2.469436
-2.4748216
-2.4948
-2.4064429
-2.3215055
-2.3154483
-2.4439359
-2.444422
-2.4474442
-2.3704011
-2.354348
-2.426409
-2.407358
-2.4048774
-2.5337403
-2.409593
-2.4038777
-2.3079715
-2.4947603
-2.4007077
-2.3395584
-2.3912501
-2.3791482
-2.3713982
-2.3279097
-2.4648898
-2.3830373
-2.3328524
-2.3862598
-2.441073
-2.436111
-2.4477963
-2.3604753
-2.32198
-2.4657757
-2.4245057
-2.4905913
-2.37194
-2.3605187
-2.4013922
-2.3821678
-2.4327269
-2.421368
-2.4465854
-2.4018276
-2.3841968
-2.3457873
-2.4190848
-2.5758698
-2.5339522
-2.4206588
-2.4000618
-2.4466617
-2.4512885
-2.3856416
-2.4511182
-2.3702188
-2.276379
-2.35871
-2.4349396
-2.4621158
-2.3525004
-2.5482535
-2.377637
-2.5459821
-2.4029603
-2.2286122
-2.4733117
-2.3661518
-2.524116
-2.2870917
-2.4559474
-2.248944
-2.433004
-2.4908712
-2.1935534
-2.3732557
-2.344957
-2.5375233
-2.3001006
-2.4403534
-2.4127133
-2.4906569
-2.43546
-2.453907
-2.4076283
-2.4258182
-2.40873
-2.4441001
-2.2872655
-2.3929696
-2.2584412
-2.3644824
-2.3046496
-2.3798487
-2.3971362
-2.46252
-2.4417548
-2.482455
-2.5013645
-2.3418822
-2.426537
-2.4934573
-2.4550076
-2.3526292
-2.4166946
-2.4920254
-2.3877475
-2.3461888
-2.3984
-2.5290008
-2.4265757
-2.4123957
-2.3692987
-2.342871
-2.5886712
-2.3827877
-2.315468
-2.4790556
-2.3051245
-2.4967086
-2.4673855
-2.3495176
-2.5597823
-2.6376631
-2.4478624
-2.5308533
-2.3691092
-2.458469
-2.2633746
-2.4664543
-2.5026093
-2.4257617
-2.314158
-2.3506427
-2.44084
-2.4143846
-2.3250372
-2.3869448
-2.438325
-2.3340151
-2.3554614
-2.457094
-2.3191783
-2.2626207
-2.277276
-2.494669
-2.388468
-2.462054
-2.2375734
-2.4033754
-2.2722597
-2.3953521
-2.440744
-2.4153323
-2.5294378
-2.4189332
-2.421988
-2.4742312
-2.3514051
-2.403977
-2.288931
-2.5760467
-2.4230819
-2.420473
-2.498996
-2.3985972
-2.3499389
-2.5946338
-2.3598692
-2.4398513
-2.4077165
-2.2787395
-2.531139
-2.584219
-2.4405925
-2.373847
-2.4045503
-2.467062
-2.3192747
-2.2710829
-2.309165
-2.2869334
-2.3971047
-2.3922944
-2.386596
-2.4855318
-2.3305056
-2.4591694
-2.2437074
-2.3376188
-2.4288573
-2.4002252
-2.382416
-2.4717813
-2.3733754
-2.432255
-2.3877969
-2.44739
-2.4199789
-2.3710325
-2.3157673
-2.3184748
-2.341952
-2.5790167
-2.5097895
test_mean_abs_wealth
2.375547
2.464629
2.4470348
2.364453
2.3482287
2.459586
2.3617404
2.4117332
2.3047514
2.4565816
2.4258327
2.431152
2.362727
2.499287
2.424704
2.4162016
2.4397035
2.3930876
2.3631968
2.4648018
2.4189577
2.4632087
2.387595
2.5406435
2.5002701
2.3527193
2.590539
2.4698563
2.5273993
2.5660276
2.3651083
2.4116673
2.439169
2.3791845
2.4473596
2.433909
2.2532823
2.3107667
2.4443974
2.36733
2.3375924
2.399427
2.3477404
2.4948506
2.4120347
2.4499226
2.3073378
2.3650513
2.3835213
2.3630805
2.469436
2.4748216
2.4948
2.4064429
2.3215055
2.3154483
2.4439359
2.444422
2.4474442
2.3704011
2.354348
2.426409
2.407358
2.4048774
2.5337403
2.409593
2.4038777
2.3079715
2.4947603
2.4007077
2.3395584
2.3912501
2.3791482
2.3713982
2.3279097
2.4648898
2.3830373
2.3328524
2.3862598
2.441073
2.436111
2.4477963
2.3604753
2.32198
2.4657757
2.4245057
2.4905913
2.37194
2.3605187
2.4013922
2.3821678
2.4327269
2.421368
2.4465854
2.4018276
2.3841968
2.3457873
2.4190848
2.5758698
2.5339522
2.4206588
2.4000618
2.4466617
2.4512885
2.3856416
2.4511182
2.3702188
2.276379
2.35871
2.4349396
2.4621158
2.3525004
2.5482535
2.377637
2.5459821
2.4029603
2.2286122
2.4733117
2.3661518
2.524116
2.2870917
2.4559474
2.248944
2.433004
2.4908712
2.1935534
2.3732557
2.344957
2.5375233
2.3001006
2.4403534
2.4127133
2.4906569
2.43546
2.453907
2.4076283
2.4258182
2.40873
2.4441001
2.2872655
2.3929696
2.2584412
2.3644824
2.3046496
2.3798487
2.3971362
2.46252
2.4417548
2.482455
2.5013645
2.3418822
2.426537
2.4934573
2.4550076
2.3526292
2.4166946
2.4920254
2.3877475
2.3461888
2.3984
2.5290008
2.4265757
2.4123957
2.3692987
2.342871
2.5886712
2.3827877
2.315468
2.4790556
2.3051245
2.4967086
2.4673855
2.3495176
2.5597823
2.6376631
2.4478624
2.5308533
2.3691092
2.458469
2.2633746
2.4664543
2.5026093
2.4257617
2.314158
2.3506427
2.44084
2.4143846
2.3250372
2.3869448
2.438325
2.3340151
2.3554614
2.457094
2.3191783
2.2626207
2.277276
2.494669
2.388468
2.462054
2.2375734
2.4033754
2.2722597
2.3953521
2.440744
2.4153323
2.5294378
2.4189332
2.421988
2.4742312
2.3514051
2.403977
2.288931
2.5760467
2.4230819
2.420473
2.498996
2.3985972
2.3499389
2.5946338
2.3598692
2.4398513
2.4077165
2.2787395
2.531139
2.584219
2.4405925
2.373847
2.4045503
2.467062
2.3192747
2.2710829
2.309165
2.2869334
2.3971047
2.3922944
2.386596
2.4855318
2.3305056
2.4591694
2.2437074
2.3376188
2.4288573
2.4002252
2.382416
2.4717813
2.3733754
2.432255
2.3877969
2.44739
2.4199789
2.3710325
2.3157673
2.3184748
2.341952
2.5790167
2.5097895
test_variance_wealth
0.030037714
0.04126106
0.032262266
0.032440275
0.032502793
0.037509732
0.032873623
0.03229574
0.031764086
0.035353743
0.030189164
0.032568604
0.033426516
0.035349008
0.032064106
0.03264304
0.034884967
0.0331866
0.031319384
0.03189303
0.03641
0.034798656
0.03638532
0.03839775
0.03751992
0.03000706
0.041925345
0.033229403
0.035505142
0.041912276
0.03497425
0.036819056
0.03511775
0.031729035
0.03688424
0.033136077
0.028512288
0.030927377
0.03557037
0.03403182
0.03216215
0.032586023
0.034006085
0.03792962
0.03232021
0.034829326
0.02933732
0.032845926
0.030636247
0.029163279
0.039050046
0.040477976
0.03637647
0.041452102
0.031009138
0.032837182
0.03552765
0.03591592
0.038348146
0.031569093
0.031414296
0.031387113
0.03132927
0.034738548
0.036115333
0.032077897
0.035457693
0.028559284
0.039460234
0.033862736
0.03038077
0.034814637
0.033538908
0.036355488
0.031405434
0.03781608
0.03271373
0.031678174
0.03315942
0.036220152
0.036253355
0.03188443
0.030247519
0.02869384
0.035229053
0.031715292
0.03500599
0.032062437
0.03266426
0.03379005
0.032146618
0.033730228
0.032910593
0.034147143
0.034272045
0.036815524
0.030257026
0.03434362
0.039167333
0.03894763
0.03259021
0.03536351
0.038636055
0.040107388
0.03340563
0.03410239
0.033293422
0.029770408
0.036709387
0.035583578
0.036468588
0.032163817
0.037617717
0.030801304
0.036813844
0.03383068
0.02752236
0.033717427
0.0369154
0.038514126
0.03168682
0.036349438
0.026292434
0.03709229
0.03867551
0.02859889
0.035720732
0.035590287
0.038201377
0.031108046
0.036566157
0.036246568
0.0354888
0.034017343
0.032894447
0.034665953
0.035894394
0.035181098
0.036649868
0.028988786
0.03559266
0.028818108
0.030509287
0.03022517
0.031360447
0.035055753
0.0360464
0.033376005
0.034135893
0.036170103
0.032302458
0.03368983
0.03341886
0.03560451
0.030590113
0.037386965
0.033967644
0.037225936
0.030812798
0.032819103
0.036650546
0.034874193
0.0298694
0.034604326
0.03232029
0.036429472
0.03384766
0.031588476
0.03662346
0.034117375
0.03823042
0.037234172
0.031525586
0.039734457
0.037974697
0.037134107
0.038650345
0.034341656
0.03438188
0.033775464
0.03332767
0.035733353
0.031700462
0.030339645
0.034363322
0.033322986
0.032157734
0.03389979
0.031954955
0.035868682
0.03198399
0.03364874
0.032607313
0.033500027
0.034719057
0.029692873
0.03727316
0.03246256
0.03763872
0.026021224
0.034858115
0.02881709
0.033285905
0.03629533
0.036998816
0.036335483
0.036364093
0.036616333
0.036867224
0.032373656
0.030463314
0.032868307
0.036461286
0.036437035
0.033420093
0.036712185
0.0329951
0.03129918
0.03863107
0.031450287
0.032346826
0.03322728
0.02984705
0.0353119
0.037003495
0.036600355
0.03403628
0.0317607
0.033657484
0.029138394
0.030501775
0.029135548
0.031305477
0.036627118
0.03346431
0.033614412
0.035936493
0.0347286
0.035402287
0.028175887
0.037668604
0.03622817
0.03237965
0.030562844
0.032626055
0.033580862
0.03520381
0.03387057
0.035399046
0.034857273
0.03314542
0.03412868
0.031062191
0.033955686
0.044114597
0.035680365
test_wealth_with_price_abs_mean
0.13739875
0.16078867
0.14226389
0.14268298
0.1429183
0.15334053
0.14359547
0.14253682
0.14103334
0.1489124
0.13787845
0.14299686
0.1448296
0.14908294
0.14187169
0.14326712
0.14812918
0.14423634
0.14019668
0.14156976
0.15115497
0.14790738
0.150687
0.1551137
0.15335883
0.13732956
0.16209641
0.1446204
0.14930981
0.1619895
0.14813673
0.15186366
0.14856015
0.1412164
0.15200178
0.14427415
0.13392206
0.13934067
0.14942096
0.1461546
0.14210248
0.14297573
0.14606157
0.15429874
0.14247002
0.14788868
0.13584816
0.14369042
0.1387564
0.13528922
0.15642954
0.15915743
0.15122157
0.16104963
0.1396606
0.1434741
0.1492393
0.14995289
0.15508415
0.1409241
0.14053494
0.14046639
0.14034656
0.14756486
0.15053557
0.14195044
0.14911488
0.13393947
0.1571738
0.14578925
0.13818581
0.14778511
0.14505942
0.15095378
0.14030412
0.15410048
0.14350452
0.14094445
0.14424728
0.15071535
0.15082912
0.14151523
0.13780095
0.13425934
0.1486352
0.1412319
0.14838059
0.14184165
0.14332284
0.1456394
0.14206414
0.14548133
0.14372526
0.14659111
0.14672026
0.15168281
0.13782644
0.14670078
0.15677674
0.15627156
0.14318304
0.14898306
0.15550797
0.15855052
0.1448516
0.14643332
0.14455847
0.13684313
0.15169477
0.14935564
0.15128028
0.14205378
0.15352935
0.1391513
0.15202238
0.14581142
0.13152948
0.14563559
0.15205601
0.15564801
0.14084156
0.15089834
0.12861241
0.15248069
0.1558826
0.1339966
0.14964333
0.14924838
0.15470701
0.13974419
0.15142196
0.15077074
0.14920762
0.14619052
0.14377865
0.14754581
0.15017445
0.14855202
0.15159883
0.13503784
0.14931583
0.13452409
0.13840595
0.13772564
0.1402916
0.14826153
0.15051377
0.14482997
0.14656998
0.15072204
0.14234686
0.14550605
0.14500809
0.1494488
0.13873993
0.153112
0.14607477
0.15272675
0.13922441
0.14351626
0.15162359
0.14788832
0.13701986
0.14720199
0.1423463
0.15122639
0.14572634
0.14082102
0.15157707
0.1463214
0.15491149
0.15274414
0.14058895
0.15790555
0.15450673
0.15290175
0.15578513
0.14677387
0.14704375
0.14556445
0.1446285
0.14985082
0.14116576
0.13800703
0.14666627
0.14463532
0.14216498
0.145729
0.14171188
0.14997384
0.14173637
0.14527069
0.14311181
0.14503051
0.14727636
0.13648345
0.15285388
0.14270844
0.15348165
0.12793843
0.14795014
0.13462679
0.14456442
0.1509241
0.15240072
0.15116721
0.15103
0.1514905
0.15212965
0.142639
0.1383573
0.14358024
0.15126365
0.15106416
0.14488693
0.15183644
0.14390315
0.14026223
0.15584208
0.1405748
0.14259462
0.14452401
0.13696305
0.1489285
0.15242319
0.1513989
0.14629798
0.1413217
0.14531599
0.13516273
0.1383762
0.13529974
0.14003552
0.15147048
0.14493755
0.14514022
0.1502271
0.14758584
0.14896064
0.1330659
0.15359761
0.15086251
0.14258125
0.13861069
0.14319977
0.14508444
0.14853525
0.14562766
0.1491522
0.14789219
0.14416772
0.14638686
0.13973121
0.14593309
0.1662677
0.14969108
test_wealth_with_price_variance
0.030037714
0.04126106
0.032262266
0.032440275
0.032502793
0.037509732
0.032873623
0.03229574
0.031764086
0.035353743
0.030189164
0.032568604
0.033426516
0.035349008
0.032064106
0.03264304
0.034884967
0.0331866
0.031319384
0.03189303
0.03641
0.034798656
0.03638532
0.03839775
0.03751992
0.03000706
0.041925345
0.033229403
0.035505142
0.041912276
0.03497425
0.036819056
0.03511775
0.031729035
0.03688424
0.033136077
0.028512288
0.030927377
0.03557037
0.03403182
0.03216215
0.032586023
0.034006085
0.03792962
0.03232021
0.034829326
0.02933732
0.032845926
0.030636247
0.029163279
0.039050046
0.040477976
0.03637647
0.041452102
0.031009138
0.032837182
0.03552765
0.03591592
0.038348146
0.031569093
0.031414296
0.031387113
0.03132927
0.034738548
0.036115333
0.032077897
0.035457693
0.028559284
0.039460234
0.033862736
0.03038077
0.034814637
0.033538908
0.036355488
0.031405434
0.03781608
0.03271373
0.031678174
0.03315942
0.036220152
0.036253355
0.03188443
0.030247519
0.02869384
0.035229053
0.031715292
0.03500599
0.032062437
0.03266426
0.03379005
0.032146618
0.033730228
0.032910593
0.034147143
0.034272045
0.036815524
0.030257026
0.03434362
0.039167333
0.03894763
0.03259021
0.03536351
0.038636055
0.040107388
0.03340563
0.03410239
0.033293422
0.029770408
0.036709387
0.035583578
0.036468588
0.032163817
0.037617717
0.030801304
0.036813844
0.03383068
0.02752236
0.033717427
0.0369154
0.038514126
0.03168682
0.036349438
0.026292434
0.03709229
0.03867551
0.02859889
0.035720732
0.035590287
0.038201377
0.031108046
0.036566157
0.036246568
0.0354888
0.034017343
0.032894447
0.034665953
0.035894394
0.035181098
0.036649868
0.028988786
0.03559266
0.028818108
0.030509287
0.03022517
0.031360447
0.035055753
0.0360464
0.033376005
0.034135893
0.036170103
0.032302458
0.03368983
0.03341886
0.03560451
0.030590113
0.037386965
0.033967644
0.037225936
0.030812798
0.032819103
0.036650546
0.034874193
0.0298694
0.034604326
0.03232029
0.036429472
0.03384766
0.031588476
0.03662346
0.034117375
0.03823042
0.037234172
0.031525586
0.039734457
0.037974697
0.037134107
0.038650345
0.034341656
0.03438188
0.033775464
0.03332767
0.035733353
0.031700462
0.030339645
0.034363322
0.033322986
0.032157734
0.03389979
0.031954955
0.035868682
0.03198399
0.03364874
0.032607313
0.033500027
0.034719057
0.029692873
0.03727316
0.03246256
0.03763872
0.026021224
0.034858115
0.02881709
0.033285905
0.03629533
0.036998816
0.036335483
0.036364093
0.036616333
0.036867224
0.032373656
0.030463314
0.032868307
0.036461286
0.036437035
0.033420093
0.036712185
0.0329951
0.03129918
0.03863107
0.031450287
0.032346826
0.03322728
0.02984705
0.0353119
0.037003495
0.036600355
0.03403628
0.0317607
0.033657484
0.029138394
0.030501775
0.029135548
0.031305477
0.036627118
0.03346431
0.033614412
0.035936493
0.0347286
0.035402287
0.028175887
0.037668604
0.03622817
0.03237965
0.030562844
0.032626055
0.033580862
0.03520381
0.03387057
0.035399046
0.034857273
0.03314542
0.03412868
0.031062191
0.033955686
0.044114597
0.035680365
price
2.3755126
2.4634864
2.4466138
2.363766
2.3482022
2.4590847
2.3615136
2.4113116
2.304303
2.455733
2.4259183
2.4309385
2.3628612
2.4990761
2.4246826
2.416121
2.4394863
2.392376
2.3629227
2.4646785
2.4191463
2.4630382
2.386943
2.5403783
2.499996
2.3522334
2.5905807
2.4693897
2.527089
2.5656645
2.3645678
2.4118345
2.4396148
2.3789408
2.4473383
2.4337
2.252813
2.3102183
2.4440305
2.3668702
2.336879
2.399522
2.3471007
2.4947283
2.4114954
2.4499917
2.3070915
2.3645692
2.3825588
2.3629954
2.4697149
2.4748857
2.4949076
2.4058237
2.3217528
2.3147182
2.4432151
2.4442394
2.4472442
2.3700855
2.3539078
2.4257574
2.4071038
2.4039488
2.5333989
2.409452
2.403677
2.3081
2.494716
2.4004097
2.3394158
2.3907428
2.3794258
2.3713815
2.328073
2.464717
2.3828704
2.3328278
2.3860376
2.4404185
2.4361088
2.4470978
2.3603969
2.3222017
2.4652524
2.424358
2.4904876
2.371877
2.360309
2.4013286
2.3824801
2.432382
2.4209898
2.4461799
2.400992
2.3832219
2.3458183
2.4182324
2.5756257
2.5332913
2.4197912
2.3990428
2.4467092
2.4506788
2.3852127
2.4505959
2.3697808
2.2761633
2.3584235
2.4347801
2.4615498
2.3525221
2.5472074
2.3780336
2.5453668
2.4023814
2.2283766
2.472836
2.366261
2.5240452
2.2871094
2.4558895
2.2494392
2.4325347
2.4903316
2.1937382
2.3727822
2.344789
2.5369213
2.2998338
2.4398015
2.411653
2.490094
2.4352467
2.4534378
2.407728
2.4247012
2.4082637
2.4446187
2.2870283
2.3923728
2.2586
2.3641214
2.3041847
2.379192
2.396382
2.4614248
2.4412336
2.482309
2.501293
2.3418293
2.4259017
2.4932857
2.4549859
2.3523874
2.4162877
2.49151
2.3870947
2.3462377
2.3980048
2.5295525
2.4264755
2.4118834
2.3688676
2.3426304
2.5882409
2.382603
2.3148842
2.478637
2.3052278
2.49668
2.4668806
2.349073
2.5599039
2.6372163
2.4473963
2.5302784
2.368927
2.4588437
2.2636135
2.4662452
2.502064
2.4256735
2.3134093
2.3509412
2.4402642
2.4141934
2.3243983
2.3867376
2.4382904
2.3340592
2.3550184
2.456707
2.3190098
2.2623882
2.2771857
2.494079
2.3884847
2.4618678
2.2369637
2.402421
2.2717156
2.3948333
2.4404938
2.4151342
2.5285964
2.4193227
2.4213748
2.4737935
2.350859
2.4040637
2.2888324
2.5757039
2.422811
2.420769
2.4987116
2.3990114
2.3496299
2.595121
2.3599966
2.4393826
2.407566
2.2785242
2.5306911
2.5837028
2.4403303
2.3734577
2.4037974
2.466686
2.3187957
2.27068
2.3086598
2.2864828
2.397168
2.3919375
2.3859198
2.485206
2.330474
2.4588778
2.2427359
2.3376393
2.4282105
2.4001322
2.3820374
2.4717789
2.3734562
2.432183
2.3875945
2.4475503
2.4188364
2.3708704
2.3157876
2.3182883
2.3411586
2.5788126
2.5099897
train_time
0.4192574000000002
0.34925999999999924
0.3541111999999984
0.4284371
0.45655580000000384
0.3553467999999995
0.33509610000000123
0.3408112999999986
0.3330012999999994
0.34596620000000655
0.3353474000000034
0.47877379999999903
0.3678208999999981
0.49166230000000155
0.3529661000000033
0.3306862000000024
0.38360160000000576
0.34333010000000286
0.3288172999999972
0.5226193999999964
0.33709160000000793
0.35475470000000087
0.33582359999999767
0.36127030000000104
0.35524300000000153
0.3400601000000165
0.3456266000000028
0.545712199999997
0.3432181000000014
0.33760469999998577
0.3553480999999863
0.34977530000000456
0.3382141999999817
0.37043710000000374
0.3504308999999921
0.3515464000000179
0.33568089999999984
0.3513593000000128
0.6144644999999969
0.37355289999999286
0.35665139999997564
0.34311590000004344
0.3238431999999989
0.3382630000000404
0.3528924000000302
0.3471812000000227
0.3327545000000214
0.3434998999999834
0.33601379999998926
0.34152790000001687
0.31801240000004327
0.3428859999999645
0.3605751000000055
0.33570570000000544
0.3408825000000206
0.3415721000000076
0.33974119999999175
0.3430935999999747
0.4452069000000165
0.3406698000000006
0.3537402999999699
0.3334793000000218
0.34701499999999896
0.34359399999999596
0.7241718999999875
0.32755830000002106
0.35648359999999
0.40148199999998724
0.3389270000000124
0.3962536999999884
0.34190539999997327
0.3679208000000358
0.3228055000000154
0.4695871999999781
0.3322503000000552
0.328971499999966
0.34502740000004906
0.3451323000000457
0.3453379000000041
0.34703239999998914
0.8161625999999842
0.3282592000000477
0.34977299999991374
0.354686900000047
0.3347782000000734
0.32329679999998007
0.3459312999999611
0.385481200000072
0.3427563000000191
0.33939589999999953
0.3572899000000689
0.337243199999989
0.3329510000000937
0.3307978999999932
0.324394899999902
0.33755810000002384
0.3264935999999352
0.33220539999990706
0.33872299999995903
0.33307300000001305
0.3236990999999989
0.36247070000001713
0.42265740000004826
0.3215397999999823
0.35531409999998687
0.3220145999999886
0.3341060000000198
0.3607055999999602
0.33373840000001564
0.34146480000003976
0.34441039999990153
0.3231372000000192
0.33595690000004197
0.3271659000000682
0.33003069999995205
0.3734862000000021
0.3260974999999462
0.32946930000002794
0.3484430999999404
0.34343730000000505
0.32001519999994343
0.32739490000005844
1.085752800000023
0.3405710000000681
0.34517190000008213
0.3286756999999625
0.3377257000000782
0.3514248999999836
0.3444461000000274
0.3321443999999474
0.3255569000000378
0.3265602999999828
0.3427910000000338
0.32769919999998365
0.3248409000000265
0.3290189999999029
0.31949459999998453
0.3320797000000084
0.3272159999999076
0.3377444000000196
0.340054900000041
0.3449058999999579
0.33312740000008034
0.3347742000000835
0.3221184000000221
0.33580559999995785
0.33388220000006186
0.4393429000000424
0.314645100000007
1.2035922000000028
0.3450904999999693
0.34570080000003145
0.3346248000000287
0.3354087999998683
0.3350660000000971
0.32445959999995466
0.34364529999993465
0.320712100000037
0.3337265000000116
0.3274298000001181
0.35049660000004224
0.3329552000000149
0.33433469999999943
0.33362099999999373
0.3347321999999622
0.42945559999998295
0.3452072000000044
0.3163285000000542
0.36566319999997177
0.3268471999999747
0.3298244000000068
0.32176110000000335
0.33364290000008623
0.3213686999999936
0.32555170000000544
0.3079757000000427
0.34475290000000314
0.34837850000008075
0.3312766000001375
0.3206329000001915
1.3952489000000696
0.31863909999992757
0.3292710000000625
0.3567388999999821
0.33459800000014184
0.3268148000001929
0.33895430000006854
0.32988639999985025
0.3322574999999688
0.34729959999981475
0.3272066000001814
0.43291639999984
0.3267025999998623
0.3218716999999742
0.35934740000016063
0.34832490000007965
0.37261000000012245
0.3677688999998736
0.3610937999999351
0.3549732999999833
0.3285223999998834
0.32430920000001606
0.3235045999999784
0.3414918000000853
0.3247815999998238
0.35248939999996765
0.33191519999991215
0.3372094000001198
0.3504019999998036
0.32096980000005715
0.31305120000001807
0.33426950000011857
0.3328539000001456
0.3714743999998973
0.31578300000001036
0.3286204999999427
1.869911600000023
0.32224989999986065
0.38277319999997417
0.35973740000008547
0.32547440000007555
0.3496067999999468
0.338613199999827
0.32975439999995615
0.3636304999999993
0.3623700999999073
0.3711922999998478
0.3472937000001366
0.3185066999999435
0.3211236000001918
0.3142374999999902
0.3199123000001691
0.3225526000001082
0.3619381000000885
0.3414439000000584
0.3213117999998758
0.514052399999855
0.3270430000000033
0.34530050000012125
0.362064700000019
0.3611905000000206
0.3290580000000318
0.3065813000000617
0.3265548999997918
0.3256817999999839
0.3448174000000108
0.336064800000031
0.3220882000000529
0.360509600000114
0.36940759999993134
0.35295449999989614
0.37568259999989095
0.3515245999999479
0.3490693999999621
0.3699438999999529
0.3485941000001276


