================================================================================
=== continuous-time
train_risk
4.0490904
3.860253
3.6525338
3.8230112
3.1981108
4.3293204
3.9416056
3.1376693
3.0306792
3.399949
3.0638425
3.640065
3.817771
3.3642783
3.663496
4.059209
3.6170454
3.5116246
3.9652483
3.0376627
3.0608838
4.0334682
3.7240303
4.2643166
4.175852
4.2795744
4.295165
3.083009
3.5626128
3.3131056
3.5855439
4.0927043
4.3983026
3.100465
3.945744
3.0991993
3.2107785
4.1016407
4.19786
4.082833
3.7514782
3.940429
3.8899074
3.847453
3.676838
4.0877533
3.5978935
3.895518
3.3069923
3.0327199
3.816532
3.2767463
4.3390913
3.1204345
3.449594
3.8235722
3.8079147
3.4922216
2.9654996
3.5923157
3.938691
3.4900799
3.4994717
3.1526535
3.660037
3.0241265
3.5355105
3.763702
2.8804271
3.6292372
3.0007734
3.6802664
3.104014
3.0867536
3.3373773
3.791057
2.8678584
3.0955381
3.594016
3.5546284
3.068889
4.2267323
3.5540438
3.2290697
4.1996727
3.3683991
3.5633397
4.12584
3.1358018
3.6617346
3.9850001
3.8112352
3.13541
4.0277653
3.3196373
4.031912
3.7962992
3.2039232
3.867413
3.739485
4.347619
3.975643
4.1795263
3.257088
3.1029398
3.719134
3.6189086
3.6197987
3.024173
4.146391
3.7259488
3.785118
4.167532
3.2451632
3.6024506
3.7673192
2.9666133
3.3563097
3.451358
3.123388
3.925996
3.2406697
3.3243926
3.0819771
4.114186
3.4543567
3.57193
3.3187892
3.6892679
3.7373526
3.9244673
4.2735295
3.574283
4.2051682
3.898266
3.6699033
3.2972617
3.5720742
4.292638
3.8553138
3.9649525
3.7635314
3.0405793
3.1878953
4.0433235
3.0924573
4.3417516
4.213397
3.8129663
4.1506543
4.04113
3.7050693
3.282631
3.2809362
2.981002
4.311298
4.2798934
3.6114275
3.9589412
3.1537938
3.4096482
3.0016809
4.032584
3.896813
3.951481
3.6545072
3.315479
3.7315154
4.323326
3.5091984
3.2377973
3.1246731
3.0938098
3.635541
4.013593
3.7497225
3.156038
3.6663747
4.2372475
3.5389512
4.072829
3.814931
2.9598196
3.8516834
3.8003488
3.1325655
3.0775661
3.1547675
3.9673207
3.482756
3.453042
4.1072884
3.8875847
3.5473495
3.003262
2.889512
3.5993013
3.9696507
4.171966
3.8953254
3.605863
3.6227462
4.0056696
3.4635713
4.0142207
4.1786346
3.5205853
3.8314314
3.142043
3.6017156
4.062871
4.0073147
3.839451
3.0750165
3.8457184
3.0052845
3.6361923
3.8443887
3.8387694
2.9259162
4.103024
4.1300907
2.9845212
3.2723725
4.3976736
3.7817771
3.335943
4.1822987
3.876729
4.2100415
3.5547702
3.1209645
3.3904536
3.2277243
3.798408
3.1828415
4.4339933
3.9490855
3.5489461
3.386997
3.3914225
3.5741374
3.645181
4.1983585
3.9911137
3.134993
4.190215
3.3490465
4.121647
4.1877136
3.153254
4.0060554
3.8359137
4.232285
3.7061753
4.282532
test_risk
4.1556053
3.7507763
3.6811967
3.85041
3.228641
4.3135424
3.9566839
3.192616
2.9755244
3.2970839
3.1430664
3.747424
3.752803
3.4045496
3.7216356
4.11814
3.6406264
3.594887
3.9449291
3.0474114
3.1211581
4.0391726
3.7133868
4.299147
4.315521
4.2259564
4.265435
3.1095674
3.6483192
3.3203597
3.724312
4.1491103
4.3792458
3.2424479
4.059047
3.018976
3.2723916
4.1417
4.220805
3.9858317
3.8187742
4.0236435
3.8110206
3.9331086
3.6925273
4.1559687
3.5777667
3.976163
3.1971338
3.0988946
3.776564
3.2234554
4.064744
3.2454257
3.5136251
3.7002704
3.8270204
3.5186493
3.0064058
3.6242006
4.0435033
3.3476365
3.5545592
3.2132988
3.8358846
3.0122728
3.4920554
3.7003841
2.9647417
3.7331433
2.9572058
3.6802824
3.1855376
3.1056042
3.362934
3.9284997
2.958784
3.1308916
3.626666
3.6339533
3.0647237
4.179901
3.599039
3.2566383
4.001722
3.3352041
3.5750399
4.0759664
3.086598
3.584151
4.023158
3.796922
3.1919024
4.170494
3.193891
4.174674
3.758711
3.155277
3.7926106
3.7904983
4.384097
4.056772
4.1810274
3.2437737
3.113441
3.7354162
3.6524775
3.5709012
3.0102668
4.0796247
3.7631283
3.8163471
4.1952834
3.280235
3.7079573
3.7964091
2.974055
3.4055948
3.479189
3.1791523
3.879988
3.2276902
3.2605917
3.1166828
4.225124
3.5004694
3.6272955
3.3135319
3.7078972
3.6518462
3.8593543
4.273434
3.612462
4.276919
3.855391
3.7174175
3.3238258
3.5834587
4.2205133
3.9248827
3.870281
3.6598597
3.045478
3.0748317
4.01296
2.9934666
4.312003
4.201143
3.8264272
4.1049786
3.9702377
3.6395733
3.2749658
3.3242977
2.9824662
4.321069
4.229851
3.6869617
3.9822028
3.1703544
3.405772
3.0380435
4.070903
3.9032698
3.9800062
3.7235534
3.4299715
3.8105872
4.3698196
3.506963
3.2045393
3.1746416
3.1172106
3.6061516
4.0519753
3.771269
3.149062
3.6004567
4.0819244
3.6111746
4.1010303
3.739977
3.002024
3.833755
3.7344992
3.0894256
3.1263924
3.1817126
3.9190705
3.4753482
3.4098098
4.0945907
3.9834154
3.6055727
3.0074375
3.032921
3.678258
3.9603014
4.1594014
4.0056763
3.578402
3.582582
4.067258
3.5123167
3.9972763
4.121604
3.4145823
3.928829
3.2418869
3.5542643
4.0721626
4.037172
3.8523908
3.2049937
3.8302147
3.096381
3.7167277
3.8632133
3.8379116
2.9556575
4.118949
4.213007
3.0262055
3.3301978
4.265037
3.71795
3.364079
4.173008
3.7418995
4.2175355
3.6679578
3.1798193
3.4385512
3.3668714
3.8867514
3.3009617
4.377693
3.9890401
3.577957
3.3619802
3.4723523
3.5243597
3.7322838
4.216702
3.8482404
3.128112
4.1441417
3.3478453
4.1325803
4.181629
3.0131426
4.1755214
3.900214
4.2803845
3.7064297
4.272385
test_mean_value
-0.004416053
0.012538527
-0.012536814
0.0028198839
-1.2534564e-05
-0.015630547
-0.00033689794
-0.011176868
0.0012603358
-0.0010736786
0.01473998
0.007294951
0.0013198237
0.00080215704
-0.017115204
0.0042484645
-0.0059218844
0.0019149623
0.002688169
0.006432819
0.0011878669
0.001697023
-0.017685916
0.0037625774
-0.004473095
0.025033692
0.0005387772
-0.004207673
-0.0040640626
0.00013763951
-0.009717817
0.00840314
0.010461925
0.007110787
-0.002940917
-0.0051338114
0.001605804
-0.01416658
-0.006446604
-0.0077000433
-0.001333703
-0.00028622212
0.003148699
-0.010677072
-0.006950812
-0.001879668
-0.00080469955
-0.00084401417
0.0020130633
-0.00942461
-0.009019846
0.0055320146
-0.0056918096
0.005632346
0.001685996
0.00051690446
-0.015604713
-0.005586264
-0.0017872168
0.0012084664
0.016272455
0.011037638
-0.008704354
-0.0060154214
0.0052044084
-0.003568681
0.009043978
-0.0038825243
0.00871222
-0.010321721
0.0055973604
0.0042192577
-0.007929515
-0.00060426106
-0.006037219
0.0070324554
-0.0073768585
0.0012638796
-0.00304763
0.006269189
0.002888253
0.0015894515
-0.0017825192
0.0029225599
0.004974829
0.009636285
0.0024379566
0.008841078
-0.0022246076
0.0051289736
-0.0026257173
-0.008229405
-0.011988976
-0.001692478
0.0033513147
0.0059741223
-0.0022961386
5.6093388e-05
0.00015783901
-0.0023848496
-0.002553765
-0.00522299
0.00085776194
-0.0108752055
-0.0038849209
-0.0011520919
-0.0030414779
-0.00016308176
0.0004944259
-0.012257352
-0.012618743
-0.01082241
0.011528855
0.00010940384
0.0013737831
0.0023054178
0.007411758
-0.0016435658
0.011479274
-0.011314984
-0.005666063
0.0037488136
0.006155758
0.0015911064
0.00073208305
0.0010415853
0.00525168
-0.00049227325
0.0012717779
-0.0003419839
0.0059912596
-0.007977558
0.003639737
0.018782062
0.00094330346
-0.014300123
-0.0006973715
0.0016797446
-0.011619902
-0.0013876588
-0.014346578
-0.0068830433
-0.007592449
0.005144684
0.012021367
-0.00039018315
-0.00815071
-0.018318906
-0.004539712
0.0073844623
0.0036248781
-0.0029162047
0.0027646758
-0.01635731
0.0023658853
-0.0070558786
-0.0022711027
-0.0074107116
-0.0098676
-0.00067438796
-0.0040759463
-0.007569703
0.00029483932
-0.004155831
-0.006788199
0.0007400008
-0.0097014
0.00561401
-0.0063969134
-0.00802
-0.008873152
0.009094558
-0.0033328566
0.011271205
0.0054355212
0.0033520395
0.0015901955
-0.0010065571
0.009867591
-0.009897758
-0.017904684
-0.0018370887
0.0052340887
0.0049660034
0.0043739057
-0.0031495458
4.990458e-05
-0.008136451
-0.005207723
0.0011951348
0.005272658
0.011676858
0.00022630276
-0.0053047803
0.0030310804
-0.0060746167
-0.010909045
-0.014474287
0.0024020185
0.002703149
-0.0025631173
-0.0023088946
-0.015847968
-0.00097268325
0.0017158004
-0.009048928
0.0032236972
-0.008201014
0.008482537
0.0026282293
-0.0010136203
0.003943978
-0.0066419104
-0.005783016
0.002453386
-0.0017169934
0.0025676466
-0.009226277
0.0052487664
-0.0031651403
0.001864256
-0.006250539
0.0044600293
0.0037752083
-0.0053477483
0.00787646
0.0073766746
-0.002036303
-0.003201841
-0.015535252
-0.007087837
-0.0044641616
-0.0060063726
0.0078443345
7.765133e-05
0.003350769
0.0036129244
0.0010951096
-4.7168505e-05
0.003611696
0.001451615
-0.004739266
-0.0062350715
-0.010892491
-0.008507661
0.012221303
0.0044794856
-0.000930792
0.00710439
0.00065259467
0.0041991947
-0.012119899
0.0010578049
-0.0127472
0.00044282616
0.007600879
test_mean_abs_value
3.1262753
2.8315117
2.7678287
2.908597
2.4282112
3.258992
2.9881756
2.4048357
2.2341864
2.4748485
2.3756201
2.8338995
2.825955
2.5716944
2.8072538
3.1150653
2.7412791
2.710874
2.9731748
2.2935274
2.3429382
3.0570295
2.7883542
3.2528617
3.2600873
3.2049341
3.2130222
2.3370366
2.7496555
2.499414
2.803649
3.1427858
3.3099024
2.4396842
3.065404
2.2663665
2.4624429
3.1184177
3.1807337
3.009892
2.8853676
3.042489
2.879646
2.9671
2.7855756
3.129981
2.6944172
2.9960122
2.3980315
2.3228586
2.8466084
2.4269483
3.0710242
2.449778
2.6396234
2.7877975
2.874132
2.654671
2.2615423
2.732438
3.0574095
2.523872
2.6767726
2.4110498
2.8864894
2.259096
2.6358488
2.787197
2.226701
2.8109646
2.225107
2.7704422
2.3870564
2.335628
2.5260339
2.9723215
2.211687
2.3563595
2.731632
2.742407
2.3104973
3.1533873
2.7140377
2.4454935
3.0274687
2.518577
2.7007039
3.0813758
2.315057
2.6998665
3.0356803
2.859521
2.391244
3.1499865
2.4114435
3.1565263
2.830253
2.372027
2.8642576
2.8595204
3.314896
3.0563862
3.1546245
2.4290824
2.3317559
2.8150191
2.7505076
2.6862917
2.2577987
3.07823
2.8270779
2.8693953
3.1771069
2.4736102
2.794752
2.8628397
2.2389112
2.5644095
2.627726
2.3819363
2.925692
2.429797
2.4559805
2.352798
3.197533
2.627956
2.7376132
2.4942322
2.799279
2.7520082
2.914989
3.2223551
2.7235467
3.2488365
2.907556
2.8030512
2.5004559
2.6990535
3.1915722
2.9606776
2.918937
2.7545073
2.282133
2.3149693
3.0312154
2.236273
3.2599514
3.157131
2.888563
3.0960999
3.0039287
2.7488537
2.4636915
2.494849
2.241571
3.262421
3.2013452
2.7715583
2.9955204
2.379493
2.563237
2.2790015
3.0741382
2.9453652
3.005202
2.809214
2.5775564
2.8751082
3.3004634
2.6373353
2.4023783
2.389716
2.3412607
2.7235036
3.065113
2.8445039
2.370499
2.714414
3.0947087
2.7138643
3.0841298
2.811305
2.259387
2.8930466
2.8154523
2.320429
2.3431091
2.387453
2.950149
2.6186986
2.5636222
3.103235
3.0094364
2.7225084
2.2576246
2.276842
2.7662237
2.9867914
3.1552382
3.023894
2.6895068
2.6970756
3.0611887
2.6354308
3.030046
3.1110322
2.5826128
2.9666138
2.4464667
2.6787229
3.0722046
3.0567632
2.8937712
2.398334
2.900866
2.3269935
2.7983427
2.9117079
2.8939297
2.220845
3.1139736
3.1775784
2.2764654
2.5074923
3.2266963
2.8024445
2.5366223
3.1516073
2.8140268
3.182549
2.761665
2.386543
2.5820737
2.5303788
2.9289777
2.4854248
3.3197598
3.0100398
2.6976438
2.533946
2.6133497
2.6476953
2.8146808
3.1776276
2.907773
2.3585434
3.124895
2.5218332
3.1309462
3.1677318
2.2662346
3.1456676
2.9464624
3.2290993
2.7986941
3.2407684
test_variance_value
16.328627
13.415005
12.771264
14.161781
9.771178
17.861814
14.924601
9.593751
8.264577
10.175781
9.369304
13.39069
13.340974
11.001837
13.143407
16.29699
12.511636
12.249817
14.832804
8.737994
9.118761
15.609502
12.972513
17.730211
17.87299
17.265846
17.357374
9.043197
12.607614
10.35215
13.081931
16.559265
18.425386
9.884185
15.795952
8.505609
10.092381
16.284397
16.96635
15.153624
13.933045
15.506429
13.927509
14.729027
12.910628
16.437284
12.062646
15.0346575
9.522076
8.950205
13.520008
9.78629
15.705879
9.982941
11.605863
12.954759
13.763995
11.762662
8.444713
12.4469595
15.65007
10.607999
11.919229
9.6266985
13.928001
8.461145
11.595047
12.956423
8.233301
13.175894
8.197902
12.821951
9.439893
9.025658
10.593319
14.834046
8.093851
9.199333
12.395315
12.535872
8.84885
16.665493
12.291203
9.9283695
15.325973
10.54928
12.154002
15.929687
8.880726
12.184699
15.487275
13.649885
9.490012
16.665329
9.634619
16.727009
13.355878
9.362868
13.730482
13.655274
18.485731
15.643961
16.725891
9.808523
9.020894
13.214426
12.633912
12.011358
8.433586
15.860539
13.323082
13.741468
16.969122
10.186553
13.024946
13.707509
8.308002
10.950715
11.514335
9.355617
14.266756
9.795229
10.012692
9.175475
17.202448
11.465917
12.502509
10.334296
13.118633
12.668079
14.187314
17.41189
12.375285
17.797132
14.148599
13.126529
10.430279
12.187177
17.08584
14.621187
14.192508
12.653999
8.615617
8.886992
15.451707
8.280922
17.86046
16.688622
13.980878
16.096554
15.178912
12.657511
10.11215
10.298744
8.333935
17.898153
17.186317
12.788718
15.027197
9.403679
10.911107
8.58551
15.82026
14.455584
15.124537
13.160979
11.033009
13.812389
18.292055
11.55611
9.585154
9.510478
9.091416
12.379679
15.779102
13.501167
9.322434
12.263874
16.021086
12.260027
15.921988
13.208303
8.46166
13.976591
13.215938
8.932229
9.084924
9.459319
14.567407
11.444523
10.935026
16.136993
15.138674
12.353365
8.423007
8.574979
12.759893
14.90224
16.654812
15.294824
12.032451
12.109488
15.695387
11.605571
15.365245
16.243502
11.084585
14.707438
9.950688
11.963219
15.820677
15.674427
13.99203
9.522591
14.045354
8.964364
13.042107
14.161575
13.992873
8.1638365
16.260017
16.935083
8.563659
10.44374
17.491941
13.103692
10.706372
16.706652
13.220425
16.943678
12.72906
9.465453
11.093245
10.66105
14.315192
10.275729
18.468388
15.173166
12.140663
10.698496
11.346259
11.6923065
13.230427
16.895584
14.112052
9.258342
16.394598
10.568035
16.44942
16.804964
8.538875
16.602613
14.525409
17.51293
13.074545
17.664944
test_mean_costs
0.0
0.0
0.0
0.0
0.0
0.0
0.0
0.0
0.0
0.0
0.0
0.0
0.0
0.0
0.0
0.0
0.0
0.0
0.0
0.0
0.0
0.0
0.0
0.0
0.0
0.0
0.0
0.0
0.0
0.0
0.0
0.0
0.0
0.0
0.0
0.0
0.0
0.0
0.0
0.0
0.0
0.0
0.0
0.0
0.0
0.0
0.0
0.0
0.0
0.0
0.0
0.0
0.0
0.0
0.0
0.0
0.0
0.0
0.0
0.0
0.0
0.0
0.0
0.0
0.0
0.0
0.0
0.0
0.0
0.0
0.0
0.0
0.0
0.0
0.0
0.0
0.0
0.0
0.0
0.0
0.0
0.0
0.0
0.0
0.0
0.0
0.0
0.0
0.0
0.0
0.0
0.0
0.0
0.0
0.0
0.0
0.0
0.0
0.0
0.0
0.0
0.0
0.0
0.0
0.0
0.0
0.0
0.0
0.0
0.0
0.0
0.0
0.0
0.0
0.0
0.0
0.0
0.0
0.0
0.0
0.0
0.0
0.0
0.0
0.0
0.0
0.0
0.0
0.0
0.0
0.0
0.0
0.0
0.0
0.0
0.0
0.0
0.0
0.0
0.0
0.0
0.0
0.0
0.0
0.0
0.0
0.0
0.0
0.0
0.0
0.0
0.0
0.0
0.0
0.0
0.0
0.0
0.0
0.0
0.0
0.0
0.0
0.0
0.0
0.0
0.0
0.0
0.0
0.0
0.0
0.0
0.0
0.0
0.0
0.0
0.0
0.0
0.0
0.0
0.0
0.0
0.0
0.0
0.0
0.0
0.0
0.0
0.0
0.0
0.0
0.0
0.0
0.0
0.0
0.0
0.0
0.0
0.0
0.0
0.0
0.0
0.0
0.0
0.0
0.0
0.0
0.0
0.0
0.0
0.0
0.0
0.0
0.0
0.0
0.0
0.0
0.0
0.0
0.0
0.0
0.0
0.0
0.0
0.0
0.0
0.0
0.0
0.0
0.0
0.0
0.0
0.0
0.0
0.0
0.0
0.0
0.0
0.0
0.0
0.0
0.0
0.0
0.0
0.0
0.0
0.0
0.0
0.0
0.0
0.0
0.0
0.0
0.0
0.0
0.0
0.0
test_mean_abs_costs
0.0
0.0
0.0
0.0
0.0
0.0
0.0
0.0
0.0
0.0
0.0
0.0
0.0
0.0
0.0
0.0
0.0
0.0
0.0
0.0
0.0
0.0
0.0
0.0
0.0
0.0
0.0
0.0
0.0
0.0
0.0
0.0
0.0
0.0
0.0
0.0
0.0
0.0
0.0
0.0
0.0
0.0
0.0
0.0
0.0
0.0
0.0
0.0
0.0
0.0
0.0
0.0
0.0
0.0
0.0
0.0
0.0
0.0
0.0
0.0
0.0
0.0
0.0
0.0
0.0
0.0
0.0
0.0
0.0
0.0
0.0
0.0
0.0
0.0
0.0
0.0
0.0
0.0
0.0
0.0
0.0
0.0
0.0
0.0
0.0
0.0
0.0
0.0
0.0
0.0
0.0
0.0
0.0
0.0
0.0
0.0
0.0
0.0
0.0
0.0
0.0
0.0
0.0
0.0
0.0
0.0
0.0
0.0
0.0
0.0
0.0
0.0
0.0
0.0
0.0
0.0
0.0
0.0
0.0
0.0
0.0
0.0
0.0
0.0
0.0
0.0
0.0
0.0
0.0
0.0
0.0
0.0
0.0
0.0
0.0
0.0
0.0
0.0
0.0
0.0
0.0
0.0
0.0
0.0
0.0
0.0
0.0
0.0
0.0
0.0
0.0
0.0
0.0
0.0
0.0
0.0
0.0
0.0
0.0
0.0
0.0
0.0
0.0
0.0
0.0
0.0
0.0
0.0
0.0
0.0
0.0
0.0
0.0
0.0
0.0
0.0
0.0
0.0
0.0
0.0
0.0
0.0
0.0
0.0
0.0
0.0
0.0
0.0
0.0
0.0
0.0
0.0
0.0
0.0
0.0
0.0
0.0
0.0
0.0
0.0
0.0
0.0
0.0
0.0
0.0
0.0
0.0
0.0
0.0
0.0
0.0
0.0
0.0
0.0
0.0
0.0
0.0
0.0
0.0
0.0
0.0
0.0
0.0
0.0
0.0
0.0
0.0
0.0
0.0
0.0
0.0
0.0
0.0
0.0
0.0
0.0
0.0
0.0
0.0
0.0
0.0
0.0
0.0
0.0
0.0
0.0
0.0
0.0
0.0
0.0
0.0
0.0
0.0
0.0
0.0
0.0
test_variance_costs
0.0
0.0
0.0
0.0
0.0
0.0
0.0
0.0
0.0
0.0
0.0
0.0
0.0
0.0
0.0
0.0
0.0
0.0
0.0
0.0
0.0
0.0
0.0
0.0
0.0
0.0
0.0
0.0
0.0
0.0
0.0
0.0
0.0
0.0
0.0
0.0
0.0
0.0
0.0
0.0
0.0
0.0
0.0
0.0
0.0
0.0
0.0
0.0
0.0
0.0
0.0
0.0
0.0
0.0
0.0
0.0
0.0
0.0
0.0
0.0
0.0
0.0
0.0
0.0
0.0
0.0
0.0
0.0
0.0
0.0
0.0
0.0
0.0
0.0
0.0
0.0
0.0
0.0
0.0
0.0
0.0
0.0
0.0
0.0
0.0
0.0
0.0
0.0
0.0
0.0
0.0
0.0
0.0
0.0
0.0
0.0
0.0
0.0
0.0
0.0
0.0
0.0
0.0
0.0
0.0
0.0
0.0
0.0
0.0
0.0
0.0
0.0
0.0
0.0
0.0
0.0
0.0
0.0
0.0
0.0
0.0
0.0
0.0
0.0
0.0
0.0
0.0
0.0
0.0
0.0
0.0
0.0
0.0
0.0
0.0
0.0
0.0
0.0
0.0
0.0
0.0
0.0
0.0
0.0
0.0
0.0
0.0
0.0
0.0
0.0
0.0
0.0
0.0
0.0
0.0
0.0
0.0
0.0
0.0
0.0
0.0
0.0
0.0
0.0
0.0
0.0
0.0
0.0
0.0
0.0
0.0
0.0
0.0
0.0
0.0
0.0
0.0
0.0
0.0
0.0
0.0
0.0
0.0
0.0
0.0
0.0
0.0
0.0
0.0
0.0
0.0
0.0
0.0
0.0
0.0
0.0
0.0
0.0
0.0
0.0
0.0
0.0
0.0
0.0
0.0
0.0
0.0
0.0
0.0
0.0
0.0
0.0
0.0
0.0
0.0
0.0
0.0
0.0
0.0
0.0
0.0
0.0
0.0
0.0
0.0
0.0
0.0
0.0
0.0
0.0
0.0
0.0
0.0
0.0
0.0
0.0
0.0
0.0
0.0
0.0
0.0
0.0
0.0
0.0
0.0
0.0
0.0
0.0
0.0
0.0
0.0
0.0
0.0
0.0
0.0
0.0
test_mean_wealth
-2.7264752
-2.4672453
-2.4237535
-2.532738
-2.1268482
-2.8386784
-2.605691
-2.107477
-1.9615439
-2.1690476
-2.0757892
-2.468228
-2.470118
-2.2471313
-2.454414
-2.713285
-2.3995914
-2.3683105
-2.5932298
-2.0108116
-2.057791
-2.6605983
-2.4418778
-2.8281794
-2.8341544
-2.7805614
-2.802485
-2.0491118
-2.4044054
-2.190746
-2.450044
-2.7306273
-2.8744268
-2.1366763
-2.6707866
-1.9922316
-2.1551602
-2.7202544
-2.7731194
-2.6260748
-2.5151236
-2.6472704
-2.5080101
-2.5918374
-2.432939
-2.7262595
-2.358503
-2.6136138
-2.1031623
-2.043981
-2.4869716
-2.1271043
-2.6808422
-2.1426044
-2.309902
-2.4368875
-2.514351
-2.321837
-1.9864296
-2.3877923
-2.65765
-2.2086632
-2.3427508
-2.1172483
-2.5208926
-1.9865133
-2.3012962
-2.4378116
-1.9546496
-2.4580393
-1.9531778
-2.4207134
-2.099157
-2.0494928
-2.2145
-2.5861864
-1.9474183
-2.067046
-2.3830802
-2.3948758
-2.0247142
-2.7474544
-2.3715146
-2.1456468
-2.6331315
-2.2007082
-2.35944
-2.68116
-2.0359917
-2.3596282
-2.6471715
-2.500024
-2.1031408
-2.740829
-2.1110337
-2.7431889
-2.473124
-2.081288
-2.4972503
-2.4989004
-2.882961
-2.667965
-2.7502995
-2.1342788
-2.049753
-2.4585285
-2.405202
-2.3495858
-1.983866
-2.682755
-2.4737809
-2.5097146
-2.7593205
-2.1674612
-2.4413757
-2.5016508
-1.961826
-2.246008
-2.2931538
-2.0959554
-2.5543237
-2.129525
-2.150981
-2.0606704
-2.7818508
-2.3039591
-2.3882842
-2.185462
-2.4431577
-2.408678
-2.5414536
-2.8060145
-2.3797746
-2.8145604
-2.5368254
-2.4507482
-2.1915083
-2.360966
-2.7792268
-2.583383
-2.548993
-2.4062395
-2.0078464
-2.0299592
-2.6397526
-1.9679263
-2.836239
-2.7604523
-2.5177796
-2.698485
-2.6157885
-2.4000654
-2.1576612
-2.191719
-1.9688743
-2.841315
-2.783532
-2.4286284
-2.6168194
-2.0886343
-2.247453
-2.0067725
-2.6767154
-2.5730264
-2.6201608
-2.4517417
-2.258533
-2.506158
-2.870515
-2.3098974
-2.1106071
-2.0914404
-2.0553143
-2.3757815
-2.666595
-2.484699
-2.0763223
-2.373521
-2.6874838
-2.3790576
-2.693378
-2.4567847
-1.9803472
-2.5270104
-2.4558847
-2.0370312
-2.0610073
-2.0982604
-2.575998
-2.2894988
-2.2475631
-2.6966558
-2.62117
-2.3778212
-1.9856013
-1.9998292
-2.421501
-2.6082468
-2.7423759
-2.6347053
-2.3544421
-2.3586395
-2.6774268
-2.3090088
-2.6328864
-2.7136223
-2.254953
-2.5888433
-2.1407666
-2.342553
-2.6769018
-2.6613517
-2.5295374
-2.1091669
-2.5272682
-2.0444694
-2.4458745
-2.5472596
-2.5254676
-1.9528506
-2.7089117
-2.7679124
-1.9955245
-2.1966681
-2.8091848
-2.4481318
-2.2198424
-2.746176
-2.4611342
-2.779875
-2.4148862
-2.0947504
-2.2641742
-2.2137713
-2.5533426
-2.1751785
-2.8823726
-2.622787
-2.3576658
-2.2175188
-2.2898705
-2.3194785
-2.4594247
-2.770205
-2.5402484
-2.062007
-2.72115
-2.205661
-2.7255862
-2.755422
-1.990062
-2.743061
-2.5665097
-2.8151486
-2.4453511
-2.8121998
test_mean_abs_wealth
2.7264752
2.4672453
2.4237535
2.532738
2.1268482
2.8386784
2.605691
2.107477
1.9615439
2.1690476
2.0757892
2.468228
2.470118
2.2471313
2.454414
2.713285
2.3995914
2.3683105
2.5932298
2.0108116
2.057791
2.6605983
2.4418778
2.8281794
2.8341544
2.7805614
2.802485
2.0491118
2.4044054
2.190746
2.450044
2.7306273
2.8744268
2.1366763
2.6707866
1.9922316
2.1551602
2.7202544
2.7731194
2.6260748
2.5151236
2.6472704
2.5080101
2.5918374
2.432939
2.7262595
2.358503
2.6136138
2.1031623
2.043981
2.4869716
2.1271043
2.6808422
2.1426044
2.309902
2.4368875
2.514351
2.321837
1.9864296
2.3877923
2.65765
2.2086632
2.3427508
2.1172483
2.5208926
1.9865133
2.3012962
2.4378116
1.9546496
2.4580393
1.9531778
2.4207134
2.099157
2.0494928
2.2145
2.5861864
1.9474183
2.067046
2.3830802
2.3948758
2.0247142
2.7474544
2.3715146
2.1456468
2.6331315
2.2007082
2.35944
2.68116
2.0359917
2.3596282
2.6471715
2.500024
2.1031408
2.740829
2.1110337
2.7431889
2.473124
2.081288
2.4972503
2.4989004
2.882961
2.667965
2.7502995
2.1342788
2.049753
2.4585285
2.405202
2.3495858
1.983866
2.682755
2.4737809
2.5097146
2.7593205
2.1674612
2.4413757
2.5016508
1.961826
2.246008
2.2931538
2.0959554
2.5543237
2.129525
2.150981
2.0606704
2.7818508
2.3039591
2.3882842
2.185462
2.4431577
2.408678
2.5414536
2.8060145
2.3797746
2.8145604
2.5368254
2.4507482
2.1915083
2.360966
2.7792268
2.583383
2.548993
2.4062395
2.0078464
2.0299592
2.6397526
1.9679263
2.836239
2.7604523
2.5177796
2.698485
2.6157885
2.4000654
2.1576612
2.191719
1.9688743
2.841315
2.783532
2.4286284
2.6168194
2.0886343
2.247453
2.0067725
2.6767154
2.5730264
2.6201608
2.4517417
2.258533
2.506158
2.870515
2.3098974
2.1106071
2.0914404
2.0553143
2.3757815
2.666595
2.484699
2.0763223
2.373521
2.6874838
2.3790576
2.693378
2.4567847
1.9803472
2.5270104
2.4558847
2.0370312
2.0610073
2.0982604
2.575998
2.2894988
2.2475631
2.6966558
2.62117
2.3778212
1.9856013
1.9998292
2.421501
2.6082468
2.7423759
2.6347053
2.3544421
2.3586395
2.6774268
2.3090088
2.6328864
2.7136223
2.254953
2.5888433
2.1407666
2.342553
2.6769018
2.6613517
2.5295374
2.1091669
2.5272682
2.0444694
2.4458745
2.5472596
2.5254676
1.9528506
2.7089117
2.7679124
1.9955245
2.1966681
2.8091848
2.4481318
2.2198424
2.746176
2.4611342
2.779875
2.4148862
2.0947504
2.2641742
2.2137713
2.5533426
2.1751785
2.8823726
2.622787
2.3576658
2.2175188
2.2898705
2.3194785
2.4594247
2.770205
2.5402484
2.062007
2.72115
2.205661
2.7255862
2.755422
1.990062
2.743061
2.5665097
2.8151486
2.4453511
2.8121998
test_variance_wealth
0.36515296
0.29578826
0.28537
0.31265667
0.21826752
0.39355913
0.32942584
0.21288271
0.18494612
0.22830094
0.20576596
0.29574755
0.29676777
0.24249671
0.2905306
0.35769948
0.27882287
0.27178207
0.32781184
0.19439337
0.20374702
0.3432458
0.2907677
0.39155298
0.39408982
0.37593436
0.3857523
0.20244482
0.27897745
0.23115154
0.2910396
0.36282632
0.40589994
0.22051282
0.34748262
0.19080725
0.22465533
0.36218625
0.37615055
0.33406538
0.30678347
0.3414342
0.30484882
0.32556805
0.28652924
0.36578378
0.26925054
0.33369607
0.21479183
0.2013387
0.3004313
0.21856035
0.34675735
0.22067213
0.2586646
0.28855696
0.30921337
0.25971717
0.18886735
0.2760574
0.34506193
0.23523703
0.26513526
0.21719949
0.30952772
0.18987563
0.25558907
0.2874072
0.1830128
0.29322407
0.18203467
0.28516597
0.21239467
0.20158717
0.2376577
0.3247315
0.18324317
0.20547518
0.27614588
0.27822796
0.19594382
0.3688289
0.27316558
0.2231296
0.33745506
0.23303935
0.26696113
0.34975734
0.19860451
0.2706838
0.34165603
0.30415314
0.21358617
0.36806297
0.21304636
0.3674799
0.29756844
0.2088958
0.3021299
0.30218777
0.40542912
0.34726495
0.37042126
0.22021583
0.20264846
0.29305488
0.28098398
0.2681313
0.18987006
0.35108402
0.29665983
0.3067887
0.3719941
0.22475748
0.28886998
0.30446407
0.18484616
0.24305914
0.25454122
0.21073462
0.31812948
0.21746875
0.22272591
0.20292255
0.37614283
0.2574435
0.27671328
0.2304802
0.28967208
0.28008124
0.31282187
0.38566673
0.27295294
0.3851562
0.3131174
0.2908737
0.23225196
0.2700363
0.37483722
0.32484952
0.3159059
0.2831751
0.1944266
0.19806741
0.34022623
0.18702383
0.39215258
0.37267157
0.3083376
0.35616228
0.33212507
0.278828
0.22520082
0.23191081
0.18603535
0.39527875
0.37752673
0.28593105
0.33524334
0.21055777
0.24294129
0.1937044
0.35033917
0.32167315
0.33365172
0.292325
0.24656288
0.30492705
0.4048
0.2582079
0.21493228
0.21161608
0.20354365
0.2729929
0.34755197
0.2986529
0.20759578
0.27279058
0.3518993
0.27486393
0.35523805
0.29424202
0.18782362
0.30964312
0.29464033
0.19886594
0.20401098
0.21190089
0.32477313
0.25477344
0.24396299
0.35478956
0.33389542
0.27350724
0.18917237
0.19228084
0.28550577
0.3309378
0.3642003
0.3380696
0.2699768
0.26957393
0.3492119
0.25893226
0.33592165
0.35781577
0.2439032
0.3243112
0.21971676
0.2648529
0.3490372
0.34298635
0.3133647
0.21576
0.3089326
0.20040281
0.29053682
0.31407923
0.31042764
0.1820498
0.35925114
0.37546054
0.19097419
0.23135805
0.38335586
0.29019925
0.23675837
0.36784965
0.29548132
0.37527162
0.28210202
0.21128169
0.24839514
0.23752816
0.31863415
0.22869773
0.4055765
0.33598846
0.26941672
0.23716299
0.25330845
0.2615825
0.29211068
0.37459666
0.31189612
0.20535812
0.36276177
0.23438007
0.3593163
0.3689488
0.18966085
0.36899245
0.32032976
0.38832808
0.2894053
0.38559803
test_wealth_with_price_abs_mean
0.4572952
0.4111272
0.40468282
0.4234572
0.35322347
0.4752348
0.43475893
0.34981248
0.32561493
0.3611628
0.34323284
0.4116831
0.41249257
0.37307027
0.40814385
0.453187
0.40043125
0.39479995
0.43338928
0.33405045
0.34167865
0.44378155
0.4076944
0.473655
0.47534433
0.46380475
0.47018415
0.34058702
0.39953104
0.36424074
0.40849796
0.45552063
0.48238972
0.35567576
0.44643372
0.33073217
0.35857823
0.45519227
0.46409115
0.43794185
0.41935802
0.44269016
0.4175412
0.4327662
0.40539992
0.45715064
0.39275098
0.4371763
0.3506897
0.3399301
0.41503567
0.35415882
0.44601926
0.35581815
0.38418284
0.40661964
0.42073846
0.38603243
0.32901987
0.3979012
0.44462806
0.36747774
0.38987088
0.35311267
0.42081037
0.3303081
0.3828548
0.40573102
0.32369068
0.41013825
0.3229829
0.40418932
0.34911498
0.33996305
0.36919686
0.4315468
0.3232606
0.3431039
0.3974453
0.39933878
0.3352772
0.45939028
0.3959963
0.357738
0.43972692
0.36579216
0.3915213
0.44755194
0.33695212
0.39366373
0.44258618
0.41756764
0.35002577
0.45905206
0.34961364
0.45862085
0.4125624
0.34617335
0.4162383
0.4165844
0.4818818
0.44604057
0.46116272
0.35496268
0.3407378
0.40981075
0.40142637
0.39194366
0.33000585
0.4479987
0.4117261
0.41917884
0.46166882
0.35938767
0.40700895
0.41817638
0.32545784
0.3734933
0.38211957
0.34716344
0.42680624
0.35339746
0.357447
0.3415175
0.46450213
0.383952
0.3978707
0.3637251
0.40798858
0.40099496
0.42363936
0.46955702
0.39515042
0.4697371
0.42372388
0.40847415
0.36508456
0.39383224
0.46387523
0.4317775
0.42545575
0.4025826
0.33414382
0.33709002
0.44143814
0.32653525
0.47437578
0.4613296
0.4205935
0.4516401
0.43664587
0.40024313
0.3593028
0.36485055
0.3269087
0.47594538
0.4647555
0.40525177
0.43797052
0.3472704
0.37289158
0.33372498
0.44814655
0.42989513
0.43752882
0.40966552
0.37582704
0.41764545
0.48077294
0.3851273
0.35098478
0.34805408
0.34163904
0.3957174
0.44686234
0.41382217
0.3447867
0.39587402
0.4487533
0.3972302
0.4509663
0.4099103
0.3280295
0.4219286
0.41055468
0.3373788
0.3418396
0.3486207
0.43137002
0.3824459
0.37383586
0.4515982
0.43664333
0.39602587
0.3294811
0.3318069
0.40466318
0.43592232
0.45693788
0.4398887
0.39340335
0.39314044
0.4477649
0.38462043
0.43906873
0.45274973
0.37449682
0.43090856
0.35489553
0.38952056
0.44631824
0.44333997
0.4229703
0.35133895
0.42148718
0.33919498
0.4076605
0.42490402
0.4216332
0.3229906
0.45370388
0.46377045
0.3306144
0.36437935
0.46893296
0.40719965
0.36860013
0.45898148
0.4112534
0.46423736
0.402007
0.34786773
0.3769903
0.3687511
0.42695007
0.36209354
0.4821865
0.43857428
0.39329508
0.36897084
0.38092387
0.38699383
0.40898636
0.46308178
0.4236992
0.34348816
0.45528874
0.36614797
0.45431972
0.46067864
0.3301393
0.45949936
0.4289589
0.47236237
0.40716437
0.47014624
test_wealth_with_price_variance
0.36515296
0.29578826
0.28537
0.31265667
0.21826752
0.39355913
0.32942584
0.21288271
0.18494612
0.22830094
0.20576596
0.29574755
0.29676777
0.24249671
0.2905306
0.35769948
0.27882287
0.27178207
0.32781184
0.19439337
0.20374702
0.3432458
0.2907677
0.39155298
0.39408982
0.37593436
0.3857523
0.20244482
0.27897745
0.23115154
0.2910396
0.36282632
0.40589994
0.22051282
0.34748262
0.19080725
0.22465533
0.36218625
0.37615055
0.33406538
0.30678347
0.3414342
0.30484882
0.32556805
0.28652924
0.36578378
0.26925054
0.33369607
0.21479183
0.2013387
0.3004313
0.21856035
0.34675735
0.22067213
0.2586646
0.28855696
0.30921337
0.25971717
0.18886735
0.2760574
0.34506193
0.23523703
0.26513526
0.21719949
0.30952772
0.18987563
0.25558907
0.2874072
0.1830128
0.29322407
0.18203467
0.28516597
0.21239467
0.20158717
0.2376577
0.3247315
0.18324317
0.20547518
0.27614588
0.27822796
0.19594382
0.3688289
0.27316558
0.2231296
0.33745506
0.23303935
0.26696113
0.34975734
0.19860451
0.2706838
0.34165603
0.30415314
0.21358617
0.36806297
0.21304636
0.3674799
0.29756844
0.2088958
0.3021299
0.30218777
0.40542912
0.34726495
0.37042126
0.22021583
0.20264846
0.29305488
0.28098398
0.2681313
0.18987006
0.35108402
0.29665983
0.3067887
0.3719941
0.22475748
0.28886998
0.30446407
0.18484616
0.24305914
0.25454122
0.21073462
0.31812948
0.21746875
0.22272591
0.20292255
0.37614283
0.2574435
0.27671328
0.2304802
0.28967208
0.28008124
0.31282187
0.38566673
0.27295294
0.3851562
0.3131174
0.2908737
0.23225196
0.2700363
0.37483722
0.32484952
0.3159059
0.2831751
0.1944266
0.19806741
0.34022623
0.18702383
0.39215258
0.37267157
0.3083376
0.35616228
0.33212507
0.278828
0.22520082
0.23191081
0.18603535
0.39527875
0.37752673
0.28593105
0.33524334
0.21055777
0.24294129
0.1937044
0.35033917
0.32167315
0.33365172
0.292325
0.24656288
0.30492705
0.4048
0.2582079
0.21493228
0.21161608
0.20354365
0.2729929
0.34755197
0.2986529
0.20759578
0.27279058
0.3518993
0.27486393
0.35523805
0.29424202
0.18782362
0.30964312
0.29464033
0.19886594
0.20401098
0.21190089
0.32477313
0.25477344
0.24396299
0.35478956
0.33389542
0.27350724
0.18917237
0.19228084
0.28550577
0.3309378
0.3642003
0.3380696
0.2699768
0.26957393
0.3492119
0.25893226
0.33592165
0.35781577
0.2439032
0.3243112
0.21971676
0.2648529
0.3490372
0.34298635
0.3133647
0.21576
0.3089326
0.20040281
0.29053682
0.31407923
0.31042764
0.1820498
0.35925114
0.37546054
0.19097419
0.23135805
0.38335586
0.29019925
0.23675837
0.36784965
0.29548132
0.37527162
0.28210202
0.21128169
0.24839514
0.23752816
0.31863415
0.22869773
0.4055765
0.33598846
0.26941672
0.23716299
0.25330845
0.2615825
0.29211068
0.37459666
0.31189612
0.20535812
0.36276177
0.23438007
0.3593163
0.3689488
0.18966085
0.36899245
0.32032976
0.38832808
0.2894053
0.38559803
price
2.725469
2.467145
2.424434
2.5343647
2.1269045
2.8388903
2.6051054
2.108119
1.9613756
2.1684227
2.0750864
2.4665582
2.4698544
2.2460678
2.451995
2.712247
2.4001615
2.3677044
2.5938532
2.0111246
2.0564497
2.6593773
2.4438214
2.8275392
2.8334148
2.7803621
2.8013349
2.0476818
2.4041169
2.1914492
2.4502802
2.7313905
2.872868
2.1346052
2.67271
1.9924649
2.1528382
2.7192695
2.772749
2.6249273
2.514821
2.6475878
2.5065944
2.592066
2.4307668
2.724688
2.3572333
2.611808
2.10464
2.0439665
2.4864144
2.126653
2.679889
2.143731
2.309298
2.4356518
2.5122187
2.3235147
1.9868102
2.3889246
2.657053
2.208455
2.3424487
2.1180985
2.5196908
1.9855528
2.3012238
2.4362197
1.952364
2.4577067
1.9532099
2.420151
2.099458
2.0497928
2.2145367
2.5868764
1.9462901
2.066932
2.3823555
2.3960881
2.024621
2.7474248
2.3709471
2.1447904
2.6331844
2.2007504
2.35899
2.678921
2.035378
2.359432
2.6487348
2.499686
2.1047049
2.7400746
2.1099174
2.7427533
2.4727387
2.080402
2.497175
2.4998195
2.8824131
2.666979
2.7492652
2.1355503
2.048261
2.458362
2.404898
2.3505232
1.9826225
2.6811426
2.4726055
2.5103097
2.7578578
2.1653707
2.440453
2.5003757
1.960945
2.2461822
2.2948794
2.0948968
2.554061
2.1301394
2.1494734
2.0602105
2.7823322
2.3048704
2.3878386
2.1850667
2.442724
2.4096382
2.5411284
2.8045166
2.378968
2.8156695
2.5357785
2.4515338
2.1921694
2.3604112
2.7796726
2.5826771
2.5489473
2.4067154
2.008804
2.030794
2.639784
1.9669807
2.835183
2.7619846
2.517119
2.6965175
2.6162434
2.40108
2.157201
2.1900928
1.9695985
2.8398926
2.7837572
2.4276652
2.617154
2.089166
2.2465365
2.0074093
2.6739979
2.5734866
2.6193602
2.4512174
2.258128
2.5059352
2.8705285
2.3084598
2.109685
2.0903547
2.0552988
2.376034
2.666937
2.4850616
2.0764582
2.3722768
2.687159
2.37933
2.6928024
2.4563997
1.9788845
2.525296
2.4538734
2.0351303
2.0603058
2.0981853
2.577133
2.2896173
2.2473824
2.695988
2.6200004
2.3782516
1.9858576
1.9993732
2.423607
2.6099102
2.74089
2.6354325
2.353762
2.3597481
2.6773891
2.3059182
2.6300523
2.713512
2.255354
2.5886977
2.143091
2.3418543
2.677115
2.6612291
2.5301695
2.1086447
2.5288246
2.0430026
2.4441528
2.5482805
2.5259933
1.9529622
2.709637
2.7671285
1.994793
2.1961627
2.8095958
2.4486911
2.21917
2.7469294
2.4620237
2.7777407
2.4151862
2.094607
2.2630053
2.2128143
2.5539086
2.1745234
2.88308
2.6212654
2.3586128
2.216019
2.2893734
2.3198798
2.4585412
2.7707598
2.5398252
2.062996
2.721975
2.2041988
2.725469
2.756627
1.9907845
2.7424333
2.5664563
2.8166413
2.4450788
2.812766
train_time
0.4008705999999993
0.3300952000000006
0.31898559999999954
0.30568410000000057
0.4213009000000003
0.3011438000000002
0.3135759
0.3026584000000003
0.2987856999999998
0.29303280000000065
0.3647539000000002
0.5653880000000022
0.3820455999999979
0.4225287999999985
0.33781919999999843
0.3753561999999988
0.4250784000000003
0.3418813000000007
0.3082387000000004
0.45102070000000083
0.325999699999997
0.3242773999999997
0.28325719999999777
0.2949148000000008
0.29643899999999945
0.3090067999999988
0.30326940000000135
0.4942454000000005
0.29016719999999907
0.2937523000000013
0.3036507999999998
0.3148724999999999
0.30071060000000216
0.30284639999999996
0.30419909999999817
0.2847539999999995
0.3003234999999975
0.30995510000000337
0.536124700000002
0.2972250000000045
0.3171563000000006
0.3220012999999966
0.3122596000000044
0.310282799999996
0.30610700000000435
0.3057936000000012
0.33271359999999817
0.3041794999999965
0.3144984999999991
0.3138537000000028
0.3130309000000011
0.3134653000000043
0.3155081000000024
0.299794900000002
0.31121089999999896
0.32165120000000513
0.3249874000000048
0.3010656999999952
0.33998679999999837
0.30535800000000535
0.3255882999999997
0.31397210000000086
0.3092757000000006
0.3109704000000022
0.6844076000000001
0.32165330000000125
0.31682349999999815
0.3229579000000058
0.36280890000000454
0.3000586999999939
0.30574799999999414
0.3016963999999973
0.3069528000000048
0.5571243999999922
0.5155663000000033
0.30292980000000114
0.32433740000000455
0.3178453000000019
0.3105189999999993
0.3263946999999945
0.7699373999999892
0.32640599999999154
0.30095719999999915
0.36420809999999904
0.328745799999993
0.3277817999999968
0.3398834999999991
0.5083908000000008
0.36150950000001103
0.34571469999998783
0.37289989999999307
0.4185200000000009
0.3088860000000011
0.3574191999999954
0.3515584999999959
0.3303698999999938
0.30906710000000714
0.3154296999999957
0.36884520000000975
0.3635528000000079
0.3584105000000051
0.35330849999999714
0.3389313999999928
0.34060669999999504
0.3282470000000046
0.3129804999999948
0.30862129999999866
0.2995138999999938
0.32280029999999726
0.327051400000002
0.31159130000000346
0.3107396999999992
0.3055462000000091
0.37020540000000324
0.33930839999999307
0.32495509999999683
0.3459849999999989
0.3352634000000023
0.30212029999999856
0.4225921000000028
0.3285730000000058
0.3276419999999973
1.0289906000000002
0.323428100000001
0.33476209999999185
0.31665910000000963
0.3648965000000004
0.3368334000000033
0.3342877000000044
0.3185706999999951
0.3263255999999899
0.33869950000000415
0.3431965000000048
0.3349543000000068
0.35815219999999215
0.3429802999999936
0.3343607999999989
0.3211882000000088
0.33229990000000953
0.33052090000001044
0.32729739999999197
0.33970529999999144
0.3596138999999994
0.3473776000000157
0.32579949999998803
0.3441778000000113
0.3423937999999964
0.32221329999998716
0.36886720000001105
1.2071913000000052
0.3306883000000198
0.3403351999999984
0.33428379999998015
0.32415860000000407
0.32874429999998256
0.3685408999999993
0.46129730000001246
0.49103840000000787
0.4195349999999962
0.44251800000000685
0.3794548999999847
0.4223141999999882
0.38362670000000776
0.3570798999999738
0.37869129999998563
0.3427992999999958
0.3278474999999901
0.3159164000000203
0.3273408999999958
0.36534520000000725
0.3405685000000176
0.33684310000001005
0.316945899999979
0.3403299000000004
0.3404468000000236
0.34645589999999515
0.3179318000000251
0.35842360000000895
0.32958010000001536
0.3470236
1.369872799999996
0.32780580000002146
0.3385419999999897
0.33669290000000274
0.37335930000000417
0.33042670000000385
0.31919440000001487
0.31344190000001504
0.3287165999999786
0.30343119999997725
0.3503991000000042
0.31161480000000097
0.31544159999998556
0.3172403000000088
0.3256749999999897
0.33416729999999006
0.3042402000000095
0.32656209999998964
0.3264087000000018
0.3300423999999964
0.360679800000014
0.3126747000000023
0.36039180000000215
0.3491241000000116
0.3336971000000233
0.31942739999999503
0.3412765999999863
0.33780029999999783
0.29920450000000187
0.3158305999999982
0.32672119999998017
0.3248164999999972
0.3216033000000209
0.31934720000000993
0.31732100000002106
0.347575599999999
1.6034027999999978
0.33819239999999695
0.344041500000003
0.33033679999999777
0.3155305000000226
0.33857090000000767
0.3316859999999906
0.3546075000000144
0.344448199999988
0.33399289999999837
0.3148976000000232
0.31262750000001915
0.31820469999999546
0.3379615000000058
0.3468218999999806
0.3248049999999978
0.3210888000000125
0.3215131999999983
0.3287967999999921
0.3564003999999841
0.33534259999998994
0.33451829999998495
0.3100112999999851
0.30951989999999796
0.3168495999999834
0.334548500000011
0.32622010000000046
0.3256912000000227
0.3314612000000068
0.3189342999999951
0.34374030000000744
0.3204858999999942
0.3389652000000183
0.3361453999999924
0.3247385999999892
0.3162193000000002
0.3347441000000231
0.3282561000000044
0.34635989999998174
0.3512165000000209


