================================================================================
=== continuous-time
train_risk
47.016975
5.5206156
28.489061
36.544434
49.894257
19.475258
20.02677
29.95807
test_risk
46.92061
5.5368223
28.525866
36.49907
49.812256
19.439922
19.999159
29.991793
test_mean_value
1.081532
0.09610928
0.66220695
0.67340124
0.6220333
-0.016406737
0.5674871
1.0316244
test_mean_abs_value
13.170372
9.0066185
7.0650005
7.4946823
12.550042
6.3200846
5.230984
8.062407
test_variance_value
289.0565
136.46854
79.35684
92.44408
247.11018
72.319664
50.335163
105.63647
test_mean_costs
17.167326
10.928196
12.191107
15.531869
16.359795
11.160243
8.012035
11.664566
test_mean_abs_costs
17.167326
10.928196
12.191107
15.531869
16.359795
11.160243
8.012035
11.664566
test_variance_costs
6.6516423
2.0825179
2.8178573
7.353523
5.379121
4.9575095
3.0959835
5.2356067
test_mean_wealth
-36.07497
-2.709477
-24.22137
-27.135836
-41.76207
-12.37611
-14.370298
-22.735678
test_mean_abs_wealth
36.07497
2.9035254
24.22137
27.135866
41.76207
12.380087
14.370643
22.735678
test_variance_wealth
21.691273
5.6546903
8.608991
18.726469
16.100376
14.1276245
11.25772
14.512231
test_wealth_with_price_abs_mean
16.457363
10.723526
12.040486
14.827206
17.003271
11.102766
7.601658
11.256373
test_wealth_with_price_variance
21.691273
5.6546903
8.608991
18.72647
16.100376
14.127624
11.257721
14.512231
price
19.618177
-8.014049
12.18092
12.309682
24.758919
1.2817149
6.7923474
11.482962
train_time
8.685345999999981
6.204060499999969
6.82732870000018
10.346020000000408
6.138048800000433
5.7537757999998576
7.161443099999815
5.817218900001535


================================================================================
=== deep network
train_risk
40.82258
1.2764966
24.716515
30.194527
45.478287
14.952734
16.452307
23.845934
test_risk
40.874664
1.3059955
24.85109
30.227844
45.542873
14.965594
16.474907
23.869701
test_mean_value
1.0882484
0.18877415
0.68945014
0.45316586
0.59273505
0.10747505
0.5454213
1.0038688
test_mean_abs_value
11.725978
7.709262
5.3267155
5.3689632
10.6587305
4.095063
3.8350072
6.547875
test_variance_value
227.3888
95.549736
45.913216
45.958275
178.34975
27.575817
29.43826
70.19827
test_mean_costs
8.078121
5.4918957
5.1896296
6.382921
8.713574
4.4502044
3.009271
5.5878987
test_mean_abs_costs
8.078121
5.4918957
5.1896296
6.382921
8.713574
4.4502044
3.009271
5.5878987
test_variance_costs
8.147371
5.313566
2.1170456
5.966881
4.3108335
15.289269
0.5089011
5.3779254
test_mean_wealth
-26.97905
2.8194885
-17.19265
-18.207123
-34.145145
-5.5421896
-9.389599
-16.686766
test_mean_abs_wealth
26.97905
3.5018957
17.193628
18.207438
34.145187
6.2371693
9.413907
16.68698
test_variance_wealth
27.79123
8.250968
15.31688
24.041445
22.795458
18.84681
14.170618
14.36587
test_wealth_with_price_abs_mean
13.96923
4.5323243
7.8166695
12.114011
11.434957
9.481082
7.258146
7.2788267
test_wealth_with_price_variance
27.79123
8.250968
15.31688
24.041445
22.795458
18.84681
14.170618
14.36587
price
40.874653
1.3059816
24.851088
30.227749
45.542862
14.965583
16.474905
23.8697
train_time
155.7987134
123.30371139999988
144.6885830000001
256.5598812000003
198.31670480000048
132.7628018000005
158.58278860000064
227.58230189999995


================================================================================
=== identity feature map
train_risk
37.576874
0.63992167
22.475998
27.322708
41.922897
12.4889145
14.961805
22.991861
test_risk
37.5981
0.6479826
22.54326
27.314205
41.895954
12.479788
14.965712
22.988148
test_mean_value
1.0459656
0.16860563
0.66631013
0.538795
0.5674314
0.04544722
0.5809324
1.0344543
test_mean_abs_value
12.480499
8.504442
6.0333323
6.275876
11.323099
5.271481
4.315302
7.2375326
test_variance_value
258.1531
119.250496
58.251884
64.66864
201.36809
49.435867
35.126797
85.20127
test_mean_costs
9.20343
5.4525166
5.760682
7.484434
9.473966
5.3089147
3.5908518
6.0079036
test_mean_abs_costs
9.20343
5.4525166
5.760682
7.484434
9.473966
5.3089147
3.5908518
6.0079036
test_variance_costs
1.110537
0.3980111
0.5082558
1.4993825
1.1930398
1.1261162
0.60582966
1.0171219
test_mean_wealth
-28.14664
2.838699
-17.786842
-19.223007
-34.93084
-6.462928
-9.935669
-17.076185
test_mean_abs_wealth
28.14664
3.28598
17.786842
19.223028
34.93084
6.6541195
9.940759
17.076292
test_variance_wealth
18.902912
6.9733634
9.512836
16.182396
13.930227
12.033719
10.060085
11.823923
test_wealth_with_price_abs_mean
9.531274
3.790908
4.9581523
8.185424
7.066415
6.141761
5.238721
6.006963
test_wealth_with_price_variance
18.902912
6.9733634
9.512836
16.182396
13.930227
12.033719
10.060085
11.823923
price
37.598087
0.6479687
22.543259
27.31411
41.895943
12.479776
14.965711
22.988146
train_time
21.354767400000014
19.697510199999897
32.606432699999914
32.46137529999987
30.532213699999375
27.475196200000028
26.257436400000188
20.636085699999967


================================================================================
=== deep memory network
train_risk
39.741623
1.1074243
24.166874
28.768375
45.78189
13.757849
16.454376
23.358038
test_risk
39.829025
1.1419578
24.296093
28.828484
45.84214
13.800383
16.475166
23.357725
test_mean_value
1.086401
0.18351135
0.6823116
0.4730894
0.58997643
0.10150514
0.5444437
1.0211052
test_mean_abs_value
11.845277
7.846666
5.3095827
5.2428656
10.671966
4.172767
3.8390117
6.550383
test_variance_value
233.04942
98.93853
45.747364
43.82142
178.63101
29.123255
29.589554
70.49854
test_mean_costs
8.036915
5.3796973
5.357631
6.7848854
8.638571
4.659536
2.9379525
5.8715196
test_mean_abs_costs
8.036915
5.3796973
5.357631
6.7848854
8.638571
4.659536
2.9379525
5.8715196
test_variance_costs
8.442114
5.593804
3.350481
9.940269
4.495738
15.903547
0.45070386
7.083018
test_mean_wealth
-26.93969
2.926424
-17.36779
-18.589163
-34.072903
-5.7574906
-9.319259
-16.95315
test_mean_abs_wealth
26.93969
3.5733478
17.368511
18.589352
34.07298
6.223868
9.345716
16.95328
test_variance_wealth
25.778675
8.136764
13.856607
20.47864
23.538477
16.085783
14.311817
12.809151
test_wealth_with_price_abs_mean
12.981795
4.480009
7.1065564
10.385826
11.803002
8.130258
7.32456
6.5360684
test_wealth_with_price_variance
25.778675
8.136764
13.856607
20.47864
23.538477
16.085783
14.311817
12.809151
price
39.829014
1.1419439
24.296091
28.828388
45.84213
13.800371
16.475164
23.357723
train_time
167.3470729
129.29837980000002
155.2934339999997
264.99759459999996
175.56980199999998
213.0079378999999
218.21506409999984
249.73651080000127


================================================================================
=== lstm
train_risk
35.254757
-0.06060815
21.851212
26.130108
43.350964
11.546153
14.508575
21.914526
test_risk
35.40678
0.0110321045
21.975803
26.217533
43.425667
11.610226
14.604669
21.951477
test_mean_value
1.0739591
0.19127968
0.6714653
0.5085058
0.57250744
0.082127444
0.5240774
0.9880908
test_mean_abs_value
11.922181
7.9624
5.562323
5.6112065
10.899044
4.5773625
3.982256
6.7682576
test_variance_value
236.34587
104.97548
49.66622
51.19629
186.21622
36.223797
30.541752
74.99214
test_mean_costs
8.567594
4.990057
5.326598
6.757076
8.523137
4.5589714
3.646494
5.5923266
test_mean_abs_costs
8.567594
4.990057
5.326598
6.757076
8.523137
4.5589714
3.646494
5.5923266
test_variance_costs
8.682337
3.0762463
3.1695137
7.6061015
4.4101825
9.299589
2.4543555
5.625364
test_mean_wealth
-27.482811
3.3238328
-17.347605
-18.525938
-33.974937
-5.676304
-10.048166
-16.70697
test_mean_abs_wealth
27.482811
3.7400513
17.347733
18.526062
33.974983
5.9006586
10.052653
16.707033
test_variance_wealth
15.84794
6.6697297
9.256399
15.383191
18.901459
11.867844
9.113005
10.489016
test_wealth_with_price_abs_mean
8.12105
3.7490332
4.8939886
7.8919578
9.523124
6.107905
4.8827934
5.4218245
test_wealth_with_price_variance
15.84794
6.6697297
9.256399
15.383191
18.901459
11.867844
9.113005
10.489016
price
35.40677
0.011018226
21.975801
26.217438
43.425655
11.610214
14.604668
21.951475
train_time
314.011355
95.3843310000002
186.3376242999998
155.01405279999972
169.10260479999943
274.5937577000004
199.23488420000012
360.00390589999915


