================================================================================
=== continuous-time
train_risk
4.412378
4.40338
4.4179425
4.409161
4.3763027
4.3991613
4.406492
4.408942
test_risk
4.39747
4.4073844
4.4189687
4.3919616
4.396393
4.3748555
4.4144206
4.3943176
test_mean_value
0.05562822
0.051117968
0.05316395
0.06008926
0.047131993
0.050656844
0.04884691
0.057744093
test_mean_abs_value
1.7547815
1.7521428
1.7559224
1.7576008
1.753562
1.7511045
1.753363
1.7570115
test_variance_value
4.916703
4.9026766
4.934333
4.932959
4.90127
4.8968153
4.914199
4.9036527
test_mean_costs
1.4640468
1.4670607
1.4663522
1.4672866
1.460726
1.457796
1.4661887
1.4655938
test_mean_abs_costs
1.4640468
1.4670607
1.4663522
1.4672866
1.460726
1.457796
1.4661887
1.4655938
test_variance_costs
1.6580887
1.6616187
1.668008
1.6658695
1.6438892
1.6417769
1.6621609
1.6565021
test_mean_wealth
-3.0102065
-3.0142589
-3.0163953
-3.0126007
-3.0086489
-3.0027556
-3.0160148
-3.012854
test_mean_abs_wealth
3.0181115
3.022123
3.0229776
3.0204995
3.0162175
3.010161
3.0238318
3.0198627
test_variance_wealth
2.7745273
2.7862513
2.8051467
2.7587216
2.7754874
2.7441998
2.7968113
2.7629275
test_wealth_with_price_abs_mean
1.5301952
1.5339293
1.5338392
1.5322647
1.5277567
1.5217512
1.5356686
1.531547
test_wealth_with_price_variance
2.7745273
2.7862513
2.8051467
2.7587216
2.7754874
2.7441995
2.7968113
2.7629275
price
1.5021892
1.5021973
1.5021892
1.5021973
1.5021892
1.5021892
1.5021892
1.5021884
train_time
2.1757089
1.7916615999999976
1.8945032999999967
2.2908899999999903
3.473132299999861
3.149071900000081
2.165826500000094
2.6727281999997103


================================================================================
=== deep network
train_risk
2.6591325
2.6907957
2.6444407
2.6409988
2.6341295
2.6455154
2.5999486
2.6465116
test_risk
2.6591988
2.6803226
2.6411004
2.6413944
2.635519
2.641727
2.6051764
2.6497755
test_mean_value
0.068527326
0.06847907
0.06806168
0.072435856
0.06076634
0.06009699
0.067275524
0.070344366
test_mean_abs_value
1.6766311
1.6559426
1.6814866
1.6649221
1.6548482
1.6161522
1.6788611
1.656696
test_variance_value
4.1506176
3.9998248
4.1664433
4.1162467
4.010452
3.860314
4.160466
4.0056367
test_mean_costs
0.37286648
0.35656306
0.34637848
0.36779723
0.34058854
0.33790743
0.35809362
0.348828
test_mean_abs_costs
0.37286648
0.35656306
0.34637848
0.36779723
0.34058854
0.33790743
0.35809362
0.348828
test_variance_costs
0.43900204
0.29173914
0.3803666
0.3899897
0.3109876
0.3404043
0.45211205
0.3472633
test_mean_wealth
-1.906127
-1.8864001
-1.8815238
-1.9007646
-1.874877
-1.8734269
-1.8894911
-1.8834879
test_mean_abs_wealth
2.025138
2.0189872
2.0057786
2.0200133
1.9946216
1.997436
1.9968853
2.0059736
test_variance_wealth
1.5061436
1.5878448
1.5191531
1.4812595
1.5212843
1.5366001
1.4313707
1.5325752
test_wealth_with_price_abs_mean
0.8974612
0.9163731
0.9017019
0.8962248
0.89952666
0.90169257
0.8808082
0.898137
test_wealth_with_price_variance
1.5061436
1.5878448
1.5191531
1.4812595
1.5212843
1.5366001
1.4313707
1.5325752
price
1.5021892
1.5021973
1.5021892
1.5021973
1.5021892
1.5021892
1.5021892
1.5021884
train_time
72.8761419
81.12111140000002
92.62939899999992
113.46287799999982
101.08028229999991
95.71998269999995
222.50208569999995
156.39377269999977


================================================================================
=== identity feature map
train_risk
2.7241666
2.7367358
2.8092213
2.763754
2.750551
2.724594
2.7805958
2.728551
test_risk
2.7234821
2.7223775
2.8072474
2.7633166
2.7527905
2.718388
2.7857258
2.731826
test_mean_value
0.06515766
0.06554419
0.06437419
0.067850925
0.057650834
0.057589218
0.06266797
0.06627122
test_mean_abs_value
1.6321417
1.6259457
1.6228343
1.627199
1.6127274
1.6146612
1.6410495
1.631378
test_variance_value
3.7739909
3.7490664
3.7598202
3.756044
3.7192388
3.6878428
3.8038442
3.7629945
test_mean_costs
0.35880637
0.3514327
0.39168894
0.3939711
0.34965116
0.3472682
0.40465245
0.3530651
test_mean_abs_costs
0.35880637
0.3514327
0.39168894
0.3939711
0.34965116
0.3472682
0.40465245
0.3530651
test_variance_costs
0.08053999
0.07734411
0.07989483
0.09338039
0.0839414
0.0747747
0.07412034
0.07684745
test_mean_wealth
-1.8954366
-1.8842046
-1.9305218
-1.9315234
-1.8870552
-1.8852955
-1.9406575
-1.8917983
test_mean_abs_wealth
2.0157874
2.0076935
2.0621498
2.045792
2.0176487
2.0054445
2.0650182
2.0141327
test_variance_wealth
1.6560912
1.6763458
1.7534512
1.6635861
1.7314707
1.666185
1.6901366
1.6800556
test_wealth_with_price_abs_mean
0.9250013
0.93069977
0.9548994
0.9327026
0.9374379
0.92656213
0.94927245
0.9313927
test_wealth_with_price_variance
1.6560912
1.6763458
1.7534512
1.6635861
1.7314707
1.666185
1.6901366
1.6800556
price
1.5021892
1.5021973
1.5021892
1.5021973
1.5021892
1.5021892
1.5021892
1.5021884
train_time
6.714634199999992
7.88430679999999
5.454150099999993
5.107556999999815
8.676234400000112
7.37916650000011
9.08119650000026
9.116793199999847


================================================================================
=== deep memory network
train_risk
2.6665635
2.6759002
2.6241984
2.6372986
2.617795
2.607777
2.597825
2.6088889
test_risk
2.6659932
2.6647747
2.620974
2.6348407
2.620205
2.6022215
2.6041389
2.6150208
test_mean_value
0.0671451
0.06821851
0.06894741
0.072815895
0.061211456
0.06344745
0.066968605
0.070773035
test_mean_abs_value
1.6633437
1.6518565
1.6815275
1.6648077
1.6649278
1.695979
1.6708083
1.6824629
test_variance_value
4.0849695
4.054479
4.1922197
4.1288443
4.091837
4.2777724
4.1429343
4.197543
test_mean_costs
0.3795346
0.38389102
0.36258632
0.36404833
0.3556578
0.37894765
0.3569685
0.3669766
test_mean_abs_costs
0.3795346
0.38389102
0.36258632
0.36404833
0.3556578
0.37894765
0.3569685
0.3669766
test_variance_costs
0.3824804
0.38829046
0.45200005
0.44174236
0.44290355
0.439176
0.431634
0.3816979
test_mean_wealth
-1.9141774
-1.9139886
-1.8968459
-1.8966357
-1.8895011
-1.9111167
-1.8886728
-1.9012079
test_mean_abs_wealth
2.0264797
2.0349095
2.0041487
2.0080092
1.9979647
2.0213015
1.9923187
2.002024
test_variance_wealth
1.5036317
1.5015721
1.4482561
1.4764103
1.4614079
1.3822093
1.4309323
1.4276257
test_wealth_with_price_abs_mean
0.8968231
0.9034397
0.8842396
0.891024
0.8821619
0.87479246
0.878879
0.8808204
test_wealth_with_price_variance
1.5036317
1.5015721
1.4482561
1.4764103
1.4614079
1.3822093
1.4309323
1.4276257
price
1.5021892
1.5021973
1.5021892
1.5021973
1.5021892
1.5021892
1.5021892
1.5021884
train_time
81.51895969999998
81.66596880000003
124.34469469999999
114.67078770000012
122.11325540000007
151.8173382
234.87696929999993
155.71687760000032


================================================================================
=== lstm
train_risk
2.557667
2.5849788
2.725811
2.6597424
2.5933099
2.560245
2.5356083
2.5610676
test_risk
2.5591087
2.5733657
2.7225173
2.657149
2.5954041
2.5556514
2.5407574
2.5680857
test_mean_value
0.06829797
0.068478994
0.06794399
0.06967797
0.061461672
0.060679987
0.06683153
0.071675755
test_mean_abs_value
1.7086843
1.690888
1.6448103
1.6117975
1.6753497
1.6870556
1.7138363
1.7000827
test_variance_value
4.2800713
4.216236
4.0088735
3.8417656
4.12742
4.1968412
4.3362293
4.2606726
test_mean_costs
0.3731283
0.3741932
0.34133598
0.37774926
0.3539238
0.37875903
0.377871
0.3677205
test_mean_abs_costs
0.3731283
0.3741932
0.34133598
0.37774926
0.3539238
0.37875903
0.377871
0.3677205
test_variance_costs
0.39630297
0.41453832
0.25095457
0.38277617
0.39485654
0.47988465
0.45612395
0.44671863
test_mean_wealth
-1.9066182
-1.9040303
-1.8765991
-1.9134746
-1.887517
-1.9136956
-1.9097124
-1.9010491
test_mean_abs_wealth
1.9910296
1.9903603
2.0453253
2.0040576
1.9890106
1.9873925
1.9864825
1.9893997
test_variance_wealth
1.3049811
1.3386708
1.6918362
1.487349
1.4157746
1.2839118
1.2620901
1.334073
test_wealth_with_price_abs_mean
0.8454758
0.8556289
0.937854
0.8963155
0.86990595
0.8444266
0.8329051
0.8529267
test_wealth_with_price_variance
1.3049811
1.3386708
1.6918362
1.487349
1.4157746
1.2839118
1.2620901
1.334073
price
1.5021892
1.5021973
1.5021892
1.5021973
1.5021892
1.5021892
1.5021892
1.5021884
train_time
140.61066269999998
96.36765229999992
60.974415499999964
63.663516999999956
126.67034450000006
111.96414589999995
182.78872599999977
224.28054470000006


