================================================================================
=== continuous-time
train_risk
3.5636938
3.5650299
4.145516
3.6549478
3.5640476
4.2538853
4.164147
4.2399178
test_risk
3.5710516
3.5576127
4.1382484
3.6689248
3.5629814
4.258173
4.159558
4.2533073
test_mean_value
0.053281978
0.05249092
0.052699905
0.047250245
0.055807583
0.042797245
0.049971677
0.056943577
test_mean_abs_value
0.85842
0.8916359
1.6642563
1.2091194
0.9304545
1.7217202
1.6840262
1.7218405
test_variance_value
1.2396433
1.3037198
4.269785
2.2607996
1.3782305
4.6368656
4.373716
4.620949
test_mean_costs
1.4656123
1.4633363
1.4621801
1.4637218
1.4621762
1.4615977
1.4596914
1.4653554
test_mean_abs_costs
1.4656123
1.4633363
1.4621801
1.4637218
1.4621762
1.4615977
1.4596914
1.4653554
test_variance_costs
0.5282691
0.5444699
1.4355795
0.75802696
0.5608274
1.556081
1.4666233
1.5693694
test_mean_wealth
-3.0132635
-3.0087078
-3.0116649
-3.0132363
-3.0103602
-3.0113573
-3.0086646
-3.0137386
test_mean_abs_wealth
3.0156794
3.01097
3.0145054
3.0154598
3.0122921
3.01569
3.0115771
3.017167
test_variance_wealth
1.1155763
1.0978098
2.2531672
1.3113769
1.1052424
2.493631
2.3017864
2.4791374
test_wealth_with_price_abs_mean
1.5252589
1.5188277
1.520162
1.5213325
1.5193622
1.5234853
1.5172836
1.5241381
test_wealth_with_price_variance
1.1155763
1.0978098
2.2531672
1.3113769
1.1052424
2.493631
2.3017864
2.4791374
price
1.5021892
1.5021892
1.5021892
1.5021925
1.5021932
1.5021892
1.5021892
1.5021892
train_time
4.740420400000005
2.7181044999999813
4.461337400000048
2.971875799999907
3.256923899999947
6.954806999999619
3.776234999999815
3.4585023999998157


================================================================================
=== deep network
train_risk
2.0066757
2.2040255
2.4261901
2.284892
2.2556126
2.508833
2.4516284
2.535401
test_risk
2.0029535
2.1996095
2.4208395
2.2905934
2.2602997
2.4962056
2.4532318
2.5419512
test_mean_value
0.33029845
0.090831935
0.07036882
0.06339928
0.07461745
0.063239254
0.06723461
0.07129477
test_mean_abs_value
0.5359745
0.4695804
1.5826606
0.9678271
0.50048226
1.650065
1.6070482
1.6303661
test_variance_value
0.35294718
0.33654708
3.7008848
1.45537
0.3841426
4.0184445
3.8085806
3.9210198
test_mean_costs
0.18077578
0.14443094
0.32175517
0.17239459
0.17827465
0.35702664
0.31409365
0.34615883
test_mean_abs_costs
0.18077578
0.14443094
0.32175517
0.17239459
0.17827465
0.35702664
0.31409365
0.34615883
test_variance_costs
0.06423618
0.018057976
0.45902348
0.060237877
0.011861759
0.54206
0.31121954
0.37545273
test_mean_wealth
-1.4514107
-1.6514614
-1.853571
-1.7057601
-1.7076488
-1.8863443
-1.845804
-1.8801908
test_mean_abs_wealth
1.530303
1.6980872
1.9155715
1.805814
1.7641559
1.9574126
1.9244555
1.9716787
test_variance_wealth
1.1030858
1.0962963
1.134537
1.1696664
1.1053021
1.2197225
1.2148556
1.3235209
test_wealth_with_price_abs_mean
0.8362779
0.8248577
0.806259
0.8348576
0.81806505
0.84136224
0.82440686
0.8580458
test_wealth_with_price_variance
1.1030858
1.0962963
1.134537
1.1696664
1.1053021
1.2197225
1.2148556
1.3235209
price
1.5021892
1.5021892
1.5021892
1.5021925
1.5021932
1.5021892
1.5021892
1.5021892
train_time
164.31241319999998
119.01674260000004
144.66742709999994
75.23067279999987
95.0730736999999
142.0891434
141.2884197000003
183.88111170000002


================================================================================
=== identity feature map
train_risk
2.0021796
2.2141073
2.5144222
2.245698
2.226295
2.6122792
2.5837998
2.6077838
test_risk
1.9950279
2.2093177
2.5073998
2.2503557
2.2317681
2.5969808
2.5819566
2.616336
test_mean_value
0.48048696
0.08995991
0.06538026
0.058053758
0.076761186
0.057481688
0.060717266
0.06892076
test_mean_abs_value
0.73167866
0.43989655
1.5466543
0.9078278
0.49072856
1.5861146
1.5310308
1.6371509
test_variance_value
0.6378126
0.2948207
3.3717864
1.2637951
0.3712198
3.5506835
3.2973385
3.7804244
test_mean_costs
0.09777977
0.06643974
0.28580576
0.12977873
0.08652184
0.32998818
0.36908942
0.33827016
test_mean_abs_costs
0.09777977
0.06643974
0.28580576
0.12977873
0.08652184
0.32998818
0.36908942
0.33827016
test_variance_costs
0.0028321089
0.0009690495
0.043455638
0.0040719276
0.0009897336
0.06417889
0.052394673
0.06489758
test_mean_wealth
-1.2182261
-1.5743421
-1.8226103
-1.6684898
-1.6137522
-1.8650634
-1.9073172
-1.8746762
test_mean_abs_wealth
1.4728112
1.6369687
1.9201003
1.7662762
1.6786926
1.9634652
1.9887171
1.9809567
test_variance_wealth
1.5536036
1.2699513
1.369579
1.1637318
1.2360315
1.4638348
1.349279
1.4833199
test_wealth_with_price_abs_mean
0.98316216
0.8978354
0.8489087
0.8203063
0.87150186
0.8809018
0.85371286
0.8922594
test_wealth_with_price_variance
1.5536036
1.2699513
1.369579
1.1637318
1.2360315
1.4638348
1.349279
1.4833199
price
1.5021892
1.5021892
1.5021892
1.5021925
1.5021932
1.5021892
1.5021892
1.5021892
train_time
18.968722999999983
14.974838299999988
11.249264399999902
8.738091899999972
10.42725160000009
16.4929103999998
8.8262308999997
11.102919699999802


================================================================================
=== deep memory network
train_risk
2.030818
2.2318087
2.4508057
2.323291
2.2456481
2.486079
2.4548368
2.51163
test_risk
2.0269494
2.2293782
2.4468033
2.330443
2.2508106
2.475037
2.4557483
2.5161338
test_mean_value
0.35100946
0.088564634
0.06987899
0.060024466
0.07438443
0.064942025
0.06637115
0.07478836
test_mean_abs_value
0.54498047
0.46007055
1.571859
0.90919423
0.49847102
1.676935
1.6019055
1.6927857
test_variance_value
0.3627981
0.32512435
3.644457
1.2943416
0.3854556
4.130012
3.7418225
4.2303123
test_mean_costs
0.17535111
0.16066669
0.3071241
0.1214143
0.15440759
0.38291308
0.32165262
0.37991706
test_mean_abs_costs
0.17535111
0.16066669
0.3071241
0.1214143
0.15440759
0.38291308
0.32165262
0.37991706
test_variance_costs
0.07862012
0.020990795
0.46014985
0.026382925
0.015068676
0.6477391
0.29171082
0.535748
test_mean_wealth
-1.425275
-1.6699643
-1.8394299
-1.6581546
-1.6840147
-1.910528
-1.8542265
-1.9104555
test_mean_abs_wealth
1.5156049
1.7225376
1.9053985
1.789565
1.7482352
1.9696313
1.9290606
1.9882492
test_variance_wealth
1.2033489
1.1188278
1.2147468
1.3445765
1.1335918
1.1290183
1.2030437
1.2113564
test_wealth_with_price_abs_mean
0.8844897
0.8286902
0.82101965
0.88716084
0.8289655
0.8256734
0.82092255
0.85251987
test_wealth_with_price_variance
1.2033489
1.1188278
1.2147468
1.3445765
1.1335918
1.1290183
1.2030437
1.2113564
price
1.5021892
1.5021892
1.5021892
1.5021925
1.5021932
1.5021892
1.5021892
1.5021892
train_time
161.2946096
115.65218379999999
138.2792531
83.56624899999997
93.79846550000002
154.12190409999994
144.09888910000018
122.98988809999992


================================================================================
=== lstm
train_risk
1.8406816
2.1876678
2.379109
2.1790853
2.1735733
2.4452963
2.3914444
2.4172094
test_risk
1.8352511
2.1835568
2.3743875
2.184384
2.1792662
2.4335494
2.390147
2.4234967
test_mean_value
0.53040224
0.0948612
0.071091205
0.06505233
0.08294802
0.065004066
0.06737282
0.07532517
test_mean_abs_value
0.7931168
0.47961217
1.606536
0.9951076
0.53993267
1.6895914
1.628972
1.7051693
test_variance_value
0.7793155
0.35118055
3.7767737
1.5488667
0.44856113
4.1776843
3.8692112
4.2710595
test_mean_costs
0.21971257
0.12967956
0.31395915
0.12830797
0.13310638
0.36935616
0.33385175
0.37920272
test_mean_abs_costs
0.21971257
0.12967956
0.31395915
0.12830797
0.13310638
0.36935616
0.33385175
0.37920272
test_variance_costs
0.24988781
0.031149076
0.4975412
0.11721394
0.06355706
0.65548253
0.45820034
0.73491913
test_mean_wealth
-1.2902436
-1.6326807
-1.8450527
-1.6600205
-1.6541499
-1.896909
-1.8654239
-1.9092044
test_mean_abs_wealth
1.3660429
1.6741557
1.8893579
1.7173876
1.6847605
1.9446789
1.9102391
1.9492499
test_variance_wealth
1.0900148
1.1017523
1.0586694
1.0487274
1.0502326
1.0732806
1.0494462
1.028585
test_wealth_with_price_abs_mean
0.8663283
0.83243704
0.7881478
0.7998505
0.80705535
0.8022374
0.78435254
0.7952634
test_wealth_with_price_variance
1.0900148
1.1017523
1.0586694
1.0487274
1.0502326
1.0732806
1.0494462
1.028585
price
1.5021892
1.5021892
1.5021892
1.5021925
1.5021932
1.5021892
1.5021892
1.5021892
train_time
236.90583249999997
113.033052
149.47557329999995
151.7030195000002
122.86416850000023
234.82451949999995
218.1240117000002
294.21664710000005


