================================================================================
=== continuous-time
train_risk
18.160572
6.722137
11.880175
24.412683
25.12665
9.127769
22.023062
19.356825
test_risk
18.16015
6.718578
11.913324
24.412281
25.150387
9.110876
22.045826
19.263329
test_mean_value
0.25010207
0.13530955
0.20084901
0.71840256
0.21168984
0.10845344
0.31844997
0.5185127
test_mean_abs_value
5.38701
3.7702916
4.5450273
6.634652
10.261393
3.5846097
9.078137
5.8283763
test_variance_value
45.033905
27.60342
33.835743
76.31023
166.86362
23.591135
148.08958
64.85696
test_mean_costs
8.744127
2.7190225
4.494179
6.8137984
7.549758
4.1528344
8.4393015
5.88403
test_mean_abs_costs
8.744127
2.7190225
4.494179
6.8137984
7.549758
4.1528344
8.4393015
5.88403
test_variance_costs
3.0126827
0.5215513
2.2460022
1.7299689
1.8280977
1.1302886
3.838891
3.047568
test_mean_wealth
-13.059344
-5.8225503
-9.214914
-21.337954
-21.372562
-7.1170154
-14.495457
-15.250836
test_mean_abs_wealth
13.0594
5.8225503
9.214921
21.337954
21.372562
7.118459
14.496268
15.250922
test_variance_wealth
10.201613
1.7920552
5.3968196
6.148654
7.555648
3.9877222
15.100738
8.024984
test_wealth_with_price_abs_mean
8.523663
2.726336
4.4298515
6.9061036
7.979885
4.1730375
7.8314576
5.8840423
test_wealth_with_price_variance
10.201614
1.7920552
5.3968196
6.148654
7.555648
3.9877222
15.100738
8.024984
price
4.5384836
3.097333
4.794398
14.43437
13.397912
2.953536
6.6983004
9.413158
train_time
6.71638870000001
4.893389299999967
3.5707967999999255
2.814843600000131
6.683969000000161
3.8515268999999535
3.250273699999525
6.053222700000333


================================================================================
=== deep network
train_risk
11.950009
5.8154063
9.775598
22.003376
23.276634
7.2241154
18.38475
15.99027
test_risk
11.957535
5.8206215
9.780693
22.04274
23.286015
7.2436705
18.477491
15.980236
test_mean_value
0.13016047
0.15853205
0.19903159
0.6978705
0.1954653
0.16489263
0.6693055
0.4445879
test_mean_abs_value
3.8230257
3.6677847
3.6700704
6.1052437
9.269075
3.2564743
7.924788
4.959833
test_variance_value
23.13721
24.925472
22.593908
63.242054
136.66219
17.243546
112.25086
48.065655
test_mean_costs
3.4111712
1.6096654
2.8117602
3.9426432
4.4312196
1.8301742
4.8381515
3.2306037
test_mean_abs_costs
3.4111712
1.6096654
2.8117602
3.9426432
4.4312196
1.8301742
4.8381515
3.2306037
test_variance_costs
2.3163002
0.097437724
1.2651943
0.4120005
0.51108444
2.747695
3.8721468
2.5864933
test_mean_wealth
-7.8463297
-4.6899705
-7.534313
-18.48733
-18.270248
-4.737916
-10.543451
-12.671335
test_mean_abs_wealth
7.8491106
4.690023
7.5395083
18.48733
18.271448
4.7711616
10.580468
12.671919
test_variance_wealth
8.222409
2.261302
4.4927588
7.11082
10.031531
5.0115094
15.868079
6.6178007
test_wealth_with_price_abs_mean
4.348207
1.5556862
2.5960903
3.903178
5.1516213
2.893945
8.149285
3.5253937
test_wealth_with_price_variance
8.222409
2.261302
4.4927588
7.11082
10.031531
5.0115094
15.868079
6.6178007
price
11.957483
5.8205566
9.780646
22.042694
23.28595
7.2436104
18.47744
15.980183
train_time
121.49657160000001
94.16021799999999
88.03864210000006
175.14105900000004
169.40772180000022
108.86407589999999
160.07324269999935
157.13243650000004


================================================================================
=== identity feature map
train_risk
12.566347
5.745676
9.442364
21.701069
21.747242
6.89075
16.734493
15.912167
test_risk
12.595149
5.748226
9.43741
21.684883
21.741379
6.898286
16.750828
15.8754015
test_mean_value
0.120695114
0.15414652
0.19595844
0.7226886
0.20117195
0.12930822
0.4165551
0.3772921
test_mean_abs_value
4.2116804
3.6417754
3.8926373
6.293545
9.428573
3.2527623
8.592654
5.1733584
test_variance_value
27.582634
24.691402
24.995094
68.07912
140.48447
18.256596
130.84673
51.59892
test_mean_costs
3.328184
1.688656
2.6456294
4.1352572
4.9027176
1.888094
4.8828692
3.2109866
test_mean_abs_costs
3.328184
1.688656
2.6456294
4.1352572
4.9027176
1.888094
4.8828692
3.2109866
test_variance_costs
0.739551
0.11982295
0.6613784
0.22078474
0.6148021
0.17883228
0.9447679
0.86432534
test_mean_wealth
-7.772807
-4.7733464
-7.3712554
-18.655125
-18.73604
-4.83142
-10.8409195
-12.719014
test_mean_abs_wealth
7.783497
4.7733464
7.3726063
18.655125
18.73604
4.8449674
10.845174
12.720389
test_variance_wealth
9.644684
1.949759
4.1323094
6.0595164
6.010678
4.1337323
11.819815
6.3127747
test_wealth_with_price_abs_mean
5.0144677
1.4153296
2.4345376
3.3809705
3.2940843
2.4792955
6.06937
3.378302
test_wealth_with_price_variance
9.644684
1.949759
4.1323094
6.0595164
6.010678
4.1337323
11.819815
6.3127747
price
12.595098
5.7481613
9.437364
21.684837
21.741314
6.898226
16.750776
15.875348
train_time
9.894051600000012
18.96272399999998
34.28779080000004
35.72870669999975
19.049915600000077
14.273870999999872
18.819375900000523
20.525220600000466


================================================================================
=== deep memory network
train_risk
11.848469
5.7895064
9.590002
21.896631
23.299082
6.894932
18.110321
15.60309
test_risk
11.866495
5.7942905
9.595636
21.933544
23.311752
6.919489
18.212765
15.589338
test_mean_value
0.13379832
0.1587977
0.19533305
0.69391596
0.19607887
0.15969536
0.676193
0.4122725
test_mean_abs_value
3.7704031
3.6847386
3.793822
6.058162
9.2607155
3.1863048
8.145843
4.9269676
test_variance_value
22.68105
25.017532
23.66847
62.510475
136.02452
16.82071
117.93917
47.283775
test_mean_costs
3.4153402
1.6886885
2.5605133
3.9867458
4.4075017
1.7478666
5.236745
3.4939337
test_mean_abs_costs
3.4153402
1.6886885
2.5605133
3.9867458
4.4075017
1.7478666
5.236745
3.4939337
test_variance_costs
2.6736574
0.10559993
0.7605775
0.63433313
0.48862046
2.648843
5.969649
4.3757052
test_mean_wealth
-7.8468604
-4.7687283
-7.2867646
-18.535387
-18.245918
-4.6608057
-10.935157
-12.966981
test_mean_abs_wealth
7.849774
4.768769
7.291032
18.535387
18.24707
4.6966085
10.97622
12.966996
test_variance_wealth
8.03927
2.051125
4.617744
6.7963123
10.131668
4.517366
14.555217
5.244714
test_wealth_with_price_abs_mean
4.264806
1.4503688
2.6565511
3.7556806
5.19171
2.6672032
7.495173
2.934094
test_wealth_with_price_variance
8.03927
2.051125
4.617744
6.7963123
10.131668
4.517366
14.555217
5.244714
price
11.866444
5.7942257
9.59559
21.933498
23.311687
6.919429
18.212713
15.589285
train_time
91.29377109999996
100.99989099999993
194.50799210000014
178.90816019999966
178.4000315000003
216.77256609999995
150.18848220000018
168.17686330000015


================================================================================
=== lstm
train_risk
10.721678
5.6556597
9.053523
21.250679
21.77766
6.5794015
16.941038
15.021442
test_risk
10.745516
5.659933
9.068313
21.273273
21.817379
6.604293
17.055983
15.011656
test_mean_value
0.11991176
0.15785438
0.19853131
0.6983691
0.19914284
0.15150374
0.5742541
0.41269976
test_mean_abs_value
3.9867492
3.694388
3.8032494
6.232028
9.2967415
3.2558093
8.145405
5.0237103
test_variance_value
25.287704
25.316343
23.727407
65.14855
137.05707
17.659567
118.675285
49.307392
test_mean_costs
3.5596054
1.5844792
2.7306266
3.8959312
4.4875507
1.7149717
4.7534122
3.124751
test_mean_abs_costs
3.5596054
1.5844792
2.7306266
3.8959312
4.4875507
1.7149717
4.7534122
3.124751
test_variance_costs
3.2764761
0.112561986
1.4588798
0.5170934
1.0736133
1.5116023
4.26923
2.9226162
test_mean_wealth
-8.0050125
-4.665462
-7.4536796
-18.440119
-18.322903
-4.636102
-10.553763
-12.597371
test_mean_abs_wealth
8.00509
4.665494
7.4544215
18.440119
18.323298
4.667735
10.583031
12.597489
test_variance_wealth
5.4810076
1.9889418
3.2292655
5.6663094
6.9889517
3.936381
13.004438
4.82857
test_wealth_with_price_abs_mean
3.1264436
1.4403832
2.036026
3.2483566
3.7401721
2.3965688
6.784706
2.7188118
test_wealth_with_price_variance
5.4810076
1.9889418
3.2292655
5.6663094
6.9889517
3.936381
13.004438
4.82857
price
10.745464
5.6598682
9.068266
21.273228
21.817314
6.604233
17.055931
15.011602
train_time
133.0098565
111.82502990000012
135.58594590000007
154.2306321000001
215.39902120000033
248.81743670000014
191.8759587000004
226.83431959999962


