================================================================================
=== lazy continuous-time
train_risk
4.099535
4.1452637
4.1139994
4.1403503
4.0837927
4.085822
4.135844
4.089846
test_risk
4.1058273
4.085634
4.092979
4.1012735
4.111788
4.1241894
4.084287
4.1072793
test_mean_value
-0.0010269082
-0.0024022355
0.00049008185
-0.003960993
0.003459602
-0.0001114075
0.007037785
-0.00011707554
test_mean_abs_value
1.3819329
1.381686
1.3812679
1.3799343
1.3854619
1.3847151
1.38222
1.3817391
test_variance_value
3.4693873
3.4691029
3.4510875
3.429273
3.5094175
3.487561
3.5069718
3.477903
test_mean_costs
0.0
0.0
0.0
0.0
0.0
0.0
0.0
0.0
test_mean_abs_costs
0.0
0.0
0.0
0.0
0.0
0.0
0.0
0.0
test_variance_costs
0.0
0.0
0.0
0.0
0.0
0.0
0.0
0.0
test_mean_wealth
-2.383879
-2.383504
-2.3807874
-2.386201
-2.3821194
-2.3839948
-2.3792124
-2.3832548
test_mean_abs_wealth
2.4806287
2.4791462
2.4788516
2.4797797
2.4819567
2.4813828
2.4803524
2.4798346
test_variance_wealth
1.5847479
1.5792296
1.5764003
1.5399982
1.628249
1.5991328
1.6409178
1.5934088
test_wealth_with_price_abs_mean
0.52533984
0.52323776
0.5262008
0.5239867
0.52897835
0.5287585
0.527688
0.5255862
test_wealth_with_price_variance
1.5847479
1.5792296
1.5764004
1.5399982
1.628249
1.5991328
1.6409178
1.5934088
price
2.3832371
2.3832371
2.3832371
2.3832371
2.3832371
2.3832371
2.3832371
2.3832371
train_time
5.071519099999996
8.913549199999807
5.068604299999606
8.236045699999977
8.690254499999355
7.846660400000474
6.757002800000009
5.7789623999997275


================================================================================
=== jump continuous-time
train_risk
3.4727082
3.4795732
3.4684646
3.4780414
3.4689229
3.4711738
3.4784405
3.4713655
test_risk
3.48065
3.4756606
3.476415
3.4810278
3.4758449
3.4756174
3.4818478
3.510222
test_mean_value
-0.0010977448
-0.0010680119
-0.0006322805
-0.0014196578
0.002905718
0.00096554233
0.0033705197
-0.0015129495
test_mean_abs_value
1.3714286
1.3724164
1.3723056
1.3728552
1.3747827
1.3734002
1.3714848
1.3724465
test_variance_value
2.530688
2.585039
2.5523884
2.6389635
2.5926847
2.5473185
2.5540826
3.1460345
test_mean_costs
0.0
0.0
0.0
0.0
0.0
0.0
0.0
0.0
test_mean_abs_costs
0.0
0.0
0.0
0.0
0.0
0.0
0.0
0.0
test_variance_costs
0.0
0.0
0.0
0.0
0.0
0.0
0.0
0.0
test_mean_wealth
-2.3839498
-2.3821697
-2.3819098
-2.3836596
-2.3826733
-2.382918
-2.3828795
-2.3846505
test_mean_abs_wealth
2.3900464
2.3900368
2.390209
2.3912048
2.3910055
2.389803
2.3898623
2.3910692
test_variance_wealth
0.32901224
0.3800657
0.3524643
0.43310782
0.38405067
0.33846495
0.34918463
0.93373376
test_wealth_with_price_abs_mean
0.3851393
0.385067
0.38632238
0.3859305
0.38635552
0.386022
0.38641736
0.38598377
test_wealth_with_price_variance
0.32901224
0.3800657
0.3524643
0.43310782
0.38405067
0.33846495
0.3491846
0.9337337
price
2.3832371
2.3832371
2.3832371
2.3832371
2.3832371
2.3832371
2.3832371
2.3832371
train_time
3.4677073999999948
7.46877429999995
6.21232770000006
6.958021800000097
4.341005300000688
4.8823960999998235
6.337355600000592
8.491333799999666


================================================================================
=== deep network
train_risk
3.245795
3.2179413
3.2483451
3.2336097
3.225569
3.2263446
3.2409117
3.2327757
test_risk
3.2562695
3.2396355
3.2716303
3.241853
3.2615418
3.2451193
3.2594473
3.2479336
test_mean_value
0.0006633943
-0.0024970525
-2.2407528e-06
-0.0022535026
0.002402684
0.00250083
0.0021741258
-0.00081998465
test_mean_abs_value
1.4785267
1.47924
1.4850906
1.4800354
1.486916
1.4839127
1.4837996
1.4856007
test_variance_value
3.145134
3.0830107
3.1866038
3.0869186
3.0830557
3.0633106
3.1362107
3.1217098
test_mean_costs
0.0
0.0
0.0
0.0
0.0
0.0
0.0
0.0
test_mean_abs_costs
0.0
0.0
0.0
0.0
0.0
0.0
0.0
0.0
test_variance_costs
0.0
0.0
0.0
0.0
0.0
0.0
0.0
0.0
test_mean_wealth
-2.3821886
-2.3835988
-2.3812797
-2.3844934
-2.3831763
-2.3813825
-2.3840759
-2.3839576
test_mean_abs_wealth
2.4230788
2.412234
2.426002
2.417433
2.4135184
2.4094822
2.4178956
2.4238167
test_variance_wealth
0.6516459
0.52252555
0.688729
0.54642606
0.5081227
0.49431297
0.5853336
0.59174466
test_wealth_with_price_abs_mean
0.43906176
0.43041915
0.44353187
0.43385407
0.43247765
0.43400422
0.4407117
0.43519837
test_wealth_with_price_variance
0.6516459
0.52252555
0.688729
0.54642606
0.5081227
0.49431297
0.5853336
0.59174466
price
2.3832371
2.3832371
2.3832371
2.3832371
2.3832371
2.3832371
2.3832371
2.3832371
train_time
107.90634439999997
133.86475289999998
87.3320735000002
132.15581330000032
144.8680121999996
96.1412793999998
106.37297709999984
97.9835807999998


================================================================================
=== identity feature map
train_risk
3.4320853
3.4435115
3.4416318
3.498736
3.4372344
3.4320056
3.4875972
3.441442
test_risk
3.5385284
3.4539607
3.4741354
3.5100875
3.4843967
3.470248
3.4988155
3.5691395
test_mean_value
-0.002119331
0.0018791857
-0.004567083
-0.0064211143
0.004506112
0.0022555278
0.0011999238
-0.0044905106
test_mean_abs_value
1.5111558
1.4948863
1.5099058
1.5302945
1.5211445
1.4952914
1.5199552
1.5005524
test_variance_value
6.8888354
3.7965984
5.684984
7.68492
6.037692
3.4022536
7.417158
5.4265575
test_mean_costs
0.0
0.0
0.0
0.0
0.0
0.0
0.0
0.0
test_mean_abs_costs
0.0
0.0
0.0
0.0
0.0
0.0
0.0
0.0
test_variance_costs
0.0
0.0
0.0
0.0
0.0
0.0
0.0
0.0
test_mean_wealth
-2.3849714
-2.3792226
-2.3858447
-2.388661
-2.381073
-2.3816278
-2.38505
-2.387628
test_mean_abs_wealth
2.4397047
2.4258316
2.4633026
2.5321863
2.4596357
2.4144378
2.4992275
2.4389377
test_variance_wealth
4.3638744
1.2953969
3.2614923
5.4678807
3.5749307
0.8450795
5.104828
2.92259
test_wealth_with_price_abs_mean
0.4233395
0.414398
0.43601054
0.48377395
0.4373251
0.4101132
0.46039653
0.42383504
test_wealth_with_price_variance
4.3638744
1.2953969
3.2614923
5.4678807
3.5749307
0.8450795
5.104828
2.92259
price
2.3832371
2.3832371
2.3832371
2.3832371
2.3832371
2.3832371
2.3832371
2.3832371
train_time
19.781444899999997
17.65276599999993
15.232024200000069
10.153277099999741
18.714301899999555
15.489467499999591
10.986411199999566
13.728331299999809


