================================================================================
=== lazy continuous-time
train_risk
4.143701
4.1383896
4.133126
4.1257167
4.1001263
4.0967913
4.082993
4.0986266
test_risk
4.1139493
4.093773
4.076054
4.165828
4.135956
4.1343064
4.0913863
4.1116605
test_mean_value
-0.00244469
0.0052803946
-0.0038205222
-0.000619427
-0.003727099
0.0013439248
0.0028791765
-0.00068891427
test_mean_abs_value
1.3865154
1.3837976
1.3795288
1.3872497
1.3858931
1.386318
1.3793635
1.3816203
test_variance_value
3.5067356
3.4704082
3.4124362
3.5629673
3.4871924
3.5248177
3.4290826
3.482913
test_mean_costs
0.0
0.0
0.0
0.0
0.0
0.0
0.0
0.0
test_mean_abs_costs
0.0
0.0
0.0
0.0
0.0
0.0
0.0
0.0
test_variance_costs
0.0
0.0
0.0
0.0
0.0
0.0
0.0
0.0
test_mean_wealth
-2.3821626
-2.381475
-2.382439
-2.3862774
-2.3858433
-2.385992
-2.3819625
-2.3824265
test_mean_abs_wealth
2.4829617
2.482382
2.4775507
2.4853423
2.4818313
2.4839175
2.4785306
2.4817028
test_variance_wealth
1.6254116
1.600598
1.5324833
1.6654457
1.5859528
1.6303753
1.5530034
1.6082844
test_wealth_with_price_abs_mean
0.5290305
0.528891
0.5245311
0.529401
0.52701455
0.5283652
0.5259053
0.5280393
test_wealth_with_price_variance
1.6254117
1.600598
1.5324833
1.6654457
1.5859528
1.6303753
1.5530034
1.6082844
price
2.3832371
2.3832371
2.3832371
2.3832371
2.3832371
2.3832371
2.3832371
2.3832371
train_time
3.697893099999998
2.192216099999996
2.845558800000049
2.5370987000000014
3.3967846999998983
4.569885699999986
2.9183170999999675
3.9263330000001133


================================================================================
=== jump continuous-time
train_risk
5.1574802
5.150787
4.9704294
5.06227
4.9250097
4.989031
4.9920526
5.069704
test_risk
5.077093
4.998946
4.953121
5.131673
5.0083537
5.02721
4.9648924
5.054331
test_mean_value
-0.007406846
0.0010739939
-0.0008936271
-0.0042555276
0.0012720169
0.013880038
0.0030609455
0.0044096247
test_mean_abs_value
1.5251178
1.5175172
1.5174288
1.5289177
1.5247809
1.5354145
1.5153084
1.529722
test_variance_value
29.558802
29.279123
29.157234
31.102455
28.242393
32.120583
28.445393
29.951462
test_mean_costs
0.0
0.0
0.0
0.0
0.0
0.0
0.0
0.0
test_mean_abs_costs
0.0
0.0
0.0
0.0
0.0
0.0
0.0
0.0
test_variance_costs
0.0
0.0
0.0
0.0
0.0
0.0
0.0
0.0
test_mean_wealth
-2.3871248
-2.3856814
-2.3795118
-2.3899136
-2.380844
-2.3734558
-2.3817809
-2.3773282
test_mean_abs_wealth
2.6776524
2.6722405
2.6721358
2.6835935
2.677358
2.6896932
2.6709044
2.6857173
test_variance_wealth
27.911224
27.646257
27.550417
29.446861
26.62408
30.545666
26.829126
28.35803
test_wealth_with_price_abs_mean
0.6730771
0.6675185
0.6680925
0.6757901
0.67222327
0.68320704
0.6664539
0.6807805
test_wealth_with_price_variance
27.911224
27.64626
27.550417
29.446861
26.62408
30.545666
26.829126
28.358032
price
2.3832371
2.3832371
2.3832371
2.3832371
2.3832371
2.3832371
2.3832371
2.3832371
train_time
3.658388600000002
4.736914399999989
2.0630738999999494
2.801969999999983
1.8569669999999405
4.172168099999908
3.1782230000001164
2.3584820999999465


================================================================================
=== deep network
train_risk
3.5223932
3.4826794
3.5353374
3.4732568
3.4774215
3.4638958
3.4737232
3.4615638
test_risk
3.5268073
3.491881
3.5432575
3.483788
3.491614
3.4738407
3.4716775
3.4751012
test_mean_value
-0.002167257
0.0023482342
-0.0050869323
0.0015737718
-0.0008712283
0.004067322
0.0026357844
-0.002179045
test_mean_abs_value
1.4633206
1.4638919
1.4854743
1.4528089
1.4616492
1.4694982
1.4587663
1.4537151
test_variance_value
3.0983565
3.010973
3.1498287
2.95422
3.013238
3.0216677
2.9848115
2.9650447
test_mean_costs
0.0
0.0
0.0
0.0
0.0
0.0
0.0
0.0
test_mean_abs_costs
0.0
0.0
0.0
0.0
0.0
0.0
0.0
0.0
test_variance_costs
0.0
0.0
0.0
0.0
0.0
0.0
0.0
0.0
test_mean_wealth
-2.3818853
-2.384407
-2.3837051
-2.3840842
-2.3829875
-2.3832686
-2.382206
-2.3839166
test_mean_abs_wealth
2.4474943
2.4238803
2.4365215
2.4168386
2.4225373
2.41216
2.4094489
2.4112446
test_variance_wealth
0.8400868
0.63399947
0.7416506
0.5855356
0.64583087
0.5647902
0.55654013
0.549787
test_wealth_with_price_abs_mean
0.53568023
0.5152281
0.53633994
0.5082787
0.51384825
0.5070991
0.5067003
0.5031794
test_wealth_with_price_variance
0.8400868
0.63399947
0.7416506
0.5855356
0.64583087
0.5647902
0.55654013
0.549787
price
2.3832371
2.3832371
2.3832371
2.3832371
2.3832371
2.3832371
2.3832371
2.3832371
train_time
49.2440527
61.72583509999998
53.98362999999995
70.79444139999998
67.19760350000001
89.10521500000004
94.17796840000005
88.75066629999992


================================================================================
=== identity feature map
train_risk
3.6051698
3.6005013
3.6070313
3.655254
3.6079645
3.6202931
3.6058695
3.5985134
test_risk
3.615522
3.605782
3.6117156
3.6632247
3.6184068
3.6232665
3.5987816
3.6164846
test_mean_value
-0.0048797927
0.0032762296
-0.0045471066
0.004402208
-0.0024678605
0.0039661173
0.0034661237
0.0006013628
test_mean_abs_value
1.4726993
1.4684881
1.4706666
1.511929
1.4812587
1.4638479
1.4684268
1.4737777
test_variance_value
3.0737731
3.042693
3.2651756
9.447918
3.765313
3.2366633
3.140943
3.3227892
test_mean_costs
0.0
0.0
0.0
0.0
0.0
0.0
0.0
0.0
test_mean_abs_costs
0.0
0.0
0.0
0.0
0.0
0.0
0.0
0.0
test_variance_costs
0.0
0.0
0.0
0.0
0.0
0.0
0.0
0.0
test_mean_wealth
-2.3845978
-2.383479
-2.3831654
-2.3812556
-2.3845842
-2.3833697
-2.3813758
-2.3811364
test_mean_abs_wealth
2.4446526
2.4427993
2.4547226
2.5310223
2.4639492
2.459205
2.4491718
2.4488971
test_variance_wealth
0.73659325
0.71856016
0.98277444
7.342418
1.4757621
1.0003484
0.84965426
1.009968
test_wealth_with_price_abs_mean
0.5010209
0.49978647
0.5088595
0.56012756
0.51408535
0.51305234
0.5047093
0.5065939
test_wealth_with_price_variance
0.73659325
0.71856016
0.98277444
7.342418
1.4757621
1.0003484
0.84965426
1.009968
price
2.3832371
2.3832371
2.3832371
2.3832371
2.3832371
2.3832371
2.3832371
2.3832371
train_time
12.572844000000003
13.598951
8.565307299999972
6.726682600000004
9.954652500000066
8.694175099999939
11.274216399999887
13.800194799999872


