================================================================================
=== lazy continuous-time
train_risk
4.1190877
4.144932
4.1215076
4.1005282
4.131146
4.0717936
4.102066
4.1040215
test_risk
4.0833454
4.1107197
4.1067247
4.0713205
4.1058598
4.097495
4.1267924
4.1238303
test_mean_value
0.00059658353
0.0017696572
-0.004682983
0.0040451386
0.00040611008
-0.0016386884
-0.0062672324
0.0012745503
test_mean_abs_value
1.3818921
1.3840208
1.3822507
1.3798213
1.3854594
1.381287
1.387398
1.3856078
test_variance_value
3.4775467
3.503637
3.4546962
3.4491615
3.494731
3.455948
3.5418706
3.5092263
test_mean_costs
0.0
0.0
0.0
0.0
0.0
0.0
0.0
0.0
test_mean_abs_costs
0.0
0.0
0.0
0.0
0.0
0.0
0.0
0.0
test_variance_costs
0.0
0.0
0.0
0.0
0.0
0.0
0.0
0.0
test_mean_wealth
-2.3806963
-2.3812997
-2.38453
-2.3814502
-2.3837566
-2.3809474
-2.3836923
-2.3848536
test_mean_abs_wealth
2.4794436
2.4810014
2.481062
2.4811418
2.482011
2.4796305
2.4838712
2.4835303
test_variance_wealth
1.6037257
1.6255047
1.5707814
1.583613
1.6017722
1.5788282
1.6516984
1.6186374
test_wealth_with_price_abs_mean
0.52541625
0.5271457
0.5257258
0.525776
0.5255475
0.5260112
0.5298252
0.527977
test_wealth_with_price_variance
1.6037257
1.6255047
1.5707814
1.5836132
1.6017722
1.5788282
1.6516984
1.6186374
price
2.3832371
2.3832371
2.3832371
2.3832371
2.3832371
2.3832371
2.3832371
2.3832371
train_time
4.3622646
5.4685321000000044
2.7990436000000045
6.18474789999982
5.299827800000003
2.5689919000001282
5.259793900000204
4.947845700000016


================================================================================
=== jump continuous-time
train_risk
3.8886833
3.9824524
3.9649346
3.9010196
3.9257348
3.8784053
3.9578261
3.8997908
test_risk
3.8998394
4.0149994
3.8970942
3.868538
3.851267
3.9060342
3.930549
3.9288132
test_mean_value
-0.00054168754
-0.005947908
-0.0025889291
0.0029445218
0.0016292693
-0.0037789508
-0.007437899
0.0012409677
test_mean_abs_value
1.3504081
1.3567463
1.3511026
1.346767
1.3501245
1.3498445
1.3544438
1.3547319
test_variance_value
4.2501774
5.3384743
3.897104
3.1864367
3.2120678
3.5752592
4.2097487
3.8818874
test_mean_costs
0.0
0.0
0.0
0.0
0.0
0.0
0.0
0.0
test_mean_abs_costs
0.0
0.0
0.0
0.0
0.0
0.0
0.0
0.0
test_variance_costs
0.0
0.0
0.0
0.0
0.0
0.0
0.0
0.0
test_mean_wealth
-2.3818345
-2.3890173
-2.382436
-2.3825507
-2.3825336
-2.3830876
-2.3848631
-2.3848872
test_mean_abs_wealth
2.4002798
2.405953
2.4024158
2.4002955
2.3991199
2.4006083
2.4037158
2.4049916
test_variance_wealth
2.153281
3.205918
1.8061606
1.0981935
1.108192
1.4712265
2.0981328
1.7738055
test_wealth_with_price_abs_mean
0.45869413
0.46316507
0.45930833
0.45684338
0.45385894
0.4581725
0.46171302
0.46126097
test_wealth_with_price_variance
2.153281
3.2059178
1.8061606
1.0981935
1.108192
1.4712265
2.0981328
1.7738055
price
2.3832371
2.3832371
2.3832371
2.3832371
2.3832371
2.3832371
2.3832371
2.3832371
train_time
2.6913773999999933
2.973180700000057
6.811567299999979
6.03370330000007
3.5590907999999217
4.195929999999862
4.412631199999851
2.969593299999815


================================================================================
=== deep network
train_risk
3.4744415
3.4889631
3.484326
3.5074568
3.502195
3.4695115
3.4616513
3.527785
test_risk
3.475361
3.4926665
3.483652
3.518192
3.5025551
3.4724538
3.4759402
3.5365777
test_mean_value
-0.0017849898
-0.00023794852
-0.003656794
-0.0013269437
0.0006551242
-0.0034175294
-0.0050797267
0.0025769677
test_mean_abs_value
1.4658501
1.4657377
1.4553796
1.4532732
1.4501989
1.4596239
1.4720213
1.4573953
test_variance_value
3.0235615
3.047138
2.982934
3.0773032
3.021352
2.9793565
3.038837
3.0636294
test_mean_costs
0.0
0.0
0.0
0.0
0.0
0.0
0.0
0.0
test_mean_abs_costs
0.0
0.0
0.0
0.0
0.0
0.0
0.0
0.0
test_variance_costs
0.0
0.0
0.0
0.0
0.0
0.0
0.0
0.0
test_mean_wealth
-2.3830779
-2.3833072
-2.3835037
-2.3868222
-2.3835077
-2.3827262
-2.382505
-2.3835514
test_mean_abs_wealth
2.4150233
2.4246964
2.4162428
2.4399006
2.4336474
2.4111907
2.4142382
2.4380405
test_variance_wealth
0.5937824
0.6640895
0.5971524
0.7827099
0.7234888
0.55828416
0.58698326
0.7814894
test_wealth_with_price_abs_mean
0.50482816
0.51508725
0.5117257
0.5259146
0.52195656
0.5053376
0.5099229
0.53611124
test_wealth_with_price_variance
0.5937824
0.6640895
0.5971524
0.7827099
0.7234888
0.5582841
0.58698326
0.7814894
price
2.3832371
2.3832371
2.3832371
2.3832371
2.3832371
2.3832371
2.3832371
2.3832371
train_time
88.05718629999998
75.66688729999998
81.59785810000005
69.49351249999995
60.659539600000016
104.52059860000008
88.08980419999989
68.93031310000015


================================================================================
=== identity feature map
train_risk
3.6016428
3.6112905
3.5789554
3.5972998
3.5826018
3.6112182
3.6063917
3.6191757
test_risk
3.6211145
3.6123676
3.612268
3.6152735
3.5773735
3.6380045
3.6253936
3.6307201
test_mean_value
-0.0010022108
0.0022170208
-0.007045301
-0.0010797343
-0.002468126
-0.0009888399
0.00030132622
0.0030578005
test_mean_abs_value
1.4915221
1.4721652
1.4737542
1.4705263
1.4751083
1.5021449
1.499829
1.4879763
test_variance_value
7.273714
4.502778
3.7613657
3.3945236
4.026989
12.384742
16.336243
6.6211634
test_mean_costs
0.0
0.0
0.0
0.0
0.0
0.0
0.0
0.0
test_mean_abs_costs
0.0
0.0
0.0
0.0
0.0
0.0
0.0
0.0
test_variance_costs
0.0
0.0
0.0
0.0
0.0
0.0
0.0
0.0
test_mean_wealth
-2.3822951
-2.3808522
-2.3868923
-2.386575
-2.386631
-2.3802974
-2.3771238
-2.3830705
test_mean_abs_wealth
2.4684572
2.4605305
2.4332798
2.4428012
2.43834
2.502596
2.5151942
2.4863017
test_variance_wealth
4.9732833
2.2526
1.3584745
1.0424205
1.639008
10.190746
14.226706
4.405262
test_wealth_with_price_abs_mean
0.51813465
0.51725876
0.48888475
0.5016126
0.49221596
0.5375213
0.5514063
0.52775043
test_wealth_with_price_variance
4.9732833
2.2526
1.3584745
1.0424205
1.639008
10.190746
14.226706
4.405262
price
2.3832371
2.3832371
2.3832371
2.3832371
2.3832371
2.3832371
2.3832371
2.3832371
train_time
8.396808399999998
14.967513699999927
17.344127699999945
9.542344700000058
13.715114599999879
12.185183600000073
7.78023230000008
7.981194199999663


