================================================================================
=== lazy continuous-time
train_risk
5.067529
5.053713
5.0846024
5.016791
5.0261207
5.0178385
5.064568
4.986209
test_risk
5.0245385
5.009255
5.015673
5.0068183
4.930064
5.1045904
4.9615703
5.0678368
test_mean_value
0.0006947767
-0.003737456
0.0021639154
-0.0013495825
-0.0006121104
-0.0073834374
-0.0020279863
-0.0071582957
test_mean_abs_value
1.6467001
1.6372244
1.6402582
1.6414778
1.6332926
1.6449581
1.6319269
1.6426214
test_variance_value
6.8746223
6.7228556
6.8112106
6.8346086
6.605922
6.9569764
6.615219
6.8034534
test_mean_costs
0.0
0.0
0.0
0.0
0.0
0.0
0.0
0.0
test_mean_abs_costs
0.0
0.0
0.0
0.0
0.0
0.0
0.0
0.0
test_variance_costs
0.0
0.0
0.0
0.0
0.0
0.0
0.0
0.0
test_mean_wealth
-2.2287314
-2.2337732
-2.2299829
-2.2295854
-2.2334735
-2.2374117
-2.2338338
-2.235776
test_mean_abs_wealth
2.697695
2.6934133
2.6963794
2.6975887
2.688112
2.7015696
2.6906826
2.6973536
test_variance_wealth
5.6478
5.4889817
5.594874
5.6231227
5.3699055
5.7105784
5.3923135
5.559111
test_wealth_with_price_abs_mean
0.90939826
0.90283996
0.90815735
0.9083766
0.89640844
0.9108798
0.89953554
0.90768766
test_wealth_with_price_variance
5.6478
5.4889817
5.594874
5.6231227
5.3699055
5.710579
5.392314
5.559111
price
2.2310138
2.2310138
2.2310138
2.2310138
2.2310138
2.2310138
2.2310138
2.2310138
train_time
2.5660349
1.637422700000002
2.3667011000000002
1.6589608000000453
1.8485937000000376
1.6674881999999798
2.6984617999999045
1.627713999999969


================================================================================
=== jump continuous-time
train_risk
215.38132
248.4604
251.56064
221.81139
247.67062
252.66264
248.75024
248.62105
test_risk
229.9585
223.56166
234.97043
227.5036
216.41826
228.0648
204.9744
220.14554
test_mean_value
0.18729782
0.5200145
-0.05004162
0.31873828
0.8740891
0.3311853
1.4110721
0.7097599
test_mean_abs_value
23.334078
23.030626
23.597729
23.221096
22.66564
23.289951
22.05785
22.870771
test_variance_value
82984.1
75341.76
88791.82
82248.65
75389.73
74948.67
59657.348
80925.48
test_mean_costs
0.0
0.0
0.0
0.0
0.0
0.0
0.0
0.0
test_mean_abs_costs
0.0
0.0
0.0
0.0
0.0
0.0
0.0
0.0
test_variance_costs
0.0
0.0
0.0
0.0
0.0
0.0
0.0
0.0
test_mean_wealth
-2.0421283
-1.7100213
-2.2821882
-1.9094975
-1.3587723
-1.8988429
-0.82073367
-1.5188578
test_mean_abs_wealth
22.057318
21.755325
22.317213
21.945364
21.38647
22.009493
20.775919
21.59196
test_variance_wealth
82936.25
75295.16
88742.55
82201.13
75344.69
74901.05
59614.723
80879.84
test_wealth_with_price_abs_mean
23.023766
22.716267
23.284054
22.910284
22.352114
22.977522
21.745295
22.564749
test_wealth_with_price_variance
82936.26
75295.16
88742.55
82201.13
75344.69
74901.05
59614.723
80879.85
price
2.2310138
2.2310138
2.2310138
2.2310138
2.2310138
2.2310138
2.2310138
2.2310138
train_time
2.2459591000000003
2.7007381999999893
4.465832999999975
2.9301194999999325
2.8075178999999935
3.2613506000000143
2.9906060999999227
3.7664592000000994


================================================================================
=== deep network
train_risk
3.7836797
3.7977793
3.7582269
3.7784119
3.7480145
3.7737799
3.7362962
3.7395558
test_risk
3.8043778
3.8061628
3.7512958
3.7910426
3.731591
3.7913806
3.736887
3.754094
test_mean_value
0.0015085639
0.0006483501
0.0012666065
-0.00030107933
-0.0014027137
-0.0014032014
-0.002328876
-0.002370411
test_mean_abs_value
1.3953165
1.4090666
1.4285032
1.3781437
1.3573835
1.3568683
1.373798
1.3807616
test_variance_value
3.734602
4.434159
4.415727
3.8416517
3.4225678
3.481954
3.5523858
3.952055
test_mean_costs
0.0
0.0
0.0
0.0
0.0
0.0
0.0
0.0
test_mean_abs_costs
0.0
0.0
0.0
0.0
0.0
0.0
0.0
0.0
test_variance_costs
0.0
0.0
0.0
0.0
0.0
0.0
0.0
0.0
test_mean_wealth
-2.2279174
-2.2293875
-2.23088
-2.2285368
-2.2342641
-2.2314315
-2.2341347
-2.230988
test_mean_abs_wealth
2.5626085
2.601814
2.5737395
2.5690625
2.5307693
2.5401406
2.538144
2.5547721
test_variance_wealth
2.9399834
3.7323792
3.4816055
3.1221633
2.5922263
2.7144566
2.6813138
3.1387997
test_wealth_with_price_abs_mean
0.89984226
0.9130655
0.8621923
0.88571143
0.8550859
0.86305517
0.8420367
0.8555977
test_wealth_with_price_variance
2.9399834
3.7323792
3.4816055
3.1221633
2.5922263
2.7144566
2.6813138
3.1387997
price
2.2310138
2.2310138
2.2310138
2.2310138
2.2310138
2.2310138
2.2310138
2.2310138
train_time
45.9726729
46.821386200000006
72.94865679999998
53.3940053
60.81897129999993
64.3827
80.2533641
61.103702500000054


================================================================================
=== identity feature map
train_risk
4.057116
4.0806203
4.2434287
4.0873766
4.1139517
5.706209
4.088735
4.0739207
test_risk
4.0744634
4.080916
4.2359257
4.097646
4.093302
5.635182
4.079042
4.0763464
test_mean_value
5.165272e-05
-0.0018353278
6.4821696e-05
-0.0024064926
-0.0118356915
0.06109554
-0.010990119
-0.0043878835
test_mean_abs_value
1.3595492
1.4019427
1.5282241
1.3957914
1.4345549
2.5982082
1.4202905
1.3883241
test_variance_value
3.959471
7.2905684
54.29783
6.2568073
16.90776
881.3169
7.846425
5.2028337
test_mean_costs
0.0
0.0
0.0
0.0
0.0
0.0
0.0
0.0
test_mean_abs_costs
0.0
0.0
0.0
0.0
0.0
0.0
0.0
0.0
test_variance_costs
0.0
0.0
0.0
0.0
0.0
0.0
0.0
0.0
test_mean_wealth
-2.2293744
-2.2318711
-2.232082
-2.2306423
-2.244697
-2.1689327
-2.242796
-2.2330055
test_mean_abs_wealth
2.6190355
2.725244
3.0956538
2.6933508
2.8107426
4.7231793
2.7459192
2.6800127
test_variance_wealth
3.507633
7.12775
55.293133
5.9863696
16.945772
886.6179
7.653812
4.886364
test_wealth_with_price_abs_mean
0.94770354
1.0372593
1.3267795
1.0103796
1.1000754
2.8076084
1.0403299
0.99680346
test_wealth_with_price_variance
3.507633
7.12775
55.293133
5.9863696
16.945772
886.61786
7.653812
4.886364
price
2.2310138
2.2310138
2.2310138
2.2310138
2.2310138
2.2310138
2.2310138
2.2310138
train_time
10.627139200000002
7.459707999999978
6.469121500000028
7.694873899999948
6.823596000000066
3.276577599999996
8.73351270000012
9.433649999999943


