================================================================================
=== polynomial 2
train_time
0.0493476000000328
0.05140629999999646
0.0698334999999588
0.05019500000003063
0.05177839999998923
0.04876530000001367
0.04987180000000535
0.04900129999998626
0.0591809000000012
0.050308599999880244
0.050382299999910174
0.04813930000000255
0.052555799999936426
0.052382200000010926
0.053701000000046406
0.049107300000059695


================================================================================
=== polynomial 3
train_time
0.052162499999951706
0.05529260000002978
0.07407719999991969
0.05433570000002419
0.05551339999999527
0.05265810000003057
0.060220500000014
0.05143190000001141
0.06974809999996978
0.05314270000008037
0.05001609999999346
0.05050270000015189
0.05414180000002489
0.05237310000006801
0.051251900000124806
0.05155790000003435


================================================================================
=== polynomial 4
train_time
0.06033919999998716
0.06283159999998134
0.0778051999999434
0.0675628000000188
0.061793099999931655
0.06318439999995462
0.06146109999997407
0.060390400000073896
0.06465330000003178
0.05961339999998927
0.05445499999996173
0.060270999999829655
0.06185430000004999
0.0579721999999947
0.06252200000017183
0.0627187000000049


================================================================================
=== polynomial 5
train_time
0.06560810000001993
0.06762879999996585
0.08043829999996888
0.06602219999990666
0.06883879999998044
0.06804040000008627
0.06541970000000674
0.06671429999994416
0.07352229999992232
0.06346179999991364
0.0618134999999711
0.06596079999985704
0.06329619999996794
0.06461560000002464
0.06242419999989579
0.06890709999993305


================================================================================
=== polynomial 6
train_time
0.09277579999996988
0.06774819999998272
0.0837619999999788
0.06836099999998169
0.06854060000000572
0.07061499999997523
0.06866300000001502
0.07218639999996412
0.0629518000000644
0.06958239999994476
0.06535669999993843
0.07256069999993997
0.06693509999990965
0.06699300000013864
0.06599780000010469
0.06807409999987613


================================================================================
=== polynomial 7
train_time
0.09117439999999988
0.09378220000002102
0.09296319999998559
0.07728750000001128
0.07577720000006138
0.07170830000006845
0.07647940000003928
0.07654389999993327
0.07301649999999427
0.07995289999985289
0.0793112999999721
0.07635030000005827
0.07360979999998563
0.07650590000002921
0.07898930000010296
0.08251659999996264


================================================================================
=== polynomial 8
train_time
0.07604030000004514
0.10154700000003913
0.10313770000004752
0.08451620000005278
0.09793030000003
0.07663000000002285
0.0814256999999543
0.08151390000000447
0.08021340000004784
0.08505749999994805
0.08272519999991346
0.08108289999995577
0.07900480000012067
0.08417880000001787
0.07859310000003461
0.07875190000004295


================================================================================
=== polynomial 9
train_time
0.08651989999998477
0.11440939999999955
0.11163440000007085
0.08814680000000408
0.09612819999995281
0.09186160000001564
0.09059130000002824
0.09402090000003227
0.08608470000001489
0.09413080000012997
0.09096349999981612
0.08994250000000648
0.08792440000001989
0.0924857999998494
0.09202390000018568
0.08838190000005852


================================================================================
=== continuous-time
train_risk
8.10045
8.085456
8.087241
8.080478
8.068792
8.091249
8.077344
8.091181
8.087116
8.094464
8.086853
8.093479
8.075888
8.083644
8.090743
8.086955
test_risk
8.072695
8.087789
8.079529
8.064104
8.074786
8.075648
8.073875
8.081642
8.083049
8.094657
8.075471
8.079068
8.085723
8.073523
8.083192
8.089755
test_mean_value
0.40737835
0.42421374
0.41879877
0.41806003
0.40695468
0.40880793
0.40775764
0.43972656
0.41898474
0.39992568
0.43351248
0.4231786
0.42222038
0.40726125
0.42388555
0.42150763
test_mean_abs_value
4.9858623
4.9836464
4.9963984
4.9733324
4.9724193
4.9889107
4.9838476
5.0029864
4.993564
4.9694514
5.0018873
4.986777
4.983498
4.9796247
4.9924116
4.9907875
test_variance_value
42.96212
42.899654
43.130898
42.772404
42.638397
43.075886
42.92936
43.391514
43.212822
42.42613
43.40533
43.136505
43.01135
42.930004
43.17804
43.19178
test_mean_costs
1.0843295
1.0846248
1.0854056
1.0843054
1.084698
1.084596
1.084887
1.0844816
1.0845942
1.0849837
1.083941
1.0854332
1.0841801
1.0849003
1.084496
1.0842326
test_mean_abs_costs
1.0843295
1.0846248
1.0854056
1.0843054
1.084698
1.084596
1.084887
1.0844816
1.0845942
1.0849837
1.083941
1.0854332
1.0841801
1.0849003
1.084496
1.0842326
test_variance_costs
0.1333504
0.13350117
0.13358173
0.13298771
0.13320148
0.13350353
0.13349283
0.13355133
0.13345885
0.13336818
0.1334352
0.13367534
0.13343483
0.13318989
0.13350567
0.13361551
test_mean_wealth
-5.3185916
-5.31933
-5.3187776
-5.316077
-5.3158636
-5.3225026
-5.31786
-5.3202424
-5.3210235
-5.3204274
-5.3166704
-5.3186674
-5.3182526
-5.317172
-5.319004
-5.3169355
test_mean_abs_wealth
5.3185916
5.31933
5.3187776
5.316077
5.3158636
5.3225026
5.31786
5.3202424
5.3210235
5.3204274
5.3166704
5.3186674
5.3182526
5.317172
5.319004
5.3169355
test_variance_wealth
1.1774832
1.1818827
1.1786249
1.1753137
1.180882
1.1786493
1.1778977
1.1808118
1.1816529
1.1860069
1.1760712
1.1790335
1.188617
1.1800394
1.1872183
1.1872166
test_wealth_with_price_abs_mean
1.2087941
1.2097532
1.2093422
1.2080016
1.2074757
1.2119099
1.2083621
1.2099934
1.2102885
1.21047
1.2063082
1.2092289
1.2100697
1.2073486
1.2114382
1.2084681
test_wealth_with_price_variance
1.1774832
1.1818827
1.1786249
1.1753137
1.180882
1.1786493
1.1778977
1.1808118
1.1816529
1.1860069
1.1760712
1.1790335
1.188617
1.1800394
1.1872183
1.1872166
price
4.232155
4.232155
4.232155
4.232155
4.232155
4.232155
4.232155
4.232155
4.232155
4.232155
4.232155
4.232155
4.232155
4.232155
4.232155
4.232155
train_time
1.9557733000000326
2.9222669999999766
2.0010002000000213
2.4479013000000123
1.809692000000041
2.6625739999999496
1.7877958999999919
2.0173754999999574
2.225486499999988
2.030017300000054
2.237745200000063
1.866764699999976
1.5875149999999394
2.870471499999894
2.893539099999998
2.880593299999873


================================================================================
=== polynomial 2 feature map
train_risk
7.885774
7.850546
7.865293
7.8530693
7.887067
7.8784084
7.845421
7.8765864
7.949087
7.8662148
7.8678975
7.963103
7.8576
7.9334035
7.8682823
7.872278
test_risk
7.8885365
7.8528867
7.868298
7.8605337
7.8868427
7.891752
7.865791
7.893025
7.9519506
7.8645535
7.8672833
7.954626
7.8596053
7.914412
7.874789
7.8718667
test_mean_value
0.42031756
0.44003916
0.42990944
0.42911634
0.41467342
0.4206402
0.42213765
0.45152408
0.4345665
0.41077757
0.4463164
0.4297782
0.43407398
0.41701314
0.43588036
0.43273547
test_mean_abs_value
4.67779
4.6780567
4.672016
4.681631
4.6481233
4.6902494
4.700158
4.7003574
4.6925426
4.670433
4.7045994
4.628828
4.685949
4.636164
4.6951904
4.676262
test_variance_value
40.417084
40.50998
40.492855
40.500454
39.878174
40.821617
40.860775
41.10579
40.949615
40.063023
41.19361
39.783497
40.81405
39.885433
40.994328
40.68678
test_mean_costs
0.6475164
0.6525957
0.65822935
0.66077846
0.66479224
0.6698168
0.6578354
0.6556894
0.6746092
0.6554577
0.6581608
0.6789696
0.66009957
0.6628936
0.65959144
0.6463669
test_mean_abs_costs
0.6475164
0.6525957
0.65822935
0.66077846
0.66479224
0.6698168
0.6578354
0.6556894
0.6746092
0.6554577
0.6581608
0.6789696
0.66009957
0.6628936
0.65959144
0.6463669
test_variance_costs
0.027828455
0.027870705
0.027803998
0.028473264
0.02818333
0.029792428
0.028256712
0.028664056
0.032364354
0.027991371
0.028332474
0.029507138
0.02855252
0.027958587
0.02869879
0.02804157
test_mean_wealth
-4.8688393
-4.8714757
-4.880491
-4.881494
-4.888239
-4.8958907
-4.876428
-4.8796525
-4.895457
-4.8800497
-4.8780866
-4.9056044
-4.8823185
-4.8854136
-4.8821044
-4.8678417
test_mean_abs_wealth
4.8711247
4.874067
4.8832383
4.883891
4.890092
4.898622
4.8789167
4.882527
4.897866
4.8823113
4.8809023
4.907671
4.88538
4.8882146
4.8848886
4.871047
test_variance_wealth
2.5400481
2.4886796
2.5044792
2.4876623
2.504145
2.5177138
2.4922643
2.5142157
2.551721
2.5066152
2.5061564
2.5855713
2.4902785
2.5701594
2.5089006
2.5260048
test_wealth_with_price_abs_mean
1.4257026
1.4141204
1.421036
1.4174049
1.4238173
1.4285135
1.4157678
1.4208566
1.4340992
1.421207
1.4214815
1.4482151
1.4173607
1.4366575
1.4214435
1.4209006
test_wealth_with_price_variance
2.5400481
2.4886796
2.5044792
2.4876623
2.504145
2.5177138
2.4922643
2.5142157
2.551721
2.5066152
2.5061564
2.5855713
2.4902785
2.5701594
2.5089006
2.5260048
price
4.232155
4.232155
4.232155
4.232155
4.232155
4.232155
4.232155
4.232155
4.232155
4.232155
4.232155
4.232155
4.232155
4.232155
4.232155
4.232155
train_time
7.9153402999999685
11.6977804
6.407852700000035
10.070292100000074
9.160785499999974
10.444151599999941
7.412517500000035
7.972749500000077
5.595350699999926
10.977060199999869
9.163354199999958
5.712288599999965
11.636968199999956
5.026390400000082
8.626539200000025
8.010449600000129


================================================================================
=== polynomial 3 feature map
train_risk
8.075102
7.7421927
7.746479
7.7547975
7.743004
7.74759
7.7893004
7.7719665
7.8737235
7.7286773
7.835943
7.7865753
7.7699695
7.8337426
7.784125
7.759685
test_risk
8.08573
7.746441
7.747692
7.765424
7.744702
7.764115
7.8061624
7.78432
7.8794136
7.7278366
7.8412347
7.7815046
7.7775326
7.8244576
7.786858
7.7568135
test_mean_value
0.41257182
0.43203497
0.42565104
0.4207517
0.4086043
0.41217077
0.4131289
0.44117135
0.42762613
0.4023974
0.43483117
0.42640457
0.42123672
0.40470695
0.4299841
0.42513612
test_mean_abs_value
4.648861
4.6640396
4.70202
4.6628394
4.646745
4.675008
4.6776643
4.673977
4.7069173
4.638321
4.657246
4.6693745
4.62514
4.5820627
4.708212
4.6701927
test_variance_value
38.126892
38.88812
39.52539
38.69076
38.41707
39.10465
38.851044
39.09995
39.800205
38.05051
38.841217
38.967564
38.19554
37.289227
39.743042
39.21087
test_mean_costs
0.6444785
0.6508037
0.64124304
0.6486819
0.6499099
0.66109127
0.62959814
0.65097654
0.7080173
0.64912474
0.6181813
0.6386085
0.6429655
0.6321679
0.66149324
0.6542753
test_mean_abs_costs
0.6444785
0.6508037
0.64124304
0.6486819
0.6499099
0.66109127
0.62959814
0.65097654
0.7080173
0.64912474
0.6181813
0.6386085
0.6429655
0.6321679
0.66149324
0.6542753
test_variance_costs
0.029793812
0.020909987
0.020500645
0.021407722
0.020829748
0.021125952
0.021063065
0.021305196
0.024897497
0.020645132
0.020539798
0.019923056
0.020682767
0.021284912
0.021687705
0.021445114
test_mean_wealth
-4.873547
-4.877688
-4.8677626
-4.877762
-4.8794255
-4.8956347
-4.8571997
-4.8852925
-4.9358053
-4.882097
-4.849592
-4.8686166
-4.8780217
-4.866994
-4.8899026
-4.88335
test_mean_abs_wealth
4.873547
4.8777466
4.867885
4.8777704
4.879444
4.895666
4.8572173
4.885363
4.9358344
4.882133
4.849611
4.8686404
4.878036
4.8670506
4.8900175
4.8835163
test_variance_wealth
2.7499726
2.3416276
2.350133
2.3632483
2.349366
2.3553085
2.4199216
2.3778133
2.374534
2.344659
2.4984462
2.4249105
2.388513
2.4798195
2.354538
2.3545516
test_wealth_with_price_abs_mean
1.4777198
1.3895426
1.388114
1.3948362
1.3928177
1.3994473
1.3999751
1.400603
1.4110672
1.3940216
1.4199378
1.4078176
1.4016757
1.4197607
1.3947127
1.3946688
test_wealth_with_price_variance
2.7499726
2.3416276
2.350133
2.3632483
2.349366
2.3553085
2.4199216
2.3778133
2.374534
2.344659
2.4984462
2.4249105
2.388513
2.4798195
2.354538
2.3545516
price
4.232155
4.232155
4.232155
4.232155
4.232155
4.232155
4.232155
4.232155
4.232155
4.232155
4.232155
4.232155
4.232155
4.232155
4.232155
4.232155
train_time
7.715292000000034
9.964670300000023
6.870532199999957
10.926217899999983
8.814197199999967
10.042311699999914
7.6385086999999885
9.153899199999955
8.753398600000082
11.35129710000001
8.859870999999885
7.247597000000042
5.980836899999986
6.758460200000172
6.878556099999969
7.320796900000005


================================================================================
=== polynomial 4 feature map
train_risk
7.729602
7.747262
7.6663046
7.624029
7.640921
7.619108
7.7111135
7.630647
7.710592
7.6637583
7.7189527
7.683466
7.713492
7.7222853
7.63558
7.649637
test_risk
7.7253795
7.7493267
7.6704435
7.629836
7.639673
7.6320305
7.7256513
7.642981
7.7067146
7.6655116
7.723177
7.6714764
7.717635
7.7104597
7.6366158
7.651848
test_mean_value
0.42171335
0.4344618
0.42889646
0.42530885
0.41143212
0.41630232
0.4158818
0.4470221
0.43435925
0.4067324
0.44030875
0.43247226
0.42639855
0.40982518
0.43228638
0.43351945
test_mean_abs_value
4.720647
4.6472487
4.6870985
4.6675034
4.6341386
4.6748185
4.656426
4.6879315
4.7262454
4.644876
4.661899
4.68404
4.639768
4.603257
4.6854167
4.7168326
test_variance_value
40.681007
39.397243
40.298336
39.711437
39.14273
40.080437
39.485252
40.20023
41.13915
39.131313
39.93233
40.27833
39.396034
38.705666
40.31854
40.847343
test_mean_costs
0.6526129
0.6527376
0.667299
0.6736696
0.68104875
0.6813878
0.6683828
0.6726075
0.7135728
0.6731235
0.6505786
0.66674066
0.6511228
0.681501
0.6733603
0.684822
test_mean_abs_costs
0.6526129
0.6527376
0.667299
0.6736696
0.68104875
0.6813878
0.6683828
0.6726075
0.7135728
0.6731235
0.6505786
0.66674066
0.6511228
0.681501
0.6733603
0.684822
test_variance_costs
0.021983223
0.021635177
0.022574017
0.020560255
0.021215677
0.022333847
0.022482725
0.020521237
0.026143936
0.022081152
0.022566283
0.0214332
0.021902734
0.02214865
0.021792967
0.022449652
test_mean_wealth
-4.87254
-4.877195
-4.890573
-4.8981924
-4.907737
-4.9118
-4.8932314
-4.9010725
-4.9346275
-4.9017606
-4.876512
-4.8906813
-4.881017
-4.911209
-4.8994675
-4.905513
test_mean_abs_wealth
4.872543
4.877195
4.8905797
4.8981924
4.907737
4.9118
4.8932314
4.9010725
4.9346275
4.9017606
4.876512
4.8906913
4.881017
4.911209
4.8994675
4.9055157
test_variance_wealth
2.2731168
2.31926
2.2119977
2.175553
2.1744053
2.164973
2.285402
2.1920278
2.168749
2.2297065
2.3012552
2.2380462
2.2618585
2.2394574
2.1753135
2.1709995
test_wealth_with_price_abs_mean
1.3645244
1.3796408
1.3595963
1.3545674
1.3580337
1.3568848
1.3782687
1.3595436
1.3597587
1.3704464
1.3787872
1.3670207
1.3677068
1.3739014
1.3540692
1.3525163
test_wealth_with_price_variance
2.2731168
2.31926
2.2119977
2.175553
2.1744053
2.164973
2.285402
2.1920278
2.168749
2.2297065
2.3012552
2.2380462
2.2618585
2.2394574
2.1753135
2.1709995
price
4.232155
4.232155
4.232155
4.232155
4.232155
4.232155
4.232155
4.232155
4.232155
4.232155
4.232155
4.232155
4.232155
4.232155
4.232155
4.232155
train_time
4.835564499999975
7.935961099999986
7.021798399999966
9.976695899999982
7.214801599999987
9.999532400000021
5.392901499999994
9.426248800000053
5.428524599999946
10.293393700000024
8.4173573999999
5.573168500000065
5.99497939999992
5.054094299999861
7.677846400000135
8.46426550000001


================================================================================
=== polynomial 5 feature map
train_risk
7.489283
7.4943833
7.5219684
7.4812894
7.4948826
7.4330487
7.605521
7.4647307
7.5777664
7.659367
7.480226
7.59179
7.458546
7.573612
7.4576573
7.447192
test_risk
7.489282
7.4970446
7.5277247
7.482676
7.49774
7.4448895
7.618399
7.4783635
7.575379
7.6550417
7.484475
7.582275
7.464073
7.5643373
7.4552474
7.447284
test_mean_value
0.41100124
0.4312009
0.4226579
0.42220256
0.40644082
0.4108456
0.41523674
0.44057485
0.42944056
0.40395042
0.4357702
0.4245559
0.42431003
0.41153288
0.42673206
0.42380688
test_mean_abs_value
4.6794057
4.7017117
4.696608
4.712102
4.654632
4.6874075
4.729633
4.7121124
4.749592
4.6549907
4.682871
4.6594443
4.6861935
4.6839685
4.6986794
4.6969476
test_variance_value
38.89049
39.137337
39.184086
39.183582
38.18621
39.146503
39.370247
39.26339
40.409428
38.329414
39.33851
38.65091
39.01546
38.91848
39.37604
39.26116
test_mean_costs
0.69651157
0.6911542
0.65201825
0.70283216
0.6912559
0.6957602
0.6393374
0.69947356
0.7460958
0.7183846
0.6742596
0.68620944
0.7022561
0.69001853
0.69410783
0.69341993
test_mean_abs_costs
0.69651157
0.6911542
0.65201825
0.70283216
0.6912559
0.6957602
0.6393374
0.69947356
0.7460958
0.7183846
0.6742596
0.68620944
0.7022561
0.69001853
0.69410783
0.69341993
test_variance_costs
0.019803097
0.019502196
0.017985128
0.020557888
0.019810714
0.019926071
0.018889394
0.02061233
0.022817513
0.023124712
0.019507706
0.019892856
0.020134127
0.019568417
0.019521719
0.019731265
test_mean_wealth
-4.927151
-4.9188724
-4.8815312
-4.9304614
-4.9229355
-4.9316287
-4.8648314
-4.9343863
-4.9720693
-4.949804
-4.9047313
-4.9180665
-4.934239
-4.918019
-4.9257693
-4.9238234
test_mean_abs_wealth
4.927151
4.9188724
4.8815312
4.9304614
4.9229355
4.9316287
4.8648314
4.9343863
4.9720693
4.949804
4.9047313
4.9180665
4.934239
4.918019
4.9257693
4.9238234
test_variance_wealth
1.9477313
1.9327002
2.0336
1.9040341
1.948615
1.9411801
2.0866973
1.9048014
1.9630053
2.1055567
2.0224442
2.0942388
1.9146181
1.9832704
1.9482889
1.9222997
test_wealth_with_price_abs_mean
1.310646
1.3011497
1.3143938
1.2983444
1.3080217
1.3144892
1.3143699
1.3012073
1.32657
1.3553065
1.3264588
1.3441145
1.3059317
1.3110037
1.3128984
1.3041161
test_wealth_with_price_variance
1.9477313
1.9327002
2.0336
1.9040341
1.948615
1.9411801
2.0866973
1.9048014
1.9630053
2.1055567
2.0224442
2.0942388
1.9146181
1.9832704
1.9482889
1.9222997
price
4.232155
4.232155
4.232155
4.232155
4.232155
4.232155
4.232155
4.232155
4.232155
4.232155
4.232155
4.232155
4.232155
4.232155
4.232155
4.232155
train_time
9.099699600000008
11.136486500000046
7.516930100000081
11.217366999999967
6.799081300000012
9.080753100000038
4.629541700000004
10.259217900000067
5.681477000000086
6.110636599999907
10.968219800000043
5.470072800000025
8.29546399999981
7.7430260000001
8.662430800000038
7.264683000000105


================================================================================
=== polynomial 6 feature map
train_risk
7.5604515
7.6862206
7.5475206
7.5354233
7.466526
7.474854
7.462477
7.4679537
7.617147
7.5392303
7.6463404
7.6000304
7.526847
7.5847893
7.4951143
7.56172
test_risk
7.556533
7.6917567
7.5535946
7.5443096
7.467247
7.4854813
7.4776998
7.4853697
7.60572
7.537528
7.6508255
7.5824895
7.5290384
7.574605
7.5008516
7.560338
test_mean_value
0.41269544
0.4300102
0.42609817
0.4234721
0.40920883
0.41189224
0.41678146
0.4434382
0.43703726
0.40522292
0.43555394
0.43095002
0.42709413
0.41461346
0.43040892
0.4295853
test_mean_abs_value
4.682257
4.6543674
4.7192163
4.696043
4.658892
4.680046
4.7329226
4.7127843
4.8143897
4.6745305
4.664511
4.7276297
4.6873465
4.695957
4.7146254
4.728533
test_variance_value
39.237953
38.869827
40.0125
39.32671
38.732864
39.44738
40.058804
39.8531
41.916466
38.728058
39.06834
40.06147
39.48033
39.7055
40.141434
40.252586
test_mean_costs
0.6770288
0.6624436
0.687556
0.6880972
0.6879752
0.70321417
0.7090016
0.70579726
0.7415129
0.72404593
0.660261
0.6789162
0.6866285
0.7025171
0.69549197
0.7064764
test_mean_abs_costs
0.6770288
0.6624436
0.687556
0.6880972
0.6879752
0.70321417
0.7090016
0.70579726
0.7415129
0.72404593
0.660261
0.6789162
0.6866285
0.7025171
0.69549197
0.7064764
test_variance_costs
0.019575767
0.0207904
0.021628266
0.020553421
0.020198654
0.021639742
0.020837216
0.0205644
0.024633938
0.021530414
0.019295879
0.019751852
0.020659465
0.022029588
0.021132005
0.021463279
test_mean_wealth
-4.905974
-4.891352
-4.9136286
-4.914457
-4.9168863
-4.938036
-4.9329505
-4.937846
-4.95989
-4.9541926
-4.8909492
-4.904379
-4.9158273
-4.927437
-4.9234767
-4.9311013
test_mean_abs_wealth
4.905974
4.891352
4.9136286
4.914457
4.9168863
4.938036
4.9329505
4.937846
4.95989
4.9541926
4.8909492
4.904379
4.9158273
4.927437
4.9234767
4.9311013
test_variance_wealth
2.0101469
2.0946372
1.9688997
1.9540932
1.9238605
1.9245446
1.8800223
1.8701653
1.9577318
1.9700886
2.1525643
2.00712
1.9547826
1.926059
1.9432983
1.9340308
test_wealth_with_price_abs_mean
1.3140259
1.3238614
1.3042958
1.3010123
1.2991343
1.3082317
1.290003
1.2905626
1.3102566
1.3249716
1.3470219
1.3093954
1.3036362
1.2946397
1.3054157
1.3001511
test_wealth_with_price_variance
2.0101469
2.0946372
1.9688997
1.9540932
1.9238605
1.9245446
1.8800223
1.8701653
1.9577318
1.9700886
2.1525643
2.00712
1.9547826
1.926059
1.9432983
1.9340308
price
4.232155
4.232155
4.232155
4.232155
4.232155
4.232155
4.232155
4.232155
4.232155
4.232155
4.232155
4.232155
4.232155
4.232155
4.232155
4.232155
train_time
8.174349199999995
9.646871599999997
6.8906765000000405
13.668774499999927
6.8416374000000815
10.201515800000038
9.030717900000013
12.39538020000009
5.763611699999956
6.169261500000175
6.410397299999886
5.638118800000029
7.72481740000012
8.519225000000006
6.805714099999932
7.119074899999987


================================================================================
=== polynomial 7 feature map
train_risk
7.426977
7.7422857
7.3878913
7.517677
7.4985156
7.3595753
7.480731
7.553044
7.4796796
7.5513988
8.206487
7.5394545
7.454311
7.564926
7.451864
7.5180736
test_risk
7.4240074
7.753595
7.394652
7.5210896
7.505311
7.369944
7.498685
7.562916
7.4799213
7.545285
8.219896
7.531526
7.461699
7.551371
7.456316
7.518949
test_mean_value
0.41030356
0.4330641
0.42299962
0.42591336
0.41102156
0.41103476
0.41503116
0.45070225
0.43127996
0.41097337
0.43976068
0.4297252
0.42662087
0.4132972
0.43425778
0.4329113
test_mean_abs_value
4.719278
4.753936
4.725743
4.77966
4.7394075
4.7342553
4.7560167
4.8312044
4.8255134
4.766706
4.7615304
4.761671
4.731034
4.71714
4.841212
4.8202133
test_variance_value
39.45224
40.019196
39.815704
40.26204
39.496304
39.820454
40.123077
41.313484
41.37095
40.40695
39.7548
40.424538
39.807526
39.80842
41.439835
41.12932
test_mean_costs
0.7247669
0.73030823
0.7182889
0.7281616
0.7403124
0.737438
0.7220256
0.7050388
0.75717795
0.7321867
0.676265
0.7735407
0.7114418
0.71242666
0.75011706
0.7379382
test_mean_abs_costs
0.7247669
0.73030823
0.7182889
0.7281616
0.7403124
0.737438
0.7220256
0.7050388
0.75717795
0.7321867
0.676265
0.7735407
0.7114418
0.71242666
0.75011706
0.7379382
test_variance_costs
0.023393633
0.024601331
0.023731153
0.024623396
0.025753904
0.024995063
0.024514971
0.02357957
0.025077973
0.02455173
0.024088109
0.026545342
0.023836877
0.02412072
0.025304705
0.024343036
test_mean_wealth
-4.956104
-4.9561634
-4.94746
-4.95208
-4.967411
-4.9731174
-4.947725
-4.929824
-4.9813123
-4.956583
-4.902746
-5.0002284
-4.941114
-4.9386625
-4.9742527
-4.9592376
test_mean_abs_wealth
4.956104
4.9561634
4.94746
4.95208
4.967411
4.9731174
4.947725
4.929824
4.9813123
4.956583
4.902746
5.0002284
4.941114
4.9386625
4.9742527
4.9592376
test_variance_wealth
1.7061445
1.800354
1.6776742
1.6899464
1.6628269
1.6427065
1.6879656
1.7708857
1.6817431
1.8088481
2.4518225
1.7248147
1.7247771
1.793115
1.6422452
1.6931549
test_wealth_with_price_abs_mean
1.248403
1.2451339
1.238017
1.2289648
1.2312518
1.2419797
1.2307141
1.2420094
1.243469
1.2679777
1.3803468
1.2661424
1.2450298
1.2578324
1.2283567
1.2337885
test_wealth_with_price_variance
1.7061445
1.800354
1.6776742
1.6899464
1.6628269
1.6427065
1.6879656
1.7708857
1.6817431
1.8088481
2.4518225
1.7248147
1.7247771
1.793115
1.6422452
1.6931549
price
4.232155
4.232155
4.232155
4.232155
4.232155
4.232155
4.232155
4.232155
4.232155
4.232155
4.232155
4.232155
4.232155
4.232155
4.232155
4.232155
train_time
7.949207099999967
9.501264100000014
13.505850799999962
8.13161869999999
6.880515100000025
9.966859999999997
8.496064000000047
4.0947419999999966
5.458814999999959
5.55276200000003
4.151783400000113
5.584653600000138
7.777708200000006
7.964587100000017
6.85781239999983
6.977542300000096


================================================================================
=== polynomial 8 feature map
train_risk
7.537891
7.722724
7.408677
7.4545364
7.508856
7.387874
7.6460114
7.515316
7.4982476
7.831494
7.862854
7.560067
7.513341
7.654179
7.4093857
7.4811425
test_risk
7.534078
7.725729
7.419472
7.4611917
7.509817
7.397115
7.6652966
7.524887
7.4995713
7.828817
7.87939
7.5529923
7.5224485
7.6422596
7.413927
7.4815793
test_mean_value
0.41199005
0.42612815
0.42375332
0.42174256
0.4083722
0.4162113
0.41107833
0.4480985
0.42831868
0.41252235
0.44012052
0.42817676
0.4273478
0.41517672
0.4289185
0.42928815
test_mean_abs_value
4.738332
4.6726203
4.7508383
4.7334538
4.711006
4.8028593
4.7315364
4.829894
4.782875
4.8329244
4.8042617
4.7675767
4.7539306
4.7470603
4.781305
4.787523
test_variance_value
39.63474
38.60363
40.11
39.570824
39.079178
40.80988
39.575783
40.986153
40.87699
40.84612
40.331528
40.04941
39.9138
39.905396
40.410076
40.695827
test_mean_costs
0.7248781
0.694044
0.7305299
0.73806953
0.73057204
0.7618452
0.75332433
0.7739549
0.77986497
0.8252355
0.6926258
0.720201
0.72209275
0.67970824
0.7364622
0.7352443
test_mean_abs_costs
0.7248781
0.694044
0.7305299
0.73806953
0.73057204
0.7618452
0.75332433
0.7739549
0.77986497
0.8252355
0.6926258
0.720201
0.72209275
0.67970824
0.7364622
0.7352443
test_variance_costs
0.02298245
0.023774324
0.024516504
0.024675943
0.024817443
0.025676962
0.025325606
0.026810689
0.02729022
0.031240534
0.020888431
0.02594815
0.023352925
0.021851052
0.02451072
0.024471615
test_mean_wealth
-4.954529
-4.926835
-4.958947
-4.966159
-4.96032
-4.992348
-4.9829764
-5.0013437
-5.0069604
-5.048083
-4.9187474
-4.948437
-4.951038
-4.9040647
-4.965937
-4.9601665
test_mean_abs_wealth
4.954529
4.926835
4.958947
4.966159
4.96032
4.992348
4.9829764
5.0013437
5.0069604
5.048083
4.9187474
4.948437
4.951038
4.9040647
4.965937
4.9601665
test_variance_wealth
1.7747276
1.9339094
1.6633726
1.6574428
1.6826001
1.6060063
1.7590758
1.6542033
1.6773245
1.8355705
2.1169624
1.7449199
1.7367008
1.8852652
1.6503611
1.6827956
test_wealth_with_price_abs_mean
1.2604955
1.2808592
1.2368268
1.2349491
1.2351669
1.2346137
1.2567856
1.2438153
1.256409
1.2942618
1.3160346
1.2444677
1.2472727
1.2608324
1.2348087
1.23647
test_wealth_with_price_variance
1.7747276
1.9339094
1.6633726
1.6574428
1.6826001
1.6060063
1.7590758
1.6542033
1.6773245
1.8355705
2.1169624
1.7449199
1.7367008
1.8852652
1.6503611
1.6827956
price
4.232155
4.232155
4.232155
4.232155
4.232155
4.232155
4.232155
4.232155
4.232155
4.232155
4.232155
4.232155
4.232155
4.232155
4.232155
4.232155
train_time
7.961151500000028
4.616634099999999
6.578538399999957
8.18880589999992
7.303340299999945
7.731557500000008
4.517480500000033
5.648355300000048
6.6322777000000315
5.476792500000101
6.809676399999944
5.5334382000000915
12.645990499999925
7.770164699999896
8.699251700000104
7.06929510000009


================================================================================
=== polynomial 9 feature map
train_risk
7.484225
7.6079206
7.595172
7.416724
7.524446
7.4604306
7.425324
7.541791
7.5525613
7.484415
7.8521247
7.5687523
7.543492
7.992398
7.4644165
7.64545
test_risk
7.483706
7.604946
7.6150117
7.4234715
7.5346265
7.463956
7.443335
7.55638
7.5464206
7.485164
7.8545175
7.5632358
7.5538106
7.9719276
7.4757266
7.645934
test_mean_value
0.41492644
0.42896566
0.42636833
0.42318285
0.41268113
0.40887126
0.4148354
0.44245946
0.4386539
0.40690115
0.45281544
0.4286741
0.4294209
0.42033738
0.43380758
0.4325677
test_mean_abs_value
4.7989397
4.7274623
4.803541
4.7741427
4.7892036
4.757701
4.776658
4.7928495
4.918886
4.7590904
4.965805
4.7581143
4.8100934
4.814476
4.8724747
4.85353
test_variance_value
40.59059
39.66633
40.74864
40.222942
40.201054
39.866806
40.380672
40.347164
42.90606
39.819527
43.179985
40.28343
40.624607
40.824577
41.822906
41.792442
test_mean_costs
0.76324385
0.71079385
0.7514505
0.7557687
0.7484353
0.75040454
0.7372345
0.79102397
0.7859657
0.73606336
0.75345045
0.73697346
0.74256283
0.7373736
0.756316
0.7535356
test_mean_abs_costs
0.76324385
0.71079385
0.7514505
0.7557687
0.7484353
0.75040454
0.7372345
0.79102397
0.7859657
0.73606336
0.75345045
0.73697346
0.74256283
0.7373736
0.756316
0.7535356
test_variance_costs
0.02920636
0.027071081
0.027679773
0.028871408
0.029818865
0.027237967
0.027036833
0.029168108
0.03193116
0.026528534
0.026510803
0.028437274
0.025604246
0.026440825
0.030510992
0.026653662
test_mean_wealth
-4.989958
-4.9407473
-4.977253
-4.9824176
-4.9738746
-4.9882474
-4.9631295
-5.0240517
-5.002726
-4.964532
-4.966877
-4.964712
-4.9694347
-4.956569
-4.9809017
-4.9751782
test_mean_abs_wealth
4.989958
4.9407473
4.977253
4.9824176
4.9738746
4.9882474
4.9631295
5.0240517
5.002726
4.964532
4.966877
4.964712
4.9694347
4.956569
4.9809017
4.9751782
test_variance_wealth
1.525814
1.7200439
1.6183174
1.5086749
1.5433334
1.5690892
1.5789553
1.5933536
1.5351188
1.6286099
1.7776266
1.7065566
1.6192931
1.945767
1.5195873
1.6786106
test_wealth_with_price_abs_mean
1.1948034
1.2246797
1.2067887
1.192398
1.1863414
1.2127866
1.2047957
1.2315733
1.1921225
1.2186162
1.2167939
1.2369775
1.2088012
1.2650745
1.1834518
1.2178345
test_wealth_with_price_variance
1.525814
1.7200439
1.6183174
1.5086749
1.5433334
1.5690892
1.5789553
1.5933536
1.5351188
1.6286099
1.7776266
1.7065566
1.6192931
1.945767
1.5195873
1.6786106
price
4.232155
4.232155
4.232155
4.232155
4.232155
4.232155
4.232155
4.232155
4.232155
4.232155
4.232155
4.232155
4.232155
4.232155
4.232155
4.232155
train_time
8.385395700000004
8.753123600000038
8.79392729999995
7.7033159999999725
6.208331599999951
8.587551200000007
8.52040850000003
5.986776400000053
5.453469999999925
8.726392600000054
4.584554300000036
10.11520470000005
11.23902750000002
7.714648699999998
7.645179000000098
10.554811799999925


