================================================================================
=== deep network
train_risk
4.8183823
5.096748
4.6812396
5.011084
4.682124
4.820582
4.83887
4.958749
5.1020103
5.6168103
5.0131226
5.0935054
4.5953336
4.9662786
4.7457705
4.9254546
test_risk
4.8256407
5.0921106
4.681839
5.027237
4.6734266
4.815692
4.838432
4.9675946
5.1006474
5.6131454
5.016317
5.09632
4.599867
4.970506
4.7416945
4.931669
test_mean_value
0.087540396
0.016939139
-0.00537132
0.096180014
-0.0049894652
0.2001142
0.076480836
0.06443049
0.12295734
0.039279614
0.09565962
-0.0028918555
-0.0037187831
0.00261724
0.20153236
0.07133385
test_mean_abs_value
0.38137066
0.46369714
0.39231196
0.46763536
0.4754819
0.5106122
0.46336177
0.44384146
0.42266268
0.36760318
0.38491377
0.37861213
0.5043048
0.45506105
0.46205634
0.3574213
test_variance_value
0.22371928
0.33900344
0.24272215
0.3349128
0.3559227
0.3712668
0.33139116
0.30619776
0.26584357
0.212924
0.22491413
0.22830509
0.4035812
0.3285232
0.29805088
0.19560707
test_mean_costs
1.3698552
1.5900873
1.1770533
1.4529264
1.2529132
1.2194098
1.3158273
1.3970518
1.6080071
2.1361837
1.5599548
1.6842617
1.1233346
1.4850919
1.2907548
1.4476995
test_mean_abs_costs
1.3698552
1.5900873
1.1770533
1.4529264
1.2529132
1.2194098
1.3158273
1.3970518
1.6080071
2.1361837
1.5599548
1.6842617
1.1233346
1.4850919
1.2907548
1.4476995
test_variance_costs
0.039612364
0.013287906
0.01006858
0.027590089
0.02898039
0.023154227
0.010963586
0.00839596
0.02253702
0.023296572
0.0168097
0.033843037
0.020664984
0.03001919
0.0141330715
0.011952898
test_mean_wealth
-3.2093775
-3.4998899
-3.1094623
-3.2842474
-3.1833417
-2.9473567
-3.1657043
-3.2615721
-3.4152064
-4.023856
-3.3922117
-3.6144216
-3.0552015
-3.4109266
-3.0190558
-3.306277
test_mean_abs_wealth
3.2093801
3.4998946
3.1094809
3.2842493
3.1833546
2.9474862
3.165741
3.2616
3.4152064
4.023856
3.3922136
3.6144216
3.055364
3.4109347
3.019243
3.306278
test_variance_wealth
0.63366646
0.7354361
0.66289157
0.6916119
0.6304096
0.81420225
0.7449087
0.7345169
0.68341446
0.62066406
0.636993
0.5544237
0.70516026
0.67557836
0.7593365
0.64239275
test_wealth_with_price_abs_mean
1.3139999
1.5971068
1.2385428
1.3881193
1.3058736
1.1325935
1.3013896
1.3803381
1.5063717
2.09615
1.4837216
1.6915791
1.2156118
1.5132794
1.1855859
1.4035662
test_wealth_with_price_variance
0.63366646
0.7354361
0.66289157
0.6916119
0.6304096
0.81420225
0.7449087
0.7345169
0.68341446
0.62066406
0.636993
0.5544237
0.70516026
0.67557836
0.7593365
0.64239275
price
1.929461
1.9294596
1.9294617
1.9294605
1.9294605
1.9294608
1.9294598
1.9294617
1.9294615
1.9294598
1.9294586
1.9294615
1.92946
1.92946
1.9294591
1.9294591
train_time
45.47448320000001
42.54584290000001
46.42678570000001
48.339109399999984
45.53958469999998
49.01407849999998
52.0356544
50.95428370000002
51.39135380000005
61.880603199999996
64.96397239999999
67.0413966000001
65.37281329999996
61.28849589999993
64.78997849999996
76.0635229999998


