================================================================================
=== deep network
train_risk
3.4226503
3.6912906
3.5945444
3.4655676
3.3937316
3.4307425
3.3788702
3.3779678
3.538752
3.4643052
3.3888907
3.514593
3.408133
3.386373
3.670901
3.3478768
test_risk
3.4223115
3.6807666
3.5971243
3.4693766
3.3938515
3.4295132
3.382894
3.377418
3.5402138
3.4703488
3.383381
3.5080228
3.4105399
3.3861094
3.6630585
3.3506477
test_mean_value
0.15455982
0.08212449
0.0058929115
0.012890869
0.046370655
0.04722298
0.0078024613
0.007434609
0.09279297
0.032072846
0.07930837
0.0015006677
0.0037991852
-0.0014109632
0.33325505
0.12314262
test_mean_abs_value
0.23983024
0.19541761
0.1056536
0.46178514
0.3984429
0.23783547
0.29025996
0.19694306
0.15930258
0.20858307
0.15326841
0.0648763
0.22208522
0.1677481
0.49734485
0.2747407
test_variance_value
0.06569658
0.053326912
0.020205352
0.33484426
0.25442174
0.09365946
0.13882874
0.06407515
0.032998744
0.076640345
0.030438667
0.0066296426
0.08997038
0.049028076
0.2768496
0.11024371
test_mean_costs
0.07256873
0.22065465
0.27591512
0.44145054
0.36691824
0.26629734
0.29377785
0.22037584
0.11024718
0.20237164
0.11012409
0.117960826
0.24651276
0.2085255
0.085571066
0.25858375
test_mean_abs_costs
0.07256873
0.22065465
0.27591512
0.44145054
0.36691824
0.26629734
0.29377785
0.22037584
0.11024718
0.20237164
0.11012409
0.117960826
0.24651276
0.2085255
0.085571066
0.25858375
test_variance_costs
0.001023754
0.0011195891
0.0042824554
0.0043062433
0.005204816
0.006374534
0.004033411
0.002074629
0.004669167
0.0073942947
0.0010829356
7.179705e-05
0.006804745
0.0023243744
7.4921045e-05
0.0073514255
test_mean_wealth
-1.8458658
-2.0650544
-2.196183
-2.354644
-2.2490232
-2.1472752
-2.2145798
-2.1418288
-1.946164
-2.1015832
-1.9564433
-2.044148
-2.168724
-2.1369627
-1.6770478
-2.0639489
test_mean_abs_wealth
1.847219
2.0653853
2.196183
2.354674
2.249065
2.1472845
2.2145865
2.1418288
1.9464294
2.1016126
1.956477
2.0441544
2.1687253
2.1369636
1.7067863
2.0640066
test_variance_wealth
0.56694454
0.611685
0.43032345
0.26619753
0.28746557
0.35028392
0.29767698
0.32922179
0.5737311
0.3957294
0.43901086
0.47797427
0.32770276
0.33358204
0.93396616
0.36227337
test_wealth_with_price_abs_mean
0.61078537
0.6383564
0.5631507
0.53876954
0.49706855
0.49785075
0.48902306
0.48476848
0.61321247
0.5149692
0.5309227
0.5610222
0.49037045
0.48631573
0.801997
0.4899817
test_wealth_with_price_variance
0.56694454
0.611685
0.43032345
0.26619753
0.28746557
0.35028392
0.29767698
0.32922179
0.5737311
0.3957294
0.43901086
0.47797427
0.32770276
0.33358204
0.93396616
0.36227337
price
1.929461
1.9294596
1.9294617
1.9294605
1.9294605
1.9294608
1.9294598
1.9294617
1.9294615
1.9294598
1.9294586
1.9294615
1.92946
1.92946
1.9294591
1.9294591
train_time
271.7234492
150.8781556
171.15736189999996
265.6023966
362.3679293
244.84486079999988
396.8814914999998
256.95980750000035
175.62777300000016
297.9917403999998
278.88450620000003
195.96129280000014
408.8104666000004
377.55996760000016
247.5370583999993
495.35884989999977


