================================================================================
=== deep network
train_risk
3.6883247
3.5267107
3.9234283
3.901719
3.8502784
3.6420314
3.6488929
3.5685987
3.7007267
3.7305765
3.544602
3.6522713
3.6462204
3.6415534
3.6815255
3.6990628
test_risk
3.6906347
3.529058
3.9312081
3.89733
3.8503127
3.6369958
3.6545057
3.5733902
3.704587
3.732818
3.5403755
3.6519103
3.6507382
3.636598
3.682781
3.7041354
test_mean_value
0.037824236
0.019498995
0.010387309
0.028382003
0.0040325588
0.04778385
0.03738296
0.023029486
0.03866403
0.011443203
0.021822313
0.015939461
0.007799049
0.020070398
0.050824746
0.027076973
test_mean_abs_value
0.13316782
0.07877561
0.104778565
0.120884106
0.16503127
0.13346404
0.18675931
0.10964081
0.13235268
0.082811706
0.09176656
0.17099445
0.10599289
0.15725794
0.13787049
0.1071186
test_variance_value
0.02666629
0.009343887
0.0172528
0.022428777
0.043156337
0.026210548
0.054032214
0.018683955
0.026185151
0.010846874
0.012874843
0.0458794
0.018337674
0.038639985
0.028028961
0.017516386
test_mean_costs
0.25406903
0.018615013
0.45657662
0.23120551
0.2807231
0.17275472
0.13731363
0.14457071
0.16020086
0.23758514
0.15024272
0.22111823
0.21911034
0.21539304
0.22183724
0.2386575
test_mean_abs_costs
0.25406903
0.018615013
0.45657662
0.23120551
0.2807231
0.17275472
0.13731363
0.14457071
0.16020086
0.23758514
0.15024272
0.22111823
0.21911034
0.21539304
0.22183724
0.2386575
test_variance_costs
0.0032016418
0.00028181597
0.0013953812
0.002138153
0.0076396447
0.005972038
0.0035811795
0.007070053
0.0023881092
0.0030714318
0.0016008007
0.0041972892
0.011068992
0.0025579631
0.004027657
0.0034211644
test_mean_wealth
-2.1459506
-1.9276243
-2.374809
-2.1281059
-2.2049756
-2.0524733
-2.0278375
-2.050482
-2.0501673
-2.1544101
-2.0550206
-2.1338093
-2.1378162
-2.1227238
-2.0965216
-2.1365118
test_mean_abs_wealth
2.1459897
1.9280326
2.3748095
2.1281962
2.2055335
2.052579
2.028332
2.0505228
2.0503917
2.1544113
2.0550575
2.1340902
2.1378818
2.1228185
2.0966914
2.136542
test_variance_wealth
0.55064815
0.61254686
0.5674169
0.70055455
0.63408154
0.56523085
0.61153007
0.5149851
0.64780414
0.56098336
0.4836938
0.5334233
0.5172008
0.52384716
0.5715621
0.5566666
test_wealth_with_price_abs_mean
0.6201122
0.635389
0.7032848
0.6903156
0.6720355
0.6114423
0.6347792
0.58217466
0.65965277
0.6265618
0.5641909
0.60519385
0.5979013
0.59957224
0.61995834
0.6197354
test_wealth_with_price_variance
0.55064815
0.61254686
0.5674169
0.70055455
0.63408154
0.56523085
0.61153007
0.5149851
0.64780414
0.56098336
0.4836938
0.5334233
0.5172008
0.52384716
0.5715621
0.5566666
price
1.929461
1.9294596
1.9294617
1.9294605
1.9294605
1.9294608
1.9294598
1.9294617
1.9294615
1.9294598
1.9294586
1.9294615
1.92946
1.92946
1.9294591
1.9294591
train_time
41.5803277
116.84772919999999
41.952094999999986
42.844842400000005
44.13803079999997
46.17501520000002
43.6166728
46.99182450000001
47.56750869999996
50.127039399999944
49.38545850000003
57.17391210000005
66.02319339999997
61.570522799999935
60.23276820000001
61.54632319999996


