================================================================================
=== deep network
train_risk
5.5232916
5.6095977
4.0233645
5.1856384
5.303399
4.156649
5.4716597
3.9999144
5.4641104
5.4986696
3.3965778
5.435264
5.2810907
5.2513742
4.033767
5.0147414
test_risk
5.5295873
5.604322
4.019881
5.1775427
5.3051524
4.1520624
5.4682403
3.9945257
5.4652395
5.504051
3.395097
5.442893
5.285428
5.254994
4.0437856
5.0245876
test_mean_value
0.110929884
0.02414007
0.012101341
0.12760927
-0.005727175
0.147481
0.08995035
0.032093305
0.14352708
0.05010937
0.10697343
-0.0004883851
0.013441168
0.024069611
0.12579134
0.10862845
test_mean_abs_value
0.4274818
0.5156354
0.19224182
0.542285
0.47158417
0.4448944
0.509694
0.26950246
0.41471016
0.34589595
0.1848944
0.3968931
0.35065752
0.35848233
0.29555294
0.4339081
test_variance_value
0.2800367
0.4195324
0.05860562
0.44856858
0.34897712
0.29275075
0.40157217
0.11459921
0.2538314
0.1881259
0.0421713
0.24794962
0.19394518
0.20237812
0.13033181
0.2865151
test_mean_costs
1.9732028
1.9352998
0.5721016
1.381376
1.6781521
0.57895774
1.7458764
0.5742769
1.8848851
1.9932923
0.02064864
1.9066747
1.7712741
1.7615999
0.55636024
1.3871604
test_mean_abs_costs
1.9732028
1.9352998
0.5721016
1.381376
1.6781521
0.57895774
1.7458764
0.5742769
1.8848851
1.9932923
0.02064864
1.9066747
1.7712741
1.7615999
0.55636024
1.3871604
test_variance_costs
0.17571633
0.14219326
0.023892634
0.22301766
0.08446995
0.051736824
0.039007258
0.05501552
0.12556377
0.0695228
0.0006817038
0.026979886
0.070907906
0.063075945
0.1250261
0.15830855
test_mean_wealth
-3.7897542
-3.8390515
-2.4866292
-3.1794076
-3.6113293
-2.3582194
-3.5842957
-2.466953
-3.6686428
-3.8696334
-1.8366492
-3.8359728
-3.6869013
-3.665837
-2.3596425
-3.2077136
test_mean_abs_wealth
3.7897542
3.8390515
2.4866295
3.1794682
3.611331
2.3596559
3.5843296
2.4670002
3.6686428
3.8696334
1.8374945
3.8359728
3.6869013
3.665837
2.3597205
3.2077155
test_variance_wealth
0.7026017
0.81144184
0.5523139
0.9265106
0.7599402
0.75929826
0.90011394
0.5420616
0.7549017
0.6205389
0.5368389
0.64672476
0.62156254
0.5955872
0.6154532
0.7520363
test_wealth_with_price_abs_mean
1.8666903
1.917428
0.74955416
1.330502
1.7001249
0.7776154
1.6874487
0.733557
1.7494512
1.942227
0.595491
1.9120026
1.7637459
1.7420605
0.7079693
1.3268733
test_wealth_with_price_variance
0.7026017
0.81144184
0.5523139
0.9265106
0.7599402
0.75929826
0.90011394
0.5420616
0.7549017
0.6205389
0.5368389
0.64672476
0.62156254
0.5955872
0.6154532
0.7520363
price
1.929461
1.9294596
1.9294617
1.9294605
1.9294605
1.9294608
1.9294598
1.9294617
1.9294615
1.9294598
1.9294586
1.9294615
1.92946
1.92946
1.9294591
1.9294591
train_time
67.55232000000001
69.26011290000001
78.08298269999997
75.97546489999996
73.04427799999996
82.58093570000005
78.02642509999998
95.31249619999994
83.80548679999993
100.34223429999997
442.0955231999999
180.9712482
177.09008270000004
100.95890039999995
116.42916860000014
115.22958849999986


