================================================================================
=== deep network
train_risk
3.8093834
3.5195737
5.3740373
5.633899
3.8842082
4.2575583
3.9501905
5.3802195
3.949231
5.6456766
5.2926116
5.5190067
4.0567017
5.530768
3.9133952
3.750875
test_risk
3.8113403
3.519605
5.367627
5.625354
3.87824
4.264755
3.9502387
5.381695
3.9429843
5.650349
5.292165
5.523448
4.059629
5.5357976
3.9215686
3.7502341
test_mean_value
0.12667625
0.04061993
0.0026742376
0.1153769
0.011462957
0.268238
0.09220401
0.117593676
0.14017996
0.02890337
0.12421985
-0.0029840907
0.033405565
0.008453172
0.19962813
0.08394764
test_mean_abs_value
0.37127233
0.13068727
0.45639604
0.53095603
0.2311612
0.61849654
0.3448859
0.5530025
0.36541262
0.5060522
0.62376374
0.3937349
0.3710868
0.44497734
0.32565352
0.23998351
test_variance_value
0.20291865
0.026912179
0.33040193
0.43288195
0.08474861
0.5317416
0.17907596
0.46783558
0.19178165
0.4049704
0.6033474
0.245286
0.21769093
0.31160453
0.12746169
0.084516786
test_mean_costs
0.36974213
0.06775098
1.7269858
1.8143793
0.36238888
0.45627248
0.41739473
1.6513697
0.4261249
2.0530086
1.6917689
2.0023768
0.603263
1.9227781
0.46305346
0.36289728
test_mean_abs_costs
0.36974213
0.06775098
1.7269858
1.8143793
0.36238888
0.45627248
0.41739473
1.6513697
0.4261249
2.0530086
1.6917689
2.0023768
0.603263
1.9227781
0.46305346
0.36289728
test_variance_costs
0.022359759
0.0045556105
0.064520545
0.078531325
0.0064320923
0.03945697
0.015247041
0.045430668
0.049761757
0.073515095
0.13069203
0.014524714
0.054214485
0.044621862
0.008262994
0.008104264
test_mean_wealth
-2.16906
-1.9547228
-3.6508088
-3.6294034
-2.2759366
-2.1207612
-2.2498362
-3.461093
-2.213176
-3.9515328
-3.496377
-3.931552
-2.496701
-3.8431475
-2.1907978
-2.2066758
test_mean_abs_wealth
2.1698077
1.9552932
3.6508098
3.629407
2.2759738
2.1334097
2.2506742
3.4611137
2.2140615
3.951533
3.496404
3.931552
2.497008
3.8431475
2.1915765
2.206798
test_variance_wealth
0.6366809
0.5740782
0.7742243
0.9504473
0.60283875
1.0675151
0.68451494
0.8714295
0.70112014
0.7637016
0.8184727
0.64630824
0.61437625
0.71467096
0.6741324
0.53819185
test_wealth_with_price_abs_mean
0.6680177
0.6111175
1.7394127
1.7266852
0.6824233
0.840155
0.7114287
1.5694714
0.70861286
2.0305064
1.6007943
2.005291
0.7882037
1.9219425
0.6857928
0.6246831
test_wealth_with_price_variance
0.6366809
0.5740782
0.7742243
0.9504473
0.60283875
1.0675151
0.68451494
0.8714295
0.70112014
0.7637016
0.8184727
0.64630824
0.61437625
0.71467096
0.6741324
0.53819185
price
1.929461
1.9294596
1.9294617
1.9294605
1.9294605
1.9294608
1.9294598
1.9294617
1.9294615
1.9294598
1.9294586
1.9294615
1.92946
1.92946
1.9294591
1.9294591
train_time
70.0605883
150.6750058
65.87925710000002
63.00431349999997
74.4032072
79.73393739999995
73.82681049999997
66.45069079999996
81.57396890000007
71.62147369999991
69.71802460000004
67.23117890000003
87.22375649999981
83.72362969999995
101.33432619999985
99.3727887


