================================================================================
=== continuous-time
train_risk
96.35491
54.456066
51.270626
66.87038
30.08128
21.013645
47.444046
84.8972
53.214474
72.38039
83.97246
68.42201
51.47842
60.768623
54.594883
54.43503
test_risk
96.36834
54.47591
51.277744
66.86079
30.033989
20.963589
47.44241
84.91014
53.169456
72.44851
84.02369
68.47707
51.473972
60.775307
54.594624
54.426704
test_mean_value
0.0056250915
0.0044509647
0.06264681
-0.045537774
0.062829696
-0.0095155705
-0.020074213
-0.059840888
-0.041030936
0.10800128
-0.043536942
0.0098740505
-0.016242057
-0.031320103
0.018691389
-0.0041606743
test_mean_abs_value
18.372997
15.178489
12.020171
14.909061
15.403147
19.386908
14.492012
22.899427
34.071293
20.851044
19.753098
17.8953
16.947462
23.30714
14.969426
19.155697
test_variance_value
538.4701
382.73682
229.93681
354.47275
374.67847
592.36066
343.453
824.9654
1822.8395
692.544
624.1245
507.85672
452.6939
846.086
362.02573
591.78827
test_mean_costs
0.0
0.0
0.0
0.0
0.0
0.0
0.0
0.0
0.0
0.0
0.0
0.0
0.0
0.0
0.0
0.0
test_mean_abs_costs
0.0
0.0
0.0
0.0
0.0
0.0
0.0
0.0
0.0
0.0
0.0
0.0
0.0
0.0
0.0
0.0
test_variance_costs
0.0
0.0
0.0
0.0
0.0
0.0
0.0
0.0
0.0
0.0
0.0
0.0
0.0
0.0
0.0
0.0
test_mean_wealth
-87.20514
-45.009964
-44.1883
-60.269
-23.021606
-12.823255
-39.400146
-75.34111
-44.268837
-64.12382
-72.44708
-59.492912
-44.676033
-52.22702
-47.50819
-45.875374
test_mean_abs_wealth
87.20514
45.009964
44.1883
60.269
23.021606
12.82488
39.400146
75.34111
44.268837
64.12382
72.44708
59.492912
44.676033
52.22702
47.50819
45.875374
test_variance_wealth
17.25111
18.257887
10.386393
8.817627
10.0007715
14.711755
13.142612
18.89186
16.386604
14.385057
26.833305
16.403475
9.479102
15.08318
10.407072
15.358569
test_wealth_with_price_abs_mean
3.2915366
3.3770227
2.554056
2.344531
2.4948952
3.0322356
2.86655
3.4429624
3.20037
3.003422
4.098077
3.1978319
2.4353855
3.065986
2.5530972
3.1037018
test_wealth_with_price_variance
17.25111
18.257887
10.386393
8.817627
10.0007715
14.711755
13.142612
18.89186
16.386604
14.385057
26.833305
16.403475
9.479102
15.08318
10.407072
15.358569
price
87.20146
44.98897
44.19721
60.270267
23.022707
12.830469
39.400997
75.33896
44.267616
64.10896
72.42524
59.491615
44.672947
52.2138
47.505245
45.86838
train_time
14.5019363
9.6944206
5.544183700000019
6.152749100000051
6.2909219999999095
4.703784599999949
9.837236600000097
7.145823999999948
9.068928000000142
6.244385700000066
7.91573870000002
7.089714799999911
6.509756500000094
8.542262800000117
10.53127140000015
12.585388899999998


================================================================================
=== deep network
train_risk
101.08841
58.74668
55.573795
70.568596
33.243824
24.938793
49.677242
87.823654
57.01833
77.29337
89.03896
73.00149
54.347305
65.61504
57.987816
58.80636
test_risk
101.90346
59.558647
56.1018
71.20787
33.810204
25.700083
50.427116
88.81974
57.914745
78.07822
90.11317
73.993286
54.861267
66.977554
58.62376
59.601562
test_mean_value
0.015140416
0.0017256452
0.058853082
-0.03918562
0.07116568
-0.010028348
-0.015940404
-0.046334095
-0.05219814
0.12171107
-0.03875301
-0.001203034
-0.012287022
-0.033557307
0.022854775
0.008187687
test_mean_abs_value
17.162865
14.828437
11.084706
14.266006
14.903103
18.742008
13.966396
22.234411
33.397694
20.182467
18.857964
16.987867
16.505424
22.247486
14.601028
18.702177
test_variance_value
475.71045
362.95535
196.32353
327.01025
351.36456
557.5034
317.57944
780.3118
1757.6014
647.25275
574.3179
461.22742
432.1831
777.1922
344.5152
565.74097
test_mean_costs
0.0
0.0
0.0
0.0
0.0
0.0
0.0
0.0
0.0
0.0
0.0
0.0
0.0
0.0
0.0
0.0
test_mean_abs_costs
0.0
0.0
0.0
0.0
0.0
0.0
0.0
0.0
0.0
0.0
0.0
0.0
0.0
0.0
0.0
0.0
test_variance_costs
0.0
0.0
0.0
0.0
0.0
0.0
0.0
0.0
0.0
0.0
0.0
0.0
0.0
0.0
0.0
0.0
test_mean_wealth
-87.19562
-45.01269
-44.192093
-60.26265
-23.01327
-12.823767
-39.39601
-75.3276
-44.280003
-64.11011
-72.4423
-59.50399
-44.672077
-52.229256
-47.50403
-45.863026
test_mean_abs_wealth
87.19562
45.01269
44.192093
60.26265
23.013674
13.048939
39.39601
75.3276
44.280003
64.11011
72.4423
59.50399
44.672077
52.229256
47.50403
45.863026
test_variance_wealth
44.01229
46.671185
32.91866
28.143097
27.822382
43.678158
27.61289
37.7875
40.554672
45.501118
62.91405
44.4776
21.88776
46.104473
25.995264
44.40085
test_wealth_with_price_abs_mean
14.830018
14.660603
12.000742
11.028717
10.877393
12.963721
11.115429
13.598144
13.742205
14.077712
17.816816
14.601895
10.2723
14.867399
11.207704
13.844446
test_wealth_with_price_variance
44.01229
46.671185
32.91866
28.143097
27.822382
43.678158
27.61289
37.7875
40.554672
45.501118
62.91405
44.4776
21.88776
46.104473
25.995264
44.40085
price
101.90346
59.558647
56.1018
71.20787
33.810204
25.700083
50.427116
88.81974
57.914745
78.07822
90.11317
73.993286
54.861267
66.977554
58.62376
59.601562
train_time
129.82433179999998
120.56596389999999
161.2570409
102.30670169999996
131.4764728
146.62531890000002
168.4192883999999
243.50719230000004
174.76465230000008
141.06293259999984
168.6722249999998
195.08857020000005
124.0085981000002
170.60775920000015
166.11994079999977
165.29151619999993


================================================================================
=== identity feature map
train_risk
96.40897
54.440838
51.706745
66.746544
29.948318
20.872461
47.283348
84.667076
53.208084
72.15034
83.79819
68.244576
51.365353
60.802135
54.619133
54.19306
test_risk
96.48988
54.526287
51.767365
66.783226
29.96282
20.895458
47.35765
84.73432
53.217037
72.26029
83.94207
68.35412
51.426468
60.85991
54.65657
54.249447
test_mean_value
0.0026415545
0.0023520952
0.06001352
-0.044152975
0.06311317
-0.010167085
-0.021452207
-0.058085646
-0.042431183
0.108467765
-0.043372475
0.009143028
-0.01500351
-0.02572128
0.01775824
-0.006278576
test_mean_abs_value
18.014914
14.978735
11.961344
14.83123
15.241483
19.238976
14.207517
22.480478
33.81995
20.672112
19.352413
17.580336
16.786547
22.841927
14.883543
19.066086
test_variance_value
518.04877
372.64685
227.7169
350.62448
366.81204
583.9645
330.18713
794.97217
1796.2233
680.67474
598.4614
490.27673
443.98312
813.4553
357.90085
586.0732
test_mean_costs
0.0
0.0
0.0
0.0
0.0
0.0
0.0
0.0
0.0
0.0
0.0
0.0
0.0
0.0
0.0
0.0
test_mean_abs_costs
0.0
0.0
0.0
0.0
0.0
0.0
0.0
0.0
0.0
0.0
0.0
0.0
0.0
0.0
0.0
0.0
test_variance_costs
0.0
0.0
0.0
0.0
0.0
0.0
0.0
0.0
0.0
0.0
0.0
0.0
0.0
0.0
0.0
0.0
test_mean_wealth
-87.20812
-45.012062
-44.190933
-60.267616
-23.021322
-12.823906
-39.401524
-75.33935
-44.270237
-64.12335
-72.44692
-59.493645
-44.674793
-52.22142
-47.509125
-45.87749
test_mean_abs_wealth
87.20812
45.012062
44.190933
60.267616
23.021322
12.826464
39.401524
75.33935
44.270237
64.12335
72.44692
59.493645
44.674793
52.22142
47.509125
45.87749
test_variance_wealth
18.484156
19.310041
12.122144
9.186606
10.380969
15.209399
13.612094
19.210627
17.394627
14.511556
27.679562
17.065058
9.848282
16.438843
10.993427
15.551947
test_wealth_with_price_abs_mean
9.353914
9.589034
7.6369944
6.5673013
6.9971657
8.131354
8.019359
9.468182
9.015958
8.199944
11.586821
8.9304085
6.804504
8.705795
7.2038884
8.436055
test_wealth_with_price_variance
18.484156
19.310041
12.122144
9.186606
10.380969
15.209399
13.612094
19.210627
17.394627
14.511556
27.679562
17.065058
9.848282
16.438843
10.993427
15.551947
price
96.48988
54.526287
51.767365
66.783226
29.96282
20.895458
47.35765
84.73432
53.217037
72.26029
83.94207
68.35412
51.426468
60.85991
54.65657
54.249447
train_time
19.880268200000017
16.095999300000017
10.686716499999989
21.467356999999993
24.825247900000022
29.345581999999922
19.25754740000002
27.953608299999814
12.689900800000032
26.353407900000093
25.36616580000009
27.568815299999642
36.03190760000007
24.42041330000029
23.349036400000386
19.78146680000009


