================================================================================
=== continuous-time
train_risk
21.146622
14.799033
20.667734
11.668623
17.38826
-5.182469
9.432841
33.612175
0.60704505
28.022879
35.287586
17.151375
19.106771
28.562944
18.943531
19.6742
test_risk
21.137863
14.804085
20.704166
11.683753
17.439375
-5.1776514
9.437104
33.590843
0.6181996
28.005383
35.272
17.144962
19.085999
28.515186
18.994171
19.659124
test_mean_value
0.00533221
0.037561014
-0.0018394843
0.009749782
0.0136638135
-0.029434752
0.006681553
0.025489459
-0.05265055
0.018283904
0.0046482747
-0.01205855
-0.015955478
-0.013053188
0.0045473883
0.02837425
test_mean_abs_value
6.009298
7.3504333
5.4238625
5.799225
8.285698
9.518606
4.2443185
10.5917225
11.401586
13.3190155
8.946139
15.7871685
7.6446424
10.29492
7.408652
11.778753
test_variance_value
60.546528
105.30315
46.657005
58.76639
111.92504
130.37848
29.213705
194.4797
207.31927
276.23868
133.07063
400.09836
98.40686
178.38046
85.278496
235.96255
test_mean_costs
0.0
0.0
0.0
0.0
0.0
0.0
0.0
0.0
0.0
0.0
0.0
0.0
0.0
0.0
0.0
0.0
test_mean_abs_costs
0.0
0.0
0.0
0.0
0.0
0.0
0.0
0.0
0.0
0.0
0.0
0.0
0.0
0.0
0.0
0.0
test_variance_costs
0.0
0.0
0.0
0.0
0.0
0.0
0.0
0.0
0.0
0.0
0.0
0.0
0.0
0.0
0.0
0.0
test_mean_wealth
-16.717045
-10.737821
-16.603817
-9.203327
-13.291541
7.693474
-6.0675035
-26.784021
1.7925897
-22.452885
-28.864618
-13.137089
-15.011452
-21.982817
-13.678171
-13.507687
test_mean_abs_wealth
16.717045
10.737821
16.603817
9.203327
13.291541
7.693474
6.0675035
26.784021
1.8544358
22.452885
28.864618
13.137089
15.011452
21.982817
13.678171
13.507687
test_variance_wealth
3.615822
2.6022263
3.177203
1.1105039
3.025243
1.5603522
2.1876476
8.471625
1.2586261
5.8255057
8.116496
3.340786
3.2549026
7.567772
4.7714753
7.080046
test_wealth_with_price_abs_mean
1.4864146
1.1739467
1.3901163
0.8096941
1.345435
0.9692796
1.151562
2.255591
0.8553649
1.8746961
2.242198
1.4266801
1.4176571
2.1256711
1.6698732
2.063052
test_wealth_with_price_variance
3.615822
2.6022263
3.177203
1.1105039
3.025243
1.5603522
2.1876476
8.471625
1.2586261
5.8255057
8.116496
3.340786
3.2549026
7.567772
4.7714753
7.080046
price
16.720469
10.739283
16.60372
9.202609
13.282218
-7.6963067
6.063635
26.790773
-1.7933388
22.450054
28.86948
13.138096
15.007082
21.98046
13.672912
13.505771
train_time
2.5630737999999997
4.423944399999996
2.5614961999999935
5.155785300000048
2.586671000000024
4.024229600000012
3.2982714999999416
4.234772299999918
3.6600745000000643
4.03002830000014
3.705016500000056
5.507912999999917
3.0805012000000715
3.938028900000063
3.7486633999999412
2.3988627999999608


================================================================================
=== deep network
train_risk
21.001417
14.244395
20.445774
11.580825
17.216763
-5.2035775
8.876689
32.605064
0.448223
27.859797
35.16686
17.065765
19.053488
28.313452
18.620216
19.34687
test_risk
21.020115
14.2878065
20.542824
11.61397
17.325087
-5.186772
8.908658
32.628387
0.48350894
27.902494
35.292847
17.120796
19.084368
28.34351
18.698093
19.436821
test_mean_value
0.00559236
0.037260205
-0.0016572974
0.00936183
0.013999265
-0.02896026
0.006868405
0.024448333
-0.04975872
0.016215986
0.005355979
-0.014430386
-0.016188655
-0.014094636
0.0064165755
0.024901526
test_mean_abs_value
5.818112
7.7399406
5.076443
5.7875886
7.957642
9.5664625
4.0188146
10.202262
11.07942
12.944804
8.61094
15.617577
7.5694914
9.563355
6.785587
11.328014
test_variance_value
56.934338
112.76992
41.452835
57.823643
104.101395
132.0117
26.485382
181.55602
196.47154
262.68436
124.35797
391.3618
96.18998
156.26567
73.07284
219.46997
test_mean_costs
0.0
0.0
0.0
0.0
0.0
0.0
0.0
0.0
0.0
0.0
0.0
0.0
0.0
0.0
0.0
0.0
test_mean_abs_costs
0.0
0.0
0.0
0.0
0.0
0.0
0.0
0.0
0.0
0.0
0.0
0.0
0.0
0.0
0.0
0.0
test_variance_costs
0.0
0.0
0.0
0.0
0.0
0.0
0.0
0.0
0.0
0.0
0.0
0.0
0.0
0.0
0.0
0.0
test_mean_wealth
-16.716785
-10.738122
-16.603636
-9.203715
-13.291205
7.6939483
-6.067317
-26.785063
1.7954816
-22.454952
-28.86391
-13.139461
-15.011684
-21.983858
-13.676302
-13.511159
test_mean_abs_wealth
16.716785
10.738122
16.603636
9.203735
13.291205
7.6939483
6.0673175
26.785063
1.8438947
22.454952
28.86391
13.139461
15.011684
21.983858
13.676302
13.511169
test_variance_wealth
4.217377
4.230371
3.5362513
1.4342269
3.5985568
1.9615198
1.9623821
8.50325
1.6472354
7.0355716
9.153804
3.8167014
3.697349
9.274748
5.9840484
8.422798
test_wealth_with_price_abs_mean
4.337895
3.5810003
3.9715848
2.4303753
4.068031
2.523191
2.8632958
5.88974
2.2959628
5.4914765
6.479606
4.012623
4.1047153
6.412786
5.0648
5.973753
test_wealth_with_price_variance
4.217377
4.230371
3.5362513
1.4342269
3.5985568
1.9615198
1.9623821
8.50325
1.6472354
7.0355716
9.153804
3.8167014
3.697349
9.274748
5.9840484
8.422798
price
21.020115
14.2878065
20.542824
11.61397
17.325087
-5.186772
8.908658
32.628387
0.48350894
27.902494
35.292847
17.120796
19.084368
28.34351
18.698093
19.436821
train_time
83.7983036
92.1839301
125.96328640000002
63.280827999999985
108.29774520000001
76.05462939999995
119.56202810000002
106.43803959999991
80.75859159999993
72.46849829999996
97.19533819999992
78.38195189999988
98.45573250000007
78.1014561999998
108.4918341
102.93595019999998


================================================================================
=== identity feature map
train_risk
20.95484
14.314643
20.738361
11.540792
17.226171
-5.2164655
8.97831
32.890484
0.4333944
27.851593
35.19121
17.058495
19.015385
28.205116
18.643873
19.740303
test_risk
20.943123
14.316801
20.777752
11.55891
17.278856
-5.2126956
8.988886
32.86986
0.44405752
27.84701
35.178295
17.062702
18.998438
28.174309
18.686213
19.720037
test_mean_value
0.0066401833
0.041282073
-0.0006387673
0.009504504
0.013513374
-0.0300723
0.0062857056
0.025289435
-0.0513322
0.016471818
0.005076028
-0.012902994
-0.014797034
-0.012647919
0.0057880697
0.025412638
test_mean_abs_value
5.8345976
7.783667
5.181367
5.7962513
8.045507
9.583424
4.033001
10.277593
11.115167
13.134841
8.662597
15.657196
7.596674
9.764333
6.912311
11.549354
test_variance_value
57.19405
115.30742
42.58717
58.293896
105.40693
132.35085
26.586597
183.62389
197.847
269.11166
124.730995
392.68906
96.70416
161.16049
74.285255
226.81479
test_mean_costs
0.0
0.0
0.0
0.0
0.0
0.0
0.0
0.0
0.0
0.0
0.0
0.0
0.0
0.0
0.0
0.0
test_mean_abs_costs
0.0
0.0
0.0
0.0
0.0
0.0
0.0
0.0
0.0
0.0
0.0
0.0
0.0
0.0
0.0
0.0
test_variance_costs
0.0
0.0
0.0
0.0
0.0
0.0
0.0
0.0
0.0
0.0
0.0
0.0
0.0
0.0
0.0
0.0
test_mean_wealth
-16.715736
-10.734099
-16.602617
-9.203572
-13.291691
7.6928363
-6.0678997
-26.784222
1.7939081
-22.454697
-28.864191
-13.137933
-15.010293
-21.98241
-13.67693
-13.510648
test_mean_abs_wealth
16.715736
10.734099
16.602617
9.203572
13.291691
7.6928363
6.0678997
26.784222
1.8384689
22.454697
28.864191
13.137933
15.010293
21.98241
13.67693
13.510648
test_variance_wealth
3.770918
3.6604385
3.704317
1.1943867
3.2462752
1.7398967
1.9796587
8.260188
1.4569756
6.1954293
8.51673
3.5553346
3.372051
8.131421
5.411744
8.347059
test_wealth_with_price_abs_mean
4.263042
3.6172278
4.2099977
2.3767593
4.022907
2.4972985
2.9447737
6.1382813
2.2556887
5.4397907
6.365851
3.9566271
4.020833
6.2468424
5.0540633
6.2619553
test_wealth_with_price_variance
3.770918
3.6604385
3.704317
1.1943867
3.2462752
1.7398967
1.9796587
8.260188
1.4569755
6.1954293
8.51673
3.5553346
3.372051
8.131421
5.411744
8.347059
price
20.943123
14.316801
20.777752
11.55891
17.278856
-5.2126956
8.988886
32.86986
0.44405752
27.84701
35.178295
17.062702
18.998438
28.174309
18.686213
19.720037
train_time
6.550443699999988
9.034745799999996
5.166926999999987
10.123414499999967
8.082422400000041
5.718652300000031
10.092360299999996
7.774601200000006
8.215559900000017
7.204373700000133
8.589382300000125
10.00696599999992
9.631346900000153
12.217863699999953
7.018767599999819
6.006853000000092


