================================================================================
=== continuous-time
train_risk
41.656242
25.861086
18.353981
16.53157
16.17687
13.324874
30.526342
46.77226
19.437351
39.72341
62.270504
16.315407
34.438786
42.15475
39.07819
24.633492
test_risk
41.691055
25.895061
18.336851
16.512571
16.147022
13.305298
30.495903
46.74654
19.442102
39.6554
62.29575
16.311573
34.42721
42.148815
39.106133
24.614227
test_mean_value
-0.026868217
-0.029609134
0.035889078
-0.036291912
0.010833348
0.0026311572
-0.050640494
0.011010935
-0.020335766
-0.044725683
0.07030706
0.003762195
-0.013378852
-0.038339972
-0.078273654
-0.0094322385
test_mean_abs_value
18.797852
8.9758005
8.626979
9.407489
12.708428
13.771969
18.497057
13.38626
8.23301
14.855104
19.738022
14.404043
9.298303
12.977657
16.581114
13.148156
test_variance_value
557.59814
132.27711
129.15898
139.53288
259.35434
306.35922
547.0731
280.15784
112.06169
347.45078
617.3491
320.22104
135.63272
269.4413
453.28702
281.82043
test_mean_costs
0.0
0.0
0.0
0.0
0.0
0.0
0.0
0.0
0.0
0.0
0.0
0.0
0.0
0.0
0.0
0.0
test_mean_abs_costs
0.0
0.0
0.0
0.0
0.0
0.0
0.0
0.0
0.0
0.0
0.0
0.0
0.0
0.0
0.0
0.0
test_variance_costs
0.0
0.0
0.0
0.0
0.0
0.0
0.0
0.0
0.0
0.0
0.0
0.0
0.0
0.0
0.0
0.0
test_mean_wealth
-35.989594
-20.300333
-13.324574
-12.754017
-11.870438
-7.9884043
-23.952522
-39.531178
-14.309475
-32.8363
-52.721123
-11.095135
-29.115032
-36.357628
-32.093452
-20.211046
test_mean_abs_wealth
35.989594
20.300333
13.324574
12.754017
11.870438
7.996036
23.952522
39.531178
14.309475
32.8363
52.721123
11.095143
29.115032
36.357628
32.093452
20.211046
test_variance_wealth
6.5012026
6.622595
4.933475
2.8383663
3.7350721
6.5128145
8.217446
9.983468
5.714034
8.86917
17.91677
5.59433
5.316121
6.697982
9.504489
3.9564035
test_wealth_with_price_abs_mean
2.0063913
2.0279827
1.749155
1.3174291
1.517914
1.9968064
2.2570033
2.478719
1.8846612
2.3321493
3.324134
1.8590972
1.7982631
2.0400941
2.4302182
1.5664171
test_wealth_with_price_variance
6.5012026
6.622595
4.933475
2.8383663
3.7350721
6.5128145
8.217446
9.983468
5.714034
8.86917
17.91677
5.59433
5.316121
6.697982
9.504489
3.9564035
price
35.983418
20.288618
13.327855
12.759359
11.877503
7.9936914
23.953745
39.52372
14.302126
32.83923
52.71035
11.087654
29.107708
36.359886
32.085506
20.203829
train_time
4.5904317
6.677186599999999
3.9253042999999934
5.1035539000000085
9.471874800000023
4.283374200000026
4.387828099999979
3.570360499999879
3.4230165999999826
4.70197260000009
6.760853300000008
3.679907700000058
6.335205099999939
4.038133000000016
5.0271697999999105
5.600155499999801


================================================================================
=== deep network
train_risk
43.194355
26.474653
18.928139
16.930943
17.035347
13.936622
30.887926
47.365913
20.103722
40.56325
63.17517
16.93341
34.7309
43.25764
39.410637
24.86772
test_risk
43.351048
26.752804
19.132275
17.079832
17.205923
14.096851
31.065342
47.592953
20.329948
40.756443
63.600803
17.100662
34.969536
43.475754
39.67423
25.039034
test_mean_value
-0.030191189
-0.031894553
0.03175859
-0.032871712
0.007274769
0.008795194
-0.052723143
0.008516206
-0.02126601
-0.045252863
0.062949695
0.0058696494
-0.011097276
-0.039694846
-0.08419796
-0.010636909
test_mean_abs_value
18.215395
8.663835
8.461993
9.1573105
12.634497
13.697922
18.396694
12.641235
8.0639
14.162169
18.95833
14.121889
8.957475
12.637561
16.52659
13.060896
test_variance_value
524.85144
124.205086
124.3925
131.75943
256.86475
303.70145
542.09216
251.72736
108.38495
318.80634
572.46826
309.44403
126.04348
255.91742
448.04663
277.68793
test_mean_costs
0.0
0.0
0.0
0.0
0.0
0.0
0.0
0.0
0.0
0.0
0.0
0.0
0.0
0.0
0.0
0.0
test_mean_abs_costs
0.0
0.0
0.0
0.0
0.0
0.0
0.0
0.0
0.0
0.0
0.0
0.0
0.0
0.0
0.0
0.0
test_variance_costs
0.0
0.0
0.0
0.0
0.0
0.0
0.0
0.0
0.0
0.0
0.0
0.0
0.0
0.0
0.0
0.0
test_mean_wealth
-35.992916
-20.302618
-13.328706
-12.750596
-11.873996
-7.98224
-23.954605
-39.533672
-14.310406
-32.836826
-52.728477
-11.093027
-29.112751
-36.358982
-32.099377
-20.212252
test_mean_abs_wealth
35.992916
20.302618
13.328855
12.750708
11.874175
8.032808
23.954605
39.533672
14.310434
32.836826
52.728477
11.093826
29.112751
36.358982
32.099377
20.212252
test_variance_wealth
13.290822
9.49582
7.8318086
4.883355
7.136155
10.360931
12.239587
14.1732645
8.411702
14.47478
25.946405
8.563583
7.775439
11.151078
12.370333
5.3919115
test_wealth_with_price_abs_mean
7.4116955
6.4992256
5.847804
4.361576
5.3698616
6.1560693
7.164463
8.123081
6.0637155
7.9812713
10.958507
6.05276
5.90328
7.171289
7.6349025
4.8640404
test_wealth_with_price_variance
13.290822
9.49582
7.8318086
4.883355
7.136155
10.360931
12.239587
14.1732645
8.411702
14.47478
25.946405
8.563583
7.775439
11.151078
12.370333
5.3919115
price
43.351048
26.752804
19.132275
17.079832
17.205923
14.096851
31.065342
47.592953
20.329948
40.756443
63.600803
17.100662
34.969536
43.475754
39.67423
25.039034
train_time
51.818596299999996
121.03391199999999
124.6758044
123.39182760000006
119.13475100000005
93.28410199999996
116.99396569999999
74.57435450000003
92.7728059000001
85.10806490000004
82.21615110000016
86.28467380000006
159.93634980000002
78.74887280000007
118.9432456999998
101.1009954000001


================================================================================
=== identity feature map
train_risk
41.56484
25.790018
18.245157
16.467627
16.08245
13.192677
30.032547
46.51357
19.359308
39.49097
61.979053
16.182743
34.34251
42.4779
38.902805
24.618973
test_risk
41.617744
25.83973
18.25837
16.46702
16.073198
13.184266
30.029446
46.53198
19.37922
39.460693
62.047054
16.19043
34.342915
42.519268
38.963024
24.603172
test_mean_value
-0.029094793
-0.030142257
0.03421265
-0.03544629
0.010429704
0.004502001
-0.049573842
0.00824846
-0.019835932
-0.042581677
0.06870205
0.0035757
-0.012872708
-0.037713937
-0.078675285
-0.009496472
test_mean_abs_value
18.575676
8.838806
8.526441
9.312359
12.695179
13.829571
18.282341
12.904987
8.188121
14.369338
19.248674
14.186806
9.053371
12.800102
16.549105
13.12546
test_variance_value
543.83777
128.39041
126.04097
136.95398
258.7687
310.71497
536.85345
260.35608
111.03999
325.17346
586.8389
311.0099
128.51755
262.33563
450.47665
280.25095
test_mean_costs
0.0
0.0
0.0
0.0
0.0
0.0
0.0
0.0
0.0
0.0
0.0
0.0
0.0
0.0
0.0
0.0
test_mean_abs_costs
0.0
0.0
0.0
0.0
0.0
0.0
0.0
0.0
0.0
0.0
0.0
0.0
0.0
0.0
0.0
0.0
test_variance_costs
0.0
0.0
0.0
0.0
0.0
0.0
0.0
0.0
0.0
0.0
0.0
0.0
0.0
0.0
0.0
0.0
test_mean_wealth
-35.991817
-20.300865
-13.326251
-12.753171
-11.870841
-7.9865336
-23.951456
-39.53394
-14.308975
-32.834156
-52.722725
-11.095322
-29.114527
-36.357002
-32.093853
-20.211111
test_mean_abs_wealth
35.991817
20.300865
13.326251
12.753171
11.870841
8.000092
23.951456
39.53394
14.308975
32.834156
52.722725
11.095341
29.114527
36.357002
32.093853
20.211111
test_variance_wealth
6.9015403
6.8227963
5.0969644
2.9506547
3.8829868
6.8865175
7.8347135
10.522978
5.9053884
9.413801
18.874817
5.803254
5.805218
7.9857635
9.80244
4.23181
test_wealth_with_price_abs_mean
5.67101
5.58244
4.9721932
3.7455704
4.236342
5.2359066
6.1275105
7.054688
5.1095757
6.6815248
9.400259
5.1358194
5.27317
6.2127295
6.925575
4.4271812
test_wealth_with_price_variance
6.9015403
6.8227963
5.0969644
2.9506547
3.8829868
6.8865175
7.8347135
10.522978
5.9053884
9.413801
18.874817
5.803254
5.805218
7.9857635
9.80244
4.23181
price
41.617744
25.83973
18.25837
16.46702
16.073198
13.184266
30.029446
46.53198
19.37922
39.460693
62.047054
16.19043
34.342915
42.519268
38.963024
24.603172
train_time
8.446534200000002
12.020947899999982
9.671209000000033
9.876429600000051
16.741601899999978
13.274490000000014
18.607493900000122
12.098629399999936
14.10914670000011
10.71554140000012
13.463818900000206
13.037215699999933
11.937542800000074
7.640227399999958
20.880585899999915
10.333561500000087


