================================================================================
=== continuous-time
train_risk
2.6928785
2.301309
1.7485124
3.376565
2.0580359
-0.7905761
7.3801064
6.475898
7.0999193
2.1142216
2.8610716
3.734876
4.9042563
3.2866094
2.2241745
6.0901556
test_risk
2.6911218
2.3084285
1.7487746
3.3790777
2.0524497
-0.7949753
7.386996
6.4725933
7.106545
2.1148589
2.850928
3.7331617
4.904016
3.288205
2.2204459
6.0773764
test_mean_value
-0.00021557137
-0.0032722305
-0.0003986649
-0.0060381237
-0.00613466
0.0073851263
0.010149446
0.0117265815
-0.0060901204
0.0038763708
0.0019221557
-9.1183705e-05
-0.006538248
-0.0021605983
0.008102072
0.005772744
test_mean_abs_value
2.0184588
1.6242875
1.2672969
2.4519525
1.1302642
3.190428
5.2337317
3.242465
5.411747
1.5501741
1.9395878
2.7782047
3.5483286
2.4237456
1.2132547
4.386883
test_variance_value
6.9432325
5.623344
2.830776
9.75771
3.769052
19.899727
41.939598
15.446233
49.235657
4.629509
8.937217
14.490569
19.42918
11.523203
5.0635486
29.561464
test_mean_costs
0.0
0.0
0.0
0.0
0.0
0.0
0.0
0.0
0.0
0.0
0.0
0.0
0.0
0.0
0.0
0.0
test_mean_abs_costs
0.0
0.0
0.0
0.0
0.0
0.0
0.0
0.0
0.0
0.0
0.0
0.0
0.0
0.0
0.0
0.0
test_variance_costs
0.0
0.0
0.0
0.0
0.0
0.0
0.0
0.0
0.0
0.0
0.0
0.0
0.0
0.0
0.0
0.0
test_mean_wealth
-1.7112029
-1.1538928
-1.009209
-2.111628
-0.6897113
2.415016
-5.7440224
-5.756514
-4.757214
-1.1684136
-1.3065076
-2.1501534
-3.646064
-1.8171525
-0.71456885
-4.5868125
test_mean_abs_wealth
1.7112029
1.1567457
1.0092449
2.111628
0.7333781
2.415377
5.7440224
5.756514
4.757214
1.1687131
1.3171428
2.150258
3.646064
1.8176566
0.7667375
4.5868125
test_variance_wealth
0.17262661
0.22191755
0.09693706
0.288134
0.26479158
0.6132241
0.4583702
0.0647257
0.9970506
0.15510942
0.38392797
0.44098657
0.27536187
0.37597102
0.31076467
0.38839743
test_wealth_with_price_abs_mean
0.31416574
0.34625843
0.23467775
0.40618894
0.35122153
0.5838273
0.5015463
0.15754554
0.7558598
0.2941284
0.44805866
0.49823692
0.3927871
0.45727065
0.37072742
0.46566918
test_wealth_with_price_variance
0.17262661
0.22191755
0.09693706
0.288134
0.26479155
0.6132241
0.4583702
0.0647257
0.9970506
0.15510942
0.38392797
0.44098657
0.27536187
0.37597102
0.31076467
0.38839743
price
1.709485
1.1532103
1.0093344
2.1103036
0.68909043
-2.412441
5.743639
5.757465
4.755269
1.168581
1.3064778
2.151233
3.6459572
1.8180616
0.7146746
4.5849047
train_time
3.2064033
3.4153898
1.5387820999999917
2.434667300000001
2.256167199999993
2.6643735000000106
2.7090039999999362
3.824760900000001
1.7324681999999711
1.716645500000027
2.136044200000015
1.5385329000000638
1.7263192000000345
2.9912987000000157
1.7205400999998801
2.371721200000138


================================================================================
=== deep network
train_risk
2.6062148
2.1670797
1.6649991
3.2578824
1.7831099
-1.0574522
7.181688
6.284303
6.8539295
1.9989204
2.6023796
3.558732
4.7550583
3.0942779
1.8771349
5.9470162
test_risk
2.6028576
2.1749024
1.6653514
3.2648466
1.7830361
-1.0573652
7.18479
6.2873654
6.853123
2.000332
2.6040866
3.5587676
4.7604337
3.0978332
1.8748002
5.943689
test_mean_value
-0.000253022
-0.0033406268
3.5912606e-05
-0.0058981576
-0.0062061483
0.008280216
0.009773321
0.011168416
-0.006229452
0.0039015582
0.0016490353
0.00066138065
-0.0068924064
-0.002026814
0.009346898
0.004939036
test_mean_abs_value
1.9829798
1.6795466
1.263931
2.3547049
1.3224438
3.1373456
4.9793825
3.0931675
5.283274
1.5853424
2.0869346
2.8044212
3.4007473
2.4630723
1.4540254
4.193635
test_variance_value
6.7185397
5.6966343
2.7742372
9.032052
4.310728
20.042007
38.61948
14.083847
47.226257
4.698414
9.468327
14.472493
18.174435
11.550368
5.8986645
27.50073
test_mean_costs
0.0
0.0
0.0
0.0
0.0
0.0
0.0
0.0
0.0
0.0
0.0
0.0
0.0
0.0
0.0
0.0
test_mean_abs_costs
0.0
0.0
0.0
0.0
0.0
0.0
0.0
0.0
0.0
0.0
0.0
0.0
0.0
0.0
0.0
0.0
test_variance_costs
0.0
0.0
0.0
0.0
0.0
0.0
0.0
0.0
0.0
0.0
0.0
0.0
0.0
0.0
0.0
0.0
test_mean_wealth
-1.7112403
-1.1539612
-1.0087745
-2.111488
-0.68978274
2.415911
-5.7443986
-5.757072
-4.7573533
-1.1683885
-1.3067807
-2.1494007
-3.6464183
-1.8170187
-0.713324
-4.587646
test_mean_abs_wealth
1.7112403
1.1658219
1.0089748
2.1114886
0.8290186
2.4159408
5.7443986
5.757072
4.7573533
1.1698288
1.3486946
2.1500595
3.6464183
1.8195027
0.890617
4.587646
test_variance_wealth
0.21232021
0.2945717
0.1195112
0.35747594
0.40867993
0.9553339
0.5930201
0.11549017
1.198266
0.19737226
0.5317239
0.5527373
0.34225935
0.47849578
0.50664544
0.49901423
test_wealth_with_price_abs_mean
0.8990687
1.0298955
0.6620229
1.1626287
1.1040577
1.3668517
1.452878
0.5364647
2.1131747
0.83905476
1.3089601
1.4214022
1.1234164
1.2916167
1.1733159
1.3673619
test_wealth_with_price_variance
0.21232021
0.2945717
0.1195112
0.35747594
0.40867993
0.9553338
0.5930201
0.11549017
1.198266
0.19737226
0.5317239
0.5527373
0.34225935
0.47849578
0.50664544
0.49901423
price
2.6028576
2.1749024
1.6653514
3.2648466
1.7830361
-1.0573652
7.18479
6.2873654
6.853123
2.000332
2.6040866
3.5587676
4.7604337
3.0978332
1.8748002
5.943689
train_time
48.112019999999994
71.8043034
93.36803210000002
63.101629700000046
88.14450149999999
64.12336929999998
78.76426590000005
73.52128670000002
86.9425056
76.2670607
110.70938299999989
75.00151219999998
73.93133699999998
109.37568549999992
94.64907879999987
47.68537719999995


================================================================================
=== identity feature map
train_risk
2.6387296
2.2018323
1.7018042
3.3055303
1.902224
-0.8600657
7.2637277
6.358077
6.9783053
2.087187
2.71143
3.6231163
4.82072
3.1862364
2.0735588
5.9961925
test_risk
2.637625
2.2099895
1.701837
3.309674
1.8986259
-0.86089855
7.2701817
6.358537
6.9787836
2.08916
2.7075489
3.6211767
4.824229
3.187565
2.071182
5.989392
test_mean_value
-0.00022746246
-0.003261895
-0.00014641015
-0.0059442157
-0.0058711977
0.007679813
0.009611094
0.011046868
-0.0052834935
0.0039646705
0.0014731197
0.0003693389
-0.0065974644
-0.0025554996
0.009427485
0.005633634
test_mean_abs_value
1.9963261
1.672611
1.2622197
2.401343
1.2271053
3.2099502
5.097781
3.1207435
5.3819118
1.5558319
2.012736
2.8034947
3.4577866
2.460729
1.327371
4.294287
test_variance_value
6.6989326
5.7570443
2.7581334
9.247679
4.1223044
20.89429
39.692226
14.306712
48.120304
4.561059
9.200254
14.427522
18.37257
11.552148
5.4885736
28.21543
test_mean_costs
0.0
0.0
0.0
0.0
0.0
0.0
0.0
0.0
0.0
0.0
0.0
0.0
0.0
0.0
0.0
0.0
test_mean_abs_costs
0.0
0.0
0.0
0.0
0.0
0.0
0.0
0.0
0.0
0.0
0.0
0.0
0.0
0.0
0.0
0.0
test_variance_costs
0.0
0.0
0.0
0.0
0.0
0.0
0.0
0.0
0.0
0.0
0.0
0.0
0.0
0.0
0.0
0.0
test_mean_wealth
-1.7112148
-1.1538825
-1.0089568
-2.111534
-0.6894478
2.4153106
-5.7445607
-5.7571936
-4.7564073
-1.1683254
-1.3069566
-2.1496928
-3.6461234
-1.8175474
-0.7132434
-4.5869513
test_mean_abs_wealth
1.7112148
1.1592382
1.0090213
2.111534
0.76897925
2.4155679
5.7445607
5.7571936
4.7564073
1.1689206
1.3277857
2.1499012
3.6461234
1.8185614
0.8200204
4.5869513
test_variance_wealth
0.18765247
0.2497158
0.10478482
0.3140689
0.3236222
0.81625867
0.5059565
0.09019658
1.0802505
0.17839758
0.4490903
0.48129466
0.30165774
0.42322397
0.41550303
0.42628068
test_wealth_with_price_abs_mean
0.9352608
1.0668851
0.69953084
1.209529
1.2234436
1.5662322
1.5411321
0.60958123
2.2434175
0.929869
1.4153019
1.4857644
1.1895777
1.3832594
1.3748233
1.4161975
test_wealth_with_price_variance
0.18765247
0.2497158
0.10478482
0.3140689
0.3236222
0.81625867
0.5059565
0.09019658
1.0802505
0.17839758
0.4490903
0.48129466
0.30165774
0.42322397
0.41550303
0.42628068
price
2.637625
2.2099895
1.701837
3.309674
1.8986259
-0.86089855
7.2701817
6.358537
6.9787836
2.08916
2.7075489
3.6211767
4.824229
3.187565
2.071182
5.989392
train_time
5.143146599999994
7.356604000000004
5.831165199999987
5.330856899999958
7.453645999999992
3.078004299999975
6.452511399999935
6.181236199999944
5.630164700000023
4.481083100000092
3.9173608999999487
6.261554400000023
8.645639500000016
3.8623618999999962
3.349102500000072
4.2448360000000775


