================================================================================
=== lazy continuous-time
train_risk
6.1979628
6.206018
6.2253566
6.214362
6.204116
6.2148376
6.2270684
6.248268
test_risk
6.2307324
6.231944
6.187237
6.234845
6.2274103
6.2110376
6.2241607
6.1935854
test_mean_value
-0.014242597
-0.013005206
-0.0045579085
-0.0142951775
-0.009735967
-0.00834852
-0.0074307434
-0.006837485
test_mean_abs_value
1.3895547
1.3893083
1.3862287
1.3899809
1.3901227
1.3869393
1.3923855
1.3851936
test_variance_value
3.486518
3.5286288
3.4471564
3.5281947
3.55829
3.5060165
3.5067785
3.4253857
test_mean_costs
1.881881
1.8813121
1.8847604
1.8818775
1.8833628
1.884538
1.8811817
1.8815442
test_mean_abs_costs
1.881881
1.8813121
1.8847604
1.8818775
1.8833628
1.884538
1.8811817
1.8815442
test_variance_costs
0.3761397
0.3744394
0.37608156
0.374672
0.37645912
0.37530464
0.37592688
0.37411678
test_mean_wealth
-4.2643013
-4.264152
-4.267793
-4.266951
-4.268682
-4.26784
-4.2622604
-4.2641935
test_mean_abs_wealth
4.348524
4.351437
4.3499985
4.3504224
4.352014
4.3508806
4.349732
4.3473487
test_variance_wealth
1.8902866
1.9401665
1.8476262
1.9150432
1.9445606
1.8973789
1.918405
1.8365836
test_wealth_with_price_abs_mean
2.002811
2.0055265
2.003358
2.0037909
2.004834
2.0029275
2.0051744
2.000909
test_wealth_with_price_variance
1.8902866
1.9401665
1.8476262
1.9150432
1.9445606
1.8973789
1.918405
1.8365836
price
2.3832371
2.3832371
2.3832371
2.3832371
2.3832371
2.3832371
2.3832371
2.3832371
train_time
2.454836000000002
2.3236172999999667
3.475447700000018
2.2299447000000328
2.9795524999999543
1.99120999999991
3.431884000000082
2.96273280000014


================================================================================
=== jump continuous-time
train_risk
6.2696733
6.3545337
6.3215213
6.3233905
6.24038
6.236605
6.2688947
6.2823253
test_risk
6.3539305
6.331298
6.3082204
6.252763
6.297945
6.2604866
6.32304
6.3342743
test_mean_value
-0.015330592
-0.01243389
-0.009045456
-0.008781571
-0.0025832232
-0.005330017
-0.009915085
-0.013184084
test_mean_abs_value
1.4311068
1.4298303
1.4245209
1.426597
1.4335965
1.4239155
1.4299364
1.4230657
test_variance_value
6.300745
6.108516
5.9063525
6.1814237
6.86876
6.1972847
6.071194
5.8774037
test_mean_costs
1.8940268
1.8934238
1.8968936
1.8939646
1.8954473
1.8966352
1.8933209
1.8937426
test_mean_abs_costs
1.8940268
1.8934238
1.8968936
1.8939646
1.8954473
1.8966352
1.8933209
1.8937426
test_variance_costs
0.3844026
0.38251343
0.38417816
0.38275996
0.38464478
0.38336602
0.38396978
0.3822876
test_mean_wealth
-4.277535
-4.2756925
-4.2844143
-4.2735248
-4.273614
-4.2769184
-4.276884
-4.282738
test_mean_abs_wealth
4.43232
4.4342504
4.431171
4.429628
4.437962
4.4305
4.430216
4.4283504
test_variance_wealth
4.763291
4.5930867
4.3586535
4.688025
5.35932
4.6831098
4.5472326
4.3281426
test_wealth_with_price_abs_mean
2.088895
2.0906801
2.0866764
2.0856223
2.0936086
2.0853271
2.088023
2.0839617
test_wealth_with_price_variance
4.763291
4.593087
4.3586535
4.688025
5.3593206
4.6831098
4.5472326
4.3281426
price
2.3832371
2.3832371
2.3832371
2.3832371
2.3832371
2.3832371
2.3832371
2.3832371
train_time
1.938210599999998
2.016401499999972
4.3593062999999574
2.9743629999999257
2.00401439999996
1.7599295999998503
2.2566064000000097
1.7519916999999623


================================================================================
=== deep network
train_risk
4.704519
4.6973243
4.8414135
4.7233653
5.1558175
5.0778055
4.8507614
5.9061418
test_risk
4.7121224
4.700954
4.841263
4.725877
5.159979
5.085806
4.8574214
5.9117413
test_mean_value
-0.036574
-0.033709496
-0.025391452
-0.029160209
-0.036964215
-0.03532652
-0.031413794
-0.032343633
test_mean_abs_value
0.9335997
0.91967696
0.82023084
0.91238695
0.8769812
0.8798215
0.8376366
1.0486553
test_variance_value
1.5547267
1.4875404
1.2313389
1.5301511
1.4083966
2.2132442
1.4869038
2.9879358
test_mean_costs
0.50553554
0.50790805
0.55880314
0.5196154
0.69144267
0.6328089
0.4788363
1.2593169
test_mean_abs_costs
0.50553554
0.50790805
0.55880314
0.5196154
0.69144267
0.6328089
0.4788363
1.2593169
test_variance_costs
0.017326646
0.019404965
0.0105515765
0.023246236
0.03213223
0.021880275
0.01616722
0.06773117
test_mean_wealth
-2.9102871
-2.9114523
-2.9626696
-2.9195542
-3.10399
-3.043089
-2.883898
-3.6674721
test_mean_abs_wealth
2.9675841
2.961935
3.0111928
2.9803362
3.1672769
3.1472208
2.9692535
3.8158123
test_variance_wealth
1.6145321
1.5196974
1.554048
1.581142
1.9134679
2.7784398
2.0876083
3.5589979
test_wealth_with_price_abs_mean
1.1055553
1.0852075
1.1019138
1.0679767
1.2408013
1.2476897
1.1776532
1.7608441
test_wealth_with_price_variance
1.614532
1.5196974
1.554048
1.581142
1.9134679
2.7784398
2.0876083
3.5589979
price
2.3832371
2.3832371
2.3832371
2.3832371
2.3832371
2.3832371
2.3832371
2.3832371
train_time
135.3605082
163.91831299999996
110.97259229999997
110.60617309999998
93.71187090000012
70.42627670000002
71.23123220000002
71.40513729999998


================================================================================
=== identity feature map
train_risk
4.811696
4.7428303
4.770504
4.7878346
4.749466
4.743002
4.7668023
4.7457914
test_risk
4.8334484
4.74436
4.7692413
4.7862124
4.7508984
4.7527347
4.7786818
4.7518115
test_mean_value
-0.031939488
-0.03582858
-0.045348216
-0.036091525
-0.03442045
-0.028791966
-0.028026687
-0.031606473
test_mean_abs_value
0.83442473
0.82134396
0.91186994
0.8289837
0.7943855
0.7807183
0.8337006
0.78945684
test_variance_value
4.6832848
1.3212492
1.5780962
1.7031227
1.3840734
1.3576409
2.7364483
2.0315878
test_mean_costs
0.41906458
0.37810126
0.32160106
0.3837596
0.385987
0.40647742
0.43771312
0.40272394
test_mean_abs_costs
0.41906458
0.37810126
0.32160106
0.3837596
0.385987
0.40647742
0.43771312
0.40272394
test_variance_costs
0.009307032
0.010073178
0.008544237
0.011698612
0.00922081
0.01037477
0.011754533
0.010457447
test_mean_wealth
-2.8191817
-2.7837646
-2.7454243
-2.7906296
-2.7959907
-2.8102229
-2.8393877
-2.810142
test_mean_abs_wealth
2.998872
2.8752491
2.91305
2.9196289
2.8932245
2.9010458
2.9822774
2.9119425
test_variance_wealth
5.502766
2.0147643
2.5848756
2.5756805
2.1019793
2.0051246
3.4061658
2.7057056
test_wealth_with_price_abs_mean
1.1858683
1.1482724
1.2627237
1.1834272
1.1345875
1.1064124
1.152925
1.1220022
test_wealth_with_price_variance
5.5027666
2.0147643
2.5848756
2.5756805
2.1019793
2.0051246
3.4061658
2.7057056
price
2.3832371
2.3832371
2.3832371
2.3832371
2.3832371
2.3832371
2.3832371
2.3832371
train_time
10.204953100000012
12.419710100000032
8.919488499999943
7.605888900000082
10.376005599999871
9.683037000000013
10.342480799999976
15.457429000000047


