================================================================================
=== lazy continuous-time
train_risk
7.2332454
7.183029
7.162575
7.2390018
7.257019
7.2018547
7.251349
7.225547
test_risk
7.275505
7.255519
7.193043
7.1969557
7.195748
7.212762
7.1895814
7.287144
test_mean_value
-0.019764157
-0.016981026
-0.019256398
-0.006726624
-0.018556956
-0.013957053
-0.008360081
-0.017208356
test_mean_abs_value
1.6148854
1.6199083
1.6148105
1.6234722
1.6187348
1.6185614
1.6195196
1.6216812
test_variance_value
6.7795415
6.9024115
6.7784176
6.9200673
6.797177
6.850422
6.862145
6.936177
test_mean_costs
1.8616515
1.8605461
1.8599981
1.8615377
1.8596028
1.8613417
1.8614498
1.8628442
test_mean_abs_costs
1.8616515
1.8605461
1.8599981
1.8615377
1.8596028
1.8613417
1.8614498
1.8628442
test_variance_costs
0.40001103
0.4029359
0.4006179
0.4023603
0.4017947
0.40139893
0.40203652
0.40317816
test_mean_wealth
-4.0917726
-4.0801625
-4.07995
-4.076688
-4.0773168
-4.0777683
-4.075778
-4.0881457
test_mean_abs_wealth
4.4294796
4.426235
4.4238605
4.429454
4.4230814
4.4255586
4.4277186
4.4323807
test_variance_wealth
5.77594
5.9188128
5.801876
5.958463
5.8101068
5.8845534
5.9020944
5.9189425
test_wealth_with_price_abs_mean
2.1521583
2.1520634
2.1485586
2.155801
2.1489
2.1531858
2.1536312
2.156608
test_wealth_with_price_variance
5.77594
5.9188128
5.801876
5.958463
5.8101068
5.8845534
5.9020944
5.9189425
price
2.4203293
2.4203293
2.4203293
2.4203293
2.4203293
2.4203293
2.4203293
2.4203293
train_time
1.9583329999999997
1.9529340000000275
4.303435799999988
1.9618821000000253
1.9666754999999512
1.9685561999999663
2.83290820000002
2.791265600000088


================================================================================
=== jump continuous-time
train_risk
297.82736
401.05618
354.04398
406.29892
406.82608
336.68124
429.69208
276.02115
test_risk
423.49985
435.14233
431.29605
263.955
395.1924
354.86066
459.13556
377.90454
test_mean_value
-2.8656378
-1.8520845
-2.9726508
6.763762
0.24159063
1.3558486
-4.5983
1.4133829
test_mean_abs_value
41.514423
43.654285
42.198006
35.21666
41.80135
38.87192
43.35971
41.225945
test_variance_value
6781681.5
8149890.0
5502074.5
1309647.9
3553401.0
3182608.0
5924560.0
4644823.0
test_mean_costs
4.205497
4.2307725
4.2048526
4.206556
4.20908
4.206575
4.201785
4.206541
test_mean_abs_costs
4.205497
4.2307725
4.2048526
4.206556
4.20908
4.206575
4.201785
4.206541
test_variance_costs
1.6595461
185.6468
2.2637024
1.658193
6.2677317
2.2666135
1.662908
5.0589557
test_mean_wealth
-9.281491
-8.285492
-9.378199
0.3487827
-6.1666465
-5.0531964
-11.006053
-5.001251
test_mean_abs_wealth
39.76019
41.929447
40.43861
33.4795
40.057175
37.114784
41.597416
39.465714
test_variance_wealth
6781604.0
8151213.5
5502005.5
1309622.9
3553519.5
3182567.2
5924505.0
4645039.0
test_wealth_with_price_abs_mean
40.299942
42.467606
40.98108
34.01226
40.59729
37.657883
42.14416
40.00895
test_wealth_with_price_variance
6781604.0
8151213.5
5502005.5
1309622.8
3553519.8
3182567.2
5924505.0
4645039.0
price
2.4203293
2.4203293
2.4203293
2.4203293
2.4203293
2.4203293
2.4203293
2.4203293
train_time
2.4315159999999985
2.5006930000000125
2.978601000000026
3.8631291000000374
3.5805249000000003
1.954204799999843
3.228031200000032
2.502076999999872


================================================================================
=== deep network
train_risk
4.8247414
4.7457457
4.747597
5.75892
4.7226806
4.778695
4.739433
4.725277
test_risk
4.8364577
4.763761
4.749087
5.7557197
4.7283297
4.816998
4.7365904
4.729465
test_mean_value
-0.037453704
-0.034355015
-0.03965834
-0.038620293
-0.039330952
-0.03804063
-0.033538066
-0.035921212
test_mean_abs_value
1.0202352
0.9754464
0.99156314
1.1900547
1.0550151
0.872356
1.0302587
1.0325148
test_variance_value
2.9562702
2.7747524
3.2048965
3.9358084
2.9722078
2.7909515
2.9639535
2.7936294
test_mean_costs
0.43595344
0.387676
0.4053782
0.952992
0.42013356
0.29814044
0.39885718
0.3967566
test_mean_abs_costs
0.43595344
0.387676
0.4053782
0.952992
0.42013356
0.29814044
0.39885718
0.3967566
test_variance_costs
0.015335688
0.017512647
0.014541433
0.03545529
0.013265073
0.019919463
0.009367831
0.012068934
test_mean_wealth
-2.683764
-2.6246665
-2.645732
-3.2000356
-2.6586213
-2.5386508
-2.6383634
-2.6407707
test_mean_abs_wealth
3.0500093
2.9717808
3.0005636
3.6172702
3.018813
2.884899
3.0105522
2.9941545
test_variance_wealth
4.1344476
3.8786175
4.26396
5.6017303
3.9090588
4.305343
4.06342
3.7913668
test_wealth_with_price_abs_mean
2.135222
2.097995
2.0921757
2.231508
2.0566187
2.2627985
2.090018
2.0769188
test_wealth_with_price_variance
4.1344476
3.8786175
4.26396
5.6017303
3.9090588
4.305343
4.06342
3.7913668
price
4.811729
4.7140856
4.7315125
5.394676
4.7086563
4.793416
4.7221527
4.7108564
train_time
115.56084549999999
89.92334729999999
109.78172010000003
92.93821379999997
134.0615272000001
139.9633334
107.64763070000004
137.67456059999995


================================================================================
=== identity feature map
train_risk
25.390928
43.89691
37.751877
41.851345
7.6388044
19.356087
44.863224
7.2535963
test_risk
48.11045
53.8418
45.92146
51.65305
8.314973
25.458086
42.30518
8.214131
test_mean_value
1.6996523
-0.1097148
1.1276401
-0.48294604
-0.020872436
-0.48690337
0.49638322
-0.29872683
test_mean_abs_value
12.63332
9.081273
10.620415
7.91223
2.5352798
9.011833
8.971308
1.6965208
test_variance_value
666687.9
277221.28
521381.66
162385.38
3919.604
146463.56
182793.72
2526.4443
test_mean_costs
1.4136335
1.2920256
0.8159195
1.0782827
0.18488681
1.0403917
0.835566
0.5012832
test_mean_abs_costs
1.4136335
1.2920256
0.8159195
1.0782827
0.18488681
1.0403917
0.835566
0.5012832
test_variance_costs
16.64085
3.6716824
7.292072
8.433601
0.4124689
17.121397
2.5718632
0.07768154
test_mean_wealth
-1.9243381
-3.6043758
-1.8889748
-3.7696521
-2.404916
-3.7297647
-2.5451508
-3.0081031
test_mean_abs_wealth
15.967975
12.112099
13.298823
10.752901
4.8788915
12.009788
11.811984
4.3309336
test_variance_wealth
661265.0
277248.88
521132.0
162530.78
3864.2136
144671.06
182110.78
2512.824
test_wealth_with_price_abs_mean
49.51386
54.307007
47.3267
51.51628
6.0664186
22.87361
42.819874
5.3734703
test_wealth_with_price_variance
661265.0
277248.88
521132.0
162530.78
3864.2136
144671.06
182110.77
2512.824
price
48.085724
53.792126
45.903885
51.292007
8.2953
25.434504
42.29074
8.195523
train_time
10.238101
6.4628399999999715
6.5573835000000145
7.375894900000048
18.45350160000021
7.369674100000111
6.5910893000000215
24.373497099999895


