================================================================================
=== lazy continuous-time
train_risk
7.231056
7.2453237
7.2079544
7.1929984
7.241122
7.2252197
7.2274117
7.243214
test_risk
7.3105073
7.2288227
7.229304
7.201801
7.240519
7.2742577
7.2208223
7.299665
test_mean_value
-0.018291747
-0.015623191
-0.009208363
-0.015500716
-0.008182622
-0.016418386
-0.010105193
-0.018757392
test_mean_abs_value
1.6242086
1.6171361
1.6150918
1.6127017
1.6217382
1.6255497
1.6161377
1.6211116
test_variance_value
7.002484
6.859082
6.8030896
6.8033524
6.899804
6.988499
6.827235
6.9444036
test_mean_costs
1.8625759
1.8615352
1.8639314
1.860848
1.863346
1.8607236
1.8619016
1.8606251
test_mean_abs_costs
1.8625759
1.8615352
1.8639314
1.860848
1.863346
1.8607236
1.8619016
1.8606251
test_variance_costs
0.40277594
0.401803
0.404588
0.40199205
0.4037899
0.40102032
0.40098637
0.4032437
test_mean_wealth
-4.0866694
-4.0821033
-4.085775
-4.0822845
-4.082535
-4.078844
-4.0759087
-4.085209
test_mean_abs_wealth
4.434136
4.4268804
4.426824
4.42225
4.430791
4.43137
4.4258313
4.430869
test_variance_wealth
6.0037394
5.871755
5.81206
5.8176103
5.911886
5.9987955
5.8791485
5.952019
test_wealth_with_price_abs_mean
2.159031
2.1524103
2.152471
2.1469862
2.1563709
2.1566591
2.1532552
2.1570692
test_wealth_with_price_variance
6.0037394
5.871755
5.81206
5.8176103
5.911886
5.998796
5.8791485
5.952019
price
2.4203293
2.4203293
2.4203293
2.4203293
2.4203293
2.4203293
2.4203293
2.4203293
train_time
6.248522599999999
2.5028914999999756
2.827056299999981
5.682084600000053
2.5138999000000695
4.955697399999963
2.838225699999839
3.930164599999898


================================================================================
=== jump continuous-time
train_risk
5.535544
5.5570164
5.544987
5.5212746
5.572235
5.5352325
5.5980535
5.542868
test_risk
5.5860925
5.5127563
5.51892
5.576443
5.573228
5.526412
5.5820837
5.5274596
test_mean_value
-0.018743794
-0.006894281
-0.010999261
-0.014188053
-0.006425592
-0.019120997
-0.019885194
-0.019086963
test_mean_abs_value
1.5626959
1.5653793
1.5538527
1.5621817
1.566557
1.555133
1.5592781
1.5529934
test_variance_value
9.345933
11.006185
6.3226676
15.702335
13.408303
7.280205
9.41521
6.78938
test_mean_costs
0.6397105
0.63873553
0.64089596
0.64028734
0.6392996
0.6388977
0.64032936
0.6378037
test_mean_abs_costs
0.6397105
0.63873553
0.64089596
0.64028734
0.6392996
0.6388977
0.64032936
0.6378037
test_variance_costs
0.18611756
0.18775193
0.18791805
0.18879971
0.19180681
0.18885386
0.19129051
0.18499951
test_mean_wealth
-2.8642561
-2.8505745
-2.86453
-2.8604112
-2.8567314
-2.8597207
-2.8641164
-2.8627172
test_mean_abs_wealth
2.9430897
2.945676
2.937134
2.9496505
2.9483643
2.937424
2.947393
2.935082
test_variance_wealth
7.506314
9.210727
4.4931374
13.913252
11.609149
5.464819
7.6032753
4.961084
test_wealth_with_price_abs_mean
0.9692819
0.97293735
0.9645973
0.9743082
0.9751895
0.96391714
0.97082925
0.96135694
test_wealth_with_price_variance
7.506314
9.210727
4.4931374
13.913252
11.60915
5.464819
7.6032753
4.961084
price
2.4203293
2.4203293
2.4203293
2.4203293
2.4203293
2.4203293
2.4203293
2.4203293
train_time
3.458954900000002
4.981318500000043
3.450657799999931
4.182591300000013
2.7871283000001768
2.477830900000072
2.4407263000002786
4.862358800000038


================================================================================
=== deep network
train_risk
3.838749
3.8674054
3.783625
3.7737715
3.784046
3.7629905
3.8434525
3.8824604
test_risk
3.862674
3.8785172
3.795167
3.8028522
3.8216624
3.7762513
3.878818
3.90374
test_mean_value
-0.033553917
-0.03398393
-0.030823085
-0.038472775
-0.034413997
-0.036959473
-0.036745053
-0.036241647
test_mean_abs_value
1.3116945
1.3328824
1.3210886
1.3138863
1.3394612
1.3306423
1.2614092
1.2487122
test_variance_value
2.8239305
3.314562
2.7512453
2.7841074
3.180971
2.8685966
2.5973117
2.7389588
test_mean_costs
0.11936828
0.13120857
0.09051027
0.08476196
0.09177019
0.09686868
0.114166655
0.12163072
test_mean_abs_costs
0.11936828
0.13120857
0.09051027
0.08476196
0.09177019
0.09686868
0.114166655
0.12163072
test_variance_costs
0.0018319391
0.0015426378
0.0024122233
0.0012306465
0.0020990113
0.0023130924
0.0010903373
0.001897906
test_mean_wealth
-2.358724
-2.3701372
-2.3339682
-2.3291705
-2.3371904
-2.33553
-2.3548136
-2.363699
test_mean_abs_wealth
2.3807743
2.3971608
2.3477168
2.3420315
2.357825
2.3515997
2.3733015
2.3824072
test_variance_wealth
1.0347189
1.4732251
0.8822841
0.95503855
1.2785729
0.9873128
0.9855556
1.1575729
test_wealth_with_price_abs_mean
1.4989774
1.484462
1.473937
1.4782851
1.5001746
0.89076924
1.5227926
1.537715
test_wealth_with_price_variance
1.0347189
1.4732252
0.8822841
0.95503855
1.2785729
0.9873128
0.9855556
1.1575729
price
3.8368402
3.8350353
3.7878573
3.7872722
3.815428
3.1334434
3.8570895
3.881409
train_time
103.7938732
98.43551660000003
198.7827397000001
135.3340121000001
117.3013363
136.2769976000002
83.43018870000014
81.75500330000023


================================================================================
=== identity feature map
train_risk
3.9670055
4.0193977
4.036098
3.983707
3.9896924
3.9900029
4.0562577
4.0171766
test_risk
4.032977
4.0226545
4.0548873
4.015115
4.013701
3.9956255
4.0628176
4.052273
test_mean_value
-0.025635835
-0.020138135
-0.021642657
-0.0272653
-0.021934012
-0.026554707
-0.025265895
-0.034421135
test_mean_abs_value
1.1578523
1.1363003
1.1227388
1.1367956
1.1400379
1.1193209
1.0972503
1.1657901
test_variance_value
3.9310865
3.470291
2.3380475
4.05929
3.6831295
2.499515
2.5488436
2.7838676
test_mean_costs
0.04330074
0.05171132
0.053402845
0.03687121
0.03171811
0.034492426
0.03789483
0.05891091
test_mean_abs_costs
0.04330074
0.05171132
0.053402845
0.03687121
0.03171811
0.034492426
0.03789483
0.05891091
test_variance_costs
0.00075509574
0.0013429585
0.00066897605
0.0009476407
0.0007693876
0.0007313714
0.001131328
0.0014394983
test_mean_wealth
-2.2747383
-2.2767942
-2.2876804
-2.2700725
-2.2646582
-2.262749
-2.2670624
-2.2991586
test_mean_abs_wealth
2.3100712
2.317882
2.3034334
2.3027053
2.30046
2.2830648
2.2874207
2.3216827
test_variance_wealth
2.6799195
2.3072603
1.1469268
2.8609784
2.4936874
1.3367211
1.471318
1.4569975
test_wealth_with_price_abs_mean
1.7502083
1.7179472
1.7766759
1.7450576
1.7577388
1.1809105
1.7918631
1.7486426
test_wealth_with_price_variance
2.6799195
2.3072603
1.1469268
2.8609784
2.4936874
1.3367211
1.471318
1.4569975
price
4.0071435
3.9791727
4.0475774
3.9995348
4.0074663
3.3528175
4.041089
4.0299416
train_time
22.618571800000012
14.509067399999935
13.56202529999996
18.468509499999982
26.466773899999907
20.601921200000106
16.6231001000001
15.630559299999732


