================================================================================
=== lazy continuous-time
train_risk
7.183699
7.2009478
7.290853
7.250395
7.196282
7.1689134
7.198657
7.2480316
test_risk
7.286435
7.2706003
7.258473
7.210844
7.226045
7.2031956
7.2178607
7.2886176
test_mean_value
-0.019234542
-0.01422823
-0.019142691
-0.014419845
-0.02175949
-0.013230383
-0.015019611
-0.017708404
test_mean_abs_value
1.6272569
1.6203111
1.6186954
1.6182725
1.6145215
1.6198369
1.6131798
1.6260697
test_variance_value
7.030264
6.8599434
6.758213
6.8406262
6.7985086
6.8519883
6.7777224
6.9828815
test_mean_costs
1.8620503
1.862383
1.8616068
1.8600491
1.8607823
1.8607825
1.8614218
1.8617556
test_mean_abs_costs
1.8620503
1.862383
1.8616068
1.8600491
1.8607823
1.8607825
1.8614218
1.8617556
test_variance_costs
0.40267044
0.4020531
0.4023913
0.40278164
0.4019005
0.40159956
0.40098035
0.40137643
test_mean_wealth
-4.080313
-4.0825543
-4.0873475
-4.0805726
-4.085653
-4.0805116
-4.0843434
-4.086416
test_mean_abs_wealth
4.432884
4.4268565
4.427263
4.428411
4.4258
4.426901
4.424457
4.4350343
test_variance_wealth
6.0438175
5.863059
5.7587724
5.870585
5.8001785
5.863073
5.783961
5.9775434
test_wealth_with_price_abs_mean
2.1577742
2.153323
2.1536057
2.1534786
2.1493251
2.1507676
2.148851
2.1589096
test_wealth_with_price_variance
6.0438175
5.863059
5.7587724
5.870585
5.8001785
5.863073
5.783961
5.9775434
price
2.4203293
2.4203293
2.4203293
2.4203293
2.4203293
2.4203293
2.4203293
2.4203293
train_time
3.8089239
4.984894200000099
5.1198559999998
5.461503199999697
3.7705308999998124
5.737484799999947
4.471943200000169
4.545407799999339


================================================================================
=== jump continuous-time
train_risk
8.264545
8.230556
8.36386
8.269122
8.184543
8.223046
8.180527
8.235135
test_risk
8.242862
8.222578
8.244534
8.189761
8.215865
8.241789
8.209606
8.213838
test_mean_value
-0.020057524
-0.012516991
-0.015873387
-0.013591633
-0.018183578
-0.015866186
-0.011578808
-0.01328642
test_mean_abs_value
1.4864694
1.4814289
1.4851421
1.4806554
1.4800149
1.4865726
1.4792241
1.4819505
test_variance_value
3.5977092
3.5961409
3.6288548
3.4495528
3.5177987
3.6306794
3.7569878
3.7266724
test_mean_costs
2.4070063
2.4096074
2.4012444
2.4042199
2.4065175
2.406028
2.4079983
2.4049568
test_mean_abs_costs
2.4070063
2.4096074
2.4012444
2.4042199
2.4065175
2.406028
2.4079983
2.4049568
test_variance_costs
1.1173701
1.1038759
1.1046643
1.1020482
1.1115315
1.1015518
1.1093909
1.10875
test_mean_wealth
-4.626092
-4.6280675
-4.623716
-4.623915
-4.627812
-4.628393
-4.627479
-4.625195
test_mean_abs_wealth
4.6333685
4.6350155
4.630912
4.6305165
4.632852
4.635551
4.6339464
4.63135
test_variance_wealth
2.2762756
2.281598
2.295088
2.1370301
2.208757
2.285013
2.461954
2.405867
test_wealth_with_price_abs_mean
2.232594
2.2340043
2.2309687
2.229638
2.231786
2.2347245
2.2333734
2.2302294
test_wealth_with_price_variance
2.2762756
2.281598
2.295088
2.1370301
2.208757
2.2850132
2.461954
2.405867
price
2.4203293
2.4203293
2.4203293
2.4203293
2.4203293
2.4203293
2.4203293
2.4203293
train_time
9.300517799999994
6.076695200000131
5.151719500000127
10.97483880000027
6.259482899999966
3.979692800000521
3.426630899999509
10.57938699999977


================================================================================
=== deep network
train_risk
3.8113198
3.8314977
3.8102505
3.8399944
3.801997
3.8067298
3.8136418
3.8563554
test_risk
3.8160927
3.8381262
3.8304229
3.8461406
3.8263116
3.821023
3.8178592
3.860086
test_mean_value
-0.099494874
-0.0839524
-0.096738555
-0.08991498
-0.09179451
-0.09415626
-0.08788677
-0.096475996
test_mean_abs_value
2.0691493
2.0084724
2.1127996
1.9498715
2.0987554
2.1422718
2.0634985
1.9549772
test_variance_value
5.586612
5.2835264
5.873882
5.0632906
5.7965636
5.9920154
5.594727
5.068962
test_mean_costs
0.116045825
0.15017782
0.14652309
0.1741124
0.1250902
0.08615132
0.109173596
0.16089585
test_mean_abs_costs
0.116045825
0.15017782
0.14652309
0.1741124
0.1250902
0.08615132
0.109173596
0.16089585
test_variance_costs
0.0053603407
0.0051767617
0.024995988
0.005823415
0.012831764
0.003859758
0.0022840842
0.006817559
test_mean_wealth
-2.414569
-2.4400733
-2.4498596
-2.470131
-2.4199955
-2.3868062
-2.4049623
-2.4643238
test_mean_abs_wealth
2.9111838
2.893543
2.901316
2.8597248
2.905875
2.9703906
2.926913
2.8768048
test_variance_wealth
3.8108273
3.6222436
3.7652879
3.3684561
3.8628063
4.269761
3.961949
3.4499538
test_wealth_with_price_abs_mean
1.3395991
1.3751413
1.3373463
1.3622774
1.3942205
1.3956919
1.3998754
1.3645945
test_wealth_with_price_variance
3.8108273
3.6222436
3.7652879
3.3684561
3.8628063
4.269761
3.961949
3.4499538
price
3.7467282
3.8117745
3.78235
3.8292863
3.8106236
3.7782135
3.8023531
3.824823
train_time
241.9248005
204.1458474000001
194.72325020000017
167.53401910000002
233.033406
200.17472910000015
232.03057070000068
121.51532000000043


================================================================================
=== identity feature map
train_risk
3.8099535
3.8086896
3.8065734
3.8001595
3.805811
3.805884
3.7999184
3.8010998
test_risk
3.8119185
3.8114622
3.8097985
3.802056
3.8108585
3.807798
3.8008614
3.802604
test_mean_value
-0.10802437
-0.09480213
-0.10469471
-0.10688986
-0.0981982
-0.0991154
-0.096935585
-0.11261313
test_mean_abs_value
2.2563925
2.2638102
2.2669876
2.2593462
2.2647624
2.2648625
2.262128
2.2602792
test_variance_value
6.6679096
6.7778893
6.780788
6.6862817
6.7308416
6.730618
6.700559
6.699189
test_mean_costs
0.009172619
0.007752589
0.004602672
0.00578448
0.007124621
0.005426076
0.005325289
0.005113457
test_mean_abs_costs
0.009172619
0.007752589
0.004602672
0.00578448
0.007124621
0.005426076
0.005325289
0.005113457
test_variance_costs
0.0003066412
0.00031452332
0.00053886743
0.00011625779
0.0002975672
0.00013488438
5.939848e-05
0.00018181416
test_mean_wealth
-2.3162253
-2.308498
-2.3158956
-2.3187778
-2.3084338
-2.3110402
-2.310163
-2.3246784
test_mean_abs_wealth
3.0605028
3.0687573
3.0711865
3.0665944
3.067298
3.0663424
3.06454
3.070771
test_variance_wealth
5.0985723
5.2330556
5.2063065
5.10552
5.183412
5.166183
5.134747
5.1128845
test_wealth_with_price_abs_mean
1.4600759
1.481813
1.4706942
1.468938
1.488399
1.4735876
1.4776236
1.4558382
test_wealth_with_price_variance
5.0985723
5.2330556
5.2063065
5.10552
5.183412
5.166183
5.134747
5.1128845
price
3.742554
3.7851105
3.7617257
3.7852018
3.7951705
3.7649884
3.7853553
3.767341
train_time
32.14310809999995
42.71327909999991
51.663440100000116
43.355738499999916
48.738037899999654
48.997751199999584
44.738702900000135
43.9409983000005


