================================================================================
=== continuous-time
train_risk
31.40037
25.10178
30.785654
17.722801
25.887987
2.3447938
16.699852
45.051823
9.087788
40.10909
47.647926
29.604261
28.117151
42.072002
30.589024
32.436977
test_risk
31.436508
25.116394
30.753994
17.7204
25.911972
2.3478725
16.684025
45.08848
9.082156
40.167015
47.57798
29.61487
28.099094
42.113636
30.574774
32.46253
test_mean_value
-0.146276
0.18746848
-0.07345266
0.08425521
0.2704979
-0.3572656
0.041754574
-0.3933906
0.10747112
1.2032317
0.20654008
0.9749714
0.0658975
-0.32274145
-0.053576224
0.4077073
test_mean_abs_value
6.045519
7.532356
5.4393682
5.974098
8.376455
9.570465
4.3141
10.820057
11.429831
13.268625
9.0453005
15.956814
7.6781735
10.283749
7.3084326
11.962273
test_variance_value
61.10123
110.69882
46.789646
62.26327
114.882065
132.02423
30.291374
201.21336
209.93367
276.9258
137.2529
411.23926
99.448715
175.5716
82.982216
244.66637
test_mean_costs
8.389836
7.894421
7.9103394
4.7434354
6.5937543
7.111573
5.857876
8.792917
7.4376583
10.059362
9.994207
10.93552
7.406851
10.142802
8.688495
10.130017
test_mean_abs_costs
8.389836
7.894421
7.9103394
4.7434354
6.5937543
7.111573
5.857876
8.792917
7.4376583
10.059362
9.994207
10.93552
7.406851
10.142802
8.688495
10.130017
test_variance_costs
1.4688449
2.0658176
1.941935
0.715089
1.4876581
0.8361935
0.8245323
2.5841496
1.2594913
1.9826328
2.316376
1.7691051
1.0618291
4.2445073
3.3843904
2.9975042
test_mean_wealth
-25.11153
-18.62876
-24.518368
-13.9500475
-19.875195
0.58635575
-11.926581
-35.591213
-5.644237
-32.51541
-38.86873
-24.076593
-22.416073
-32.124683
-22.358032
-23.644293
test_mean_abs_wealth
25.11153
18.62876
24.518368
13.9500475
19.875195
1.2243084
11.926581
35.591213
5.644273
32.51541
38.86873
24.076593
22.416073
32.124683
22.358032
23.644293
test_variance_wealth
6.7526097
6.136734
6.5598345
2.3094647
5.8966503
1.959785
3.7775915
14.497461
2.33797
9.719753
13.628382
5.5465713
5.712113
15.975885
10.650161
12.656923
test_wealth_with_price_abs_mean
8.39108
7.8894935
7.91466
4.7474456
6.593009
7.109972
5.8630548
8.805156
7.4375763
10.065392
10.000277
10.938498
7.409039
10.144619
8.685214
10.138696
test_wealth_with_price_variance
6.7526097
6.136734
6.5598345
2.3094647
5.8966503
1.959785
3.7775915
14.497461
2.33797
9.719753
13.628382
5.5465713
5.712113
15.975885
10.65016
12.656923
price
16.720469
10.739283
16.60372
9.202609
13.282218
-7.6963067
6.063635
26.790773
-1.7933388
22.450054
28.86948
13.138096
15.007082
21.98046
13.672912
13.505771
train_time
2.895289000000001
2.9470356999999865
4.297037999999986
4.919998899999996
3.2481311000000233
2.2303749000000153
5.241063900000086
2.9731713000001037
7.5374557999998615
6.928526799999872
2.8974079000001893
6.314104000000043
5.08428559999993
4.926586199999747
4.306202799999937
4.036899700000049


================================================================================
=== deep network
train_risk
25.208836
20.656204
25.710266
15.914214
23.152418
2.1040306
12.585978
40.032238
6.321088
35.785107
43.14944
26.022682
24.960054
36.277676
23.809126
27.685282
test_risk
25.212662
20.67638
25.709011
15.931459
23.19722
2.0936718
12.598885
40.06092
6.330256
35.82408
43.24042
26.041882
25.004553
36.282436
23.797953
27.69898
test_mean_value
0.183547
0.39418128
0.054338437
0.1646999
0.2346628
-0.27459806
0.5400833
0.13974702
0.31179112
1.4643036
0.3092079
0.9212248
0.12403014
-0.02915674
-0.10704506
0.453552
test_mean_abs_value
5.48181
8.090505
4.236262
5.8545723
7.5152206
8.926836
3.567635
9.495144
9.635836
12.369022
7.8449903
15.192106
7.2573104
8.468417
5.895582
10.835475
test_variance_value
49.56932
120.14593
29.475557
58.415897
93.86446
117.59045
21.693714
160.96841
145.56308
243.57375
105.52928
372.14157
87.83701
124.52041
55.6921
200.89919
test_mean_costs
3.07764
5.0310082
3.4162755
3.2119975
4.3177805
5.5572176
3.059556
5.835045
3.0124779
6.608532
5.849245
6.9754047
4.344463
5.933928
3.4078252
5.810098
test_mean_abs_costs
3.07764
5.0310082
3.4162755
3.2119975
4.3177805
5.5572176
3.059556
5.835045
3.0124779
6.608532
5.849245
6.9754047
4.344463
5.933928
3.4078252
5.810098
test_variance_costs
0.22738336
0.47137624
0.24512659
0.10795364
0.28919333
0.62235105
0.13171738
0.53531516
0.20310993
0.35739797
0.4763035
0.24440162
0.19896892
0.73122966
0.5128767
0.5798962
test_mean_wealth
-19.469511
-15.558634
-19.896513
-12.338165
-17.635056
2.223379
-8.629933
-32.100204
-1.0147364
-28.803507
-34.621098
-20.170225
-19.295551
-27.622227
-17.13083
-19.278528
test_mean_abs_wealth
19.469511
15.558634
19.896513
12.338165
17.635056
2.6092267
8.629933
32.100204
3.263592
28.803507
34.621098
20.170225
19.295551
27.622227
17.13083
19.278555
test_variance_wealth
7.9693885
8.313741
8.0060215
2.8343837
6.8334446
7.0844045
3.8538308
15.339677
15.729113
11.574522
16.561302
8.238273
7.164079
17.27944
10.695273
17.01054
test_wealth_with_price_abs_mean
5.2997885
4.598897
5.8222246
2.6501887
5.124851
3.82484
3.131409
7.935193
4.3927655
6.7981653
8.110524
2.522153
4.8584414
7.0182843
6.060914
7.9745235
test_wealth_with_price_variance
7.9693885
8.313741
8.0060215
2.8343837
6.8334446
7.084404
3.8538308
15.339677
15.729114
11.574522
16.561302
8.238273
7.164079
17.27944
10.695273
17.01054
price
24.70285
20.086077
25.675085
14.881226
22.69045
1.5450692
11.667272
39.97516
5.30496
35.537582
42.64024
21.567272
24.056671
34.45806
23.107643
27.16569
train_time
131.982508
168.92912320000002
114.16141870000001
74.54423080000004
128.4162824
56.52344649999998
96.83788770000001
83.99654950000013
45.85430889999998
139.67170120000014
121.05911650000007
126.67994799999997
194.65684309999983
129.58027719999973
126.22911209999984
114.21737120000034


================================================================================
=== identity feature map
train_risk
25.57123
21.133818
25.78642
15.824961
23.307053
0.09827461
12.603218
40.428886
5.232222
35.9836
43.51284
26.174788
25.01295
36.486065
23.993902
27.537148
test_risk
25.556274
21.14136
25.746878
15.829642
23.32657
0.09648588
12.611896
40.4507
5.235956
35.998585
43.514996
26.19553
25.007883
36.459595
23.969887
27.520485
test_mean_value
0.17777976
0.3796283
0.057147063
0.15720695
0.24070086
-0.30843207
0.522776
0.005055452
0.33330074
1.4664665
0.30896968
0.92456096
0.13068897
-0.040957984
-0.10613133
0.44708008
test_mean_abs_value
5.541839
7.9693575
4.296187
5.901765
7.606494
9.110598
3.6214068
9.726604
9.964959
12.4337435
7.812396
15.312599
7.2533135
8.625209
6.0464125
10.988359
test_variance_value
50.70692
116.781
29.86264
59.52976
95.1011
122.262695
22.018051
167.71439
157.1779
244.25188
103.789955
375.6142
87.7789
126.69045
57.04824
205.79181
test_mean_costs
3.4037874
5.4816313
3.6574667
3.2877924
4.494195
4.2936897
3.0821111
5.606358
3.13151
6.7999077
6.0861125
7.2691355
4.59456
6.3179483
3.3650072
6.0829163
test_mean_abs_costs
3.4037874
5.4816313
3.6574667
3.2877924
4.494195
4.2936897
3.0821111
5.606358
3.13151
6.7999077
6.0861125
7.2691355
4.59456
6.3179483
3.3650072
6.0829163
test_variance_costs
0.2760588
0.56820935
0.36517617
0.16364478
0.44028845
0.13676572
0.17554949
0.5971172
0.079011925
0.47020495
0.5566542
0.26549256
0.25879514
0.9638195
0.79240626
0.9461092
test_mean_wealth
-19.801426
-16.02381
-20.134895
-12.4214525
-17.805433
3.4530728
-8.669795
-32.006207
-1.1122589
-28.99272
-34.858204
-20.460619
-19.53899
-28.018047
-17.0871
-19.55782
test_mean_abs_wealth
19.801426
16.02381
20.134895
12.4214525
17.805433
3.4780276
8.669795
32.006207
2.7621162
28.99272
34.858204
20.460619
19.53899
28.018047
17.0871
19.55782
test_variance_wealth
7.3161483
6.8099103
6.7708926
2.3306787
6.045225
4.4659486
3.514063
14.803306
10.219492
10.579119
15.9457655
7.3903875
6.3200283
14.89532
9.96374
13.627065
test_wealth_with_price_abs_mean
5.3139644
4.601982
5.6227045
2.4662
5.0842853
3.056066
3.1040182
8.431808
3.2100785
6.786163
8.150376
2.3725104
4.618204
6.79978
6.2810974
7.5170393
test_wealth_with_price_variance
7.3161483
6.8099103
6.7708926
2.3306787
6.045225
4.465948
3.514063
14.803306
10.219492
10.579119
15.9457655
7.3903875
6.3200283
14.89532
9.96374
13.627065
price
25.046463
20.551056
25.712952
14.779408
22.819801
-0.45211676
11.680283
40.364937
4.21066
35.712086
42.914814
21.72092
24.060001
34.635223
23.279577
26.987194
train_time
13.068223799999998
20.67523920000002
22.085355299999947
10.53794240000002
12.08478839999998
22.97119459999999
17.838605499999858
12.950700600000118
21.66707999999994
20.59031949999985
18.3177412
22.22870450000005
20.96257719999994
22.38268889999972
21.488880499999595
18.81022589999975


