================================================================================
=== continuous-time
train_risk
4.9771905
4.669159
3.4372637
5.174193
3.5997195
0.738654
9.5105295
8.5988
9.829619
4.348641
5.0108047
6.2726073
6.9462337
5.58249
4.1998568
8.266248
test_risk
4.9831057
4.6604576
3.437111
5.1713943
3.6036522
0.73701847
9.509279
8.592114
9.82222
4.360682
5.002552
6.2620955
6.964758
5.590564
4.176783
8.274498
test_mean_value
0.109163515
0.074186385
-0.05395545
-0.09243959
-0.041673433
-0.10735791
0.25499544
-0.3704595
0.20417652
0.1666987
0.09075529
0.11080238
0.18269664
0.11765092
0.03235082
0.25032088
test_mean_abs_value
2.0628269
1.6682111
1.2475915
2.415822
1.1071614
3.2446287
5.2889614
3.231148
5.4843454
1.6321578
1.9872613
2.833392
3.6029234
2.4830577
1.23117
4.4597874
test_variance_value
7.3528605
6.066117
2.7021196
9.338117
3.6077268
20.830866
43.299656
15.017129
51.256504
5.2855935
9.527616
15.343718
20.33263
12.305379
5.2959275
31.077684
test_mean_costs
1.6295393
1.5223367
1.162147
1.2892016
0.8058116
1.455114
1.5328019
1.2350513
1.9991735
1.5109512
1.320338
1.7561941
1.4872887
1.5675526
0.9560148
1.5849959
test_mean_abs_costs
1.6295393
1.5223367
1.162147
1.2892016
0.8058116
1.455114
1.5328019
1.2350513
1.9991735
1.5109512
1.320338
1.7561941
1.4872887
1.5675526
0.9560148
1.5849959
test_variance_costs
0.15010554
0.24692334
0.095950715
0.09824874
0.17545065
0.16470098
0.14003511
0.16075991
0.20798355
0.17891504
0.2416106
0.22194344
0.12288467
0.19818549
0.28037068
0.14231744
test_mean_wealth
-3.3405704
-2.674649
-2.1715317
-3.4000342
-1.4952956
0.95763147
-7.275896
-6.9920025
-6.7550607
-2.6813767
-2.6260033
-3.906477
-5.134414
-3.3871565
-1.6705836
-6.1714177
test_mean_abs_wealth
3.3405704
2.674649
2.1715317
3.4000342
1.496227
1.0578593
7.275896
6.9920025
6.7550607
2.6813767
2.6260228
3.906477
5.134414
3.3871565
1.6715145
6.1714177
test_variance_wealth
0.40807194
0.58753383
0.24154907
0.47258386
0.53476334
0.61891454
0.7170029
0.28857115
1.4412519
0.4274481
0.7877778
0.8269005
0.4894059
0.7202567
0.7399167
0.64578456
test_wealth_with_price_abs_mean
1.6312083
1.5222389
1.1624138
1.2953284
0.8243491
1.4732984
1.5400167
1.2345415
2.0238874
1.5130272
1.3303125
1.7596415
1.4901915
1.5741308
0.9706015
1.5907636
test_wealth_with_price_variance
0.40807194
0.5875339
0.24154906
0.47258386
0.53476334
0.61891454
0.7170029
0.28857115
1.4412519
0.4274481
0.7877778
0.82690054
0.48940593
0.7202567
0.7399167
0.64578456
price
1.709485
1.1532103
1.0093344
2.1103036
0.68909043
-2.412441
5.743639
5.757465
4.755269
1.168581
1.3064778
2.151233
3.6459572
1.8180616
0.7146746
4.5849047
train_time
1.9581637
2.4386088999999913
1.5126437000000124
3.1275156999999467
2.69397349999997
2.66027059999999
1.9042767999999342
1.6800220000000081
3.1050259000001006
1.530110200000081
1.976303899999948
2.5450760000001083
1.7233467000000928
1.953500499999791
1.5478548000000956
2.8427299999998468


================================================================================
=== deep network
train_risk
3.9880326
3.6269248
2.9184008
4.4145875
2.7713668
-0.096653454
8.666545
7.5320807
8.731565
3.3387218
3.9662983
5.2224903
6.1087008
4.5667534
3.0957224
7.4146466
test_risk
3.988043
3.6244237
2.9173214
4.409616
2.7737327
-0.09728032
8.672091
7.5342736
8.726179
3.3592134
3.974765
5.22279
6.114338
4.5804024
3.090846
7.4207344
test_mean_value
0.11056435
0.08339181
-0.05438852
-0.09273378
-0.05592845
-0.067868344
0.24364367
-0.33038887
0.2047645
0.1806047
0.10694201
0.11590525
0.17572859
0.12886561
0.04711522
0.24261208
test_mean_abs_value
1.977453
1.796807
1.1886743
2.3026578
1.3887445
2.2573388
4.9316077
2.8692694
5.2678976
1.6660742
2.221812
2.8282409
3.3330925
2.5524647
1.6467507
4.1864557
test_variance_value
6.6743464
6.22296
2.3908494
8.414054
4.3097973
12.424743
38.51438
11.92721
47.33535
5.1289845
10.258281
14.629349
17.81441
12.2030525
6.7438836
27.97018
test_mean_costs
1.0907657
1.1152765
0.86547244
0.9335968
0.7404104
0.85227305
1.2195112
1.006213
1.5394945
1.0186965
1.053716
1.3085849
1.102527
1.163558
0.8938113
1.2232305
test_mean_abs_costs
1.0907657
1.1152765
0.86547244
0.9335968
0.7404104
0.85227305
1.2195112
1.006213
1.5394945
1.0186965
1.053716
1.3085849
1.102527
1.163558
0.8938113
1.2232305
test_variance_costs
0.019231096
0.03460778
0.01576269
0.01982109
0.04464394
0.26403046
0.029871354
0.02691469
0.050539523
0.020823896
0.0490569
0.038798463
0.021653047
0.039903663
0.066736616
0.027462188
test_mean_wealth
-2.8003962
-2.2583835
-1.8752902
-3.0447235
-1.4441495
1.599962
-6.973957
-6.7230935
-6.2947936
-2.1752162
-2.3431945
-3.453765
-4.7566204
-2.9719474
-1.5936157
-5.817361
test_mean_abs_wealth
2.8003962
2.258421
1.8752902
3.0447235
1.4758161
1.6027865
6.973957
6.7230935
6.2947936
2.1752162
2.3462772
3.453765
4.7566204
2.9719493
1.6483524
5.817361
test_variance_wealth
0.39437807
0.53625053
0.24082421
0.5155587
0.5289346
2.1266494
0.81161255
0.25769368
1.6312604
0.39227208
0.8018302
0.8786294
0.52428347
0.7367612
0.7643818
0.70427513
test_wealth_with_price_abs_mean
1.1963327
1.3762829
1.0512072
1.3749821
1.3426683
1.5079802
1.7119573
0.81809044
2.449775
1.1329844
1.6448758
1.2384835
1.3679028
1.621371
1.5111967
0.8265365
test_wealth_with_price_variance
0.39437807
0.53625053
0.24082421
0.5155587
0.5289346
2.1266494
0.81161255
0.25769368
1.6312604
0.39227208
0.8018301
0.8786294
0.52428347
0.7367612
0.7643818
0.70427513
price
3.9879785
3.6243927
2.917312
4.4095564
2.7736633
-0.09730946
8.672052
7.5341916
8.726024
3.296567
3.9744735
4.62384
6.11428
4.580395
3.0908008
6.457185
train_time
120.1778687
79.30431530000001
57.5984608
108.90379310000003
119.60441249999997
106.1663532
84.4950139
104.4007173
122.50960710000004
188.48468860000003
126.18618109999989
86.80037400000015
121.57017500000006
197.25113759999977
108.13906989999987
123.59632790000023


================================================================================
=== identity feature map
train_risk
4.1181355
3.691476
2.7915938
4.506247
2.9450836
0.00528416
8.783676
7.676311
8.950371
3.4177341
4.1075835
5.3736734
6.2219396
4.788629
3.2587252
7.5187635
test_risk
4.1174808
3.6897235
2.7940469
4.500476
2.9449396
0.0048835375
8.787942
7.6764765
8.938639
3.4401007
4.112694
5.3735332
6.228354
4.803909
3.2482138
7.523119
test_mean_value
0.10952048
0.08185529
-0.055138763
-0.09171916
-0.052691106
-0.018033737
0.24523246
-0.33482876
0.20583646
0.17889956
0.104774006
0.11549593
0.17734353
0.12760973
0.045042943
0.24163385
test_mean_abs_value
1.97526
1.740258
1.2070181
2.304278
1.2609878
0.5873318
5.0187573
2.9064624
5.3650794
1.6447352
2.1305563
2.8288257
3.411557
2.5273561
1.4883885
4.2275925
test_variance_value
6.57214
6.053627
2.43862
8.336291
3.9674118
0.7385717
38.9351
12.211885
48.19077
5.05473
9.925915
14.6470175
18.151354
12.078566
6.1898413
27.814419
test_mean_costs
1.1275026
1.0762328
0.8121099
0.9418368
0.6663757
0.21434486
1.2011698
0.9519958
1.5827641
1.0287237
1.0110831
1.3216652
1.116974
1.2087115
0.790177
1.2340527
test_mean_abs_costs
1.1275026
1.0762328
0.8121099
0.9418368
0.6663757
0.21434486
1.2011698
0.9519958
1.5827641
1.0287237
1.0110831
1.3216652
1.116974
1.2087115
0.790177
1.2340527
test_variance_costs
0.029373556
0.06597406
0.018686142
0.031726867
0.07252992
0.0049742255
0.050800446
0.04592374
0.07537403
0.04119274
0.08623287
0.072893105
0.03741176
0.07477902
0.11285838
0.04681951
test_mean_wealth
-2.838177
-2.2208762
-1.8226779
-3.0519488
-1.3668774
2.2877247
-6.9540267
-6.673316
-6.3369913
-2.1869483
-2.3027296
-3.4672546
-4.7694526
-3.0183568
-1.4920536
-5.829161
test_mean_abs_wealth
2.838177
2.2208786
1.8226779
3.0519488
1.3787806
2.2902431
6.9540267
6.673316
6.3369913
2.1869483
2.303569
3.4672546
4.7694526
3.0183578
1.5135962
5.829161
test_variance_wealth
0.3462559
0.44662032
0.1931931
0.4449255
0.4593387
14.369965
0.6949759
0.20480435
1.4512227
0.3260353
0.6816107
0.7559069
0.44107413
0.66464996
0.62290585
0.6024314
test_wealth_with_price_abs_mean
1.2898394
1.4813439
0.97957325
1.460835
1.5939524
2.2949007
1.8504156
1.0130646
2.6238089
1.2036537
1.8258364
1.3695176
1.4713638
1.8012272
1.7736666
0.8788229
test_wealth_with_price_variance
0.3462559
0.44662032
0.1931931
0.4449255
0.4593387
14.369964
0.6949759
0.20480435
1.4512227
0.3260353
0.6816107
0.7559069
0.44107413
0.66464996
0.62290585
0.6024314
price
4.117416
3.6896925
2.7940373
4.5004163
2.9448702
0.0048543992
8.787904
7.6763945
8.938483
3.3774543
4.112402
4.7745833
6.2282963
4.8039017
3.2481685
6.5595694
train_time
6.683840099999998
9.486052900000004
6.545700399999987
12.397438399999999
11.935245399999985
10.50711709999996
12.850031100000024
12.211145600000009
7.3248232999999345
8.0624542999999
13.702001899999914
8.67479289999983
11.155930300000136
8.022237799999857
10.653742099999818
10.908489999999802


